1459947780002004 130 2129920 0 129 2113536 0 0
1459947780003832 131 2131200 1180 129 2113536 0 0
1459947780005786 134 2136220 5714 134 2119936 5900 0
1459947780007845 137 2144687 13073 136 2128396 13238 0
1459947780009828 135 2149933 16887 133 2132355 15852 0
1459947780011808 133 2152209 17665 131 2133444 15617 0
1459947780013766 135 2156867 20578 133 2137008 17682 0
1459947780015588 127 2150921 24450 126 2131334 21530 0
1459947780017369 128 2146720 26411 127 2127383 23488 0
1459947780019128 132 2147967 25497 131 2128861 23015 0
1459947780020973 133 2150397 25745 130 2128943 21292 0
1459947780022646 125 2142397 31107 124 2121339 26637 0
1459947780024342 131 2142702 28957 128 2119449 26296 0
1459947780026073 129 2140423 28794 126 2115147 28206 0
1459947780027868 129 2138322 28480 128 2113741 27298 0
1459947780029788 133 2141505 29189 131 2116284 27510 0
1459947780031708 134 2145719 30793 132 2119909 28702 0
1459947780033568 134 2149604 31969 132 2123251 29540 0
1459947780035551 135 2154466 33953 131 2125052 28892 0
1459947780037241 131 2153828 31887 125 2119032 32183 0
1459947780038912 129 2150680 32296 125 2113482 34783 0
1459947780040491 130 2149058 31267 127 2110926 34421 0
1459947780042314 135 2153962 33345 132 2114969 35459 0
1459947780044149 134 2157203 33727 132 2118697 36124 0
1459947780045814 129 2153791 34236 127 2115733 36032 0
1459947780047416 129 2150646 34460 128 2114281 34555 0
1459947780049259 133 2152866 33814 130 2115502 32981 0
1459947780050805 128 2148513 35184 124 2108948 36445 0
1459947780052682 133 2150900 34635 130 2110586 35107 0
1459947780054465 130 2149260 33439 128 2109536 33331 0
1459947780056265 130 2147749 32218 129 2109848 31015 0
1459947780058037 133 2150196 31955 131 2112696 31216 0
1459947780059747 132 2151171 30357 130 2114041 30017 0
1459947780061681 139 2161030 37074 138 2125521 38254 0
1459947780063639 134 2163719 36656 133 2129704 39121 0
1459947780065323 129 2159798 37406 127 2125880 39588 0
1459947780067277 133 2161303 35871 132 2128755 39146 0
1459947780069149 132 2161411 33167 128 2126286 38363 0
1459947780070971 135 2165350 34207 130 2126569 35626 0
1459947780072978 135 2168982 34882 133 2130670 36623 0
1459947780074706 132 2168490 32609 127 2126771 37354 0
1459947780076634 134 2170596 32003 132 2129577 37021 0
1459947780078504 134 2172538 31292 133 2133443 37692 0
1459947780080486 140 2182008 37577 136 2140847 41573 0
1459947780082401 132 2180498 36032 130 2139993 39111 0
1459947780084213 133 2180386 33319 131 2140486 36509 0
1459947780085872 132 2179003 31989 130 2139660 34416 0
1459947780087841 132 2177728 30664 130 2138899 32428 0
1459947780089651 132 2176553 29351 129 2136917 31720 0
1459947780091443 129 2171629 31595 127 2132530 33284 0
1459947780093244 132 2170930 29769 131 2133606 31675 0
1459947780094807 128 2165166 32756 125 2126918 35365 0
1459947780096559 129 2161132 33914 128 2124592 34745 0
1459947780098374 133 2162533 32556 131 2126288 33593 0
1459947780100341 135 2166385 33563 132 2129131 33589 0
1459947780102413 137 2172496 36573 136 2136872 38100 0
1459947780104293 130 2169169 36781 129 2135048 36803 0
1459947780106235 130 2166102 36733 129 2133367 35476 0
1459947780108017 127 2159435 40008 126 2127977 37672 0
1459947780109584 128 2154569 41367 125 2121728 40488 0
1459947780111417 131 2153923 38730 128 2119808 39094 0
1459947780113042 129 2150767 38612 127 2116758 38850 0
1459947780114739 130 2149138 37096 129 2116506 36046 0
1459947780116397 127 2143796 39121 126 2112433 36982 0
1459947780118169 133 2146551 38604 132 2116359 37711 0
1459947780119907 132 2147811 36750 131 2118698 36920 0
1459947780121643 132 2148973 34949 128 2117014 35586 0
1459947780123591 132 2150044 33205 131 2119302 34914 0
1459947780125582 134 2153591 33880 132 2122691 35310 0
1459947780127460 129 2150461 34117 126 2118135 36750 0
1459947780129150 131 2150136 31750 127 2115215 36569 0
1459947780130671 127 2144716 34264 125 2109963 38552 0
1459947780132255 129 2142280 33832 126 2106402 38822 0
1459947780133950 131 2142594 31477 128 2105679 36455 0
1459947780135473 124 2133923 37009 122 2097332 41300 0
1459947780137366 135 2140010 39728 133 2103717 43960 0
1459947780139428 138 2149461 45337 136 2113444 49492 0
1459947780141549 138 2158174 49827 136 2122411 53891 0
1459947780143534 135 2162366 49799 134 2128117 54940 0
1459947780145488 135 2166231 49471 132 2130817 53136 0
1459947780147158 130 2163394 48221 130 2130746 49048 0
1459947780149017 135 2167178 47942 134 2135801 49876 0
1459947780150980 138 2174507 50952 135 2141741 51455 0
1459947780153039 136 2178703 50839 132 2143377 48943 0
1459947780154969 134 2180011 48073 131 2143605 45329 0
1459947780157119 142 2191457 54869 139 2154055 51421 0
1459947780159042 135 2193049 52050 133 2156009 49204 0
1459947780160834 129 2186837 53709 128 2151410 49597 0
1459947780162688 133 2186230 50071 131 2151011 46089 0
1459947780164401 128 2179270 52574 125 2142963 49906 0
1459947780166216 132 2177974 49660 130 2141944 46946 0
1459947780168150 135 2180619 48219 131 2142284 43592 0
1459947780170127 136 2184338 47879 133 2145158 42835 0
1459947780172055 133 2183926 44517 130 2143967 40585 0
1459947780174117 134 2184826 41869 132 2145429 38762 0
1459947780176066 134 2185656 39362 132 2146777 36976 0
1459947780177778 124 2173621 47380 123 2136500 43561 0
1459947780179718 135 2176606 46430 132 2138545 42043 0
1459947780181342 127 2169118 49704 125 2131471 45279 0
1459947780183115 128 2163495 51003 126 2126229 46572 0
1459947780184809 131 2162151 48256 128 2123957 45027 0
1459947780186467 119 2145552 59787 119 2110342 54059 0
1459947780188517 131 2145610 55170 130 2111871 51245 0
1459947780190499 136 2152064 56809 132 2115841 50900 0
1459947780192278 133 2154174 54315 132 2119500 50297 0
1459947780194309 138 2162519 57764 138 2130554 56557 0
1459947780196104 133 2163812 54443 130 2130504 52183 0
1459947780197909 133 2165004 51288 130 2130458 48148 0
1459947780199634 133 2166103 48294 130 2130415 44424 0
1459947780201763 135 2169676 47815 132 2132936 43277 0
1459947780203703 134 2171690 45935 132 2135260 42037 0
1459947780205468 131 2169706 44174 130 2134842 39136 0
1459947780207185 129 2165317 44767 126 2129337 41152 0
1459947780209346 137 2171511 46979 134 2134502 42699 0
1459947780211121 133 2172101 43852 131 2135424 40213 0
1459947780213216 135 2175205 43288 133 2138834 40214 0
1459947780215357 138 2181907 46084 137 2147097 44690 0
1459947780217424 136 2185525 45818 134 2150875 44680 0
1459947780219359 135 2187580 44133 134 2154357 44399 0
1459947780221153 132 2185635 42477 131 2153727 41509 0
1459947780222982 130 2181282 43170 129 2150587 41160 0
1459947780225023 134 2182389 40817 132 2151532 38815 0
1459947780226830 130 2178289 41406 126 2144723 42058 0
1459947780228895 134 2179630 39407 132 2146126 40065 0
1459947780230863 134 2180866 37467 132 2147419 38126 0
1459947780232912 141 2190965 43849 139 2157571 44506 0
1459947780234794 135 2192595 41926 134 2160530 43756 0
1459947780236776 133 2191538 39623 131 2159418 41361 0
1459947780238792 131 2188004 39784 130 2157113 40253 0
1459947780240907 137 2192426 40751 135 2161388 41049 0
1459947780242840 132 2190102 39708 127 2155089 43648 0
1459947780244924 137 2194360 40530 134 2158242 43145 0
1459947780246437 121 2177805 52624 120 2143229 53613 0
1459947780248223 130 2174063 51960 127 2138349 53922 0
1459947780250134 133 2174454 48260 130 2137690 50316 0
1459947780251858 132 2173534 45336 130 2137082 46944 0
1459947780253668 130 2170126 44935 127 2132682 47331 0
1459947780255383 129 2165704 45499 128 2129906 46191 0
1459947780257141 128 2160348 46881 127 2126067 46120 0
1459947780258957 133 2161810 44566 131 2127648 43973 0
1459947780260666 133 2163158 42327 132 2130385 43060 0
1459947780262655 132 2163121 39053 132 2132908 42021 0
1459947780264455 132 2163087 36032 132 2135234 40882 0
1459947780266326 132 2163055 33245 128 2132258 40430 0
1459947780268247 132 2163026 30673 128 2129515 39799 0
1459947780270292 138 2170679 35331 136 2137226 43798 0
1459947780272169 131 2168774 34325 130 2136655 40902 0
1459947780273885 124 2158058 41521 123 2127168 46451 0
1459947780275720 133 2159699 39790 131 2128663 44200 0
1459947780277645 137 2166332 42796 136 2136441 47916 0
1459947780279427 133 2167327 40369 132 2138491 46062 0
1459947780281222 126 2159284 44629 124 2130141 50160 0
1459947780282819 116 2139069 59776 114 2109643 65136 0
1459947780284582 129 2137074 56944 127 2107387 62126 0
1459947780286510 131 2137795 53159 130 2109147 58894 0
1459947780288475 135 2143579 54337 133 2114609 59328 0
1459947780290342 136 2150191 56187 132 2118365 58155 0
1459947780292284 135 2155007 56237 133 2123107 57983 0
1459947780293879 124 2145367 60729 123 2114679 61222 0
1459947780295438 126 2139040 61816 124 2108189 62421 0
1459947780297275 133 2142167 59869 131 2111166 60289 0
1459947780299081 131 2142490 55488 131 2113911 58108 0
1459947780300906 123 2132547 60318 121 2103641 63034 0
1459947780302956 133 2136181 58955 132 2108254 62361 0
1459947780304680 126 2130571 59519 127 2106106 59468 0
1459947780306785 139 2142040 65442 137 2116926 64797 0
1459947780308696 132 2143653 61816 130 2117941 60669 0
1459947780310437 129 2141300 59155 128 2116316 57426 0
1459947780312320 137 2149370 61973 134 2122498 58638 0
1459947780314055 131 2149130 57351 127 2119237 57061 0
1459947780316049 134 2152749 56206 129 2118791 53013 0
1459947780317732 125 2144565 59358 123 2110700 56329 0
1459947780319474 127 2139580 59314 124 2104521 57623 0
1459947780321311 131 2140105 55164 130 2106505 54950 0
1459947780323131 129 2138029 52767 128 2105774 51330 0
1459947780325082 137 2146355 56320 135 2114060 54958 0
1459947780327161 131 2146351 51923 127 2111459 53061 0
1459947780329090 130 2145067 49049 127 2109061 51125 0
1459947780331087 133 2147723 47666 131 2111970 49812 0
1459947780333003 130 2146332 45224 130 2113372 47212 0
1459947780335007 134 2150169 45228 132 2117224 47074 0
1459947780336885 131 2149867 41972 127 2114375 46021 0
1459947780338684 127 2144468 43668 126 2110469 46025 0
1459947780340640 130 2143331 41303 130 2111988 43829 0
1459947780342385 126 2137163 43761 125 2106988 45012 0
1459947780344371 133 2140437 43360 133 2112619 46686 0
1459947780346467 136 2147295 46294 134 2119090 49004 0
1459947780348429 137 2154897 49685 135 2126336 51855 0
1459947780350211 134 2158065 48724 131 2127896 49241 0
1459947780351684 122 2145626 56384 121 2116534 55868 0
1459947780353286 124 2136718 60190 122 2107339 59978 0
1459947780355029 130 2136186 55976 128 2106543 56025 0
1459947780357028 132 2138256 53510 130 2108369 53331 0
1459947780358874 129 2136324 51109 126 2104932 52331 0
1459947780360754 131 2137103 47834 130 2106884 50041 0
1459947780362930 140 2149341 55378 137 2117643 56050 0
1459947780364594 127 2143983 55989 127 2114762 54326 0
1459947780366604 135 2149284 56501 133 2119786 54712 0
1459947780368224 128 2145211 55840 125 2114177 55607 0
1459947780369869 129 2142736 53758 128 2112846 52488 0
1459947780371374 123 2132774 58740 121 2102659 57777 0
1459947780373067 128 2129991 56715 128 2102228 53659 0
1459947780374964 131 2131265 53458 130 2104391 51460 0
1459947780376625 131 2132439 50364 127 2102545 49140 0
1459947780378379 131 2133522 47427 129 2103403 46091 0
1459947780380329 133 2137080 47001 130 2105474 44399 0
1459947780382343 131 2137800 43993 130 2107383 42690 0
1459947780384290 133 2141024 43528 131 2110423 42157 0
1459947780386327 135 2146556 45227 134 2117066 44987 0
1459947780388228 134 2150376 45214 133 2121910 45937 0
1459947780390242 137 2157737 48467 135 2128935 48824 0
1459947780391947 130 2155563 46683 128 2126451 47297 0
1459947780393860 132 2156119 43548 130 2126722 43850 0
1459947780395738 137 2163032 46518 134 2132091 45374 0
1459947780397696 137 2169405 48758 136 2139601 48752 0
1459947780399387 131 2167600 46611 130 2138844 45640 0
1459947780401207 132 2167216 43322 128 2135586 45076 0
1459947780402658 119 2150222 55603 118 2119783 56122 0
1459947780404416 130 2148635 52721 129 2119294 52186 0
1459947780406076 128 2144612 52309 126 2115004 52062 0
1459947780407970 130 2143464 49280 129 2114889 48099 0
1459947780409723 129 2141125 47585 128 2113503 45618 0
1459947780411353 126 2135129 49393 126 2109665 45591 0
1459947780412878 123 2125762 54169 121 2099727 51190 0
1459947780414584 125 2119686 55537 124 2094405 52095 0
1459947780416217 127 2116645 54000 125 2090779 51367 0
1459947780418266 138 2127922 60177 135 2100236 56072 0
1459947780420058 132 2130638 57978 130 2102555 53828 0
1459947780421906 132 2133141 55756 127 2100852 51191 0
1459947780423868 135 2139289 57068 133 2106962 52824 0
1459947780425680 134 2143677 56654 129 2107475 49170 0
1459947780427610 133 2146442 54776 130 2109228 46944 0
1459947780429593 136 2152831 56386 133 2114684 48306 0
1459947780431336 134 2156161 55049 132 2118434 47989 0
1459947780433085 130 2154110 52637 128 2116771 45771 0
1459947780434925 130 2152220 50266 129 2116518 42427 0
1459947780437200 140 2163277 56531 139 2129085 50697 0
1459947780439377 136 2168350 56791 133 2132990 50336 0
1459947780441248 133 2169187 53126 130 2132750 46624 0
1459947780443221 137 2175079 54406 133 2136368 46317 0
1459947780445324 137 2180510 55162 133 2139704 45773 0
1459947780447258 133 2180397 50955 131 2140219 42671 0
1459947780449226 135 2182853 49238 134 2144534 43315 0
1459947780450828 131 2179997 48023 128 2140832 43343 0
1459947780452533 125 2169684 53777 122 2129739 50181 0
1459947780454374 134 2171697 51431 132 2132313 48633 0
1459947780456263 133 2172273 47943 132 2134686 47020 0
1459947780458195 134 2174084 45866 132 2136873 45362 0
1459947780459973 132 2173193 43102 130 2136329 42318 0
1459947780461698 133 2173652 40157 130 2135828 39472 0
1459947780463697 136 2177915 40949 134 2140486 40682 0
1459947780465606 133 2178005 37832 131 2140940 37922 0
1459947780467466 126 2169128 43059 123 2131119 44012 0
1459947780469529 136 2173744 43951 133 2134865 44026 0
1459947780471158 130 2170320 43673 127 2130638 44482 0
1459947780472744 128 2164603 45530 127 2126741 44597 0
1459947780474639 134 2167013 44194 133 2130829 44880 0
1459947780476592 135 2170515 43969 133 2134597 44847 0
1459947780478337 135 2173743 43509 133 2138071 44546 0
1459947780480378 136 2177999 44032 134 2142554 45197 0
1459947780482221 133 2178082 40669 131 2142846 41935 0
1459947780484090 133 2178159 37562 131 2143116 38907 0
1459947780486052 134 2179510 35872 133 2145925 38456 0
1459947780487975 131 2176915 35460 129 2143394 37783 0
1459947780489893 133 2177083 32844 131 2143621 35040 0
1459947780491552 127 2169558 37214 126 2137430 38008 0
1459947780493130 123 2157501 45420 122 2126603 45018 0
1459947780494854 126 2150226 48577 126 2121742 45981 0
1459947780496636 124 2140959 53323 124 2114700 48878 0
1459947780498362 126 2134976 54672 123 2106929 52222 0
1459947780500270 132 2137141 52395 130 2108725 49797 0
1459947780501804 116 2118656 65341 114 2089900 63259 0
1459947780503765 127 2115696 62964 125 2086626 61333 0
1459947780505593 129 2115527 58199 126 2084888 58142 0
1459947780507437 131 2117931 55868 130 2088406 56842 0
1459947780509280 131 2120147 53546 129 2090369 54210 0
1459947780511126 134 2126030 54785 134 2098578 57542 0
1459947780512924 132 2128893 53144 129 2099746 54123 0
1459947780514660 129 2127693 50098 128 2099543 50080 0
1459947780516529 132 2130426 48704 130 2101916 48354 0
1459947780518152 125 2123986 50835 125 2097703 48459 0
1459947780520038 134 2129569 52010 131 2101499 48173 0
1459947780521820 130 2129596 47971 128 2101159 44722 0
1459947780523727 135 2136021 50146 133 2107245 46839 0
1459947780525289 117 2118904 62007 116 2091096 58065 0
1459947780526753 116 2101844 72888 114 2073649 69611 0
1459947780528740 138 2114277 78655 135 2084445 74124 0
1459947780530469 134 2120619 78356 132 2090557 73968 0
1459947780532252 133 2125185 76443 130 2093632 71024 0
1459947780534004 132 2128114 73171 132 2099027 70448 0
1459947780535771 133 2132095 71124 132 2104000 69529 0
1459947780537453 133 2135765 68950 133 2109865 69503 0
1459947780539283 134 2140428 67862 130 2111431 65517 0
1459947780541380 135 2146007 67703 134 2117995 66449 0
1459947780543294 133 2148590 64794 132 2121486 64475 0
1459947780545136 130 2147131 61075 128 2119584 61189 0
1459947780546855 128 2143226 59902 126 2115271 60383 0
1459947780548836 136 2149866 61343 134 2121535 61440 0
1459947780550618 133 2152147 58653 132 2124750 59603 0
1459947780552505 131 2151690 54490 129 2123873 55753 0
1459947780554306 125 2143589 57699 122 2114105 60401 0
1459947780555988 128 2139961 56535 125 2108940 60442 0
1459947780557838 132 2141736 53754 129 2109299 56050 0
1459947780559593 130 2140812 50404 129 2109630 51976 0
1459947780561924 137 2148921 53941 134 2116335 54096 0
1459947780564039 138 2157676 57797 137 2126356 59107 0
1459947780565682 128 2152947 57639 127 2122794 57772 0
1459947780567307 133 2154988 55016 130 2123350 53771 0
1459947780569004 132 2155589 51271 127 2120023 52636 0
1459947780570690 132 2156143 47776 129 2119516 48990 0
1459947780572696 134 2159214 46874 132 2122888 48271 0
1459947780574506 135 2163325 47001 132 2125997 47365 0
1459947780576362 133 2164555 44463 131 2127583 45126 0
1459947780578018 131 2163129 42303 129 2126485 42611 0
1459947780579815 133 2164374 40146 131 2128033 40709 0
1459947780581707 132 2164242 37130 129 2126900 38572 0
1459947780583617 133 2165400 35297 131 2128415 36955 0
1459947780585325 129 2161348 36274 127 2124692 37498 0
1459947780587030 130 2158892 35703 127 2121260 37731 0
1459947780588764 126 2151508 39719 124 2114256 41239 0
1459947780590662 132 2152381 37420 129 2114199 38068 0
1459947780592365 126 2145506 40833 124 2107747 41040 0
1459947780594093 130 2144288 38764 125 2103079 42136 0
1459947780595764 130 2143165 36769 128 2102615 39270 0
1459947780597519 132 2144690 35302 128 2102188 36595 0
1459947780599290 134 2148656 36200 132 2106914 38093 0
1459947780601373 136 2154872 39101 131 2109991 37952 0
1459947780603382 137 2161882 42508 136 2119227 43502 0
1459947780605325 131 2160664 40308 128 2117502 41692 0
1459947780607203 135 2164662 40843 132 2121032 41688 0
1459947780609009 128 2159387 42514 126 2116606 42510 0
1459947780610570 127 2153244 44854 127 2113806 41769 0
1459947780612173 124 2143741 50108 121 2103544 47964 0
1459947780614010 128 2140101 49548 125 2099204 48216 0
1459947780616018 137 2148265 53203 133 2105443 50201 0
1459947780618036 133 2150671 51264 131 2108635 49221 0
1459947780619933 132 2151609 48124 130 2110297 46908 0
1459947780621648 132 2152474 45161 130 2111830 44656 0
1459947780623312 129 2149431 44436 127 2109403 43404 0
1459947780625043 129 2146626 43549 127 2107165 42075 0
1459947780627023 135 2151720 44842 132 2111502 42785 0
1459947780628613 127 2146176 46448 126 2107820 42835 0
1459947780630643 134 2150026 46368 131 2110826 42259 0
1459947780632194 125 2142055 50093 123 2103357 45841 0
1459947780633781 127 2137266 50592 125 2099032 46245 0
1459947780635503 131 2137972 47289 129 2100165 43676 0
1459947780637316 130 2137342 44173 128 2099929 40479 0
1459947780639223 134 2141882 44906 132 2104832 41836 0
1459947780641146 131 2142227 41715 130 2106792 40373 0
1459947780643065 131 2142545 38749 131 2109878 40063 0
1459947780644876 129 2140278 37810 126 2106323 40209 0
1459947780646661 131 2140748 35290 128 2105606 37727 0
1459947780648256 129 2138622 34491 127 2103665 36567 0
1459947780649818 126 2132822 37142 125 2099316 37719 0
1459947780651520 127 2128755 37988 126 2096586 37287 0
1459947780653081 128 2126286 37296 125 2092790 37872 0
1459947780654963 132 2129129 37003 129 2094410 36407 0
1459947780656471 123 2120230 42314 122 2086944 40444 0
1459947780658290 132 2123547 42065 130 2090301 40379 0
1459947780660159 135 2130444 45137 133 2097236 43617 0
1459947780662122 133 2134243 45112 130 2099789 42562 0
1459947780663987 136 2141585 48355 134 2107262 46126 0
1459947780665891 133 2144513 47276 130 2109032 44153 0
1459947780667670 132 2145932 44891 128 2108103 41558 0
1459947780669327 125 2138281 48436 124 2102127 43819 0
1459947780671040 132 2140187 46408 130 2104298 42396 0
1459947780672928 132 2141944 44402 128 2103739 39597 0
1459947780674926 138 2151244 49507 133 2109624 41928 0
1459947780676637 131 2150858 45994 130 2111209 40113 0
1459947780678487 132 2151782 43252 130 2112670 38326 0
1459947780680353 128 2147514 43806 128 2111457 36448 0
1459947780682410 136 2153819 46195 134 2118019 39649 0
1459947780684243 136 2159631 47944 133 2122788 40948 0
1459947780685936 130 2157309 46337 129 2122065 38414 0
1459947780687737 129 2153889 45868 127 2118838 38386 0
1459947780689607 133 2155856 44097 131 2120983 37365 0
1459947780691396 133 2157669 42323 129 2120401 34981 0
1459947780693517 137 2164461 45277 134 2126264 37653 0
1459947780695377 133 2165602 42791 129 2125269 35627 0
1459947780697083 132 2165374 39656 129 2124352 33688 0
1459947780698944 135 2169004 39903 134 2129907 36177 0
1459947780700994 135 2172350 39870 132 2132468 35710 0
1459947780702768 131 2170315 38630 130 2132268 33103 0
1459947780704450 128 2164599 40881 128 2129524 33045 0
1459947780706231 127 2158049 43724 124 2121874 37514 0
1459947780708083 131 2157131 41153 128 2119942 36363 0
1459947780710183 136 2162685 43057 134 2125841 38960 0
1459947780711896 134 2165245 42053 132 2128719 38569 0
1459947780713682 134 2167605 40942 132 2131372 38001 0
1459947780715519 125 2158260 46357 123 2122298 43396 0
1459947780717331 126 2150925 49496 124 2115213 46536 0
1459947780719011 129 2148003 48321 129 2115081 43020 0
1459947780720876 134 2151710 47962 133 2120080 44267 0
1459947780723018 139 2161527 53264 138 2131088 50956 0
1459947780724828 132 2161617 49185 128 2128436 49419 0
1459947780726681 128 2156580 49984 125 2122151 51351 0
1459947780728340 132 2157057 46518 129 2121477 47959 0
1459947780730171 131 2156216 43657 128 2119576 45963 0
1459947780731798 127 2150321 45679 124 2112704 48707 0
1459947780733478 127 2144887 47119 125 2107649 49561 0
1459947780735401 133 2147557 45899 131 2110668 48473 0
1459947780737243 131 2147459 42403 129 2110892 44892 0
1459947780739065 129 2144808 41533 127 2108538 43553 0
1459947780741166 136 2151324 44295 133 2114048 45230 0
1459947780742929 130 2149651 42375 129 2114008 41732 0
1459947780744742 133 2151949 41182 132 2117811 41977 0
1459947780746554 131 2151507 38370 128 2116197 40184 0
1459947780748257 129 2148540 38106 124 2109589 43135 0
1459947780750151 134 2152205 38506 131 2112457 42409 0
1459947780752069 135 2156863 39792 133 2117661 43892 0
1459947780754086 136 2162438 41822 134 2123738 46064 0
1459947780755784 122 2149657 50335 120 2111420 53819 0
1459947780757742 134 2153235 49700 131 2114145 52126 0
1459947780759580 133 2155253 47677 132 2117937 51549 0
1459947780761434 136 2160953 49207 135 2125273 54284 0
1459947780763067 129 2157248 48777 128 2123076 52068 0
1459947780765067 135 2161513 48897 131 2124890 49672 0
1459947780766789 129 2157764 48531 125 2118882 51328 0
1459947780768538 127 2151748 50284 125 2113344 52423 0
1459947780770263 130 2150042 47927 127 2110799 50673 0
1459947780772092 133 2152309 46272 129 2111012 46911 0
1459947780774059 132 2153119 43404 128 2109929 44244 0
1459947780775744 129 2150026 42863 126 2106370 44067 0
1459947780777425 129 2147175 42142 128 2105649 41287 0
1459947780779269 135 2152226 43506 131 2108825 40989 0
1459947780781402 137 2159443 46760 134 2115593 44025 0
1459947780783180 129 2155856 46412 125 2110312 45453 0
1459947780785186 134 2158949 45638 132 2114403 45673 0
1459947780787056 134 2161801 44701 130 2115615 43221 0
1459947780788744 125 2152910 49404 122 2106492 48253 0
1459947780790655 132 2153673 46248 131 2109602 47350 0
1459947780792507 131 2153097 43164 130 2111189 45113 0
1459947780794351 132 2153846 40481 130 2112652 42937 0
1459947780796524 139 2163496 46214 138 2124241 50265 0
1459947780798436 133 2164712 43724 131 2125964 47927 0
1459947780800553 136 2169673 44882 133 2130113 48006 0
1459947780802450 135 2172967 44411 134 2135217 48961 0
1459947780804204 131 2170883 42861 129 2133523 46696 0
1459947780806246 133 2171522 40101 131 2134521 43967 0
1459947780808249 133 2172111 37511 131 2135441 41380 0
1459947780810193 135 2175214 37441 133 2138849 41289 0
1459947780812098 133 2175515 34792 131 2139431 38599 0
1459947780813825 127 2168112 38896 124 2131007 43347 0
1459947780815929 140 2177928 44906 136 2138602 46961 0
1459947780818007 136 2181857 45019 135 2144323 48566 0
1459947780819900 133 2181639 41701 132 2145757 46093 0
1459947780821770 129 2176318 43347 127 2140679 47171 0
1459947780823625 131 2173973 42121 127 2135998 47799 0
1459947780825616 134 2175651 40377 132 2138083 45986 0
1459947780827209 128 2169518 42875 125 2131045 48880 0
1459947780829036 132 2168984 40016 130 2130957 45142 0
1459947780830843 135 2172332 39975 130 2130875 41689 0
1459947780832526 128 2166458 42265 125 2124400 44400 0
1459947780834321 132 2166163 39234 128 2122271 42893 0
1459947780836292 138 2173571 42997 135 2129268 45991 0
1459947780838176 132 2172720 40420 131 2130598 43624 0
1459947780840161 135 2175776 40079 133 2134385 43706 0
1459947780842086 134 2177313 38364 131 2135316 41149 0
1459947780844100 134 2178730 36672 131 2136174 38725 0
1459947780845886 133 2178756 33831 131 2136965 36428 0
1459947780847784 133 2178780 31209 131 2137694 34254 0
1459947780849665 132 2177522 29928 131 2138366 32197 0
1459947780851340 130 2173803 31017 128 2135146 32649 0
1459947780853193 131 2171654 30573 130 2134737 30474 0
1459947780855000 130 2168393 31189 128 2131800 30799 0
1459947780856377 111 2141067 53942 110 2106053 52127 0
1459947780858592 135 2146596 54824 133 2111757 53312 0
1459947780860537 135 2151693 55238 134 2118295 55175 0
1459947780862475 135 2156391 55253 133 2123043 55241 0
1459947780864577 136 2162002 56109 134 2128700 56140 0
1459947780866429 127 2155655 57575 125 2122395 57566 0
1459947780868327 127 2149804 58469 125 2116582 58425 0
1459947780870096 129 2146970 56513 127 2113784 56439 0
1459947780871947 133 2149477 54409 130 2115044 53191 0
1459947780873981 138 2158189 58189 135 2122606 56006 0
1459947780875752 129 2154700 56857 126 2118057 55823 0
1459947780877110 94 2106684 96679 93 2071623 94266 0
1459947780878734 133 2112339 94338 129 2074897 89919 0
1459947780880776 133 2117552 91773 130 2079195 86856 0
1459947780882628 129 2117238 84892 123 2074197 84676 0
1459947780884612 131 2119508 80352 130 2078550 82073 0
1459947780886724 135 2126721 80723 134 2087683 84080 0
1459947780888710 136 2134650 81726 132 2093542 82913 0
1459947780890545 132 2136840 77360 132 2098944 81415 0
1459947780892485 139 2147819 81437 137 2110324 85544 0
1459947780894205 133 2150260 77324 131 2113134 81451 0
1459947780895988 132 2151230 72178 129 2113165 75115 0
1459947780897957 130 2149565 68073 128 2111913 70399 0
1459947780899548 129 2146750 65348 126 2108199 68322 0
1459947780901171 127 2141595 64994 125 2103495 67319 0
1459947780902812 125 2134282 66656 125 2099159 66055 0
1459947780904526 127 2130101 65302 126 2096442 63398 0
1459947780906558 134 2135206 64907 132 2101617 63216 0
1459947780908468 136 2142473 66535 133 2107668 63855 0
1459947780910246 133 2145332 63971 130 2109406 60468 0
1459947780912058 135 2150527 63763 134 2116128 61940 0
1459947780914195 136 2156597 64376 135 2123605 63993 0
1459947780916137 135 2160912 63324 131 2125378 60627 0
1459947780918135 136 2166170 63223 133 2129572 59757 0
1459947780919970 132 2165897 58533 129 2128319 56242 0
1459947780921948 134 2168206 56088 132 2131004 54323 0
1459947780923587 128 2162654 56823 128 2128359 52517 0
1459947780925430 129 2158816 55920 129 2127200 49481 0
1459947780927267 130 2156558 53632 128 2124852 47779 0
1459947780929191 137 2163436 55783 134 2130367 49131 0
1459947780931102 133 2164657 52550 130 2130332 45324 0
1459947780933022 134 2167063 50662 131 2131579 42933 0
1459947780934870 134 2169281 48748 130 2131449 39697 0
1459947780936816 136 2173885 49184 134 2136449 41204 0
1459947780938526 127 2166610 52047 126 2130818 43174 0
1459947780940403 134 2168863 50057 131 2132027 40916 0
1459947780942317 132 2168380 46590 130 2131862 37870 0
1459947780944070 128 2162815 48079 128 2129150 37410 0
1459947780946061 134 2165365 46672 132 2131770 36902 0
1459947780948098 134 2167715 45192 132 2134185 36245 0
1459947780949834 132 2167322 42023 131 2135131 34285 0
1459947780951622 131 2165679 40252 129 2133443 33161 0
1459947780953564 127 2159045 43222 127 2129327 34363 0
1459947780955426 130 2156769 41942 128 2126813 33995 0
1459947780957278 131 2155951 39418 128 2124495 33475 0
1459947780959057 133 2157757 38003 131 2126198 32429 0
1459947780960702 129 2154302 38218 127 2122648 33166 0
1459947780962554 130 2152397 36988 129 2121936 31230 0
1459947780964629 137 2159600 40739 136 2130239 36445 0
1459947780966651 135 2163681 41318 132 2132774 35934 0
1459947780968774 139 2172563 46278 136 2140231 40000 0
1459947780970646 134 2174351 44310 132 2141985 38492 0
1459947780972491 131 2172159 42867 130 2141042 36352 0
1459947780974359 130 2168859 42560 126 2135053 39033 0
1459947780976479 137 2174776 44690 135 2141051 41513 0
1459947780978496 132 2173831 42068 131 2141461 38647 0
1459947780980509 134 2175520 40338 132 2143119 37155 0
1459947780982493 133 2175797 37441 131 2143367 34481 0
1459947780984444 133 2176052 34750 131 2143596 31998 0
1459947780986757 140 2176052 34750 139 2143596 31998 1
1459947780988738 134 2177567 33432 133 2146367 32053 0
1459947780990686 132 2176404 31891 129 2143802 31912 0
1459947780992796 137 2181732 34311 136 2150397 35498 0
1459947780994734 130 2177684 35361 132 2151357 33609 0
1459947780996757 137 2182912 37418 134 2154802 34159 0
1459947780998702 135 2185172 36577 133 2156698 33237 0
1459947781000524 131 2182135 36518 130 2154605 32568 0
1459947781002406 132 2180615 35065 131 2153956 30620 0
1459947781004466 137 2185614 36933 135 2158478 32395 0
1459947781006533 136 2188942 37115 134 2161366 32527 0
1459947781008424 133 2188170 34925 130 2158909 32249 0
1459947781010324 136 2191299 35080 132 2159204 30001 0
1459947781011933 130 2186503 36759 130 2156916 29766 0
1459947781013782 132 2184642 35602 129 2153526 30564 0
1459947781015650 134 2185486 33598 130 2151681 29876 0
1459947781017224 128 2185486 33598 122 2151681 29876 1
1459947781019142 132 2183704 32614 131 2151260 27928 0
1459947781021052 134 2184622 30912 131 2150872 26102 0
1459947781022701 125 2184622 30912 125 2150872 26102 1
1459947781024895 140 2184622 30912 138 2150872 26102 1
1459947781026862 137 2189308 32817 134 2154355 27273 0
1459947781028740 135 2191068 31875 134 2157566 28102 0
1459947781030498 132 2188850 31427 131 2156686 26717 0
1459947781032403 135 2190646 30626 132 2157154 25061 0
1459947781034109 130 2185901 32606 127 2151186 28604 0
1459947781036052 136 2189207 33106 133 2153364 28377 0
1459947781037918 132 2187135 32428 130 2151532 27848 0
1459947781039764 131 2183945 32834 130 2149843 27228 0
1459947781041889 137 2188684 34637 136 2155966 30745 0
1459947781043920 136 2191773 34777 135 2160331 32367 0
1459947781046166 137 2195900 35865 136 2165635 34727 0
1459947781048134 132 2193305 35454 130 2162844 34585 0
1459947781050035 132 2190913 34889 130 2160271 34254 0
1459947781051886 136 2193827 34850 134 2163019 34111 0
1459947781053836 134 2193954 32244 134 2165553 33782 0
1459947781055686 131 2190231 33155 129 2161489 34888 0
1459947781057686 133 2189359 31367 131 2160302 33255 0
1459947781059457 133 2188555 29656 130 2157928 32844 0
1459947781061430 140 2188555 29656 140 2157928 32844 1
1459947781063332 136 2191654 30196 132 2158299 30620 0
1459947781065088 135 2193231 29289 134 2161201 30903 0
1459947781066885 134 2193404 27160 129 2157477 31920 0
1459947781068719 134 2193564 25185 129 2154044 32590 0
1459947781070696 135 2194991 24533 131 2153439 30600 0
1459947781072671 136 2197587 25009 134 2156721 31235 0
1459947781074538 133 2196140 24388 131 2155907 29544 0
1459947781076518 135 2197366 23612 133 2157716 28903 0
1459947781078397 135 2198496 22809 134 2160664 29362 0
1459947781080541 138 2203378 25528 134 2163382 29573 0
1459947781082644 138 2207879 27682 136 2168447 31932 0
1459947781084455 132 2204348 28773 131 2166717 31031 0
1459947781086176 134 2203653 27165 131 2165122 30076 0
1459947781088061 137 2206852 27991 134 2167491 29910 0
1459947781089817 128 2206852 27991 126 2167491 29910 1
1459947781091619 132 2203401 28984 129 2163275 31458 0
1459947781093522 132 2200220 29651 130 2160669 31402 0
1459947781095429 133 2198567 28857 131 2159546 29982 0
1459947781097502 138 2203443 31098 135 2163631 31405 0
1459947781099633 137 2206659 31632 135 2167397 32423 0
1459947781101829 139 2212183 34253 136 2172149 34269 0
1459947781103617 128 2203196 39860 127 2165009 38172 0
1459947781105260 124 2203196 39860 122 2165009 38172 1
1459947781107077 128 2203196 39860 124 2165009 38172 1
1459947781108830 133 2201311 38482 132 2164827 35356 0
1459947781110385 128 2193173 42976 126 2156979 39826 0
1459947781112125 131 2189511 42993 129 2153585 39842 0
1459947781114049 133 2188695 40385 131 2153016 37253 0
1459947781115906 131 2185383 40282 128 2148651 38365 0
1459947781118109 139 2192569 43759 138 2157427 43458 0
1459947781119983 133 2191514 41312 132 2157838 40440 0
1459947781121883 131 2187981 41340 130 2155656 39290 0
1459947781123617 131 2184724 41111 129 2152365 39253 0
1459947781125360 130 2180442 41846 128 2148051 40162 0
1459947781127255 135 2182894 40837 130 2146634 38329 0
1459947781129179 136 2186435 40910 132 2147888 36490 0
1459947781131234 135 2188419 39542 130 2146484 34933 0
1459947781133308 133 2187688 37125 131 2146469 32215 0
1459947781135076 129 2181894 39564 127 2141336 34429 0
1459947781136878 133 2181673 36676 131 2141724 32096 0
1459947781138746 134 2182749 34802 132 2143361 31097 0
1459947781140583 128 2176061 38247 127 2138470 33174 0
1459947781142393 132 2175016 36221 129 2136522 32377 0
1459947781144224 134 2176612 34863 131 2137286 30551 0
1459947781146074 133 2176804 32316 131 2137990 28813 0
1459947781147900 131 2174421 31987 130 2137359 27142 0
1459947781149795 134 2176064 31003 133 2140617 28025 0
1459947781151737 136 2180139 32336 131 2141061 26244 0
1459947781153537 132 2178775 31065 131 2141470 24570 0
1459947781155232 124 2178775 31065 124 2141470 24570 1
1459947781157224 135 2181358 31019 131 2141847 22998 0
1459947781158952 131 2178619 31119 129 2139635 23239 0
1459947781160710 128 2178619 31119 126 2139635 23239 1
1459947781162441 132 2177374 29834 128 2136316 24482 0
1459947781164109 130 2173666 30920 129 2134536 24209 0
1459947781165807 131 2171528 30474 129 2132895 23829 0
1459947781167624 134 2173397 29816 132 2135222 24112 0
1459947781169567 132 2172560 28257 130 2134807 22609 0
1459947781171554 132 2171788 26759 130 2134425 21193 0
1459947781173342 129 2171788 26759 126 2134425 21193 1
1459947781175227 132 2171077 25323 131 2135353 20392 0
1459947781177154 133 2171701 23919 130 2134928 19189 0
1459947781178825 130 2171701 23919 126 2134928 19189 1
1459947781180541 129 2167156 26239 128 2131976 20409 0
1459947781182279 128 2161686 29230 127 2127975 22502 0
1459947781184105 134 2164324 29378 132 2130686 23244 0
1459947781186105 137 2170596 32864 135 2137026 27272 0
1459947781188008 133 2171258 30906 131 2137750 25809 0
1459947781189895 132 2170588 29108 129 2135858 25535 0
1459947781191752 135 2173810 29804 132 2137954 25472 0
1459947781193357 129 2169101 31816 127 2133486 27600 0
1459947781195026 128 2163479 34511 125 2126807 31599 0
1459947781196832 131 2162137 33050 129 2125770 30085 0
1459947781198353 126 2162137 33050 124 2125770 30085 1
1459947781200062 127 2155780 36327 125 2119694 33335 0
1459947781201586 123 2155780 36327 119 2119694 33335 1
1459947781203379 133 2157599 35165 130 2120492 31466 0
1459947781205496 132 2157996 32783 130 2121228 29686 0
1459947781207380 130 2155802 32243 127 2118067 30279 0
1459947781209315 129 2152499 32767 128 2116433 29419 0
1459947781211145 128 2148175 34193 128 2114926 28508 0
1459947781213113 133 2150588 33746 132 2118657 29719 0
1459947781215351 140 2150588 33746 136 2118657 29719 1
1459947781217178 130 2148973 32597 127 2115696 30125 0
1459947781219031 129 2146204 32602 128 2114247 29106 0
1459947781220820 131 2146211 30061 127 2111631 29243 0
1459947781222842 136 2152618 33618 134 2118179 32995 0
1459947781224610 130 2150844 32625 129 2117816 30751 0
1459947781226383 130 2149209 31582 129 2117481 28656 0
1459947781227983 129 2146422 31683 126 2113332 30241 0
1459947781229862 134 2150252 32738 131 2115907 30252 0
1459947781231857 135 2155063 34615 132 2119561 31257 0
1459947781233951 137 2162058 38359 135 2126770 35461 0
1459947781235819 135 2165947 38947 131 2128296 34096 0
1459947781238040 137 2172092 41569 134 2133542 36269 0
1459947781240174 135 2175197 41183 130 2133259 33695 0
1459947781242075 134 2176779 39424 134 2138118 35541 0
1459947781244012 132 2175678 37358 129 2136197 34534 0
1459947781245751 130 2172103 37734 127 2131866 35828 0
1459947781247678 133 2172647 35287 129 2130433 34348 0
1459947781249741 137 2178268 37712 136 2138072 38707 0
1459947781251873 142 2178268 37712 138 2138072 38707 1
1459947781253731 134 2179610 36002 133 2141275 38635 0
1459947781255593 135 2182127 35510 132 2142947 37158 0
1459947781257733 139 2189568 39595 136 2149609 40396 0
1459947781259576 130 2184908 40796 126 2142950 43377 0
1459947781261371 132 2183172 39208 130 2141932 40926 0
1459947781263011 129 2177731 41159 128 2138433 40953 0
1459947781264667 129 2172715 42566 127 2133927 41906 0
1459947781266471 134 2174491 40877 133 2137453 41883 0
1459947781268316 133 2174848 38013 132 2139424 40427 0
1459947781270556 142 2174848 38013 138 2139424 40427 1
1459947781272436 135 2177738 37707 132 2141241 38943 0
1459947781274206 130 2174002 38204 127 2136516 40255 0
1459947781276125 132 2173118 36033 130 2136000 37585 0
1459947781277845 128 2167183 38688 126 2130405 39805 0
1459947781279725 135 2170671 38881 132 2132927 39020 0
1459947781281603 135 2173887 38808 133 2136532 39294 0
1459947781283496 132 2173012 36582 129 2134735 37880 0
1459947781285387 134 2174765 35340 133 2138198 38113 0
1459947781287420 135 2177661 35249 132 2140111 36898 0
1459947781289563 139 2185451 39676 136 2146994 40361 0
1459947781291531 136 2188792 39656 134 2150780 40697 0
1459947781293773 138 2194432 41757 136 2156830 43094 0
1459947781295647 133 2193232 39600 130 2154727 41665 0
1459947781297670 136 2195965 39026 134 2157908 41342 0
1459947781299693 139 2202325 41840 135 2162121 41996 0
1459947781301655 138 2206908 42796 136 2167285 43475 0
1459947781303355 129 2199613 46176 127 2160525 46309 0
1459947781305065 130 2194168 47587 129 2156853 46075 0
1459947781306945 133 2192988 44956 131 2156028 43234 0
1459947781308972 141 2202140 49880 140 2166788 49775 0
1459947781310891 134 2201617 46464 131 2165187 47361 0
1459947781312850 135 2202415 43570 133 2166271 44660 0
1459947781314647 133 2200591 41847 132 2165991 41428 0
1459947781316519 134 2200189 38946 133 2167012 39133 0
1459947781318543 137 2203659 39102 135 2170514 39303 0
1459947781320588 137 2206858 38996 135 2173742 39208 0
1459947781322567 135 2207247 36307 133 2174158 36527 0
1459947781324778 141 2215285 40880 139 2182221 41106 0
1459947781326769 138 2218855 40977 136 2185814 41207 0
1459947781328663 134 2217026 39460 132 2184007 39652 0
1459947781330498 132 2212780 40290 130 2179781 40449 0
1459947781332362 133 2210146 39569 130 2175885 40879 0
1459947781334259 130 2203878 42254 128 2169733 43355 0
1459947781335958 126 2203878 42254 124 2169733 43355 1
1459947781338006 134 2203220 39558 132 2169182 40474 0
1459947781339927 135 2203893 37087 133 2169954 38023 0
1459947781342139 135 2204513 34761 132 2169386 35575 0
1459947781344445 143 2204513 34761 141 2169386 35575 1
1459947781346361 136 2206365 33752 136 2173982 37032 0
1459947781348014 127 2206365 33752 125 2173982 37032 1
1459947781349941 135 2206792 31509 134 2175659 35684 0
1459947781351784 136 2208466 30590 134 2177205 34321 0
1459947781353461 130 2202329 33856 129 2172230 36224 0
1459947781355289 134 2201792 31706 131 2170204 35261 0
1459947781357352 135 2202577 29951 133 2170896 33144 0
1459947781359189 132 2199460 30483 131 2168974 32325 0
1459947781361068 127 2199460 30483 126 2168974 32325 1
1459947781362594 124 2199460 30483 122 2168974 32325 1
1459947781364467 132 2196587 30749 131 2167202 31431 0
1459947781366350 137 2200338 31804 133 2168129 29829 0
1459947781367924 123 2200338 31804 121 2168129 29829 1
1459947781369615 125 2200338 31804 122 2168129 29829 1
1459947781371153 121 2200338 31804 119 2168129 29829 1
1459947781372709 128 2200338 31804 125 2168129 29829 1
1459947781374432 128 2200338 31804 126 2168129 29829 1
1459947781376251 130 2194836 34390 129 2163863 31429 0
1459947781378090 132 2192324 34018 130 2161211 31417 0
1459947781379911 132 2190008 33494 130 2158766 31215 0
1459947781381971 136 2192993 33629 135 2162912 32598 0
1459947781384137 142 2192993 33629 141 2162912 32598 1
1459947781386007 131 2189345 34363 129 2159054 33607 0
1459947781387853 128 2182142 38317 126 2151657 37799 0
1459947781389642 133 2181902 35544 130 2149958 36410 0
1459947781391052 122 2181902 35544 121 2149958 36410 1
1459947781392604 128 2175280 38870 126 2143272 39728 0
1459947781394634 137 2180696 40826 132 2144788 38022 0
1459947781396605 137 2185689 42239 133 2147466 37520 0
1459947781398689 136 2189012 42002 133 2149935 36864 0
1459947781400711 135 2190795 40364 135 2154771 38442 0
1459947781402894 141 2200119 45805 138 2163069 43088 0
1459947781404888 136 2202314 44250 134 2165599 42053 0
1459947781406724 134 2201778 41285 131 2164091 40156 0
1459947781408648 131 2197444 42054 129 2160141 40659 0
1459947781410634 134 2197288 38911 133 2161619 38845 0
1459947781412471 130 2192024 40722 129 2157862 39272 0
1459947781414249 130 2187172 42012 127 2151839 41755 0
1459947781416074 129 2181419 44032 127 2146286 43610 0
1459947781417881 128 2174835 46660 128 2142447 43740 0
1459947781419623 130 2171326 46248 126 2136348 45944 0
1459947781421209 129 2166811 46796 127 2132005 46356 0
1459947781422913 133 2167768 44023 130 2131842 42884 0
1459947781424639 131 2166091 42128 129 2130411 40851 0
1459947781426139 124 2166091 42128 116 2130411 40851 1
1459947781427496 123 2166091 42128 114 2130411 40851 1
1459947781428945 125 2166091 42128 117 2130411 40851 1
1459947781430446 125 2166091 42128 116 2130411 40851 1
1459947781431934 125 2166091 42128 115 2130411 40851 1
1459947781433491 127 2166091 42128 116 2130411 40851 1
1459947781434924 123 2166091 42128 112 2130411 40851 1
1459947781436365 123 2166091 42128 114 2130411 40851 1
1459947781438082 129 2166091 42128 122 2130411 40851 1
1459947781439493 124 2166091 42128 115 2130411 40851 1
1459947781441115 127 2166091 42128 117 2130411 40851 1
1459947781442736 124 2166091 42128 116 2130411 40851 1
1459947781444245 124 2166091 42128 114 2130411 40851 1
1459947781445608 121 2166091 42128 113 2130411 40851 1
1459947781447031 124 2166091 42128 113 2130411 40851 1
1459947781448535 124 2166091 42128 115 2130411 40851 1
1459947781449963 124 2166091 42128 115 2130411 40851 1
1459947781451367 122 2166091 42128 112 2130411 40851 1
1459947781452809 124 2166091 42128 115 2130411 40851 1
1459947781454558 128 2166091 42128 119 2130411 40851 1
1459947781456296 130 2166091 42128 121 2130411 40851 1
1459947781457873 128 2166091 42128 119 2130411 40851 1
1459947781459413 129 2166091 42128 120 2130411 40851 1
1459947781460869 123 2166091 42128 115 2130411 40851 1
1459947781462113 119 2166091 42128 110 2130411 40851 1
1459947781463531 121 2166091 42128 112 2130411 40851 1
1459947781465026 122 2166091 42128 112 2130411 40851 1
1459947781466360 124 2166091 42128 115 2130411 40851 1
1459947781467690 125 2166091 42128 117 2130411 40851 1
1459947781469327 126 2166091 42128 120 2130411 40851 1
1459947781470665 125 2166091 42128 119 2130411 40851 1
1459947781472184 130 2163265 41441 124 2122692 44774 0
1459947781473458 123 2163265 41441 117 2122692 44774 1
1459947781474982 127 2156819 44144 122 2113016 50195 0
1459947781476731 133 2158557 42297 128 2111776 47415 0
1459947781478332 132 2158879 39289 125 2106793 48303 0
1459947781479976 125 2158879 39289 118 2106793 48303 1
1459947781481576 128 2154056 40664 123 2099639 51123 0
1459947781482961 125 2145770 45125 119 2087924 57928 0
1459947781484625 128 2141971 45100 121 2079684 60997 0
1459947781485948 121 2129509 53063 116 2065688 69132 0
1459947781487499 124 2121861 55967 120 2057906 70904 0
1459947781489084 126 2117370 55733 123 2054572 68437 0
1459947781490521 124 2110670 57554 117 2043818 73003 0
1459947781492040 127 2108333 55210 121 2039024 71717 0
1459947781493089 105 2108333 55210 101 2039024 71717 1
1459947781494687 129 2108739 51270 124 2038445 66647 0
1459947781496608 137 2119353 57049 131 2046871 69208 0
1459947781498124 129 2118898 53010 123 2044399 66079 0
1459947781499686 127 2115919 51614 123 2042120 63016 0
1459947781501168 126 2111892 51292 120 2036179 63568 0
1459947781502711 131 2114580 49762 125 2037102 59452 0
1459947781504216 123 2106818 53029 117 2027713 63462 0
1459947781505619 124 2100942 54302 117 2019057 66482 0
1459947781507098 126 2098085 52691 121 2016198 63923 0
1459947781508509 122 2090332 55721 117 2008442 66078 0
1459947781509905 126 2088304 53235 121 2006412 62785 0
1459947781511271 126 2086435 50798 121 2004541 59603 0
1459947781512808 125 2083432 49597 118 1998976 60076 0
1459947781514536 133 2090903 52610 127 2005366 61272 0
1459947781516185 133 2097791 54849 126 2009976 60735 0
1459947781517657 127 2096461 51789 120 2006546 59151 0
1459947781519178 128 2096514 47791 122 2005944 55083 0
1459947781520757 127 2095283 45190 120 2002829 53650 0
1459947781522252 126 2092869 43884 120 1999957 52104 0
1459947781523674 124 2088083 44866 119 1996030 51652 0
1459947781525204 126 2086231 43066 123 1997530 48998 0
1459947781526749 128 2087084 40487 122 1997632 45265 0
1459947781528064 120 2087084 40487 112 1997632 45265 1
1459947781529423 120 2077630 46037 114 1987487 51080 0
1459947781530631 120 2068915 50473 113 1976854 56890 0
1459947781532100 126 2068561 46855 121 1977292 52849 0
1459947781533407 123 2064394 47034 119 1975136 50707 0
1459947781535072 130 2069513 48078 124 1979548 50812 0
1459947781536436 126 2069112 44690 121 1979775 47052 0
1459947781537835 123 2064902 45078 117 1974865 47902 0
1459947781539186 121 2058461 47493 117 1970338 48331 0
1459947781540674 123 2055083 46895 118 1967445 47221 0
1459947781542165 123 2051969 46101 117 1963498 47169 0
1459947781543920 128 2055498 45753 121 1964979 44849 0
1459947781545456 127 2057472 43998 121 1966345 42604 0
1459947781546819 115 2057472 43998 109 1966345 42604 1
1459947781548329 126 2058012 41057 122 1968884 41615 0
1459947781549705 123 2054669 40930 119 1967384 39744 0
1459947781551118 124 2052867 39392 121 1968562 37725 0
1459947781552524 122 2048646 40204 116 1963248 39675 0
1459947781553950 126 2049875 38196 121 1964749 37958 0
1459947781555308 124 2048448 36526 119 1963572 36076 0
1459947781556523 118 2039453 41964 114 1956087 40156 0
1459947781557725 119 2032440 45149 116 1951747 41018 0
1459947781559226 126 2034935 43921 120 1952866 38845 0
1459947781560533 123 2033395 41907 118 1951338 37218 0
1459947781561989 126 2035816 40864 120 1952489 35371 0
1459947781563425 126 2038047 39728 120 1953550 33585 0
1459947781564776 119 2031144 42987 113 1945568 38318 0
1459947781566287 125 2032460 40842 119 1945890 35621 0
1459947781567838 127 2036234 41130 122 1950027 36652 0
1459947781569147 122 2033313 40608 116 1946161 37351 0
1459947781570739 126 2035740 39672 121 1948997 37046 0
1459947781572310 126 2037977 38635 121 1951611 36561 0
1459947781573809 125 2038760 36337 121 1954021 35926 0
1459947781575288 123 2036921 35192 119 1953683 33430 0
1459947781576763 124 2036506 32824 121 1955931 32890 0
1459947781578198 126 2038683 32266 121 1958003 32231 0
1459947781579708 128 2043250 33956 123 1962474 33833 0
1459947781581308 126 2044901 32825 121 1964035 32628 0
1459947781582986 129 2050263 35203 126 1971874 37305 0
1459947781584677 129 2055206 37009 125 1977821 39872 0
1459947781586137 124 2053363 35815 121 1978183 37091 0
1459947781587486 125 2052944 33402 120 1977237 35064 0
1459947781589081 126 2053837 31615 120 1976365 33127 0
1459947781590776 127 2055940 31084 122 1978121 32157 0
1459947781592178 128 2059159 31623 123 1981020 32316 0
1459947781593540 125 2058287 29955 120 1979852 30866 0
1459947781594841 124 2056203 29534 117 1974936 32985 0
1459947781596029 117 2056203 29534 113 1974936 32985 1
1459947781597357 123 2053002 30176 119 1972964 32225 0
1459947781599108 132 2053002 30176 124 1972964 32225 1
1459947781600688 126 2053891 28637 120 1972426 30202 0
1459947781602300 127 2055990 28334 122 1974490 29744 0
1459947781603861 130 2061765 31444 125 1980232 32714 0
1459947781605501 128 2064529 31535 123 1982966 32678 0
1459947781606987 127 2065797 30240 121 1982926 30161 0
1459947781608730 131 2072086 33675 125 1988009 32490 0
1459947781610266 128 2074044 32849 124 1991415 33091 0
1459947781611806 126 2073289 30977 119 1988155 33509 0
1459947781613288 128 2075153 30274 123 1990270 32841 0
1459947781614519 120 2066631 35763 117 1984540 35557 0
1459947781615805 121 2060055 39030 117 1979257 37648 0
1459947781617418 129 2064233 39831 123 1982067 37297 0
1459947781618969 124 2061684 39068 121 1982098 34411 0
1459947781620547 124 2059334 38180 119 1979566 34055 0
1459947781621926 120 2052048 41913 116 1973392 37085 0
1459947781623151 120 2045331 44829 114 1965140 41793 0
1459947781624617 125 2045539 41518 120 1965213 38594 0
1459947781626298 129 2050851 43171 124 1970400 40360 0
1459947781627973 130 2057028 45492 125 1976462 42794 0
1459947781629513 129 2061442 46006 124 1980770 43422 0
1459947781631188 129 2065511 46162 124 1984742 43691 0
1459947781632612 125 2064142 43816 120 1983284 41621 0
1459947781634139 126 2064160 40409 121 1983219 38427 0
1459947781635742 129 2068017 40808 123 1985720 37729 0
1459947781637245 127 2069013 38537 121 1985465 35015 0
1459947781638808 128 2071211 37552 122 1986510 33242 0
1459947781640462 130 2075797 38846 123 1988753 32712 0
1459947781642031 123 2071065 40172 116 1981861 36508 0
1459947781643348 121 2064143 43414 117 1976788 38331 0
1459947781644774 123 2060321 43544 118 1973391 38467 0
1459947781646045 119 2060321 43544 113 1973391 38467 1
1459947781647527 126 2060638 40434 121 1974099 36114 0
1459947781649142 130 2066050 42264 124 1978592 37434 0
1459947781650603 123 2062079 42621 118 1975054 37770 0
1459947781651897 121 2055859 45024 115 1967952 41365 0
1459947781653278 121 2050125 46792 116 1962685 42987 0
1459947781654378 117 2039718 52728 112 1952710 48823 0
1459947781655798 125 2040365 49204 118 1951194 46405 0
1459947781657095 122 2037121 48349 117 1948516 45246 0
1459947781658736 126 2039250 46534 121 1951168 44156 0
1459947781660172 126 2041213 44708 120 1952333 41779 0
1459947781661847 131 2049423 48783 127 1962366 47765 0
1459947781663523 130 2055711 50768 125 1969056 50200 0
1459947781664777 125 2055108 47356 119 1967543 47672 0
1459947781666289 125 2054552 44167 119 1966148 45232 0
1459947781667820 128 2057880 43784 123 1969982 45233 0
1459947781669324 124 2055828 42254 119 1968397 43160 0
1459947781670711 124 2053936 40695 119 1966935 41134 0
1459947781672250 127 2056032 39447 122 1969428 40218 0
1459947781673683 124 2054124 38123 117 1965326 40856 0
1459947781675208 126 2054925 35882 119 1964104 38789 0
1459947781676705 127 2056943 34939 119 1962978 36795 0
1459947781678263 129 2061364 36284 123 1967060 37683 0
1459947781679731 121 2055199 39131 115 1960583 40709 0
1459947781681137 126 2055916 36734 119 1959732 38312 0
1459947781682797 127 2057857 35653 117 1956387 38400 0
1459947781684404 127 2059646 34517 116 1952024 39421 0
1459947781685748 128 2062576 34521 115 1946722 41228 0
1459947781687188 132 2070397 39034 118 1945674 38972 0
1459947781688626 128 2072487 37910 116 1942148 39177 0
1459947781690069 132 2079533 41444 117 1940177 37932 0
1459947781691583 135 2079533 41444 121 1940177 37932 1
1459947781693214 136 2079533 41444 123 1940177 37932 1
1459947781694833 138 2079533 41444 123 1940177 37932 1
1459947781696196 130 2083469 41834 115 1935800 39002 0
1459947781697648 128 2084537 39550 112 1927925 43213 0
1459947781698855 129 2086802 38548 112 1920665 46527 0
1459947781700459 135 2086802 38548 120 1920665 46527 1
1459947781701892 131 2091450 39821 113 1915253 47881 0
1459947781703457 136 2091450 39821 120 1915253 47881 1
1459947781704938 132 2097015 41839 116 1914103 45199 0
1459947781706220 127 2095745 39740 112 1907923 47363 0
1459947781707705 134 2103534 43816 115 1906066 45373 0
1459947781709378 140 2103534 43816 126 1906066 45373 1
1459947781710871 134 2110715 47012 120 1910754 46150 0
1459947781712257 134 2117335 49442 118 1912516 44168 0
1459947781713603 130 2118318 46485 111 1905180 47479 0
1459947781715282 137 2128184 51948 120 1909937 48155 0
1459947781716925 136 2135999 55094 119 1913043 47255 0
1459947781718565 138 2145764 59791 121 1918466 48562 0
1459947781720092 137 2153486 62237 120 1922185 48197 0
1459947781721608 134 2156764 60396 114 1917934 48349 0
1459947781723049 135 2161066 59643 116 1916575 45823 0
1459947781724654 137 2167592 60999 118 1917882 43448 0
1459947781726232 137 2173608 61779 118 1919087 41164 0
1459947781727877 136 2177874 60885 118 1920198 38972 0
1459947781729273 131 2175407 58401 116 1918662 37342 0
1459947781730626 134 2176973 55281 117 1918526 34548 0
1459947781731912 129 2172016 55530 113 1913281 36683 0
1459947781733399 133 2172567 51699 116 1912285 34734 0
1459947781734864 137 2178195 52848 116 1911367 32865 0
1459947781736302 133 2178263 48782 116 1910521 31076 0
1459947781737803 134 2179606 46208 116 1909741 29366 0
1459947781739494 142 2179606 46208 124 1909741 29366 1
1459947781741110 137 2184684 47279 120 1914142 31128 0
1459947781742570 136 2188085 46720 117 1914359 28896 0
1459947781744055 133 2187380 43719 117 1914559 26823 0
1459947781745431 136 2190570 43244 115 1912184 26916 0
1459947781747067 140 2198631 47296 121 1917674 29874 0
1459947781748382 129 2191982 49729 113 1912495 32313 0
1459947781749705 132 2189693 47952 114 1909001 33008 0
1459947781751143 135 2191423 45800 115 1907060 32218 0
1459947781752620 135 2193018 43691 116 1906550 30169 0
1459947781754256 139 2199608 46352 119 1909920 30919 0
1459947781755828 138 2204403 47151 123 1918147 36087 0
1459947781757246 137 2207544 46362 116 1916771 34534 0
1459947781758735 139 2212999 47768 121 1921903 36567 0
1459947781760195 137 2215468 46312 118 1922794 34531 0
1459947781761826 140 2221584 48331 122 1928735 37310 0
1459947781763555 141 2228502 50933 121 1932932 38264 0
1459947781765147 137 2229760 48113 118 1932961 35301 0
1459947781766578 132 2224520 49184 113 1926588 38417 0
1459947781768062 138 2227369 47967 117 1925833 36110 0
1459947781769554 133 2223595 47697 114 1921297 37469 0
1459947781771132 133 2220116 47176 115 1918395 37215 0
1459947781772473 132 2215629 47626 111 1910600 41492 0
1459947781773806 133 2212772 46537 116 1909814 38974 0
1459947781775549 141 2220379 49913 123 1918049 43521 0
1459947781777096 139 2224831 50118 116 1916681 41380 0
1459947781778633 136 2225096 46446 116 1915420 39309 0
1459947781780132 137 2226620 44222 117 1915537 36345 0
1459947781781820 139 2230585 44422 122 1922045 39505 0
1459947781783587 142 2238080 47861 120 1925485 39589 0
1459947781785115 135 2236030 46010 115 1922256 39472 0
1459947781786433 129 2236030 46010 108 1922256 39472 1
1459947781787631 127 2223900 53597 110 1912879 45031 0
1459947781789155 135 2222957 50277 118 1914475 42983 0
1459947781790708 136 2223368 46728 116 1913386 40627 0
1459947781792454 141 2230147 49326 121 1918782 42428 0
1459947781793957 134 2227436 47970 118 1919917 40159 0
1459947781828510 138 2230057 46638 116 1918403 38416 0
1459947781829919 136 2229913 43125 114 1914447 39060 0
1459947781831239 133 2225941 43416 111 1906960 42909 0
1459947781832732 140 2231239 44908 118 1909018 41453 0
1459947781834346 135 2229723 42796 115 1907075 40004 0
1459947781835754 135 2228325 40739 115 1905284 38528 0
1459947781837495 138 2230877 39908 115 1903633 37039 0
1459947781838953 137 2231949 37778 114 1900831 36727 0
1459947781840413 136 2231657 35094 116 1900808 33877 0
1459947781842031 137 2232668 33284 118 1903347 33571 0
1459947781843729 140 2237440 35083 118 1905688 33106 0
1459947781845319 139 2240560 35218 118 1907846 32508 0
1459947781847036 140 2244716 36297 119 1911115 32982 0
1459947781848656 139 2247267 35813 119 1914129 33183 0
1459947781850254 142 2253459 38723 119 1916907 33151 0
1459947781851896 141 2257887 39779 116 1915628 31739 0
1459947781853529 138 2258129 36894 115 1913169 31525 0
1459947781855291 139 2259632 35397 117 1913462 29332 0
1459947781857086 146 2259632 35397 122 1913462 29332 1
1459947781858616 140 2262298 35088 117 1913732 27289 0
1459947781859959 134 2262298 35088 111 1913732 27289 1
1459947781861604 137 2260915 33619 119 1916541 27747 0
1459947781863245 137 2259641 32166 117 1916571 25606 0
1459947781864756 138 2259746 29750 116 1915318 24759 0
1459947781866368 140 2262403 29874 118 1916723 24120 0
1459947781867793 134 2262403 29874 111 1916723 24120 1
1459947781869349 136 2259732 30001 114 1912899 25760 0
1459947781870902 138 2259830 27747 116 1911933 24636 0
1459947781872243 135 2256080 29035 112 1905923 28251 0
1459947781873933 141 2260303 30659 119 1909342 29195 0
1459947781875621 141 2264196 31852 118 1911214 28640 0
1459947781877061 137 2262665 30773 114 1907820 29530 0
1459947781878668 143 2268934 34147 120 1912371 31418 0
1459947781880059 135 2264473 35590 113 1907607 33354 0
1459947781881087 116 2264473 35590 94 1907607 33354 1
1459947781882489 137 2262921 34239 116 1907055 31256 0
1459947781884150 142 2267890 36145 120 1911666 33065 0
1459947781885832 142 2272471 37544 120 1915917 34399 0
1459947781887348 137 2270294 36616 115 1913435 33998 0
1459947781888728 134 2264447 39144 112 1907307 36989 0
1459947781890356 138 2264177 36333 116 1906778 34586 0
1459947781891996 141 2267768 36804 119 1910130 34974 0
1459947781893783 146 2267768 36804 122 1910130 34974 1
1459947781895234 138 2267238 34415 118 1911941 33910 0
1459947781896496 130 2256510 41615 111 1904650 37980 0
1459947781898033 138 2256860 38685 116 1904329 35307 0
1459947781899751 139 2258462 37139 118 1906593 34635 0
1459947781901417 140 2261219 36779 118 1908680 33853 0
1459947781902785 138 2261201 33921 116 1908044 31793 0
1459947781904281 137 2259904 32465 117 1908738 29948 0
1459947781905924 139 2261269 31186 119 1911937 30557 0
1459947781907476 139 2262527 29909 118 1913606 29708 0
1459947781909042 143 2268807 33361 120 1917705 31166 0
1459947781910475 140 2270756 32551 115 1915084 31146 0
1459947781911912 134 2264873 35430 111 1907548 35659 0
1459947781913161 135 2260729 36481 114 1904440 35737 0
1459947781914546 134 2255629 38331 111 1897735 39125 0
1459947781916007 138 2256047 35722 116 1897954 36270 0
1459947781917587 139 2257713 34467 116 1898156 33622 0
1459947781918929 136 2255409 33897 112 1893222 35542 0
1459947781920317 137 2254565 32025 115 1892514 33417 0
1459947781922002 139 2256347 31165 116 1893141 31384 0
1459947781923562 141 2260549 32604 116 1893719 29465 0
1459947781925221 137 2259303 31204 117 1895532 28834 0
1459947781926697 136 2256874 31004 115 1894643 27399 0
1459947781928280 143 2263595 34777 119 1898944 29223 0
1459947781929798 138 2263391 32247 113 1895229 30363 0
1459947781931283 140 2265763 31914 118 1898204 30732 0
1459947781932723 135 2261550 33303 112 1893266 32882 0
1459947781934172 135 2257666 34281 113 1889994 33328 0
1459947781935670 136 2255365 33722 117 1892098 32663 0
1459947781937263 140 2258364 33852 117 1894037 31899 0
1459947781938832 142 2263689 36116 118 1897105 32234 0
1459947781939918 118 2263689 36116 94 1897105 32234 1
1459947781941308 139 2264758 34279 114 1894813 31827 0
1459947781942764 136 2261903 34231 115 1893980 30107 0
1459947781944298 142 2266951 36210 117 1895772 29406 0
1459947781945746 136 2263925 36170 112 1891024 31484 0
1459947781947367 137 2262415 34735 114 1889207 30698 0
1459947781948807 133 2255903 38023 110 1882412 34562 0
1459947781950245 134 2251180 39405 111 1877428 36455 0
1459947781951677 136 2249386 37979 115 1877953 34090 0
1459947781953137 135 2246452 37715 112 1874597 34518 0
1459947781954669 140 2250147 38175 115 1875344 32509 0
1459947781956116 138 2250994 35973 116 1877312 31784 0
1459947781957838 146 2250994 35973 122 1877312 31784 1
1459947781959473 141 2255615 37422 118 1881687 33333 0
1459947781960833 136 2253475 36470 114 1880600 31729 0
1459947781962011 133 2253475 36470 108 1880600 31729 1
1459947781963651 140 2256622 36521 117 1883438 31866 0
1459947781965091 140 2259523 36341 116 1884774 30608 0
1459947781966364 136 2257077 35755 113 1882166 30620 0
1459947781967810 139 2258662 34423 115 1882321 28370 0
1459947781969261 136 2256284 33925 113 1879904 28380 0
1459947781970416 129 2256284 33925 107 1879904 28380 1
1459947781971895 139 2257931 32793 114 1878956 27035 0
1459947781973520 142 2263290 35171 119 1884482 30016 0
1459947781975147 139 2264390 33437 116 1885736 28827 0
1459947781976682 139 2265404 31759 114 1884332 27867 0
1459947781978275 139 2266339 30139 116 1885598 26856 0
1459947781979834 136 2263361 30529 114 1884205 26040 0
1459947781981410 139 2264455 29152 116 1885481 25181 0
1459947781982876 133 2264455 29152 110 1885481 25181 1
1459947781984197 133 2264455 29152 110 1885481 25181 1
1459947781985566 130 2264455 29152 108 1885481 25181 1
1459947781987197 138 2264184 27123 116 1886657 24297 0
1459947781988944 142 2269054 29494 119 1891581 26938 0
1459947781990482 141 2272264 30148 118 1894841 27838 0
1459947781991726 134 2272264 30148 109 1894841 27838 1
1459947781993106 138 2272264 30148 110 1894841 27838 1
1459947781994500 137 2270103 29783 113 1891446 28792 0
1459947781995846 138 2269391 28112 112 1887036 30606 0
1459947781997380 141 2272574 28850 118 1890651 31546 0
1459947781998852 137 2270389 28610 114 1888863 30728 0
1459947782000468 142 2274774 30417 117 1891055 30348 0
1459947782001976 137 2272417 30212 114 1889236 29653 0
1459947782003333 137 2270244 29853 110 1882439 33601 0
1459947782004664 134 2264401 32906 112 1878733 34391 0
1459947782006301 143 2270534 35989 118 1882996 35634 0
1459947782007786 137 2268508 35044 113 1880526 35126 0
1459947782009329 140 2270480 34124 115 1880809 32642 0
1459947782010901 142 2274858 35494 121 1888750 37412 0
1459947782012304 138 2273774 33719 116 1889671 35338 0
1459947782013552 133 2266375 37904 110 1882840 38873 0
1459947782015200 142 2271074 39274 120 1889343 41831 0
1459947782016653 137 2269006 38111 112 1885098 42475 0
1459947782018171 138 2268379 35710 114 1883744 40403 0
1459947782019631 139 2269081 33568 117 1886336 39636 0
1459947782021182 142 2273569 35082 117 1888726 38742 0
1459947782022797 140 2275146 33795 116 1889649 36566 0
1459947782024058 136 2271480 34533 111 1884100 38824 0
1459947782025545 138 2270660 32590 114 1882824 36965 0
1459947782026740 129 2270660 32590 104 1882824 36965 1
1459947782028125 137 2268624 31919 114 1881648 35160 0
1459947782029583 139 2269307 30055 112 1878004 35772 0
1459947782030842 132 2260977 35384 110 1872084 38433 0
1459947782032158 135 2257138 36157 109 1865347 41640 0
1459947782033545 134 2252319 37774 111 1861696 41751 0
1459947782034941 137 2251716 35377 110 1857051 42771 0
1459947782036344 136 2249880 34304 113 1856608 39836 0
1459947782037861 138 2250748 32424 116 1860040 39887 0
1459947782039222 136 2248988 31512 111 1856804 39752 0
1459947782040834 137 2248645 29365 114 1857661 37436 0
1459947782042488 144 2248645 29365 120 1857661 37436 1
1459947782043922 138 2249609 27959 115 1859731 36419 0
1459947782045496 139 2251778 27773 113 1859079 34173 0
1459947782046814 135 2248657 28479 109 1853358 36776 0
1459947782048388 136 2247060 27725 113 1853204 34043 0
1459947782049898 141 2251988 30101 115 1855622 33612 0
1459947782051317 137 2251411 28280 112 1854011 32470 0
1459947782052819 139 2253439 27940 115 1856366 32104 0
1459947782054354 138 2254029 26300 114 1857257 30416 0
1459947782056007 143 2254029 26300 120 1857257 30416 1
1459947782057510 138 2254572 24746 115 1859358 29976 0
1459947782058956 140 2257633 25634 115 1861295 29420 0
1459947782060412 140 2260455 26232 114 1861801 27587 0
1459947782061882 139 2261776 25400 112 1859707 27360 0
1459947782063608 143 2261776 25400 117 1859707 27360 1
1459947782065299 143 2261776 25400 120 1859707 27360 1
1459947782066821 136 2259154 25831 114 1860337 25803 0
1459947782068247 140 2261857 26304 113 1859638 24431 0
1459947782069667 138 2261789 24311 113 1858993 23115 0
1459947782070923 136 2259166 24828 112 1857119 23036 0
1459947782072294 134 2254188 27476 109 1851551 26368 0
1459947782073859 140 2257279 28179 115 1854098 26656 0
1459947782075447 143 2263969 32144 116 1857726 27918 0
1459947782076963 141 2267576 32957 116 1861071 28819 0
1459947782078310 139 2268341 31087 114 1861594 27049 0
1459947782079769 143 2274166 34028 118 1867196 30100 0
1459947782081501 147 2274166 34028 122 1867196 30100 1
1459947782083073 143 2279536 36320 120 1874921 34869 0
1459947782084575 141 2281927 35686 118 1879482 36349 0
1459947782085986 139 2281571 33225 116 1881127 35025 0
1459947782087300 135 2276123 35651 110 1874963 37969 0
1459947782088577 134 2269820 38674 109 1868001 41419 0
1459947782090135 140 2271690 37376 115 1869263 39346 0
1459947782091389 135 2267014 38766 110 1864026 41099 0
1459947782092646 133 2260143 42070 109 1857918 43517 0
1459947782094156 139 2261489 40024 115 1859968 42007 0
1459947782095791 142 2266570 41581 120 1868258 46367 0
1459947782097351 142 2271254 42650 118 1873340 47429 0
1459947782098882 142 2275572 43297 116 1875465 45682 0
1459947782100389 141 2278272 42404 119 1881264 47459 0
1459947782102011 139 2278202 39155 118 1885330 47499 0
1459947782103210 136 2274297 39695 111 1880118 48592 0
1459947782104505 134 2268137 42271 110 1874033 50403 0
1459947782106038 136 2265018 41842 114 1873544 46915 0
1459947782107467 138 2264703 38862 112 1870533 46024 0
1459947782109201 143 2270813 41457 115 1871597 43409 0
1459947782110695 145 2279005 45770 118 1876418 44461 0
1459947782112109 139 2278877 42311 114 1875742 41609 0
1459947782113624 140 2280039 40076 118 1880239 42504 0
1459947782115141 138 2278550 38316 115 1880545 39465 0
1459947782116664 136 2274618 38946 113 1878267 38480 0
1459947782118282 138 2273553 36884 116 1880007 37077 0
1459947782119799 142 2277691 37817 118 1884171 38019 0
1459947782121235 140 2278946 36019 116 1885450 36227 0
1459947782122380 133 2278946 36019 105 1885450 36227 1
1459947782123663 135 2273703 38038 110 1878949 39388 0
1459947782124930 134 2267589 40701 110 1872956 41834 0
1459947782126269 136 2264513 40356 110 1867431 43658 0
1459947782127629 139 2265517 38129 113 1866177 41402 0
1459947782128939 132 2265517 38129 106 1866177 41402 1
1459947782130206 137 2263883 36655 113 1865021 39231 0
1459947782131549 136 2261097 36359 112 1862676 38327 0
1459947782132923 136 2258528 35885 112 1860514 37324 0
1459947782134403 140 2261280 35618 117 1864921 38471 0
1459947782135966 139 2262537 33994 117 1868984 39210 0
1459947782137518 141 2266256 34766 117 1872729 39599 0
1459947782138944 139 2267124 32849 114 1872342 36861 0
1459947782140466 139 2267924 31020 115 1873265 34832 0
1459947782141990 140 2269942 30456 115 1874116 32894 0
1459947782143571 141 2273082 30971 118 1878740 34587 0
1459947782144960 137 2270857 30601 112 1875323 35033 0
1459947782146574 141 2273926 31039 114 1874733 32839 0
1459947782148107 140 2275475 30042 113 1872909 31954 0
1459947782149676 142 2279463 31370 117 1876347 32627 0
1459947782151180 139 2279299 29069 117 1879517 33000 0
1459947782152768 143 2284268 31378 117 1882439 33115 0
1459947782154367 141 2286289 30789 116 1883853 31830 0
1459947782156216 147 2286289 30789 120 1883853 31830 1
1459947782158178 148 2286289 30789 126 1883853 31830 1
1459947782160032 145 2293272 34821 119 1888996 34085 0
1459947782161738 145 2299710 38035 121 1896298 38153 0
1459947782163333 143 2303085 38174 117 1897909 36657 0
1459947782164444 137 2298516 39402 111 1891714 39503 0
1459947782165929 137 2294304 40205 115 1891123 36959 0
1459947782167304 133 2285301 45362 111 1885459 39292 0
1459947782168999 142 2288521 44787 116 1886637 37308 0
1459947782170427 137 2285090 44450 110 1880043 40471 0
1459947782171924 142 2288327 43961 116 1881644 38785 0
1459947782173665 143 2292591 44457 118 1885680 39475 0
1459947782175161 137 2288842 44438 112 1881721 40040 0
1459947782176728 140 2289226 41320 115 1881911 37086 0
1459947782178402 143 2293420 41957 117 1884646 36710 0
1459947782179924 139 2292166 39834 115 1884608 33877 0
1459947782181437 139 2291010 37786 116 1885853 32377 0
1459947782182868 136 2286104 39354 110 1879320 35868 0
1459947782184369 138 2284142 38087 110 1873298 38616 0
1459947782186000 142 2287453 38163 118 1877986 39921 0
1459947782187675 142 2290505 37995 118 1882308 40786 0
1459947782189432 141 2292039 36440 119 1887572 42452 0
1459947782191097 144 2297293 38436 118 1891145 42429 0
1459947782192774 144 2302136 39898 118 1894439 42150 0
1459947782194270 140 2301481 37383 115 1893635 39597 0
1459947782195780 139 2299597 36198 115 1892894 37185 0
1459947782197157 138 2296580 36150 113 1889651 37267 0
1459947782198692 139 2295079 34708 115 1889222 34750 0
1459947782199903 135 2288575 37990 109 1881146 39479 0
1459947782201069 132 2278740 44088 109 1873701 43256 0
1459947782202080 123 2278740 44088 100 1873701 43256 1
1459947782203197 133 2270953 47821 108 1865558 47382 0
1459947782204497 138 2270174 44801 112 1863171 45880 0
1459947782205917 142 2274576 45358 115 1864810 43806 0
1459947782207497 140 2276074 43195 114 1865041 40596 0
1459947782208972 144 2282575 45813 118 1870374 42341 0
1459947782210430 141 2284728 44218 115 1871451 40025 0
1459947782211967 140 2285433 41413 115 1872443 37813 0
1459947782213565 142 2288643 41136 118 1877198 39241 0
1459947782215157 145 2295442 44190 121 1885421 43756 0
1459947782216801 143 2299150 44155 117 1887882 42606 0
1459947782218300 136 2293608 45813 111 1882471 44265 0
1459947782219785 142 2296179 44604 117 1885162 43287 0
1459947782221312 141 2297270 42124 116 1886363 41012 0
1459947782223381 135 2290595 44985 134 1910510 60068 0
1459947782225509 138 2288282 43602 136 1935331 78257 0
1459947782227574 137 2284869 43340 135 1956933 92057 0
1459947782229506 136 2280443 44033 133 1974287 100863 0
1459947782231235 129 2267403 52612 127 1982605 100651 0
1459947782233245 137 2265622 50142 136 2001793 110476 0
1459947782235189 135 2261420 50097 134 2016922 115792 0
1459947782236996 132 2253706 53293 127 2021909 111343 0
1459947782238772 129 2242755 59224 127 2026507 106883 0
1459947782240738 135 2240339 56823 133 2038426 109519 0
1459947782242728 130 2231712 60335 127 2041733 104011 0
1459947782244750 133 2227599 59412 132 2051182 104596 0
1459947782246615 132 2222527 59444 131 2058613 103274 0
1459947782248480 133 2219132 57928 133 2068023 103880 0
1459947782250471 136 2219842 54056 133 2076698 103761 0
1459947782252425 134 2217936 51588 131 2082135 100667 0
1459947782254515 136 2218739 48298 134 2090988 100963 0
1459947782256515 136 2219480 45207 134 2099149 100598 0
1459947782258426 136 2220163 42304 133 2105392 98494 0
1459947782260306 133 2216952 41958 131 2108588 93745 0
1459947782262156 131 2211432 43768 128 2107694 87244 0
1459947782264065 133 2208903 42678 130 2109430 82028 0
1459947782265975 130 2202732 45031 128 2108470 76503 0
1459947782267785 128 2194483 49115 126 2105025 73701 0
1459947782269549 131 2190719 48746 130 2106969 69736 0
1459947782271492 136 2193649 47638 132 2111322 68299 0
1459947782273213 132 2191230 46145 129 2111494 63122 0
1459947782274792 123 2177480 55214 121 2101413 67482 0
1459947782276280 123 2164804 62585 121 2092120 70775 0
1459947782278218 135 2168478 61082 133 2098913 71507 0
1459947782280287 136 2173145 60612 135 2107735 74053 0
1459947782282374 137 2178728 61022 136 2117148 76944 0
1459947782284416 136 2182594 59818 136 2125825 78931 0
1459947782286479 133 2182318 55397 132 2128704 75419 0
1459947782288434 135 2184624 53195 133 2132639 73153 0
1459947782290086 133 2184190 49438 130 2132426 67632 0
1459947782291927 134 2185070 46386 131 2133510 63347 0
1459947782293679 133 2184601 43193 130 2133229 58656 0
1459947782295684 132 2182889 41396 131 2134250 55014 0
1459947782297317 123 2169790 50235 123 2124951 59287 0
1459947782299131 136 2174355 50518 134 2130459 59732 0
1459947782301069 136 2178563 50450 133 2134256 58566 0
1459947782303103 138 2185002 52444 136 2141597 60757 0
1459947782305166 138 2190938 53818 136 2148364 62249 0
1459947782307105 132 2188730 51647 129 2145643 59893 0
1459947782308939 135 2190535 49276 131 2145694 55260 0
1459947782310778 136 2193479 48140 132 2147021 52165 0
1459947782312539 133 2192353 45416 131 2146964 48140 0
1459947782314343 133 2191315 42823 131 2146912 44426 0
1459947782316118 132 2189078 41538 129 2144304 43358 0
1459947782318045 138 2194696 43471 134 2148300 43654 0
1459947782319687 129 2188355 45919 127 2143024 45106 0
1459947782321293 129 2182509 47719 127 2138160 46065 0
1459947782323067 133 2182240 44237 130 2137516 43059 0
1459947782324852 128 2175592 46908 127 2133082 43782 0
1459947782326566 131 2173303 45352 128 2130274 42948 0
1459947782328503 135 2176313 44583 131 2131526 40746 0
1459947782330191 122 2176313 44583 119 2131526 40746 1
1459947782331952 133 2176528 41297 131 2132680 38626 0
1459947782333898 133 2176726 38253 134 2137584 40129 0
1459947782335839 134 2178189 36612 132 2139545 38801 0
1459947782337637 133 2178257 33814 130 2138793 36462 0
1459947782339473 131 2175760 33473 129 2136819 35431 0
1459947782341473 130 2172178 34158 129 2135000 34338 0
1459947782343444 136 2176556 35525 134 2139723 36009 0
1459947782345400 132 2175472 33747 129 2137677 35081 0
1459947782347485 138 2182153 37269 135 2143470 37681 0
1459947782349437 136 2185752 37675 134 2147531 38481 0
1459947782351479 137 2190350 38969 136 2153835 41285 0
1459947782353416 134 2190748 36291 133 2155806 39876 0
1459947782355288 135 2192395 34974 130 2153783 38624 0
1459947782357091 134 2192634 32461 134 2157038 38607 0
1459947782358980 136 2195414 32487 133 2158759 37176 0
1459947782360978 134 2195417 29951 132 2159065 34554 0
1459947782362761 132 2192860 29968 132 2159348 32114 0
1459947782364728 131 2189222 30978 129 2155768 32904 0
1459947782366599 132 2187149 30468 130 2153748 32194 0
1459947782368592 135 2189077 29865 133 2155726 31501 0
1459947782370316 130 2184455 31791 128 2151149 33257 0
1459947782371868 125 2184455 31791 124 2151149 33257 1
1459947782373588 132 2182754 30874 129 2148210 33366 0
1459947782375331 132 2181186 29906 130 2146781 32076 0
1459947782377133 130 2177180 31261 128 2142903 33144 0
1459947782378995 135 2179887 31314 132 2144448 31979 0
1459947782380769 131 2177263 31285 130 2143313 30526 0
1459947782382630 134 2178684 30150 133 2146106 30716 0
1459947782384812 137 2183834 32541 136 2152521 34230 0
1459947782386840 139 2191141 36735 137 2159715 38187 0
1459947782388873 133 2190198 34734 132 2159947 35417 0
1459947782390723 135 2191888 33578 133 2161441 34027 0
1459947782392571 130 2187046 35416 127 2155138 37178 0
1459947782394548 131 2183863 35583 128 2150607 38449 0
1459947782396426 129 2178368 37868 125 2142590 42834 0
1459947782398316 133 2178423 34959 130 2141600 40399 0
1459947782400277 134 2179753 33453 132 2143247 38760 0
1459947782402173 128 2173299 36787 127 2138365 40230 0
1459947782404064 132 2172470 34677 133 2141545 40018 0
1459947782405703 129 2167865 36211 127 2136796 41268 0
1459947782407752 136 2172580 37729 134 2141378 42267 0
1459947782409638 133 2173087 35248 133 2144322 41678 0
1459947782411480 134 2174834 34105 132 2145756 39743 0
1459947782413371 134 2176445 32925 133 2148358 39037 0
1459947782415208 134 2177930 31721 132 2149477 37019 0
1459947782417180 134 2179299 30504 133 2151789 36257 0
1459947782419283 138 2185681 34003 136 2157760 38929 0
1459947782421132 134 2186444 32050 133 2159425 37421 0
1459947782422990 138 2192268 34915 136 2164799 39452 0
1459947782424881 138 2197637 37136 135 2168474 39756 0
1459947782426830 137 2201306 37616 135 2171861 39773 0
1459947782428583 130 2195728 39818 126 2163464 44405 0
1459947782430439 132 2193146 39086 129 2159563 44530 0
1459947782432360 136 2195886 38558 133 2161087 42456 0
1459947782434269 135 2197132 36694 132 2161212 39254 0
1459947782436043 129 2190601 39847 125 2152367 44340 0
1459947782437742 130 2185860 41103 128 2148053 44851 0
1459947782439703 132 2184049 39559 131 2147916 41472 0
1459947782441451 130 2179820 40366 128 2143950 41888 0
1459947782443467 138 2186161 43058 136 2150533 44684 0
1459947782445355 129 2180487 44924 129 2147642 43857 0
1459947782447183 132 2179096 42695 130 2146257 41706 0
1459947782449382 137 2184214 44077 133 2148820 40810 0
1459947782450956 119 2184214 44077 117 2148820 40810 1
1459947782453188 139 2191492 47342 138 2157583 45699 0
1459947782455218 136 2194361 46288 135 2161821 46035 0
1459947782457185 133 2193166 43772 132 2161888 42500 0
1459947782459121 126 2183104 49627 125 2152990 47381 0
1459947782461222 138 2189189 51358 135 2157587 47917 0
1459947782463379 140 2197358 54876 138 2165665 51620 0
1459947782465496 136 2199769 52811 133 2166712 48552 0
1459947782467623 138 2204552 53094 136 2171517 49188 0
1459947782469711 135 2205121 49470 134 2173387 47069 0
1459947782471744 136 2206925 47268 134 2175111 44980 0
1459947782473666 133 2204748 45580 133 2175420 41750 0
1459947782475769 138 2209142 46069 135 2178265 41111 0
1459947782477737 134 2208072 43454 132 2177048 39020 0
1459947782479551 132 2204526 43327 131 2174646 38185 0
1459947782481361 134 2203817 40595 131 2172431 37242 0
1459947782483422 133 2201883 39205 131 2170389 36213 0
1459947782485264 129 2194980 42504 127 2163387 39837 0
1459947782486954 130 2189897 43868 128 2158212 41494 0
1459947782488764 133 2189051 41219 132 2158561 38574 0
1459947782490548 128 2189051 41219 124 2158561 38574 1
1459947782492426 136 2192111 40819 135 2162723 39397 0
1459947782494328 133 2191092 38569 133 2164000 37496 0
1459947782496148 134 2191432 35869 130 2161337 37020 0
1459947782498041 138 2196866 38075 136 2166562 38944 0
1459947782500171 140 2204435 42078 136 2171379 40342 0
1459947782502117 133 2202453 40616 132 2170700 37815 0
1459947782504055 135 2203186 38118 134 2172634 36642 0
1459947782505985 133 2201302 36876 131 2170576 35675 0
1459947782508090 139 2207245 39473 136 2175079 37038 0
1459947782509845 132 2203763 39597 128 2168990 39756 0
1459947782511678 131 2199274 40641 126 2160817 44183 0
1459947782513487 130 2193855 42459 127 2154563 46496 0
1459947782515381 132 2191420 41385 130 2152637 44637 0
1459947782517260 129 2185335 43760 128 2148302 45145 0
1459947782519216 138 2191245 45789 137 2155825 48554 0
1459947782521072 131 2187733 45447 128 2151241 48985 0
1459947782522903 129 2181936 47239 124 2141895 53773 0
1459947782524839 135 2184272 45701 130 2140959 50433 0
1459947782526771 135 2186425 44115 130 2140096 47287 0
1459947782528699 134 2187130 41318 130 2139301 44324 0
1459947782530454 132 2185220 39850 129 2137288 42716 0
1459947782532271 130 2180899 40718 128 2134152 42268 0
1459947782534160 135 2183316 39764 134 2138941 43380 0
1459947782535849 130 2179144 40502 127 2134396 44179 0
1459947782537926 142 2179144 40502 139 2134396 44179 1
1459947782539725 134 2180418 38511 134 2139166 45124 0
1459947782541456 131 2177752 37958 131 2139723 42112 0
1459947782543371 133 2177855 35087 130 2138957 39528 0
1459947782545413 135 2180510 34792 133 2142090 39328 0
1459947782547322 130 2176557 35716 128 2138579 39491 0
1459947782549083 129 2171633 37463 128 2135342 39388 0
1459947782550985 132 2170934 35180 130 2134918 36700 0
1459947782552691 129 2166449 36564 127 2130687 37731 0
1459947782554714 137 2172555 39336 134 2135747 39447 0
1459947782556861 139 2180744 43811 137 2144251 44205 0
1459947782558779 137 2185733 44987 135 2149531 45618 0
1459947782560457 124 2185733 44987 122 2149531 45618 1
1459947782562140 131 2182652 44311 129 2146718 44646 0
1459947782564124 137 2187492 45311 134 2150525 44668 0
1459947782566162 133 2186834 42377 131 2150195 41481 0
1459947782568105 133 2186227 39624 131 2149891 38520 0
1459947782569763 128 2186227 39624 123 2149891 38520 1
1459947782571295 125 2186227 39624 122 2149891 38520 1
1459947782572991 127 2186227 39624 120 2149891 38520 1
1459947782574942 134 2186948 37192 132 2150890 36431 0
1459947782576967 137 2191452 38438 134 2154371 36793 0
1459947782578675 132 2189204 37506 131 2153740 34498 0
1459947782580196 128 2182012 41204 126 2146759 38237 0
1459947782581905 127 2174102 45275 125 2139043 42361 0
1459947782583863 135 2177050 44454 134 2143450 43113 0
1459947782585681 132 2175927 42015 130 2142392 40718 0
1459947782587164 127 2168492 45585 125 2135017 44334 0
1459947782588774 128 2162918 47160 126 2129498 45957 0
1459947782590426 130 2160340 45851 126 2124410 47055 0
1459947782592086 129 2156683 45638 127 2121000 46521 0
1459947782593706 125 2148192 49899 124 2114016 49323 0
1459947782595554 134 2151884 49404 133 2119098 50154 0
1459947782597367 128 2147608 49485 127 2116103 48995 0
1459947782598999 132 2148786 46704 129 2115902 45351 0
1459947782600686 125 2140912 50313 124 2109317 47877 0
1459947782602177 126 2134933 51893 124 2103246 49732 0
1459947782604092 135 2140941 53376 135 2111729 53667 0
1459947782605703 130 2140079 49999 128 2110590 50523 0
1459947782607557 134 2144405 50080 132 2114660 50327 0
1459947782609439 134 2148393 49843 131 2117132 48674 0
1459947782611151 130 2146949 47279 128 2115571 46309 0
1459947782612704 131 2146898 43631 129 2115412 42837 0
1459947782614567 137 2154531 47259 134 2121665 45254 0
1459947782616390 124 2144928 52418 122 2112069 50563 0
1459947782618424 134 2148875 51961 130 2113463 47897 0
1459947782620433 134 2152514 51255 132 2117308 47700 0
1459947782622180 132 2153308 47982 131 2119573 46061 0
1459947782624087 132 2154040 44908 131 2121661 44387 0
1459947782626003 131 2153435 41956 128 2119746 42684 0
1459947782627992 133 2155437 40524 131 2121820 41261 0
1459947782629734 132 2156003 37880 128 2119892 39813 0
1459947782631626 134 2159085 37761 130 2120675 37424 0
1459947782633914 142 2159085 37761 140 2120675 37424 1
1459947782635739 131 2158086 35730 129 2120117 35014 0
1459947782637525 131 2157165 33786 129 2119602 32751 0
1459947782639296 130 2155036 33108 129 2119128 30628 0
1459947782641029 129 2151793 33509 126 2114851 32177 0
1459947782642706 127 2146244 36006 125 2109628 34477 0
1459947782644184 126 2139848 39088 125 2104813 36221 0
1459947782645927 130 2139072 36749 128 2104214 33942 0
1459947782647896 135 2144757 39117 131 2107502 34321 0
1459947782649642 130 2143597 37128 127 2105413 33564 0
1459947782651629 139 2143597 37128 135 2105413 33564 1
1459947782653693 135 2148928 39142 132 2109887 35066 0
1459947782655448 130 2147443 37452 128 2108892 33243 0
1459947782657301 132 2148634 35623 130 2110534 32159 0
1459947782659185 133 2151011 35031 131 2113328 32222 0
1459947782661022 132 2151923 33135 130 2114624 30899 0
1459947782662863 134 2155324 33681 131 2117099 30766 0
1459947782665040 137 2162299 37479 137 2127060 37545 0
1459947782666916 133 2163609 35758 131 2128563 35997 0
1459947782669069 140 2163609 35758 138 2128563 35997 1
1459947782671233 140 2163609 35758 137 2128563 35997 1
1459947782673100 131 2162257 34210 129 2127389 34266 0
1459947782674985 133 2163570 32748 129 2126306 32585 0
1459947782676705 133 2164781 31305 130 2126588 30299 0
1459947782678260 128 2159497 33729 126 2121728 32411 0
1459947782680053 131 2158466 32043 128 2119808 31648 0
1459947782681912 132 2158795 29843 131 2121878 31083 0
1459947782684024 136 2164219 32511 135 2128906 35133 0
1459947782686005 136 2169219 34580 136 2136665 39541 0
1459947782687847 130 2166148 34708 128 2133578 39296 0
1459947782689503 121 2166148 34708 119 2133578 39296 1
1459947782691378 133 2167157 32926 132 2135852 38322 0
1459947782693080 132 2166807 30674 130 2135388 35755 0
1459947782694825 129 2162645 32113 128 2132400 35714 0
1459947782696755 132 2162648 29607 128 2129646 35461 0
1459947782698747 134 2165211 29655 133 2133507 36249 0
1459947782700749 133 2166293 28336 130 2133226 33675 0
