1459947780002004 130 2129920 0 129 2113536 0 0
1459947780003832 131 2131200 1180 129 2113536 0 0
1459947780005786 134 2136220 5714 134 2119936 5900 0
1459947780007845 137 2144687 13073 136 2128396 13238 0
1459947780009828 135 2149933 16887 133 2132355 15852 0
1459947780011808 133 2152209 17665 131 2133444 15617 0
1459947780013766 135 2156867 20578 133 2137008 17682 0
1459947780015588 127 2150921 24450 126 2131334 21530 0
1459947780017369 128 2146720 26411 127 2127383 23488 0
1459947780019128 132 2147967 25497 131 2128861 23015 0
1459947780020973 133 2150397 25745 130 2128943 21292 0
1459947780022646 125 2142397 31107 124 2121339 26637 0
1459947780024342 131 2142702 28957 128 2119449 26296 0
1459947780026073 129 2140423 28794 126 2115147 28206 0
1459947780027868 129 2138322 28480 128 2113741 27298 0
1459947780029788 133 2141505 29189 131 2116284 27510 0
1459947780031708 134 2145719 30793 132 2119909 28702 0
1459947780033568 134 2149604 31969 132 2123251 29540 0
1459947780035551 135 2154466 33953 131 2125052 28892 0
1459947780037241 131 2153828 31887 125 2119032 32183 0
1459947780038912 129 2150680 32296 125 2113482 34783 0
1459947780040491 130 2149058 31267 127 2110926 34421 0
1459947780042314 135 2153962 33345 132 2114969 35459 0
1459947780044149 134 2157203 33727 132 2118697 36124 0
1459947780045814 129 2153791 34236 127 2115733 36032 0
1459947780047416 129 2150646 34460 128 2114281 34555 0
1459947780049259 133 2152866 33814 130 2115502 32981 0
1459947780050805 128 2148513 35184 124 2108948 36445 0
1459947780052682 133 2150900 34635 130 2110586 35107 0
1459947780054465 130 2149260 33439 128 2109536 33331 0
1459947780056265 130 2147749 32218 129 2109848 31015 0
1459947780058037 133 2150196 31955 131 2112696 31216 0
1459947780059747 132 2151171 30357 130 2114041 30017 0
1459947780061681 139 2161030 37074 138 2125521 38254 0
1459947780063639 134 2163719 36656 133 2129704 39121 0
1459947780065323 129 2159798 37406 127 2125880 39588 0
1459947780067277 133 2161303 35871 132 2128755 39146 0
1459947780069149 132 2161411 33167 128 2126286 38363 0
1459947780070971 135 2165350 34207 130 2126569 35626 0
1459947780072978 135 2168982 34882 133 2130670 36623 0
1459947780074706 132 2168490 32609 127 2126771 37354 0
1459947780076634 134 2170596 32003 132 2129577 37021 0
1459947780078504 134 2172538 31292 133 2133443 37692 0
1459947780080486 140 2182008 37577 136 2140847 41573 0
1459947780082401 132 2180498 36032 130 2139993 39111 0
1459947780084213 133 2180386 33319 131 2140486 36509 0
1459947780085872 132 2179003 31989 130 2139660 34416 0
1459947780087841 132 2177728 30664 130 2138899 32428 0
1459947780089651 132 2176553 29351 129 2136917 31720 0
1459947780091443 129 2171629 31595 127 2132530 33284 0
1459947780093244 132 2170930 29769 131 2133606 31675 0
1459947780094807 128 2165166 32756 125 2126918 35365 0
1459947780096559 129 2161132 33914 128 2124592 34745 0
1459947780098374 133 2162533 32556 131 2126288 33593 0
1459947780100341 135 2166385 33563 132 2129131 33589 0
1459947780102413 137 2172496 36573 136 2136872 38100 0
1459947780104293 130 2169169 36781 129 2135048 36803 0
1459947780106235 130 2166102 36733 129 2133367 35476 0
1459947780108017 127 2159435 40008 126 2127977 37672 0
1459947780109584 128 2154569 41367 125 2121728 40488 0
1459947780111417 131 2153923 38730 128 2119808 39094 0
1459947780113042 129 2150767 38612 127 2116758 38850 0
1459947780114739 130 2149138 37096 129 2116506 36046 0
1459947780116397 127 2143796 39121 126 2112433 36982 0
1459947780118169 133 2146551 38604 132 2116359 37711 0
1459947780119907 132 2147811 36750 131 2118698 36920 0
1459947780121643 132 2148973 34949 128 2117014 35586 0
1459947780123591 132 2150044 33205 131 2119302 34914 0
1459947780125582 134 2153591 33880 132 2122691 35310 0
1459947780127460 129 2150461 34117 126 2118135 36750 0
1459947780129150 131 2150136 31750 127 2115215 36569 0
1459947780130671 127 2144716 34264 125 2109963 38552 0
1459947780132255 129 2142280 33832 126 2106402 38822 0
1459947780133950 131 2142594 31477 128 2105679 36455 0
1459947780135473 124 2133923 37009 122 2097332 41300 0
1459947780137366 135 2140010 39728 133 2103717 43960 0
1459947780139428 138 2149461 45337 136 2113444 49492 0
1459947780141549 138 2158174 49827 136 2122411 53891 0
1459947780143534 135 2162366 49799 134 2128117 54940 0
1459947780145488 135 2166231 49471 132 2130817 53136 0
1459947780147158 130 2163394 48221 130 2130746 49048 0
1459947780149017 135 2167178 47942 134 2135801 49876 0
1459947780150980 138 2174507 50952 135 2141741 51455 0
1459947780153039 136 2178703 50839 132 2143377 48943 0
1459947780154969 134 2180011 48073 131 2143605 45329 0
1459947780157119 142 2191457 54869 139 2154055 51421 0
1459947780159042 135 2193049 52050 133 2156009 49204 0
1459947780160834 129 2186837 53709 128 2151410 49597 0
1459947780162688 133 2186230 50071 131 2151011 46089 0
1459947780164401 128 2179270 52574 125 2142963 49906 0
1459947780166216 132 2177974 49660 130 2141944 46946 0
1459947780168150 135 2180619 48219 131 2142284 43592 0
1459947780170127 136 2184338 47879 133 2145158 42835 0
1459947780172055 133 2183926 44517 130 2143967 40585 0
1459947780174117 134 2184826 41869 132 2145429 38762 0
1459947780176066 134 2185656 39362 132 2146777 36976 0
1459947780177778 124 2173621 47380 123 2136500 43561 0
1459947780179718 135 2176606 46430 132 2138545 42043 0
1459947780181342 127 2169118 49704 125 2131471 45279 0
1459947780183115 128 2163495 51003 126 2126229 46572 0
1459947780184809 131 2162151 48256 128 2123957 45027 0
1459947780186467 119 2145552 59787 119 2110342 54059 0
1459947780188517 131 2145610 55170 130 2111871 51245 0
1459947780190499 136 2152064 56809 132 2115841 50900 0
1459947780192278 133 2154174 54315 132 2119500 50297 0
1459947780194309 138 2162519 57764 138 2130554 56557 0
1459947780196104 133 2163812 54443 130 2130504 52183 0
1459947780197909 133 2165004 51288 130 2130458 48148 0
1459947780199634 133 2166103 48294 130 2130415 44424 0
1459947780201763 135 2169676 47815 132 2132936 43277 0
1459947780203703 134 2171690 45935 132 2135260 42037 0
1459947780205468 131 2169706 44174 130 2134842 39136 0
1459947780207185 129 2165317 44767 126 2129337 41152 0
1459947780209346 137 2171511 46979 134 2134502 42699 0
1459947780211121 133 2172101 43852 131 2135424 40213 0
1459947780213216 135 2175205 43288 133 2138834 40214 0
1459947780215357 138 2181907 46084 137 2147097 44690 0
1459947780217424 136 2185525 45818 134 2150875 44680 0
1459947780219359 135 2187580 44133 134 2154357 44399 0
1459947780221153 132 2185635 42477 131 2153727 41509 0
1459947780222982 130 2181282 43170 129 2150587 41160 0
1459947780225023 134 2182389 40817 132 2151532 38815 0
1459947780226830 130 2178289 41406 126 2144723 42058 0
1459947780228895 134 2179630 39407 132 2146126 40065 0
1459947780230863 134 2180866 37467 132 2147419 38126 0
1459947780232912 141 2190965 43849 139 2157571 44506 0
1459947780234794 135 2192595 41926 134 2160530 43756 0
1459947780236776 133 2191538 39623 131 2159418 41361 0
1459947780238792 131 2188004 39784 130 2157113 40253 0
1459947780240907 137 2192426 40751 135 2161388 41049 0
1459947780242840 132 2190102 39708 127 2155089 43648 0
1459947780244924 137 2194360 40530 134 2158242 43145 0
1459947780246437 121 2177805 52624 120 2143229 53613 0
1459947780248223 130 2174063 51960 127 2138349 53922 0
1459947780250134 133 2174454 48260 130 2137690 50316 0
1459947780251858 132 2173534 45336 130 2137082 46944 0
1459947780253668 130 2170126 44935 127 2132682 47331 0
1459947780255383 129 2165704 45499 128 2129906 46191 0
1459947780257141 128 2160348 46881 127 2126067 46120 0
1459947780258957 133 2161810 44566 131 2127648 43973 0
1459947780260666 133 2163158 42327 132 2130385 43060 0
1459947780262655 132 2163121 39053 132 2132908 42021 0
1459947780264455 132 2163087 36032 132 2135234 40882 0
1459947780266326 132 2163055 33245 128 2132258 40430 0
1459947780268247 132 2163026 30673 128 2129515 39799 0
1459947780270292 138 2170679 35331 136 2137226 43798 0
1459947780272169 131 2168774 34325 130 2136655 40902 0
1459947780273885 124 2158058 41521 123 2127168 46451 0
1459947780275720 133 2159699 39790 131 2128663 44200 0
1459947780277645 137 2166332 42796 136 2136441 47916 0
1459947780279427 133 2167327 40369 132 2138491 46062 0
1459947780281222 126 2159284 44629 124 2130141 50160 0
1459947780282819 116 2139069 59776 114 2109643 65136 0
1459947780284582 129 2137074 56944 127 2107387 62126 0
1459947780286510 131 2137795 53159 130 2109147 58894 0
1459947780288475 135 2143579 54337 133 2114609 59328 0
1459947780290342 136 2150191 56187 132 2118365 58155 0
1459947780292284 135 2155007 56237 133 2123107 57983 0
1459947780293879 124 2145367 60729 123 2114679 61222 0
1459947780295438 126 2139040 61816 124 2108189 62421 0
1459947780297275 133 2142167 59869 131 2111166 60289 0
1459947780299081 131 2142490 55488 131 2113911 58108 0
1459947780300906 123 2132547 60318 121 2103641 63034 0
1459947780302956 133 2136181 58955 132 2108254 62361 0
1459947780304680 126 2130571 59519 127 2106106 59468 0
1459947780306785 139 2142040 65442 137 2116926 64797 0
1459947780308696 132 2143653 61816 130 2117941 60669 0
1459947780310437 129 2141300 59155 128 2116316 57426 0
1459947780312320 137 2149370 61973 134 2122498 58638 0
1459947780314055 131 2149130 57351 127 2119237 57061 0
1459947780316049 134 2152749 56206 129 2118791 53013 0
1459947780317732 125 2144565 59358 123 2110700 56329 0
1459947780319474 127 2139580 59314 124 2104521 57623 0
1459947780321311 131 2140105 55164 130 2106505 54950 0
1459947780323131 129 2138029 52767 128 2105774 51330 0
1459947780325082 137 2146355 56320 135 2114060 54958 0
1459947780327161 131 2146351 51923 127 2111459 53061 0
1459947780329090 130 2145067 49049 127 2109061 51125 0
1459947780331087 133 2147723 47666 131 2111970 49812 0
1459947780333003 130 2146332 45224 130 2113372 47212 0
1459947780335007 134 2150169 45228 132 2117224 47074 0
1459947780336885 131 2149867 41972 127 2114375 46021 0
1459947780338684 127 2144468 43668 126 2110469 46025 0
1459947780340640 130 2143331 41303 130 2111988 43829 0
1459947780342385 126 2137163 43761 125 2106988 45012 0
1459947780344371 133 2140437 43360 133 2112619 46686 0
1459947780346467 136 2147295 46294 134 2119090 49004 0
1459947780348429 137 2154897 49685 135 2126336 51855 0
1459947780350211 134 2158065 48724 131 2127896 49241 0
1459947780351684 122 2145626 56384 121 2116534 55868 0
1459947780353286 124 2136718 60190 122 2107339 59978 0
1459947780355029 130 2136186 55976 128 2106543 56025 0
1459947780357028 132 2138256 53510 130 2108369 53331 0
1459947780358874 129 2136324 51109 126 2104932 52331 0
1459947780360754 131 2137103 47834 130 2106884 50041 0
1459947780362930 140 2149341 55378 137 2117643 56050 0
1459947780364594 127 2143983 55989 127 2114762 54326 0
1459947780366604 135 2149284 56501 133 2119786 54712 0
1459947780368224 128 2145211 55840 125 2114177 55607 0
1459947780369869 129 2142736 53758 128 2112846 52488 0
1459947780371374 123 2132774 58740 121 2102659 57777 0
1459947780373067 128 2129991 56715 128 2102228 53659 0
1459947780374964 131 2131265 53458 130 2104391 51460 0
1459947780376625 131 2132439 50364 127 2102545 49140 0
1459947780378379 131 2133522 47427 129 2103403 46091 0
1459947780380329 133 2137080 47001 130 2105474 44399 0
1459947780382343 131 2137800 43993 130 2107383 42690 0
1459947780384290 133 2141024 43528 131 2110423 42157 0
1459947780386327 135 2146556 45227 134 2117066 44987 0
1459947780388228 134 2150376 45214 133 2121910 45937 0
1459947780390242 137 2157737 48467 135 2128935 48824 0
1459947780391947 130 2155563 46683 128 2126451 47297 0
1459947780393860 132 2156119 43548 130 2126722 43850 0
1459947780395738 137 2163032 46518 134 2132091 45374 0
1459947780397696 137 2169405 48758 136 2139601 48752 0
1459947780399387 131 2167600 46611 130 2138844 45640 0
1459947780401207 132 2167216 43322 128 2135586 45076 0
1459947780402658 119 2150222 55603 118 2119783 56122 0
1459947780404416 130 2148635 52721 129 2119294 52186 0
1459947780406076 128 2144612 52309 126 2115004 52062 0
1459947780407970 130 2143464 49280 129 2114889 48099 0
1459947780409723 129 2141125 47585 128 2113503 45618 0
1459947780411353 126 2135129 49393 126 2109665 45591 0
1459947780412878 123 2125762 54169 121 2099727 51190 0
1459947780414584 125 2119686 55537 124 2094405 52095 0
1459947780416217 127 2116645 54000 125 2090779 51367 0
1459947780418266 138 2127922 60177 135 2100236 56072 0
1459947780420058 132 2130638 57978 130 2102555 53828 0
1459947780421906 132 2133141 55756 127 2100852 51191 0
1459947780423868 135 2139289 57068 133 2106962 52824 0
1459947780425680 134 2143677 56654 129 2107475 49170 0
1459947780427610 133 2146442 54776 130 2109228 46944 0
1459947780429593 136 2152831 56386 133 2114684 48306 0
1459947780431336 134 2156161 55049 132 2118434 47989 0
1459947780433085 130 2154110 52637 128 2116771 45771 0
1459947780434925 130 2152220 50266 129 2116518 42427 0
1459947780437200 140 2163277 56531 139 2129085 50697 0
1459947780439377 136 2168350 56791 133 2132990 50336 0
1459947780441248 133 2169187 53126 130 2132750 46624 0
1459947780443221 137 2175079 54406 133 2136368 46317 0
1459947780445324 137 2180510 55162 133 2139704 45773 0
1459947780447258 133 2180397 50955 131 2140219 42671 0
1459947780449226 135 2182853 49238 134 2144534 43315 0
1459947780450828 131 2179997 48023 128 2140832 43343 0
1459947780452533 125 2169684 53777 122 2129739 50181 0
1459947780454374 134 2171697 51431 132 2132313 48633 0
1459947780456263 133 2172273 47943 132 2134686 47020 0
1459947780458195 134 2174084 45866 132 2136873 45362 0
1459947780459973 132 2173193 43102 130 2136329 42318 0
1459947780461698 133 2173652 40157 130 2135828 39472 0
1459947780463697 136 2177915 40949 134 2140486 40682 0
1459947780465606 133 2178005 37832 131 2140940 37922 0
1459947780467466 126 2169128 43059 123 2131119 44012 0
1459947780469529 136 2173744 43951 133 2134865 44026 0
1459947780471158 130 2170320 43673 127 2130638 44482 0
1459947780472744 128 2164603 45530 127 2126741 44597 0
1459947780474639 134 2167013 44194 133 2130829 44880 0
1459947780476592 135 2170515 43969 133 2134597 44847 0
1459947780478337 135 2173743 43509 133 2138071 44546 0
1459947780480378 136 2177999 44032 134 2142554 45197 0
1459947780482221 133 2178082 40669 131 2142846 41935 0
1459947780484090 133 2178159 37562 131 2143116 38907 0
1459947780486052 134 2179510 35872 133 2145925 38456 0
1459947780487975 131 2176915 35460 129 2143394 37783 0
1459947780489893 133 2177083 32844 131 2143621 35040 0
1459947780491552 127 2169558 37214 126 2137430 38008 0
1459947780493130 123 2157501 45420 122 2126603 45018 0
1459947780494854 126 2150226 48577 126 2121742 45981 0
1459947780496636 124 2140959 53323 124 2114700 48878 0
1459947780498362 126 2134976 54672 123 2106929 52222 0
1459947780500270 132 2137141 52395 130 2108725 49797 0
1459947780501804 116 2118656 65341 114 2089900 63259 0
1459947780503765 127 2115696 62964 125 2086626 61333 0
1459947780505593 129 2115527 58199 126 2084888 58142 0
1459947780507437 131 2117931 55868 130 2088406 56842 0
1459947780509280 131 2120147 53546 129 2090369 54210 0
1459947780511126 134 2126030 54785 134 2098578 57542 0
1459947780512924 132 2128893 53144 129 2099746 54123 0
1459947780514660 129 2127693 50098 128 2099543 50080 0
1459947780516529 132 2130426 48704 130 2101916 48354 0
1459947780518152 125 2123986 50835 125 2097703 48459 0
1459947780520038 134 2129569 52010 131 2101499 48173 0
1459947780521820 130 2129596 47971 128 2101159 44722 0
1459947780523727 135 2136021 50146 133 2107245 46839 0
1459947780525289 117 2118904 62007 116 2091096 58065 0
1459947780526753 116 2101844 72888 114 2073649 69611 0
1459947780528740 138 2114277 78655 135 2084445 74124 0
1459947780530469 134 2120619 78356 132 2090557 73968 0
1459947780532252 133 2125185 76443 130 2093632 71024 0
1459947780534004 132 2128114 73171 132 2099027 70448 0
1459947780535771 133 2132095 71124 132 2104000 69529 0
1459947780537453 133 2135765 68950 133 2109865 69503 0
1459947780539283 134 2140428 67862 130 2111431 65517 0
1459947780541380 135 2146007 67703 134 2117995 66449 0
1459947780543294 133 2148590 64794 132 2121486 64475 0
1459947780545136 130 2147131 61075 128 2119584 61189 0
1459947780546855 128 2143226 59902 126 2115271 60383 0
1459947780548836 136 2149866 61343 134 2121535 61440 0
1459947780550618 133 2152147 58653 132 2124750 59603 0
1459947780552505 131 2151690 54490 129 2123873 55753 0
1459947780554306 125 2143589 57699 122 2114105 60401 0
1459947780555988 128 2139961 56535 125 2108940 60442 0
1459947780557838 132 2141736 53754 129 2109299 56050 0
1459947780559593 130 2140812 50404 129 2109630 51976 0
1459947780561924 137 2148921 53941 134 2116335 54096 0
1459947780564039 138 2157676 57797 137 2126356 59107 0
1459947780565682 128 2152947 57639 127 2122794 57772 0
1459947780567307 133 2154988 55016 130 2123350 53771 0
1459947780569004 132 2155589 51271 127 2120023 52636 0
1459947780570690 132 2156143 47776 129 2119516 48990 0
1459947780572696 134 2159214 46874 132 2122888 48271 0
1459947780574506 135 2163325 47001 132 2125997 47365 0
1459947780576362 133 2164555 44463 131 2127583 45126 0
1459947780578018 131 2163129 42303 129 2126485 42611 0
1459947780579815 133 2164374 40146 131 2128033 40709 0
1459947780581707 132 2164242 37130 129 2126900 38572 0
1459947780583617 133 2165400 35297 131 2128415 36955 0
1459947780585325 129 2161348 36274 127 2124692 37498 0
1459947780587030 130 2158892 35703 127 2121260 37731 0
1459947780588764 126 2151508 39719 124 2114256 41239 0
1459947780590662 132 2152381 37420 129 2114199 38068 0
1459947780592365 126 2145506 40833 124 2107747 41040 0
1459947780594093 130 2144288 38764 125 2103079 42136 0
1459947780595764 130 2143165 36769 128 2102615 39270 0
1459947780597519 132 2144690 35302 128 2102188 36595 0
1459947780599290 134 2148656 36200 132 2106914 38093 0
1459947780601373 136 2154872 39101 131 2109991 37952 0
1459947780603382 137 2161882 42508 136 2119227 43502 0
1459947780605325 131 2160664 40308 128 2117502 41692 0
1459947780607203 135 2164662 40843 132 2121032 41688 0
1459947780609009 128 2159387 42514 126 2116606 42510 0
1459947780610570 127 2153244 44854 127 2113806 41769 0
1459947780612173 124 2143741 50108 121 2103544 47964 0
1459947780614010 128 2140101 49548 125 2099204 48216 0
1459947780616018 137 2148265 53203 133 2105443 50201 0
1459947780618036 133 2150671 51264 131 2108635 49221 0
1459947780619933 132 2151609 48124 130 2110297 46908 0
1459947780621648 132 2152474 45161 130 2111830 44656 0
1459947780623312 129 2149431 44436 127 2109403 43404 0
1459947780625043 129 2146626 43549 127 2107165 42075 0
1459947780627023 135 2151720 44842 132 2111502 42785 0
1459947780628613 127 2146176 46448 126 2107820 42835 0
1459947780630643 134 2150026 46368 131 2110826 42259 0
1459947780632194 125 2142055 50093 123 2103357 45841 0
1459947780633781 127 2137266 50592 125 2099032 46245 0
1459947780635503 131 2137972 47289 129 2100165 43676 0
1459947780637316 130 2137342 44173 128 2099929 40479 0
1459947780639223 134 2141882 44906 132 2104832 41836 0
1459947780641146 131 2142227 41715 130 2106792 40373 0
1459947780643065 131 2142545 38749 131 2109878 40063 0
1459947780644876 129 2140278 37810 126 2106323 40209 0
1459947780646661 131 2140748 35290 128 2105606 37727 0
1459947780648256 129 2138622 34491 127 2103665 36567 0
1459947780649818 126 2132822 37142 125 2099316 37719 0
1459947780651520 127 2128755 37988 126 2096586 37287 0
1459947780653081 128 2126286 37296 125 2092790 37872 0
1459947780654963 132 2129129 37003 129 2094410 36407 0
1459947780656471 123 2120230 42314 122 2086944 40444 0
1459947780658290 132 2123547 42065 130 2090301 40379 0
1459947780660159 135 2130444 45137 133 2097236 43617 0
1459947780662122 133 2134243 45112 130 2099789 42562 0
1459947780663987 136 2141585 48355 134 2107262 46126 0
1459947780665891 133 2144513 47276 130 2109032 44153 0
1459947780667670 132 2145932 44891 128 2108103 41558 0
1459947780669327 125 2138281 48436 124 2102127 43819 0
1459947780671040 132 2140187 46408 130 2104298 42396 0
1459947780672928 132 2141944 44402 128 2103739 39597 0
1459947780674926 138 2151244 49507 133 2109624 41928 0
1459947780676637 131 2150858 45994 130 2111209 40113 0
1459947780678487 132 2151782 43252 130 2112670 38326 0
1459947780680353 128 2147514 43806 128 2111457 36448 0
1459947780682410 136 2153819 46195 134 2118019 39649 0
1459947780684243 136 2159631 47944 133 2122788 40948 0
1459947780685936 130 2157309 46337 129 2122065 38414 0
1459947780687737 129 2153889 45868 127 2118838 38386 0
1459947780689607 133 2155856 44097 131 2120983 37365 0
1459947780691396 133 2157669 42323 129 2120401 34981 0
1459947780693517 137 2164461 45277 134 2126264 37653 0
1459947780695377 133 2165602 42791 129 2125269 35627 0
1459947780697083 132 2165374 39656 129 2124352 33688 0
1459947780698944 135 2169004 39903 134 2129907 36177 0
1459947780700994 135 2172350 39870 132 2132468 35710 0
1459947780702768 131 2170315 38630 130 2132268 33103 0
1459947780704450 128 2164599 40881 128 2129524 33045 0
1459947780706231 127 2158049 43724 124 2121874 37514 0
1459947780708083 131 2157131 41153 128 2119942 36363 0
1459947780710183 136 2162685 43057 134 2125841 38960 0
1459947780711896 134 2165245 42053 132 2128719 38569 0
1459947780713682 134 2167605 40942 132 2131372 38001 0
1459947780715519 125 2158260 46357 123 2122298 43396 0
1459947780717331 126 2150925 49496 124 2115213 46536 0
1459947780719011 129 2148003 48321 129 2115081 43020 0
1459947780720876 134 2151710 47962 133 2120080 44267 0
1459947780723018 139 2161527 53264 138 2131088 50956 0
1459947780724828 132 2161617 49185 128 2128436 49419 0
1459947780726681 128 2156580 49984 125 2122151 51351 0
1459947780728340 132 2157057 46518 129 2121477 47959 0
1459947780730171 131 2156216 43657 128 2119576 45963 0
1459947780731798 127 2150321 45679 124 2112704 48707 0
1459947780733478 127 2144887 47119 125 2107649 49561 0
1459947780735401 133 2147557 45899 131 2110668 48473 0
1459947780737243 131 2147459 42403 129 2110892 44892 0
1459947780739065 129 2144808 41533 127 2108538 43553 0
1459947780741166 136 2151324 44295 133 2114048 45230 0
1459947780742929 130 2149651 42375 129 2114008 41732 0
1459947780744742 133 2151949 41182 132 2117811 41977 0
1459947780746554 131 2151507 38370 128 2116197 40184 0
1459947780748257 129 2148540 38106 124 2109589 43135 0
1459947780750151 134 2152205 38506 131 2112457 42409 0
1459947780752069 135 2156863 39792 133 2117661 43892 0
1459947780754086 136 2162438 41822 134 2123738 46064 0
1459947780755784 122 2149657 50335 120 2111420 53819 0
1459947780757742 134 2153235 49700 131 2114145 52126 0
1459947780759580 133 2155253 47677 132 2117937 51549 0
1459947780761434 136 2160953 49207 135 2125273 54284 0
1459947780763067 129 2157248 48777 128 2123076 52068 0
1459947780765067 135 2161513 48897 131 2124890 49672 0
1459947780766789 129 2157764 48531 125 2118882 51328 0
1459947780768538 127 2151748 50284 125 2113344 52423 0
1459947780770263 130 2150042 47927 127 2110799 50673 0
1459947780772092 133 2152309 46272 129 2111012 46911 0
1459947780774059 132 2153119 43404 128 2109929 44244 0
1459947780775744 129 2150026 42863 126 2106370 44067 0
1459947780777425 129 2147175 42142 128 2105649 41287 0
1459947780779269 135 2152226 43506 131 2108825 40989 0
1459947780781402 137 2159443 46760 134 2115593 44025 0
1459947780783180 129 2155856 46412 125 2110312 45453 0
1459947780785186 134 2158949 45638 132 2114403 45673 0
1459947780787056 134 2161801 44701 130 2115615 43221 0
1459947780788744 125 2152910 49404 122 2106492 48253 0
1459947780790655 132 2153673 46248 131 2109602 47350 0
1459947780792507 131 2153097 43164 130 2111189 45113 0
1459947780794351 132 2153846 40481 130 2112652 42937 0
1459947780796524 139 2163496 46214 138 2124241 50265 0
1459947780798436 133 2164712 43724 131 2125964 47927 0
1459947780800553 136 2169673 44882 133 2130113 48006 0
1459947780802450 135 2172967 44411 134 2135217 48961 0
1459947780804204 131 2170883 42861 129 2133523 46696 0
1459947780806246 133 2171522 40101 131 2134521 43967 0
1459947780808249 133 2172111 37511 131 2135441 41380 0
1459947780810193 135 2175214 37441 133 2138849 41289 0
1459947780812098 133 2175515 34792 131 2139431 38599 0
1459947780813825 127 2168112 38896 124 2131007 43347 0
1459947780815929 140 2177928 44906 136 2138602 46961 0
1459947780818007 136 2181857 45019 135 2144323 48566 0
1459947780819900 133 2181639 41701 132 2145757 46093 0
1459947780821770 129 2176318 43347 127 2140679 47171 0
1459947780823625 131 2173973 42121 127 2135998 47799 0
1459947780825616 134 2175651 40377 132 2138083 45986 0
1459947780827209 128 2169518 42875 125 2131045 48880 0
1459947780829036 132 2168984 40016 130 2130957 45142 0
1459947780830843 135 2172332 39975 130 2130875 41689 0
1459947780832526 128 2166458 42265 125 2124400 44400 0
1459947780834321 132 2166163 39234 128 2122271 42893 0
1459947780836292 138 2173571 42997 135 2129268 45991 0
1459947780838176 132 2172720 40420 131 2130598 43624 0
1459947780840161 135 2175776 40079 133 2134385 43706 0
1459947780842086 134 2177313 38364 131 2135316 41149 0
1459947780844100 134 2178730 36672 131 2136174 38725 0
1459947780845886 133 2178756 33831 131 2136965 36428 0
1459947780847784 133 2178780 31209 131 2137694 34254 0
1459947780849665 132 2177522 29928 131 2138366 32197 0
1459947780851340 130 2173803 31017 128 2135146 32649 0
1459947780853193 131 2171654 30573 130 2134737 30474 0
1459947780855000 130 2168393 31189 128 2131800 30799 0
1459947780856377 111 2141067 53942 110 2106053 52127 0
1459947780858592 135 2146596 54824 133 2111757 53312 0
1459947780860537 135 2151693 55238 134 2118295 55175 0
1459947780862475 135 2156391 55253 133 2123043 55241 0
1459947780864577 136 2162002 56109 134 2128700 56140 0
1459947780866429 127 2155655 57575 125 2122395 57566 0
1459947780868327 127 2149804 58469 125 2116582 58425 0
1459947780870096 129 2146970 56513 127 2113784 56439 0
1459947780871947 133 2149477 54409 130 2115044 53191 0
1459947780873981 138 2158189 58189 135 2122606 56006 0
1459947780875752 129 2154700 56857 126 2118057 55823 0
1459947780877110 94 2106684 96679 93 2071623 94266 0
1459947780878734 133 2112339 94338 129 2074897 89919 0
1459947780880776 133 2117552 91773 130 2079195 86856 0
1459947780882628 129 2117238 84892 123 2074197 84676 0
1459947780884612 131 2119508 80352 130 2078550 82073 0
1459947780886724 135 2126721 80723 134 2087683 84080 0
1459947780888710 136 2134650 81726 132 2093542 82913 0
1459947780890545 132 2136840 77360 132 2098944 81415 0
1459947780892485 139 2147819 81437 137 2110324 85544 0
1459947780894205 133 2150260 77324 131 2113134 81451 0
1459947780895988 132 2151230 72178 129 2113165 75115 0
1459947780897957 130 2149565 68073 128 2111913 70399 0
1459947780899548 129 2146750 65348 126 2108199 68322 0
1459947780901171 127 2141595 64994 125 2103495 67319 0
1459947780902812 125 2134282 66656 125 2099159 66055 0
1459947780904526 127 2130101 65302 126 2096442 63398 0
1459947780906558 134 2135206 64907 132 2101617 63216 0
1459947780908468 136 2142473 66535 133 2107668 63855 0
1459947780910246 133 2145332 63971 130 2109406 60468 0
1459947780912058 135 2150527 63763 134 2116128 61940 0
1459947780914195 136 2156597 64376 135 2123605 63993 0
1459947780916137 135 2160912 63324 131 2125378 60627 0
1459947780918135 136 2166170 63223 133 2129572 59757 0
1459947780919970 132 2165897 58533 129 2128319 56242 0
1459947780921948 134 2168206 56088 132 2131004 54323 0
1459947780923587 128 2162654 56823 128 2128359 52517 0
1459947780925430 129 2158816 55920 129 2127200 49481 0
1459947780927267 130 2156558 53632 128 2124852 47779 0
1459947780929191 137 2163436 55783 134 2130367 49131 0
1459947780931102 133 2164657 52550 130 2130332 45324 0
1459947780933022 134 2167063 50662 131 2131579 42933 0
1459947780934870 134 2169281 48748 130 2131449 39697 0
1459947780936816 136 2173885 49184 134 2136449 41204 0
1459947780938526 127 2166610 52047 126 2130818 43174 0
1459947780940403 134 2168863 50057 131 2132027 40916 0
1459947780942317 132 2168380 46590 130 2131862 37870 0
1459947780944070 128 2162815 48079 128 2129150 37410 0
1459947780946061 134 2165365 46672 132 2131770 36902 0
1459947780948098 134 2167715 45192 132 2134185 36245 0
1459947780949834 132 2167322 42023 131 2135131 34285 0
1459947780951622 131 2165679 40252 129 2133443 33161 0
1459947780953564 127 2159045 43222 127 2129327 34363 0
1459947780955426 130 2156769 41942 128 2126813 33995 0
1459947780957278 131 2155951 39418 128 2124495 33475 0
1459947780959057 133 2157757 38003 131 2126198 32429 0
1459947780960702 129 2154302 38218 127 2122648 33166 0
1459947780962554 130 2152397 36988 129 2121936 31230 0
1459947780964629 137 2159600 40739 136 2130239 36445 0
1459947780966651 135 2163681 41318 132 2132774 35934 0
1459947780968774 139 2172563 46278 136 2140231 40000 0
1459947780970646 134 2174351 44310 132 2141985 38492 0
1459947780972491 131 2172159 42867 130 2141042 36352 0
1459947780974359 130 2168859 42560 126 2135053 39033 0
1459947780976479 137 2174776 44690 135 2141051 41513 0
1459947780978496 132 2173831 42068 131 2141461 38647 0
1459947780980509 134 2175520 40338 132 2143119 37155 0
1459947780982493 133 2175797 37441 131 2143367 34481 0
1459947780984444 133 2176052 34750 131 2143596 31998 0
1459947780986757 140 2176052 34750 139 2143596 31998 1
1459947780988738 134 2177567 33432 133 2146367 32053 0
1459947780990686 132 2176404 31891 129 2143802 31912 0
1459947780992796 137 2181732 34311 136 2150397 35498 0
1459947780994734 130 2177684 35361 132 2151357 33609 0
1459947780996757 137 2182912 37418 134 2154802 34159 0
1459947780998702 135 2185172 36577 133 2156698 33237 0
1459947781000524 131 2182135 36518 130 2154605 32568 0
1459947781002406 132 2180615 35065 131 2153956 30620 0
1459947781004466 137 2185614 36933 135 2158478 32395 0
1459947781006533 136 2188942 37115 134 2161366 32527 0
1459947781008424 133 2188170 34925 130 2158909 32249 0
1459947781010324 136 2191299 35080 132 2159204 30001 0
1459947781011933 130 2186503 36759 130 2156916 29766 0
1459947781013782 132 2184642 35602 129 2153526 30564 0
1459947781015650 134 2185486 33598 130 2151681 29876 0
1459947781017224 128 2185486 33598 122 2151681 29876 1
1459947781019142 132 2183704 32614 131 2151260 27928 0
1459947781021052 134 2184622 30912 131 2150872 26102 0
1459947781022701 125 2184622 30912 125 2150872 26102 1
1459947781024895 140 2184622 30912 138 2150872 26102 1
1459947781026862 137 2189308 32817 134 2154355 27273 0
1459947781028740 135 2191068 31875 134 2157566 28102 0
1459947781030498 132 2188850 31427 131 2156686 26717 0
1459947781032403 135 2190646 30626 132 2157154 25061 0
1459947781034109 130 2185901 32606 127 2151186 28604 0
1459947781036052 136 2189207 33106 133 2153364 28377 0
1459947781037918 132 2187135 32428 130 2151532 27848 0
1459947781039764 131 2183945 32834 130 2149843 27228 0
1459947781041889 137 2188684 34637 136 2155966 30745 0
1459947781043920 136 2191773 34777 135 2160331 32367 0
1459947781046166 137 2195900 35865 136 2165635 34727 0
1459947781048134 132 2193305 35454 130 2162844 34585 0
1459947781050035 132 2190913 34889 130 2160271 34254 0
1459947781051886 136 2193827 34850 134 2163019 34111 0
1459947781053836 134 2193954 32244 134 2165553 33782 0
1459947781055686 131 2190231 33155 129 2161489 34888 0
1459947781057686 133 2189359 31367 131 2160302 33255 0
1459947781059457 133 2188555 29656 130 2157928 32844 0
1459947781061430 140 2188555 29656 140 2157928 32844 1
1459947781063332 136 2191654 30196 132 2158299 30620 0
1459947781065088 135 2193231 29289 134 2161201 30903 0
1459947781066885 134 2193404 27160 129 2157477 31920 0
1459947781068719 134 2193564 25185 129 2154044 32590 0
1459947781070696 135 2194991 24533 131 2153439 30600 0
1459947781072671 136 2197587 25009 134 2156721 31235 0
1459947781074538 133 2196140 24388 131 2155907 29544 0
1459947781076518 135 2197366 23612 133 2157716 28903 0
1459947781078397 135 2198496 22809 134 2160664 29362 0
1459947781080541 138 2203378 25528 134 2163382 29573 0
1459947781082644 138 2207879 27682 136 2168447 31932 0
1459947781084455 132 2204348 28773 131 2166717 31031 0
1459947781086176 134 2203653 27165 131 2165122 30076 0
1459947781088061 137 2206852 27991 134 2167491 29910 0
1459947781089817 128 2206852 27991 126 2167491 29910 1
1459947781091619 132 2203401 28984 129 2163275 31458 0
1459947781093522 132 2200220 29651 130 2160669 31402 0
1459947781095429 133 2198567 28857 131 2159546 29982 0
1459947781097502 138 2203443 31098 135 2163631 31405 0
1459947781099633 137 2206659 31632 135 2167397 32423 0
1459947781101829 139 2212183 34253 136 2172149 34269 0
1459947781103617 128 2203196 39860 127 2165009 38172 0
1459947781105260 124 2203196 39860 122 2165009 38172 1
1459947781107077 128 2203196 39860 124 2165009 38172 1
1459947781108830 133 2201311 38482 132 2164827 35356 0
1459947781110385 128 2193173 42976 126 2156979 39826 0
1459947781112125 131 2189511 42993 129 2153585 39842 0
1459947781114049 133 2188695 40385 131 2153016 37253 0
1459947781115906 131 2185383 40282 128 2148651 38365 0
1459947781118109 139 2192569 43759 138 2157427 43458 0
1459947781119983 133 2191514 41312 132 2157838 40440 0
1459947781121883 131 2187981 41340 130 2155656 39290 0
1459947781123617 131 2184724 41111 129 2152365 39253 0
1459947781125360 130 2180442 41846 128 2148051 40162 0
1459947781127255 135 2182894 40837 130 2146634 38329 0
1459947781129179 136 2186435 40910 132 2147888 36490 0
1459947781131234 135 2188419 39542 130 2146484 34933 0
1459947781133308 133 2187688 37125 131 2146469 32215 0
1459947781135076 129 2181894 39564 127 2141336 34429 0
1459947781136878 133 2181673 36676 131 2141724 32096 0
1459947781138746 134 2182749 34802 132 2143361 31097 0
1459947781140583 128 2176061 38247 127 2138470 33174 0
1459947781142393 132 2175016 36221 129 2136522 32377 0
1459947781144224 134 2176612 34863 131 2137286 30551 0
1459947781146074 133 2176804 32316 131 2137990 28813 0
1459947781147900 131 2174421 31987 130 2137359 27142 0
1459947781149795 134 2176064 31003 133 2140617 28025 0
1459947781151737 136 2180139 32336 131 2141061 26244 0
1459947781153537 132 2178775 31065 131 2141470 24570 0
1459947781155232 124 2178775 31065 124 2141470 24570 1
1459947781157224 135 2181358 31019 131 2141847 22998 0
1459947781158952 131 2178619 31119 129 2139635 23239 0
1459947781160710 128 2172254 34554 126 2133756 26842 0
1459947781162441 132 2171506 32542 128 2130896 27380 0
1459947781164109 130 2168257 32994 129 2129539 26490 0
1459947781165807 131 2166541 31997 129 2128288 25572 0
1459947781167624 134 2168799 31579 132 2130975 26051 0
1459947781169567 132 2168321 29551 130 2130892 24090 0
1459947781171554 132 2167880 27647 130 2130816 22277 0
1459947781173342 129 2163634 29400 126 2125626 25320 0
1459947781175227 132 2163560 27171 131 2127241 24830 0
1459947781177154 133 2164771 26165 130 2127450 23082 0
1459947781178825 130 2162048 26630 126 2122522 25820 0
1459947781180541 129 2158258 28042 128 2120539 25629 0
1459947781182279 128 2153484 30251 127 2117431 26490 0
1459947781184105 134 2156763 30909 132 2120966 27679 0
1459947781186105 137 2163625 34820 135 2128065 32060 0
1459947781188008 133 2164831 33211 131 2129489 30868 0
1459947781189895 132 2164663 30770 129 2128242 29604 0
1459947781191752 135 2168348 31763 132 2130933 29771 0
1459947781193357 129 2164065 33228 127 2127013 31057 0
1459947781195026 128 2158837 35451 125 2120840 34320 0
1459947781196832 131 2157857 33583 129 2120269 32164 0
1459947781198353 126 2150554 37691 124 2113342 36035 0
1459947781200062 127 2145101 39772 125 2108237 37925 0
1459947781201586 123 2145101 39772 119 2108237 37925 1
1459947781203379 133 2147754 39110 130 2109930 36523 0
1459947781205496 132 2148920 37129 130 2111491 35108 0
1459947781207380 130 2147435 35596 127 2109090 34577 0
1459947781209315 129 2144786 35256 128 2108157 32734 0
1459947781211145 128 2141064 35931 128 2107297 30968 0
1459947781213113 133 2144033 35860 132 2111624 32537 0
1459947781215351 140 2144033 35860 136 2111624 32537 1
1459947781217178 130 2142930 34074 127 2109213 32217 0
1459947781219031 129 2140633 33527 128 2108270 30568 0
1459947781220820 131 2141076 31315 127 2106121 30159 0
1459947781222842 136 2147884 35144 134 2113100 34236 0
1459947781224610 130 2146480 33691 129 2113134 31592 0
1459947781226383 130 2145186 32250 129 2113165 29151 0
1459947781227983 129 2142713 32009 126 2109353 30386 0
1459947781229862 134 2146833 33306 131 2112239 30673 0
1459947781231857 135 2151911 35384 132 2116180 31909 0
1459947781233951 137 2159152 39295 135 2123653 36305 0
1459947781235819 135 2163268 40019 131 2125422 35099 0
1459947781238040 137 2169622 42750 134 2130893 37399 0
1459947781240174 135 2172920 42450 130 2130816 34547 0
1459947781242075 134 2174680 40756 134 2135866 36503 0
1459947781244012 132 2173743 38434 129 2134121 35259 0
1459947781245751 130 2170319 38587 127 2129952 36346 0
1459947781247678 133 2171002 36202 129 2128669 34688 0
1459947781249741 137 2176752 38674 136 2136446 39148 0
1459947781251873 142 2176752 38674 138 2136446 39148 1
1459947781253731 134 2178213 36999 133 2139776 39159 0
1459947781255593 135 2180840 36529 132 2141566 37749 0
1459947781257733 139 2188381 40627 136 2148336 41040 0
1459947781259576 130 2183813 41663 126 2141777 43879 0
1459947781261371 132 2182162 39929 130 2140850 41303 0
1459947781263011 129 2176800 41751 128 2137436 41223 0
1459947781264667 129 2171857 43045 127 2133008 42083 0
1459947781266471 134 2173700 41381 133 2136606 42112 0
1459947781268316 133 2174119 38534 132 2138643 40700 0
1459947781270556 142 2174119 38534 138 2138643 40700 1
1459947781272436 135 2177065 38239 132 2140521 39251 0
1459947781274206 130 2173381 38646 127 2135852 40487 0
1459947781276125 132 2172545 36396 130 2135388 37750 0
1459947781277845 128 2166654 38981 126 2129840 39913 0
1459947781279725 135 2170184 39189 132 2132406 39159 0
1459947781281603 135 2173438 39127 133 2136051 39460 0
1459947781283496 132 2172598 36844 129 2134292 37998 0
1459947781285387 134 2174383 35611 133 2137790 38254 0
1459947781287420 135 2177309 35525 132 2139735 37058 0
1459947781289563 139 2185126 39956 136 2146648 40535 0
1459947781291531 136 2188493 39937 134 2150461 40883 0
1459947781293773 138 2194156 42037 136 2156536 43289 0
1459947781295647 133 2192977 39838 130 2154456 41823 0
1459947781297670 136 2195730 39263 134 2157659 41507 0
1459947781299693 139 2202108 42075 135 2161891 42166 0
1459947781301655 138 2206708 43027 136 2167073 43648 0
1459947781303355 129 2199428 46375 127 2160330 46453 0
1459947781305065 130 2193997 47757 129 2156674 46193 0
1459947781306945 133 2192830 45099 131 2155863 43330 0
1459947781308972 141 2201995 50024 140 2166636 49875 0
1459947781310891 134 2201484 46585 131 2165047 47442 0
1459947781312850 135 2202293 43690 133 2166142 44745 0
1459947781314647 133 2200478 41948 132 2165872 41497 0
1459947781316519 134 2200085 39031 133 2166903 39205 0
1459947781318543 137 2203563 39187 135 2170413 39378 0
1459947781320588 137 2206769 39081 135 2173649 39284 0
1459947781322567 135 2207165 36392 133 2174072 36604 0
1459947781324778 141 2215210 40964 139 2182142 41184 0
1459947781326769 138 2218786 41060 136 2185742 41284 0
1459947781328663 134 2216963 39532 132 2183940 39718 0
1459947781330498 132 2212722 40351 130 2179719 40505 0
1459947781332362 133 2210093 39621 130 2175828 40926 0
1459947781334259 130 2203829 42299 128 2169681 43394 0
1459947781335958 126 2192934 49036 124 2158894 49946 0
1459947781338006 134 2193131 45386 132 2159190 46316 0
1459947781339927 135 2194592 43187 133 2160743 44128 0
1459947781342139 135 2195939 41055 132 2160894 40820 0
1459947781344445 143 2195939 41055 141 2160894 40820 1
1459947781346361 136 2198461 40172 136 2166154 42479 0
1459947781348014 127 2189266 45509 125 2156923 47669 0
1459947781349941 135 2191029 43578 134 2159933 46719 0
1459947781351784 136 2193934 42851 134 2162708 45627 0
1459947781353461 130 2188932 44113 129 2158866 45603 0
1459947781355289 134 2189441 41135 131 2157884 42944 0
1459947781357352 135 2191190 39534 133 2159539 41115 0
1459947781359189 132 2188963 38497 131 2158505 38855 0
1459947781361068 127 2180510 43281 126 2151151 42597 0
1459947781362594 124 2180510 43281 122 2151151 42597 1
1459947781364467 132 2179117 41182 131 2150772 39618 0
1459947781366350 137 2184233 42680 133 2152982 38560 0
1459947781367924 123 2184233 42680 121 2152982 38560 1
1459947781369615 125 2184233 42680 122 2152982 38560 1
1459947781371153 121 2184233 42680 119 2152982 38560 1
1459947781372709 128 2177429 45616 125 2144780 43107 0
1459947781374432 128 2171157 47833 126 2138499 45529 0
1459947781376251 130 2167935 47065 129 2136548 43769 0
1459947781378090 132 2167525 43765 130 2136030 40826 0
1459947781379911 132 2167147 40693 130 2135552 38076 0
1459947781381971 136 2171918 41911 135 2141512 40595 0
1459947781384137 142 2171918 41911 141 2141512 40595 1
1459947781386007 131 2169916 40480 129 2139326 39437 0
1459947781387853 128 2164231 42557 126 2133471 41752 0
1459947781389642 133 2165390 40300 130 2133193 38745 0
1459947781391052 122 2165390 40300 121 2133193 38745 1
1459947781392604 128 2160058 42065 126 2127817 40673 0
1459947781394634 137 2166663 44867 132 2130541 40006 0
1459947781396605 137 2172752 46974 133 2134332 40375 0
1459947781398689 136 2177085 47299 133 2137827 40442 0
1459947781400711 135 2179800 46106 135 2143609 42612 0
1459947781402894 141 2189983 51890 138 2152779 47736 0
1459947781404888 136 2192970 50590 134 2156113 47079 0
1459947781406724 134 2193164 46816 131 2155346 44106 0
1459947781408648 131 2189503 46532 129 2152079 43671 0
1459947781410634 134 2189968 43324 133 2154187 42203 0
1459947781412471 130 2185276 44263 129 2151011 41832 0
1459947781414249 130 2180951 44790 127 2145523 43621 0
1459947781416074 129 2175684 46145 127 2140464 44876 0
1459947781417881 128 2169548 48194 128 2137080 44489 0
1459947781419623 130 2166452 47282 126 2131400 46248 0
1459947781421209 129 2162317 47399 127 2127444 46280 0
1459947781422913 133 2163625 44901 130 2127637 42842 0
1459947781424639 131 2162271 42640 129 2126535 40509 0
1459947781426139 124 2162271 42640 116 2126535 40509 1
1459947781427496 123 2162271 42640 114 2126535 40509 1
1459947781428945 125 2162271 42640 117 2126535 40509 1
1459947781430446 125 2162271 42640 116 2126535 40509 1
1459947781431934 125 2162271 42640 115 2126535 40509 1
1459947781433491 127 2162271 42640 116 2126535 40509 1
1459947781434924 123 2162271 42640 112 2126535 40509 1
1459947781436365 123 2162271 42640 114 2126535 40509 1
1459947781438082 129 2158463 42817 122 2116559 46540 0
1459947781439493 124 2158463 42817 115 2116559 46540 1
1459947781441115 127 2158463 42817 117 2116559 46540 1
1459947781442736 124 2158463 42817 116 2116559 46540 1
1459947781444245 124 2158463 42817 114 2116559 46540 1
1459947781445608 121 2158463 42817 113 2116559 46540 1
1459947781447031 124 2158463 42817 113 2116559 46540 1
1459947781448535 124 2158463 42817 115 2116559 46540 1
1459947781449963 124 2158463 42817 115 2116559 46540 1
1459947781451367 122 2158463 42817 112 2116559 46540 1
1459947781452809 124 2158463 42817 115 2116559 46540 1
1459947781454558 128 2158463 42817 119 2116559 46540 1
1459947781456296 130 2156233 41526 121 2106082 52561 0
1459947781457873 128 2151617 42536 119 2093864 59717 0
1459947781459413 129 2148641 41954 120 2083880 64254 0
1459947781460869 123 2138218 48284 115 2068276 73618 0
1459947781462113 119 2138218 48284 110 2068276 73618 1
1459947781463531 121 2126049 55728 112 2050051 84666 0
1459947781465026 122 2116111 60535 112 2033250 93538 0
1459947781466360 124 2109509 61890 115 2021602 96967 0
1459947781467690 125 2104703 61483 117 2013424 96929 0
1459947781469327 126 2101553 59582 120 2009725 92765 0
1459947781470665 125 2097369 58783 119 2005035 89840 0
1459947781472184 130 2099912 56534 124 2007111 84735 0
1459947781473458 123 2093296 58215 117 2000065 84610 0
1459947781474982 127 2092317 54568 122 1999969 78086 0
1459947781476731 133 2099094 56552 128 2007561 78984 0
1459947781478332 132 2104062 56713 125 2010720 75725 0
1459947781479976 125 2099682 56319 118 2004672 75383 0
1459947781481576 128 2099484 52101 123 2005497 70253 0
1459947781482961 125 2095461 51737 119 2001137 68782 0
1459947781484625 128 2095593 47816 121 1999678 64752 0
1459947781485948 121 2086754 52227 116 1991933 66832 0
1459947781487499 124 2082446 52117 120 1989913 63471 0
1459947781489084 126 2081034 49345 123 1991891 60335 0
1459947781490521 124 2077173 49048 117 1986034 61019 0
1459947781492040 127 2077453 45474 121 1985755 56508 0
1459947781493089 105 2077453 45474 101 1985755 56508 1
1459947781494687 129 2080271 44519 124 1989337 55396 0
1459947781496608 137 2080271 44519 131 1989337 55396 1
1459947781498124 129 2082869 43435 123 1991360 52933 0
1459947781499686 127 2082704 40192 123 1993225 50516 0
1459947781501168 126 2081272 38371 120 1991104 48524 0
1459947781502711 131 2086352 40056 125 1995549 48830 0
1459947781504216 123 2080795 42048 117 1989406 50677 0
1459947781505619 124 2076952 42304 117 1983743 51936 0
1459947781507098 126 2075970 39904 121 1983643 47970 0
1459947781508509 122 2069944 42340 117 1978430 49026 0
1459947781509905 126 2069509 39432 121 1978745 45485 0
1459947781511271 126 2069108 36720 121 1979035 42198 0
1459947781512808 125 2067458 35371 118 1975462 42193 0
1459947781514536 133 2076177 40645 127 1983689 46480 0
1459947781516185 133 2084215 44879 126 1989993 48659 0
1459947781517657 127 2083945 41620 120 1988124 46579 0
1459947781519178 128 2084976 39319 122 1988961 43712 0
1459947781520757 127 2084647 36550 120 1987173 41944 0
1459947781522252 126 2083063 35153 120 1985525 40186 0
1459947781523674 124 2079043 36111 119 1982725 39626 0
1459947781525204 126 2077897 34344 123 1985264 38871 0
1459947781526749 128 2079401 33046 122 1986325 36812 0
1459947781528064 120 2079401 33046 112 1986325 36812 1
1459947781529423 120 2070547 38625 114 1977063 42474 0
1459947781530631 120 2062385 43130 113 1967244 48205 0
1459947781532100 126 2062541 39903 121 1968433 45534 0
1459947781533407 123 2058844 40192 119 1966969 43325 0
1459947781535072 130 2064396 42171 124 1972019 44596 0
1459947781536436 126 2064395 38876 121 1972835 41863 0
1459947781537835 123 2060554 39378 117 1968467 42618 0
1459947781539186 121 2054453 41925 117 1964440 42999 0
1459947781540674 123 2051388 41473 118 1962008 41880 0
1459947781542165 123 2048563 40835 117 1958486 41854 0
1459947781543920 128 2052359 41143 121 1960359 40310 0
1459947781545456 127 2054578 39974 121 1962085 38752 0
1459947781546819 115 2054578 39974 109 1962085 38752 1
1459947781548329 126 2055344 37557 122 1964957 38371 0
1459947781549705 123 2052210 37510 119 1963764 36472 0
1459947781551118 124 2050601 36062 121 1965224 34968 0
1459947781552524 122 2046557 36971 116 1960170 36894 0
1459947781553950 126 2047949 35365 121 1961911 35616 0
1459947781555308 124 2046672 33778 119 1960956 33712 0
1459947781556523 118 2037815 39303 114 1953676 37788 0
1459947781557725 119 2030930 42578 116 1949525 38661 0
1459947781559226 126 2033543 41660 120 1950818 36832 0
1459947781560533 123 2032112 39723 118 1949450 35214 0
1459947781561989 126 2034633 38943 120 1950749 33659 0
1459947781563425 126 2036957 38042 120 1951946 32133 0
1459947781564776 119 2030139 41353 113 1944090 36864 0
1459947781566287 125 2031534 39408 119 1944527 34387 0
1459947781567838 127 2035380 39874 122 1948770 35612 0
1459947781569147 122 2032525 39389 116 1945002 36302 0
1459947781570739 126 2035013 38605 121 1947928 36163 0
1459947781572310 126 2037307 37703 121 1950626 35824 0
1459947781573809 125 2038142 35527 121 1953113 35318 0
1459947781575288 123 2036352 34401 119 1952846 32804 0
1459947781576763 124 2035982 32054 121 1955159 32374 0
1459947781578198 126 2038200 31594 121 1957292 31810 0
1459947781579708 128 2042805 33370 123 1961818 33496 0
1459947781581308 126 2044490 32316 121 1963430 32366 0
1459947781582986 129 2049884 34763 126 1971317 37107 0
1459947781584677 129 2054856 36631 125 1977307 39730 0
1459947781586137 124 2053040 35442 121 1977709 36997 0
1459947781587486 125 2052646 33035 120 1976800 34943 0
1459947781589081 126 2053563 31299 120 1975962 32985 0
1459947781590776 127 2055688 30812 122 1977749 32056 0
1459947781592178 128 2058927 31390 123 1980677 32250 0
1459947781593540 125 2058073 29723 120 1979536 30781 0
1459947781594841 124 2056006 29305 117 1974644 32885 0
1459947781596029 117 2056006 29305 113 1974644 32885 1
1459947781597357 123 2052820 29951 119 1972694 32111 0
1459947781599108 132 2052820 29951 124 1972694 32111 1
1459947781600688 126 2053723 28443 120 1972177 30078 0
1459947781602300 127 2055835 28167 122 1974260 29648 0
1459947781603861 130 2061622 31301 125 1980020 32641 0
1459947781605501 128 2064397 31413 123 1982770 32626 0
1459947781606987 127 2065675 30137 121 1982746 30099 0
1459947781608730 131 2071974 33589 125 1987843 32446 0
1459947781610266 128 2073941 32777 124 1991262 33063 0
1459947781611806 126 2073194 30904 119 1988014 33472 0
1459947781613288 128 2075065 30214 123 1990140 32817 0
1459947781614519 120 2066550 35702 117 1984420 35525 0
1459947781615805 121 2059980 38967 117 1979147 37609 0
1459947781617418 129 2064164 39779 123 1981966 37268 0
1459947781618969 124 2061621 39015 121 1982004 34391 0
1459947781620547 124 2059276 38126 119 1979479 34030 0
1459947781621926 120 2051995 41859 116 1973312 37056 0
1459947781623151 120 2045282 44775 114 1965067 41761 0
1459947781624617 125 2045494 41471 120 1965146 38570 0
1459947781626298 129 2050809 43131 124 1970338 40343 0
1459947781627973 130 2056989 45458 125 1976405 42784 0
1459947781629513 129 2061406 45978 124 1980718 43417 0
1459947781631188 129 2065478 46139 124 1984694 43690 0
1459947781632612 125 2064112 43792 120 1983239 41616 0
1459947781634139 126 2064133 40389 121 1983178 38419 0
1459947781635742 129 2067992 40791 123 1985682 37725 0
1459947781637245 127 2068990 38524 121 1985430 35008 0
1459947781638808 128 2071190 37542 122 1986478 33239 0
1459947781640462 130 2075778 38838 123 1988724 32712 0
1459947781642031 123 2071047 40163 116 1981834 36506 0
1459947781643348 121 2064126 43404 117 1976763 38327 0
1459947781644774 123 2060306 43534 118 1973368 38461 0
1459947781646045 119 2051664 48098 113 1963838 44240 0
1459947781647527 126 2052657 45256 121 1965293 42124 0
1459947781649142 130 2058693 47284 124 1970474 43609 0
1459947781650603 123 2055297 46719 118 1967570 42878 0
1459947781651897 121 2049606 48314 115 1961053 45535 0
1459947781653278 121 2044360 49374 116 1956325 46334 0
1459947781654378 117 2034404 54693 112 1946847 51451 0
1459947781655798 125 2035466 51399 118 1945789 48405 0
1459947781657095 122 2032605 50020 117 1943534 46701 0
1459947781658736 126 2035087 48400 121 1946575 45855 0
1459947781660172 126 2037375 46728 120 1948098 43676 0
1459947781661847 131 2045885 50922 127 1958462 49818 0
1459947781663523 130 2052450 52995 125 1965457 52373 0
1459947781664777 125 2052102 49174 119 1964225 49416 0
1459947781666289 125 2051781 45627 119 1963089 46601 0
1459947781667820 128 2055325 45329 123 1967162 46715 0
1459947781669324 124 2053472 43494 119 1965797 44322 0
1459947781670711 124 2051764 41670 119 1964539 42018 0
1459947781672250 127 2054029 40502 122 1967219 41206 0
1459947781673683 124 2052277 38951 117 1963290 41608 0
1459947781675208 126 2053222 36779 119 1962227 39335 0
1459947781676705 127 2055374 35888 119 1961248 37163 0
1459947781678263 129 2059917 37272 123 1965465 38147 0
1459947781679731 121 2053865 39938 115 1959113 41021 0
1459947781681137 126 2054686 37574 119 1958377 38494 0
1459947781682797 127 2056723 36516 117 1955138 38471 0
1459947781684404 127 2058601 35394 116 1950872 39396 0
1459947781685748 128 2061612 35404 115 1945660 41122 0
1459947781687188 132 2069508 39917 118 1944695 38798 0
1459947781688626 128 2071667 38789 116 1941245 38945 0
1459947781690069 132 2078778 42313 117 1939345 37653 0
1459947781691583 135 2089173 48590 121 1942713 37816 0
1459947781693214 136 2100036 54807 123 1948378 40083 0
1459947781694833 138 2112610 62117 123 1953600 41766 0
1459947781696196 130 2113962 58510 115 1948175 43504 0
1459947781697648 128 2112648 55148 112 1939333 48255 0
1459947781698855 129 2112717 50902 112 1931182 51998 0
1459947781700459 135 2120460 54064 120 1933908 50448 0
1459947781701892 131 2122479 51701 113 1927461 52448 0
1459947781703457 136 2130740 55276 120 1930478 51131 0
1459947781704938 132 2133235 53258 116 1928139 49291 0
1459947781706220 127 2129136 52875 112 1920863 52147 0
1459947781707705 134 2134317 53520 115 1917995 50716 0
1459947781709378 140 2146773 60821 126 1929431 57296 0
1459947781710871 134 2150576 59575 120 1932294 55458 0
1459947781712257 134 2154082 58152 118 1932373 51198 0
1459947781713603 130 2152194 55348 111 1923486 55390 0
1459947781715282 137 2159413 57678 120 1926813 54129 0
1459947781716925 136 2164788 58126 119 1928600 51548 0
1459947781718565 138 2172303 60512 121 1932808 51399 0
1459947781720092 137 2177951 60991 120 1935407 49779 0
1459947781721608 134 2179318 57486 114 1930123 50760 0
1459947781723049 135 2181858 55336 116 1927812 48924 0
1459947781724654 137 2186760 55531 118 1928241 45497 0
1459947781726232 137 2191279 55358 118 1928637 42307 0
1459947781727877 136 2194165 53693 118 1929002 39337 0
1459947781729273 131 2190425 52944 116 1926778 38312 0
1459947781730626 134 2190818 49169 117 1926008 36027 0
1459947781731912 129 2184780 50892 113 1920178 38585 0
1459947781733399 133 2184334 47327 116 1918644 36984 0
1459947781734864 137 2189042 47970 116 1917229 35397 0
1459947781736302 133 2188263 44940 116 1915925 33832 0
1459947781737803 134 2188824 41947 116 1914723 32295 0
1459947781739494 142 2199582 48586 124 1923855 38189 0
1459947781741110 137 2203099 48032 120 1927153 38246 0
1459947781742570 136 2205061 46088 117 1926354 35994 0
1459947781744055 133 2203030 44358 117 1925617 33859 0
1459947781745431 136 2204998 42706 115 1922378 34198 0
1459947781747067 140 2211932 45761 121 1927072 35853 0
1459947781748382 129 2204244 49271 113 1921159 38501 0
1459947781749705 132 2200997 48413 114 1916988 39337 0
1459947781751143 135 2201844 45410 115 1914423 38627 0
1459947781752620 135 2202624 42582 116 1913338 36608 0
1459947781754256 139 2208464 44638 119 1916178 36366 0
1459947781755828 138 2212567 44933 123 1923916 40658 0
1459947781757246 137 2215070 43729 116 1922090 39164 0
1459947781758735 139 2219937 44799 121 1926806 40452 0
1459947781760195 137 2221864 43075 118 1927314 37759 0
1459947781761826 140 2227480 44887 122 1932902 39961 0
1459947781763555 141 2233938 47333 121 1936774 40408 0
1459947781765147 137 2234771 44403 118 1936503 37500 0
1459947781766578 132 2229139 46125 113 1929853 40699 0
1459947781768062 138 2231627 44815 117 1928843 38449 0
1459947781769554 133 2227521 45098 114 1924072 39843 0
1459947781771132 133 2223735 45063 115 1920953 39604 0
1459947781772473 132 2218965 45938 111 1912958 43878 0
1459947781773806 133 2215848 45222 116 1911988 41344 0
1459947781775549 141 2223214 48480 123 1920053 45549 0
1459947781777096 139 2227445 48592 116 1918528 43395 0
1459947781778633 136 2227505 44851 116 1917123 41299 0
1459947781780132 137 2228841 42578 117 1917107 38085 0
1459947781781820 139 2232632 42746 122 1923493 40996 0
1459947781783587 142 2239967 46168 120 1926820 40860 0
1459947781785115 135 2237769 44586 115 1923487 40739 0
1459947781786433 129 2237769 44586 108 1923487 40739 1
1459947781787631 127 2225503 52409 110 1914014 46288 0
1459947781789155 135 2224435 49297 118 1915521 44060 0
1459947781790708 136 2224731 45717 116 1914350 41695 0
1459947781792454 141 2231403 48296 121 1919671 43342 0
1459947781793957 134 2228594 47110 118 1920736 40937 0
1459947781828510 138 2231125 45762 116 1919158 39192 0
1459947781829919 136 2230898 42394 114 1915143 39830 0
1459947781831239 133 2226849 42813 111 1907602 43669 0
1459947781832732 140 2232076 44287 118 1909610 42108 0
1459947781834346 135 2230495 42284 115 1907621 40650 0
1459947781835754 135 2229037 40323 115 1905788 39163 0
1459947781837495 138 2231533 39473 115 1904098 37660 0
1459947781838953 137 2232554 37330 114 1901260 37332 0
1459947781840413 136 2232215 34724 116 1901204 34466 0
1459947781842031 137 2233183 32903 118 1903712 34085 0
1459947781843729 140 2237915 34694 118 1906024 33553 0
1459947781845319 139 2240997 34825 118 1908155 32896 0
1459947781847036 140 2245119 35904 119 1911400 33317 0
1459947781848656 139 2247639 35422 119 1914391 33472 0
1459947781850254 142 2253802 38335 119 1917149 33399 0
1459947781851896 141 2258203 39397 116 1915851 31984 0
1459947781853529 138 2258420 36519 115 1913375 31767 0
1459947781855291 139 2259900 35030 117 1913652 29540 0
1459947781857086 146 2259900 35030 122 1913652 29540 1
1459947781858616 140 2262545 34731 117 1913907 27468 0
1459947781859959 134 2262545 34731 111 1913907 27468 1
1459947781861604 137 2261143 33308 119 1916703 27899 0
1459947781863245 137 2259851 31895 117 1916720 25735 0
1459947781864756 138 2259940 29485 116 1915456 24889 0
1459947781866368 140 2262582 29616 118 1916851 24230 0
1459947781867793 134 2262582 29616 111 1916851 24230 1
1459947781869349 136 2259897 29776 114 1913017 25871 0
1459947781870902 138 2259982 27527 116 1912042 24747 0
1459947781872243 135 2256220 28843 112 1906023 28361 0
1459947781873933 141 2260432 30472 119 1909434 29290 0
1459947781875621 141 2264315 31671 118 1911299 28720 0
1459947781877061 137 2262775 30615 114 1907898 29610 0
1459947781878668 143 2269035 33994 120 1912443 31486 0
1459947781880059 135 2264566 35457 113 1907673 33422 0
1459947781881087 116 2264566 35457 94 1907673 33422 1
1459947781882489 137 2263006 34123 116 1907116 31323 0
1459947781884150 142 2267968 36032 120 1911722 33121 0
1459947781885832 142 2272543 37434 120 1915968 34448 0
1459947781887348 137 2270360 36520 115 1913483 34046 0
1459947781888728 134 2264508 39060 112 1907352 37037 0
1459947781890356 138 2264233 36261 116 1906820 34633 0
1459947781891996 141 2267819 36734 119 1910169 35015 0
1459947781893783 146 2267819 36734 122 1910169 35015 1
1459947781895234 138 2267285 34355 118 1911977 33945 0
1459947781896496 130 2256553 41564 111 1904683 38016 0
1459947781898033 138 2256899 38635 116 1904359 35344 0
1459947781899751 139 2258498 37090 118 1906620 34667 0
1459947781901417 140 2261252 36731 118 1908705 33880 0
1459947781902785 138 2261231 33879 116 1908067 31820 0
1459947781904281 137 2259932 32429 117 1908759 29972 0
1459947781905924 139 2261294 31151 119 1911957 30578 0
1459947781907476 139 2262550 29875 118 1913625 29727 0
1459947781909042 143 2268828 33328 120 1917723 31181 0
1459947781910475 140 2270775 32519 115 1915100 31161 0
1459947781911912 134 2264890 35402 111 1907562 35674 0
1459947781913161 135 2260745 36456 114 1904453 35751 0
1459947781914546 134 2255644 38309 111 1897747 39138 0
1459947781916007 138 2256061 35701 116 1897965 36281 0
1459947781917587 139 2257726 34446 116 1898166 33631 0
1459947781918929 136 2255421 33878 112 1893231 35551 0
1459947781920317 137 2254576 32009 115 1892522 33426 0
1459947781922002 139 2256357 31150 116 1893148 31391 0
1459947781923562 141 2260559 32589 116 1893725 29470 0
1459947781925221 137 2259312 31190 117 1895537 28838 0
1459947781926697 136 2256883 30991 115 1894648 27404 0
1459947781928280 143 2263604 34764 119 1898948 29227 0
1459947781929798 138 2263399 32236 113 1895232 30368 0
1459947781931283 140 2265770 31903 118 1898207 30737 0
1459947781932723 135 2261556 33294 112 1893269 32886 0
1459947781934172 135 2257671 34272 113 1889997 33332 0
1459947781935670 136 2255370 33714 117 1892100 32666 0
1459947781937263 140 2258369 33844 117 1894039 31901 0
1459947781938832 142 2263693 36107 118 1897107 32236 0
1459947781939918 118 2263693 36107 94 1897107 32236 1
1459947781941308 139 2264761 34271 114 1894815 31829 0
1459947781942764 136 2261906 34224 115 1893982 30109 0
1459947781944298 142 2266954 36204 117 1895774 29408 0
1459947781945746 136 2263928 36164 112 1891026 31486 0
1459947781947367 137 2262418 34729 114 1889209 30700 0
1459947781948807 133 2255906 38017 110 1882414 34564 0
1459947781950245 134 2251183 39399 111 1877430 36457 0
1459947781951677 136 2249389 37973 115 1877955 34092 0
1459947781953137 135 2246455 37710 112 1874599 34521 0
1459947781954669 140 2250150 38170 115 1875345 32512 0
1459947781956116 138 2250997 35967 116 1877313 31786 0
1459947781957838 146 2250997 35967 122 1877313 31786 1
1459947781959473 141 2255617 37416 118 1881687 33335 0
1459947781960833 136 2253476 36464 114 1880600 31731 0
1459947781962011 133 2253476 36464 108 1880600 31731 1
1459947781963651 140 2256623 36516 117 1883438 31868 0
1459947781965091 140 2259524 36337 116 1884774 30610 0
1459947781966364 136 2257078 35752 113 1882166 30622 0
1459947781967810 139 2258663 34419 115 1882321 28372 0
1459947781969261 136 2256284 33922 113 1879904 28382 0
1459947781970416 129 2256284 33922 107 1879904 28382 1
1459947781971895 139 2257931 32790 114 1878956 27037 0
1459947781973520 142 2263290 35168 119 1884482 30018 0
1459947781975147 139 2264390 33434 116 1885736 28828 0
1459947781976682 139 2265404 31756 114 1884332 27868 0
1459947781978275 139 2266339 30137 116 1885598 26857 0
1459947781979834 136 2263361 30527 114 1884205 26041 0
1459947781981410 139 2264455 29151 116 1885481 25182 0
1459947781982876 133 2257784 33022 110 1878977 29209 0
1459947781984197 133 2251634 36110 110 1872981 32453 0
1459947781985566 130 2242125 42054 108 1864894 37371 0
1459947781987197 138 2243598 40126 116 1867679 37018 0
1459947781988944 142 2250076 42963 119 1874086 40032 0
1459947781990482 141 2254768 43932 118 1878713 41169 0
1459947781991726 134 2250134 44770 109 1871458 44639 0
1459947781993106 138 2250982 42054 110 1866050 46136 0
1459947781994500 137 2250484 39227 113 1864904 43586 0
1459947781995846 138 2251304 36918 112 1862568 42333 0
1459947781997380 141 2255900 38270 118 1868094 44120 0
1459947781998852 137 2255017 36093 114 1868069 40695 0
1459947782000468 142 2260603 38423 117 1871886 41033 0
1459947782001976 137 2259353 36572 114 1871564 38122 0
1459947782003333 137 2258201 34775 110 1866148 40135 0
1459947782004664 134 2253299 36576 112 1863715 39241 0
1459947782006301 143 2260300 40172 118 1869152 41187 0
1459947782007786 137 2259074 38163 113 1867764 39248 0
1459947782009329 140 2261783 37679 115 1869044 37361 0
1459947782010901 142 2266841 39398 121 1877904 42610 0
1459947782012304 138 2266384 36741 116 1879672 40911 0
1459947782013552 133 2259562 40158 110 1873622 43290 0
1459947782015200 142 2264793 41843 120 1880845 46565 0
1459947782016653 137 2263216 40027 112 1877263 46228 0
1459947782018171 138 2263042 37059 114 1876521 43299 0
1459947782019631 139 2264161 35195 117 1879677 42826 0
1459947782021182 142 2269033 36936 117 1882587 42162 0
1459947782022797 140 2270964 35830 116 1883989 40161 0
1459947782024058 136 2267624 36108 111 1878882 41730 0
1459947782025545 138 2267105 33764 114 1878014 39268 0
1459947782026740 129 2267105 33764 104 1878014 39268 1
1459947782028125 137 2265347 32746 114 1877214 36937 0
1459947782029583 139 2266286 31053 112 1873916 37090 0
1459947782030842 132 2258192 36087 110 1868316 39354 0
1459947782032158 135 2254570 36605 109 1861873 42217 0
1459947782033545 134 2249951 38002 111 1858494 42032 0
1459947782034941 137 2249533 35417 110 1854099 42799 0
1459947782036344 136 2247868 34184 113 1853887 39649 0
1459947782037861 138 2248893 32458 116 1857532 39911 0
1459947782039222 136 2247278 31410 111 1854492 39594 0
1459947782040834 137 2247069 29148 114 1855529 37456 0
1459947782042488 144 2247069 29148 120 1855529 37456 1
1459947782043922 138 2248156 27872 115 1857765 36591 0
1459947782045496 139 2250438 27798 113 1857267 34190 0
1459947782046814 135 2247422 28405 109 1851688 36661 0
1459947782048388 136 2245922 27567 113 1851664 33817 0
1459947782049898 141 2250939 30038 115 1854202 33515 0
1459947782051317 137 2250444 28146 112 1852702 32278 0
1459947782052819 139 2252548 27886 115 1855159 32021 0
1459947782054354 138 2253207 26315 114 1856144 30427 0
1459947782056007 143 2253207 26315 120 1856144 30427 1
1459947782057510 138 2253815 24819 115 1858332 30066 0
1459947782058956 140 2256935 25756 115 1860349 29577 0
1459947782060412 140 2259811 26395 114 1860929 27800 0
1459947782061882 139 2261183 25597 112 1858903 27494 0
1459947782063608 143 2267568 29483 117 1863436 29525 0
1459947782065299 143 2273454 32605 120 1871455 34610 0
1459947782066821 136 2269920 33314 114 1871167 32170 0
1459947782068247 140 2271782 32428 113 1869622 31080 0
1459947782069667 138 2270939 30671 113 1868197 29963 0
1459947782070923 136 2267601 31350 112 1865604 30012 0
1459947782072294 134 2261964 34095 109 1859373 33410 0
1459947782073859 140 2264448 33721 115 1861309 32584 0
1459947782075447 143 2270578 36737 116 1864374 32863 0
1459947782076963 141 2273669 36715 116 1867199 32900 0
1459947782078310 139 2273958 34113 114 1867244 30370 0
1459947782079769 143 2279345 36413 118 1872405 32755 0
1459947782081501 147 2279345 36413 122 1872405 32755 1
1459947782083073 143 2284311 38146 120 1879723 36942 0
1459947782084575 141 2286329 37025 118 1883909 37914 0
1459947782085986 139 2285629 34776 116 1885208 36149 0
1459947782087300 135 2279864 37373 110 1878726 39299 0
1459947782088577 134 2273269 40532 109 1871470 42916 0
1459947782090135 140 2274869 38840 115 1872461 40476 0
1459947782091389 135 2269944 40344 110 1866974 42370 0
1459947782092646 133 2262844 43736 109 1860636 44901 0
1459947782094156 139 2263979 41365 115 1862473 43087 0
1459947782095791 142 2268865 42637 120 1870567 47181 0
1459947782097351 142 2273369 43458 118 1875468 48013 0
1459947782098882 142 2277522 43890 116 1877427 46067 0
1459947782100389 141 2280070 42810 119 1883073 47672 0
1459947782102011 139 2279859 39658 118 1886997 47565 0
1459947782103210 136 2275825 40277 111 1881655 48772 0
1459947782104505 134 2269546 42918 110 1875450 50680 0
1459947782106038 136 2266317 42541 114 1874850 47272 0
1459947782107467 138 2265900 39600 112 1871737 46447 0
1459947782109201 143 2271916 42052 115 1872707 43712 0
1459947782110695 145 2280022 46239 118 1877441 44661 0
1459947782112109 139 2279815 42816 114 1876685 41867 0
1459947782113624 140 2280904 40475 118 1881108 42674 0
1459947782115141 138 2279348 38746 115 1881346 39559 0
1459947782116664 136 2275353 39399 113 1879005 38625 0
1459947782118282 138 2274231 37354 116 1880687 37158 0
1459947782119799 142 2278316 38201 118 1884798 38045 0
1459947782121235 140 2279522 36328 116 1886028 36206 0
1459947782122380 133 2279522 36328 105 1886028 36206 1
1459947782123663 135 2274234 38363 110 1879482 39411 0
1459947782124930 134 2268079 41038 110 1873447 41895 0
1459947782126269 136 2264965 40701 110 1867883 43749 0
1459947782127629 139 2265934 38414 113 1866594 41518 0
1459947782128939 132 2257867 42847 106 1856446 47628 0
1459947782130206 137 2256831 40453 113 1856051 44270 0
1459947782131549 136 2254596 39352 112 1854407 42326 0
1459947782132923 136 2252535 38176 112 1852891 40416 0
1459947782134403 140 2255755 38162 117 1857893 41870 0
1459947782135966 139 2257444 36737 117 1862505 42849 0
1459947782137518 141 2261561 37661 117 1866756 43420 0
1459947782138944 139 2262796 35857 114 1866835 40100 0
1459947782140466 139 2263935 34105 115 1868188 38214 0
1459947782141990 140 2266265 33588 115 1869435 36378 0
1459947782143571 141 2269693 34123 118 1874425 38135 0
1459947782144960 137 2267733 33263 112 1871345 37993 0
1459947782146574 141 2271046 33718 114 1871066 35281 0
1459947782148107 140 2272820 32718 113 1869528 33940 0
1459947782149676 142 2277015 34029 117 1873231 34701 0
1459947782151180 139 2277043 31396 117 1876644 35136 0
1459947782152768 143 2282189 33686 117 1879791 35292 0
1459947782154367 141 2284372 33067 116 1881412 34028 0
1459947782156216 147 2284372 33067 120 1881412 34028 1
1459947782158178 148 2284372 33067 126 1881412 34028 1
1459947782160032 145 2291505 37059 119 1886746 36286 0
1459947782161738 145 2298081 40225 121 1894223 40344 0
1459947782163333 143 2301583 40310 117 1895996 38827 0
1459947782164444 137 2297131 41263 111 1889951 41365 0
1459947782165929 137 2293027 41821 115 1889498 38550 0
1459947782167304 133 2284124 46760 111 1883960 40642 0
1459947782168999 142 2287436 46160 116 1885255 38660 0
1459947782170427 137 2284090 45637 110 1878769 41617 0
1459947782171924 142 2287405 45127 116 1880470 39933 0
1459947782173665 143 2291741 45598 118 1884598 40618 0
1459947782175161 137 2288058 45429 112 1880723 41015 0
1459947782176728 140 2288503 42289 115 1880991 38057 0
1459947782178402 143 2292753 42903 117 1883798 37671 0
1459947782179924 139 2291551 40658 115 1883826 34753 0
1459947782181437 139 2290443 38501 116 1885132 33241 0
1459947782182868 136 2285582 39974 110 1878656 36614 0
1459947782184369 138 2283660 38621 110 1872686 39256 0
1459947782186000 142 2287009 38690 118 1877422 40555 0
1459947782187675 142 2290096 38513 118 1881788 41411 0
1459947782189432 141 2291662 36947 119 1887093 43065 0
1459947782191097 144 2296945 38931 118 1890703 43028 0
1459947782192774 144 2301816 40379 118 1894031 42734 0
1459947782194270 140 2301186 37804 115 1893259 40105 0
1459947782195780 139 2299325 36564 115 1892548 37626 0
1459947782197157 138 2296330 36467 113 1889332 37650 0
1459947782198692 139 2294849 34983 115 1888927 35080 0
1459947782199903 135 2288363 38227 109 1880874 39762 0
1459947782201069 132 2278544 44291 109 1873450 43498 0
1459947782202080 123 2278544 44291 100 1873450 43498 1
1459947782203197 133 2270772 47994 108 1865326 47587 0
1459947782204497 138 2270007 44948 112 1862957 46052 0
1459947782205917 142 2274422 45506 115 1864613 43981 0
1459947782207497 140 2275932 43342 114 1864860 40771 0
1459947782208972 144 2282444 45959 118 1870207 42515 0
1459947782210430 141 2284608 44363 115 1871297 40197 0
1459947782211967 140 2285323 41556 115 1872301 37982 0
1459947782213565 142 2288542 41276 118 1877067 39408 0
1459947782215157 145 2295349 44326 121 1885301 43919 0
1459947782216801 143 2299064 44288 117 1887771 42764 0
1459947782218300 136 2293529 45929 111 1882368 44403 0
1459947782219785 142 2296107 44716 117 1885068 43423 0
1459947782221312 141 2297203 42233 116 1886277 41144 0
1459947782223381 135 2290534 45080 134 1910431 60196 0
1459947782225509 138 2288226 43685 136 1935258 78380 0
1459947782227574 137 2284818 43413 135 1956865 92175 0
1459947782229506 136 2280396 44096 133 1974224 100976 0
1459947782231235 129 2267360 52668 127 1982547 100760 0
1459947782233245 137 2265582 50191 136 2001740 110582 0
1459947782235189 135 2261383 50139 134 2016874 115893 0
1459947782236996 132 2253672 53329 127 2021865 111439 0
1459947782238772 129 2242723 59254 127 2026466 106974 0
1459947782240738 135 2240310 56848 133 2038388 109606 0
1459947782242728 130 2231685 60356 127 2041698 104095 0
1459947782244750 133 2227574 59429 132 2051150 104675 0
1459947782246615 132 2222504 59459 131 2058583 103350 0
1459947782248480 133 2219110 57940 133 2067996 103952 0
1459947782250471 136 2219822 54069 133 2076673 103829 0
1459947782252425 134 2217918 51598 131 2082112 100732 0
1459947782254515 136 2218723 48308 134 2090967 101025 0
1459947782256515 136 2219465 45217 134 2099130 100657 0
1459947782258426 136 2220149 42314 133 2105375 98550 0
1459947782260306 133 2216939 41966 131 2108572 93797 0
1459947782262156 131 2211420 43774 128 2107679 87291 0
1459947782264065 133 2208892 42683 130 2109416 82072 0
1459947782265975 130 2202722 45035 128 2108457 76543 0
1459947782267785 128 2194474 49119 126 2105013 73737 0
1459947782269549 131 2190710 48750 130 2106958 69769 0
1459947782271492 136 2193640 47642 132 2111311 68331 0
1459947782273213 132 2191221 46148 129 2111484 63152 0
1459947782274792 123 2177471 55216 121 2101404 67510 0
1459947782276280 123 2164796 62586 121 2092111 70801 0
1459947782278218 135 2168471 61084 133 2098904 71532 0
1459947782280287 136 2173139 60614 135 2107727 74076 0
1459947782282374 137 2178722 61025 136 2117140 76966 0
1459947782284416 136 2182589 59822 136 2125818 78953 0
1459947782286479 133 2182314 55401 132 2128698 75439 0
1459947782288434 135 2184620 53198 133 2132633 73173 0
1459947782290086 133 2184186 49440 130 2132421 67651 0
1459947782291927 134 2185066 46388 131 2133505 63364 0
1459947782293679 133 2184597 43194 130 2133224 58671 0
1459947782295684 132 2182885 41396 131 2134245 55029 0
1459947782297317 123 2169787 50235 123 2124947 59300 0
1459947782299131 136 2174352 50518 134 2130455 59745 0
1459947782301069 136 2178560 50451 133 2134253 58578 0
1459947782303103 138 2185000 52445 136 2141594 60768 0
1459947782305166 138 2190936 53820 136 2148361 62259 0
1459947782307105 132 2188729 51649 129 2145640 59903 0
1459947782308939 135 2190534 49277 131 2145691 55270 0
1459947782310778 136 2193478 48141 132 2147018 52176 0
1459947782312539 133 2192352 45416 131 2146962 48150 0
1459947782314343 133 2191314 42823 131 2146910 44435 0
1459947782316118 132 2189077 41538 129 2144302 43366 0
1459947782318045 138 2194695 43471 134 2148298 43662 0
1459947782319687 129 2188354 45919 127 2143022 45113 0
1459947782321293 129 2182508 47719 127 2138158 46071 0
1459947782323067 133 2182239 44237 130 2137514 43064 0
1459947782324852 128 2175591 46908 127 2133080 43785 0
1459947782326566 131 2173302 45352 128 2130273 42951 0
1459947782328503 135 2176312 44583 131 2131525 40749 0
1459947782330191 122 2176312 44583 119 2131525 40749 1
1459947782331952 133 2176527 41297 131 2132679 38629 0
1459947782333898 133 2176725 38253 134 2137583 40132 0
1459947782335839 134 2178188 36613 132 2139544 38804 0
1459947782337637 133 2178257 33815 130 2138792 36465 0
1459947782339473 131 2175760 33474 129 2136818 35434 0
1459947782341473 130 2172178 34159 129 2134999 34341 0
1459947782343444 136 2176556 35526 134 2139722 36012 0
1459947782345400 132 2175472 33748 129 2137676 35083 0
1459947782347485 138 2182153 37270 135 2143470 37683 0
1459947782349437 136 2185752 37676 134 2147531 38483 0
1459947782351479 137 2190350 38970 136 2153835 41287 0
1459947782353416 134 2190748 36292 133 2155806 39878 0
1459947782355288 135 2192395 34975 130 2153783 38626 0
1459947782357091 134 2192634 32462 134 2157038 38609 0
1459947782358980 136 2195414 32488 133 2158759 37178 0
1459947782360978 134 2195417 29952 132 2159065 34556 0
1459947782362761 132 2192860 29969 132 2159348 32116 0
1459947782364728 131 2189222 30979 129 2155768 32905 0
1459947782366599 132 2187149 30469 130 2153748 32195 0
1459947782368592 135 2189077 29866 133 2155726 31502 0
1459947782370316 130 2184455 31792 128 2151149 33258 0
1459947782371868 125 2184455 31792 124 2151149 33258 1
1459947782373588 132 2182754 30875 129 2148210 33367 0
1459947782375331 132 2181186 29907 130 2146781 32077 0
1459947782377133 130 2177180 31262 128 2142903 33144 0
1459947782378995 135 2179887 31315 132 2144448 31979 0
1459947782380769 131 2177263 31286 130 2143313 30526 0
1459947782382630 134 2178684 30151 133 2146106 30716 0
1459947782384812 137 2183834 32542 136 2152521 34230 0
1459947782386840 139 2191141 36736 137 2159715 38187 0
1459947782388873 133 2190198 34735 132 2159947 35417 0
1459947782390723 135 2191888 33579 133 2161441 34027 0
1459947782392571 130 2187046 35417 127 2155138 37178 0
1459947782394548 131 2183863 35584 128 2150607 38449 0
1459947782396426 129 2178368 37869 125 2142590 42834 0
1459947782398316 133 2178423 34960 130 2141600 40399 0
1459947782400277 134 2179753 33454 132 2143247 38760 0
1459947782402173 128 2173299 36788 127 2138365 40230 0
1459947782404064 132 2172470 34677 133 2141545 40018 0
1459947782405703 129 2167865 36211 127 2136796 41268 0
1459947782407752 136 2172580 37729 134 2141378 42267 0
1459947782409638 133 2173087 35248 133 2144322 41678 0
1459947782411480 134 2174834 34105 132 2145756 39743 0
1459947782413371 134 2176445 32925 133 2148358 39037 0
1459947782415208 134 2177930 31721 132 2149477 37019 0
1459947782417180 134 2179299 30504 133 2151789 36257 0
1459947782419283 138 2185681 34003 136 2157760 38929 0
1459947782421132 134 2186444 32050 133 2159425 37421 0
1459947782422990 138 2192268 34915 136 2164799 39452 0
1459947782424881 138 2197637 37136 135 2168474 39756 0
1459947782426830 137 2201306 37616 135 2171861 39773 0
1459947782428583 130 2195728 39818 126 2163464 44405 0
1459947782430439 132 2193146 39086 129 2159563 44530 0
1459947782432360 136 2195886 38558 133 2161087 42456 0
1459947782434269 135 2197132 36694 132 2161212 39254 0
1459947782436043 129 2190601 39847 125 2152367 44340 0
1459947782437742 130 2185860 41103 128 2148053 44851 0
1459947782439703 132 2184049 39559 131 2147916 41472 0
1459947782441451 130 2179820 40366 128 2143950 41888 0
1459947782443467 138 2186161 43058 136 2150533 44684 0
1459947782445355 129 2180487 44924 129 2147642 43857 0
1459947782447183 132 2179096 42695 130 2146257 41706 0
1459947782449382 137 2184214 44077 133 2148820 40810 0
1459947782450956 119 2184214 44077 117 2148820 40810 1
1459947782453188 139 2191492 47342 138 2157583 45699 0
1459947782455218 136 2194361 46288 135 2161821 46035 0
1459947782457185 133 2193166 43772 132 2161888 42500 0
1459947782459121 126 2183104 49627 125 2152990 47381 0
1459947782461222 138 2189189 51358 135 2157587 47917 0
1459947782463379 140 2197358 54876 138 2165665 51620 0
1459947782465496 136 2199769 52811 133 2166712 48552 0
1459947782467623 138 2204552 53094 136 2171517 49188 0
1459947782469711 135 2205121 49470 134 2173387 47069 0
1459947782471744 136 2206925 47268 134 2175111 44980 0
1459947782473666 133 2204748 45580 133 2175420 41750 0
1459947782475769 138 2209142 46069 135 2178265 41111 0
1459947782477737 134 2208072 43454 132 2177048 39020 0
1459947782479551 132 2204526 43327 131 2174646 38185 0
1459947782481361 134 2203817 40595 131 2172431 37242 0
1459947782483422 133 2201883 39205 131 2170389 36213 0
1459947782485264 129 2194980 42504 127 2163387 39837 0
1459947782486954 130 2189897 43868 128 2158212 41494 0
1459947782488764 133 2189051 41219 132 2158561 38574 0
1459947782490548 128 2181871 44616 124 2148643 44702 0
1459947782492426 136 2185492 44468 135 2153580 45760 0
1459947782494328 133 2184990 41455 133 2155571 44021 0
1459947782496148 134 2185807 38969 130 2153567 42428 0
1459947782498041 138 2191680 41339 136 2159399 44489 0
1459947782500171 140 2199655 45460 136 2164775 45969 0
1459947782502117 133 2198046 43390 132 2164611 42527 0
1459947782504055 135 2199123 40993 134 2167020 41425 0
1459947782505985 133 2197556 39234 131 2165401 39679 0
1459947782508090 139 2203791 41916 136 2170309 41103 0
1459947782509845 132 2200579 41601 128 2164593 43159 0
1459947782511678 131 2196338 42258 126 2156764 47004 0
1459947782513487 130 2191149 43739 127 2150826 48804 0
1459947782515381 132 2188925 42370 130 2149192 46496 0
1459947782517260 129 2183035 44488 128 2145126 46610 0
1459947782519216 138 2189125 46626 137 2152898 50132 0
1459947782521072 131 2185779 46066 128 2148542 50229 0
1459947782522903 129 2180135 47670 124 2139407 54725 0
1459947782524839 135 2182611 46228 130 2138665 51132 0
1459947782526771 135 2184894 44721 130 2137981 47766 0
1459947782528699 134 2185719 41987 130 2137351 44614 0
1459947782530454 132 2183919 40364 129 2135490 42843 0
1459947782532271 130 2179700 41099 128 2132494 42256 0
1459947782534160 135 2182210 40202 134 2137412 43488 0
1459947782535849 130 2178124 40826 127 2132986 44169 0
1459947782537926 142 2178124 40826 139 2132986 44169 1
1459947782539725 134 2179478 38884 134 2137866 45217 0
1459947782541456 131 2176886 38235 131 2138525 42291 0
1459947782543371 133 2177056 35404 130 2137852 39606 0
1459947782545413 135 2179773 35143 133 2141072 39479 0
1459947782547322 130 2175878 35987 128 2137640 39557 0
1459947782549083 129 2171007 37664 128 2134476 39381 0
1459947782550985 132 2170357 35320 130 2134120 36632 0
1459947782552691 129 2165917 36652 127 2129951 37612 0
1459947782554714 137 2172064 39455 134 2135068 39390 0
1459947782556861 139 2180291 43956 137 2143625 44201 0
1459947782558779 137 2185315 45153 135 2148954 45659 0
1459947782560457 124 2173307 52694 122 2137226 52901 0
1459947782562140 131 2171197 50521 129 2135375 50474 0
1459947782564124 137 2176932 51861 134 2140068 50857 0
1459947782566162 133 2177099 47963 131 2140555 47332 0
1459947782568105 133 2177253 44357 131 2141004 44048 0
1459947782569763 128 2170995 46659 123 2131178 49664 0
1459947782571295 125 2161386 51871 122 2120839 55314 0
1459947782572991 127 2155087 53624 120 2108748 62137 0
1459947782574942 134 2158240 52341 132 2112962 61166 0
1459947782576967 137 2164987 54471 134 2119406 62328 0
1459947782578675 132 2164807 50380 131 2121507 59395 0
1459947782580196 128 2159521 51316 126 2117044 58868 0
1459947782581905 127 2153368 52977 125 2111649 59240 0
1459947782583863 135 2157936 53049 134 2118196 60646 0
1459947782585681 132 2158307 49246 130 2119111 56752 0
1459947782587164 127 2152249 50982 125 2113555 57439 0
1459947782588774 128 2147944 50967 126 2109713 56492 0
1459947782590426 130 2146535 48283 126 2106171 55342 0
1459947782592086 129 2143956 46886 127 2104186 52847 0
1459947782593706 125 2136459 50133 124 2098516 53944 0
1459947782595554 134 2141068 50465 133 2104809 55530 0
1459947782597367 128 2137637 49684 127 2102930 52922 0
1459947782598999 132 2139594 47606 129 2103758 49550 0
1459947782600686 125 2132438 50482 124 2098121 50873 0
1459947782602177 126 2127121 51439 124 2092925 51687 0
1459947782604092 135 2133739 53521 135 2102215 56212 0
1459947782605703 130 2133440 49614 128 2101819 52184 0
1459947782607557 134 2138285 50203 132 2106574 52490 0
1459947782609439 134 2142751 50397 131 2109677 51250 0
1459947782611151 130 2141748 47383 128 2108698 48148 0
1459947782612704 131 2142103 44009 129 2109075 44734 0
1459947782614567 137 2150111 47952 134 2115823 47460 0
1459947782616390 124 2140853 52739 122 2106684 52176 0
1459947782618424 134 2145118 52550 130 2108499 49772 0
1459947782620433 134 2149050 52069 132 2112732 49785 0
1459947782622180 132 2150115 48983 131 2115354 48312 0
1459947782624087 132 2151097 46061 131 2117771 46766 0
1459947782626003 131 2150722 42807 128 2116160 44597 0
1459947782627992 133 2152936 41503 131 2118515 43283 0
1459947782629734 132 2153697 38962 128 2116846 41439 0
1459947782631626 134 2156959 38925 130 2117867 39142 0
1459947782633914 142 2156959 38925 140 2117867 39142 1
1459947782635739 131 2156126 36650 129 2117528 36395 0
1459947782637525 131 2155358 34493 129 2117216 33838 0
1459947782639296 130 2153370 33630 129 2116928 31459 0
1459947782641029 129 2150257 33870 126 2112823 32785 0
1459947782642706 127 2144828 36227 125 2107758 34891 0
1459947782644184 126 2138543 39189 125 2103089 36468 0
1459947782645927 130 2137869 36748 128 2102625 34045 0
1459947782647896 135 2143647 39204 131 2106037 34530 0
1459947782649642 130 2142574 37129 127 2104062 33651 0
1459947782651629 139 2142574 37129 135 2104062 33651 1
1459947782653693 135 2147985 39216 132 2108642 35244 0
1459947782655448 130 2146573 37453 128 2107744 33317 0
1459947782657301 132 2147831 35686 130 2109476 32311 0
1459947782659185 133 2150271 35148 131 2112353 32438 0
1459947782661022 132 2151241 33296 130 2113725 31168 0
1459947782662863 134 2154695 33878 131 2116270 31079 0
1459947782665040 137 2161719 37706 137 2126296 37893 0
1459947782666916 133 2163074 36009 131 2127859 36373 0
1459947782669069 140 2163074 36009 138 2127859 36373 1
1459947782671233 140 2163074 36009 137 2127859 36373 1
1459947782673100 131 2161763 34402 129 2126740 34562 0
1459947782674985 133 2163115 32960 129 2125708 32811 0
1459947782676705 133 2164361 31534 130 2126037 30550 0
1459947782678260 128 2159110 33910 126 2121220 32603 0
1459947782680053 131 2158109 32182 128 2119339 31788 0
1459947782681912 132 2158466 29996 131 2121445 31246 0
1459947782684024 136 2163915 32676 135 2128507 35314 0
1459947782686005 136 2168939 34754 136 2136297 39736 0
1459947782687847 130 2165890 34848 128 2133238 39450 0
1459947782689503 121 2165890 34848 119 2133238 39450 1
1459947782691378 133 2166919 33074 132 2135538 38488 0
1459947782693080 132 2166588 30794 130 2135099 35885 0
1459947782694825 129 2162443 32208 128 2132134 35813 0
1459947782696755 132 2162462 29708 128 2129401 35534 0
1459947782698747 134 2165039 29763 133 2133281 36334 0
1459947782700749 133 2166135 28447 130 2133018 33737 0
