1459947780007845 153 2506752 0 151 2473984 0 0
1459947780015588 152 2505472 1180 150 2472704 1180 0
1459947780022646 150 2501732 4534 148 2468964 4534 0
1459947780029788 151 2499564 6177 147 2464236 8537 0
1459947780037241 154 2501405 7391 149 2462437 9527 0
1459947780044149 152 2500542 7607 147 2458219 12670 0
1459947780050805 149 2495907 11284 146 2453050 16444 0
1459947780058037 150 2492914 13160 148 2450845 17191 0
1459947780065323 152 2492715 12314 151 2452652 17513 0
1459947780072978 153 2493811 12362 150 2453038 16500 0
1459947780080486 155 2497382 14688 152 2455954 17898 0
1459947780087841 152 2496834 14045 149 2454802 17560 0
1459947780094807 150 2493768 15772 146 2449900 20706 0
1459947780102413 154 2496062 16654 152 2453061 22002 0
1459947780109584 148 2490497 20482 145 2447015 25856 0
1459947780116397 148 2485366 23610 146 2442721 27793 0
1459947780123591 152 2485756 22125 150 2443883 26692 0
1459947780130671 150 2483556 22423 146 2439834 28338 0
1459947780137366 151 2482808 21360 147 2437381 28384 0
1459947780145488 157 2489798 26135 154 2444080 32342 0
1459947780153039 155 2493682 27674 151 2446416 31968 0
1459947780160834 155 2497263 28812 152 2449849 32635 0
1459947780168150 151 2495444 28237 148 2447894 31886 0
1459947780176066 155 2498887 29204 151 2449932 31273 0
1459947780183115 148 2493101 32255 144 2442851 35356 0
1459947780190499 149 2489047 33471 147 2440163 35070 0
1459947780197909 154 2491710 33311 152 2444085 35945 0
1459947780205468 153 2492885 31791 149 2443860 33342 0
1459947780213216 153 2493968 30305 150 2444933 31726 0
1459947780221153 154 2496246 30037 153 2449762 33699 0
1459947780228895 153 2497066 28446 149 2449094 31681 0
1459947780236776 156 2501662 30460 153 2453598 33357 0
1459947780244924 155 2504619 30806 151 2455190 32218 0
1459947780251858 148 2498385 34145 146 2450258 34246 0
1459947780258957 150 2495198 34414 147 2446991 34581 0
1459947780266326 151 2493540 33252 149 2446539 32294 0
1459947780273885 150 2490732 33242 148 2444843 31334 0
1459947780281222 151 2489423 31850 150 2445839 29804 0
1459947780288475 148 2484376 34012 144 2439077 33707 0
1459947780295438 150 2482284 33282 147 2436684 33278 0
1459947780302956 150 2480355 32458 147 2434478 32711 0
1459947780310437 152 2481137 30643 151 2437564 33000 0
1459947780317732 151 2480578 28764 147 2435289 32517 0
1459947780325082 152 2481342 27221 149 2435752 30402 0
1459947780333003 150 2479487 26803 147 2433618 29992 0
1459947780340640 150 2477777 26285 148 2432931 28280 0
1459947780348429 154 2481320 27497 152 2437418 30206 0
1459947780355029 146 2474346 31776 144 2431314 33472 0
1459947780362930 152 2475597 30446 149 2432087 31570 0
1459947780369869 150 2474190 29363 147 2430240 30805 0
1459947780376625 149 2471613 29443 146 2427257 31147 0
1459947780384290 151 2471798 27312 149 2428347 29718 0
1459947780391947 154 2475808 28875 152 2433192 31862 0
1459947780399387 154 2479505 30027 153 2438938 34669 0
1459947780406076 147 2473953 32798 145 2433995 36515 0
1459947780412878 145 2466275 37312 144 2428159 39041 0
1459947780420058 150 2465597 35021 147 2426619 37409 0
1459947780427610 153 2468812 35248 148 2426479 34614 0
1459947780434925 152 2470496 34046 149 2427630 32970 0
1459947780443221 157 2478448 38717 153 2433811 36092 0
1459947780450828 153 2480659 37730 149 2434389 33805 0
1459947780458195 152 2481417 35481 149 2434922 31654 0
1459947780465606 153 2483396 34533 151 2437973 31994 0
1459947780472744 150 2481380 33692 147 2435666 31620 0
1459947780480378 155 2485922 35246 153 2441219 34268 0
1459947780487975 153 2487549 33992 150 2442498 32769 0
1459947780494854 146 2480089 38212 144 2435997 36200 0
1459947780501804 145 2471932 42745 142 2427444 41255 0
1459947780509280 149 2469532 41617 147 2425959 39399 0
1459947780516529 152 2471159 39865 150 2428430 38598 0
1459947780523727 150 2470099 37726 148 2428148 35841 0
1459947780530469 148 2466562 38038 145 2424048 36818 0
1459947780537453 152 2468421 36780 150 2426669 36357 0
1459947780545136 152 2470135 35486 149 2427805 34563 0
1459947780552505 152 2471715 34170 150 2430132 34007 0
1459947780559593 149 2469332 33696 145 2425877 35271 0
1459947780567307 154 2473535 34938 152 2430915 37159 0
1459947780574506 153 2476130 34600 149 2431719 34996 0
1459947780581707 151 2475962 32050 149 2432460 32945 0
1459947780588764 148 2471967 33228 145 2428024 34460 0
1459947780595764 148 2468284 34026 144 2422654 36716 0
1459947780603382 154 2472569 35317 150 2425384 36363 0
1459947780610570 151 2472679 32658 149 2426620 34662 0
1459947780618036 151 2472780 30200 146 2423920 34442 0
1459947780625043 149 2470314 30113 146 2421431 34045 0
1459947780632194 150 2469320 28675 147 2420416 32320 0
1459947780639223 149 2467124 28458 147 2419481 30656 0
1459947780646661 149 2465099 28099 147 2418619 29055 0
1459947780653081 146 2459393 31163 144 2413984 31057 0
1459947780660159 150 2459252 28857 147 2413551 29028 0
1459947780667670 153 2462962 30023 149 2415712 28752 0
1459947780674926 152 2465103 29650 147 2415144 27028 0
1459947780682410 152 2467076 29152 151 2419740 29153 0
1459947780689607 152 2468895 28551 150 2422697 29601 0
1459947780697083 153 2471852 29046 149 2424143 28621 0
1459947780704450 152 2473298 28109 150 2426756 28793 0
1459947780711896 152 2474631 27141 149 2427885 27584 0
1459947780719011 147 2469460 29786 145 2423806 29188 0
1459947780726681 154 2473653 31323 151 2427726 30520 0
1459947780733478 149 2471118 31211 146 2424939 30703 0
1459947780741166 152 2472621 30158 149 2426210 29476 0
1459947780748257 151 2472727 27899 148 2426102 27272 0
1459947780755784 152 2474105 26989 149 2427282 26229 0
1459947780763067 154 2477935 28411 152 2432210 28722 0
1459947780770263 150 2476346 27655 146 2429073 29369 0
1459947780777425 151 2476161 25664 146 2426181 29739 0
1459947780785186 154 2479830 27042 150 2428635 29677 0
1459947780792507 151 2479373 25350 148 2428337 27631 0
1459947780800553 155 2484071 27700 152 2433183 29939 0
1459947780808249 153 2485842 27168 150 2435090 29358 0
1459947780815929 154 2488755 27731 151 2438128 29865 0
1459947780823625 151 2487601 26627 149 2438369 27753 0
1459947780830843 152 2487817 24745 148 2437311 26558 0
1459947780838176 152 2488016 22994 149 2437616 24764 0
1459947780845886 154 2490759 23726 151 2440457 25448 0
1459947780853193 151 2489448 23080 149 2440516 23513 0
1459947780860537 148 2484399 25929 146 2436730 25165 0
1459947780868327 150 2482305 25833 148 2435800 24054 0
1459947780875752 152 2482934 24394 149 2436223 22564 0
1459947780882628 143 2471994 32572 138 2422533 33421 0
1459947780890545 153 2474709 32530 151 2426552 34514 0
1459947780897957 154 2478492 33475 150 2428977 34053 0
1459947780904526 146 2471739 37083 144 2423533 36410 0
1459947780912058 155 2477034 39066 152 2428754 38378 0
1459947780919970 155 2481915 40513 150 2431007 37456 0
1459947780927267 150 2480015 39098 148 2430524 34973 0
1459947780934870 154 2483383 39148 150 2432639 34190 0
1459947780942317 152 2483928 36592 149 2433309 32135 0
1459947780949834 151 2483151 34449 149 2433926 30193 0
1459947780957278 149 2479874 34777 146 2430655 30848 0
1459947780964629 151 2479413 32484 149 2431480 29198 0
1459947780972491 155 2484108 34275 152 2436080 31157 0
1459947780980509 153 2485877 33227 150 2437761 30271 0
1459947780988738 156 2491347 35674 155 2445710 35234 0
1459947780996757 153 2492550 33995 151 2447918 34517 0
1459947781004466 153 2493659 32361 151 2449954 33697 0
1459947781011933 155 2497241 33135 151 2451831 32794 0
1459947781019142 152 2496704 31041 147 2448441 33355 0
1459947781026862 154 2498769 30518 152 2451716 33768 0
1459947781034109 152 2498112 28738 150 2452175 31552 0
1459947781041889 154 2500067 28294 152 2455158 31837 0
1459947781050035 154 2501869 27744 152 2457908 31884 0
1459947781057686 154 2503530 27107 152 2460443 31730 0
1459947781065088 156 2507621 28761 153 2464060 32586 0
1459947781072671 154 2508833 27631 149 2462275 31685 0
1459947781080541 156 2512510 28862 153 2465749 32412 0
1459947781088061 155 2514620 28552 153 2468952 32832 0
1459947781095429 151 2511445 29247 147 2464225 34624 0
1459947781103617 156 2514918 30164 153 2467547 34981 0
1459947781110385 148 2514918 30164 145 2467547 34981 1
1459947781118109 153 2514280 28395 150 2466769 32964 0
1459947781125360 150 2509851 30258 148 2463492 33408 0
1459947781133308 154 2510888 28850 149 2461751 32402 0
1459947781140583 151 2508004 29253 148 2458866 32528 0
1459947781147900 152 2506626 28237 149 2457487 31257 0
1459947781155232 152 2505355 27200 149 2456215 29986 0
1459947781162441 151 2502904 27334 146 2451203 32263 0
1459947781169567 152 2501924 26100 149 2450422 30461 0
1459947781177154 152 2501021 24892 149 2449702 28743 0
1459947781184105 150 2497628 26074 147 2446479 29468 0
1459947781191752 154 2499620 25873 151 2448627 29146 0
1459947781198353 149 2495057 28057 147 2445488 29761 0
1459947781205496 148 2495057 28057 144 2445488 29761 1
1459947781213113 150 2492130 28562 148 2443874 28922 0
1459947781220820 152 2491992 26456 149 2443666 26853 0
1459947781227983 151 2490585 25685 149 2443474 24931 0
1459947781235819 156 2490585 25685 152 2443474 24931 1
1459947781244012 153 2491848 24842 151 2445857 25180 0
1459947781251873 156 2491848 24842 152 2445857 25180 1
1459947781259576 155 2495572 26334 151 2448054 25237 0
1459947781266471 151 2493885 25830 148 2446239 24937 0
1459947781274206 154 2496170 25918 150 2447126 23806 0
1459947781281603 152 2495716 24310 149 2446664 22371 0
1459947781289563 155 2499138 25564 151 2448798 22590 0
1459947781297670 156 2503572 27654 153 2453325 24998 0
1459947781305065 155 2506380 28082 150 2453658 23352 0
1459947781312850 155 2508969 28274 153 2457805 25350 0
1459947781320588 155 2511355 28265 153 2461628 26894 0
1459947781328663 157 2516115 30444 153 2465153 28041 0
1459947781335958 149 2516115 30444 146 2465153 28041 1
1459947781344445 156 2519223 30930 153 2468402 28846 0
1459947781351784 153 2518248 29411 152 2470118 28174 0
1459947781359189 153 2517349 27940 150 2469140 26873 0
1459947781366350 148 2517349 27940 146 2469140 26873 1
1459947781372709 143 2517349 27940 140 2469140 26873 1
1459947781379911 149 2511401 31240 147 2464398 29144 0
1459947781387853 155 2513597 30824 152 2466426 28737 0
1459947781394634 149 2513597 30824 146 2466426 28737 1
1459947781402894 156 2516902 31462 154 2470856 30575 0
1459947781410634 153 2516109 29735 151 2471100 28411 0
1459947781417881 149 2516109 29735 146 2471100 28411 1
1459947781424639 151 2512817 30444 148 2467485 29523 0
1459947781430446 140 2512817 30444 131 2467485 29523 1
1459947781436365 142 2512817 30444 130 2467485 29523 1
1459947781442736 143 2512817 30444 134 2467485 29523 1
1459947781448535 139 2512817 30444 129 2467485 29523 1
1459947781454558 141 2512817 30444 130 2467485 29523 1
1459947781460869 145 2512817 30444 135 2467485 29523 1
1459947781466360 137 2512817 30444 127 2467485 29523 1
1459947781472184 144 2512817 30444 136 2467485 29523 1
1459947781478332 146 2512817 30444 140 2467485 29523 1
1459947781484625 143 2512817 30444 136 2467485 29523 1
1459947781490521 140 2512817 30444 134 2467485 29523 1
1459947781496608 143 2512817 30444 136 2467485 29523 1
1459947781502711 144 2512817 30444 138 2467485 29523 1
1459947781508509 140 2512817 30444 134 2467485 29523 1
1459947781514536 145 2512817 30444 139 2467485 29523 1
1459947781520757 145 2512817 30444 138 2467485 29523 1
1459947781526749 142 2512817 30444 137 2467485 29523 1
1459947781532100 138 2512817 30444 130 2467485 29523 1
1459947781537835 142 2512817 30444 137 2467485 29523 1
1459947781543920 140 2512817 30444 135 2467485 29523 1
1459947781549705 138 2512817 30444 133 2467485 29523 1
1459947781555308 142 2512817 30444 136 2467485 29523 1
1459947781560533 138 2512817 30444 132 2467485 29523 1
1459947781566287 141 2512817 30444 134 2467485 29523 1
1459947781572310 142 2512817 30444 136 2467485 29523 1
1459947781578198 141 2512817 30444 136 2467485 29523 1
1459947781584677 145 2512817 30444 140 2467485 29523 1
1459947781590776 142 2512817 30444 136 2467485 29523 1
1459947781596029 140 2512817 30444 134 2467485 29523 1
1459947781602300 144 2512817 30444 137 2467485 29523 1
1459947781608730 146 2512817 30444 140 2467485 29523 1
1459947781614519 143 2512817 30444 137 2467485 29523 1
1459947781620547 140 2512817 30444 136 2467485 29523 1
1459947781626298 140 2512817 30444 135 2467485 29523 1
1459947781632612 145 2512817 30444 139 2467485 29523 1
1459947781638808 145 2512817 30444 138 2467485 29523 1
1459947781644774 141 2512817 30444 134 2467485 29523 1
1459947781650603 141 2512817 30444 135 2467485 29523 1
1459947781655798 137 2512817 30444 131 2467485 29523 1
1459947781661847 144 2512817 30444 137 2467485 29523 1
1459947781667820 144 2512817 30444 137 2467485 29523 1
1459947781673683 140 2512817 30444 134 2467485 29523 1
1459947781679731 143 2512817 30444 136 2467485 29523 1
1459947781685748 144 2512817 30444 133 2467485 29523 1
1459947781691583 148 2512817 30444 133 2467485 29523 1
1459947781697648 150 2512817 30444 134 2467485 29523 1
1459947781703457 150 2512817 30444 133 2467485 29523 1
1459947781709378 151 2512817 30444 134 2467485 29523 1
1459947781715282 151 2512817 30444 134 2467485 29523 1
1459947781721608 153 2512817 30444 133 2467485 29523 1
1459947781727877 152 2512817 30444 133 2467485 29523 1
1459947781733399 147 2512817 30444 130 2467485 29523 1
1459947781739494 153 2512817 30444 134 2467485 29523 1
1459947781745431 152 2512817 30444 133 2467485 29523 1
1459947781751143 151 2512817 30444 132 2467485 29523 1
1459947781757246 154 2512817 30444 134 2467485 29523 1
1459947781763555 155 2512817 30444 136 2467485 29523 1
1459947781769554 152 2512817 30444 131 2467485 29523 1
1459947781775549 152 2512817 30444 132 2467485 29523 1
1459947781781820 155 2512817 30444 134 2467485 29523 1
1459947781787631 151 2512817 30444 130 2467485 29523 1
1459947781793957 153 2512817 30444 134 2467485 29523 1
1459947781832732 154 2512817 30444 131 2467485 29523 1
1459947781838953 154 2512817 30444 130 2467485 29523 1
1459947781845319 155 2512817 30444 133 2467485 29523 1
1459947781851896 158 2512817 30444 134 2467485 29523 1
1459947781858616 159 2512817 30444 134 2467485 29523 1
1459947781864756 153 2512817 30444 132 2467485 29523 1
1459947781870902 153 2512817 30444 130 2467485 29523 1
1459947781877061 155 2512817 30444 131 2467485 29523 1
1459947781882489 151 2512817 30444 127 2467485 29523 1
1459947781888728 155 2512817 30444 133 2467485 29523 1
1459947781895234 158 2512817 30444 135 2467485 29523 1
1459947781901417 153 2512817 30444 131 2467485 29523 1
1459947781907476 155 2512817 30444 133 2467485 29523 1
1459947781913161 154 2512817 30444 131 2467485 29523 1
1459947781918929 153 2512817 30444 130 2467485 29523 1
1459947781925221 155 2512817 30444 132 2467485 29523 1
1459947781931283 156 2512817 30444 133 2467485 29523 1
1459947781937263 153 2512817 30444 131 2467485 29523 1
1459947781942764 151 2512817 30444 127 2467485 29523 1
1459947781948807 153 2512817 30444 128 2467485 29523 1
1459947781954669 152 2512817 30444 128 2467485 29523 1
1459947781960833 157 2512817 30444 133 2467485 29523 1
1459947781966364 154 2512817 30444 129 2467485 29523 1
1459947781971895 154 2512817 30444 129 2467485 29523 1
1459947781978275 156 2512817 30444 132 2467485 29523 1
1459947781984197 153 2512817 30444 129 2467485 29523 1
1459947781990482 155 2512817 30444 131 2467485 29523 1
1459947781995846 155 2512817 30444 127 2467485 29523 1
1459947782001976 156 2512817 30444 131 2467485 29523 1
1459947782007786 155 2512817 30444 129 2467485 29523 1
1459947782013552 156 2512817 30444 131 2467485 29523 1
1459947782019631 155 2512817 30444 131 2467485 29523 1
1459947782025545 156 2512817 30444 130 2467485 29523 1
1459947782030842 151 2512817 30444 126 2467485 29523 1
1459947782036344 151 2512817 30444 124 2467485 29523 1
1459947782042488 156 2512817 30444 130 2467485 29523 1
1459947782048388 155 2512817 30444 128 2467485 29523 1
1459947782054354 156 2512817 30444 129 2467485 29523 1
1459947782060412 157 2512817 30444 132 2467485 29523 1
1459947782066821 158 2512817 30444 132 2467485 29523 1
1459947782072294 154 2512817 30444 127 2467485 29523 1
1459947782078310 158 2512817 30444 131 2467485 29523 1
1459947782084575 161 2512817 30444 136 2467485 29523 1
1459947782090135 153 2512817 30444 127 2467485 29523 1
1459947782095791 154 2512817 30444 129 2467485 29523 1
1459947782102011 158 2512817 30444 134 2467485 29523 1
1459947782107467 153 2512817 30444 127 2467485 29523 1
1459947782113624 159 2512817 30444 132 2467485 29523 1
1459947782119799 157 2512817 30444 132 2467485 29523 1
1459947782124930 153 2512817 30444 126 2467485 29523 1
1459947782130206 153 2512817 30444 125 2467485 29523 1
1459947782135966 154 2512817 30444 129 2467485 29523 1
1459947782141990 156 2512817 30444 131 2467485 29523 1
1459947782148107 156 2512817 30444 130 2467485 29523 1
1459947782154367 158 2512817 30444 133 2467485 29523 1
1459947782161738 163 2512817 30444 138 2467485 29523 1
1459947782167304 154 2512817 30444 129 2467485 29523 1
1459947782173665 158 2512817 30444 130 2467485 29523 1
1459947782179924 156 2512817 30444 130 2467485 29523 1
1459947782186000 155 2512817 30444 128 2467485 29523 1
1459947782192774 160 2512817 30444 133 2467485 29523 1
1459947782198692 155 2512817 30444 129 2467485 29523 1
1459947782203197 147 2512817 30444 122 2467485 29523 1
1459947782208972 157 2512817 30444 129 2467485 29523 1
1459947782215157 159 2512817 30444 133 2467485 29523 1
1459947782221312 157 2512817 30444 131 2467485 29523 1
1459947782229506 157 2517463 32348 154 2471832 31224 0
1459947782236996 154 2517906 30228 151 2472000 28939 0
1459947782244750 151 2514474 31029 149 2469595 28895 0
1459947782252425 154 2515150 29227 152 2471217 28133 0
1459947782260306 155 2517053 28698 152 2472713 27314 0
1459947782267785 149 2517053 28698 146 2472713 27314 1
1459947782274792 150 2512408 30736 147 2467692 29808 0
1459947782282374 153 2511966 28741 151 2468183 27932 0
1459947782290086 154 2512838 27299 151 2468636 26166 0
1459947782297317 150 2508522 29144 147 2463933 28455 0
1459947782305166 155 2510943 29099 153 2467278 29314 0
1459947782312539 154 2511895 27703 150 2466521 27719 0
1459947782319687 153 2511493 25908 149 2464544 27375 0
1459947782326566 150 2507282 27764 147 2460161 29276 0
1459947782333898 151 2504680 27992 149 2458680 28352 0
1459947782341473 152 2503561 26835 149 2457315 27394 0
1459947782349437 156 2507650 28507 153 2461177 28813 0
1459947782357091 154 2508859 27394 151 2462177 27483 0
1459947782364728 152 2507414 26584 150 2461819 25664 0
1459947782371868 150 2503522 28094 148 2458929 26322 0
1459947782378995 153 2503774 26131 149 2457545 25540 0
1459947782386840 155 2506566 26663 154 2462669 28267 0
1459947782394548 152 2505300 25745 149 2460992 27603 0
1459947782402173 150 2501573 27168 147 2456887 29230 0
1459947782409638 153 2501977 25418 151 2458222 28177 0
1459947782417180 154 2503630 24955 151 2459453 27110 0
1459947782424881 156 2507713 26769 153 2463148 28398 0
1459947782432360 153 2507637 24746 149 2461434 27758 0
1459947782439703 151 2505007 25235 147 2457294 29405 0
1459947782447183 152 2503863 24317 150 2457317 27129 0
1459947782455218 153 2504088 22625 151 2458619 26209 0
1459947782463379 156 2508136 24588 152 2461099 26447 0
1459947782471744 156 2511867 26107 153 2464665 27668 0
1459947782479551 153 2511467 24435 152 2466673 27357 0
1459947782486954 151 2508538 25225 148 2463404 28232 0
1459947782494328 153 2508398 23382 150 2462950 26443 0
1459947782502117 156 2512109 24976 152 2465092 26351 0
1459947782509845 155 2514250 24998 151 2465786 24932 0
1459947782517260 148 2514250 24998 145 2465786 24932 1
1459947782524839 152 2512384 24765 148 2462586 25933 0
1459947782532271 153 2511944 23235 148 2459636 26625 0
1459947782539725 156 2515378 24585 153 2463316 27937 0
1459947782547322 153 2514704 23285 151 2464149 26522 0
1459947782554714 152 2512802 23217 150 2463637 24920 0
1459947782562140 152 2511049 23018 150 2463165 23407 0
1459947782569763 153 2510713 21528 148 2460170 24338 0
1459947782576967 152 2509123 21311 147 2456129 26161 0
1459947782583863 150 2505097 23356 148 2453683 26370 0
1459947782590426 148 2498826 27311 146 2448869 28746 0
1459947782597367 149 2494325 29326 147 2445711 29411 0
1459947782604092 148 2488895 32038 146 2441519 30976 0
1459947782611151 151 2487730 30608 148 2440215 29757 0
1459947782618424 153 2489216 29586 149 2440293 27504 0
1459947782626003 152 2489306 27356 149 2440365 25421 0
1459947782633914 155 2493228 28834 151 2442991 25855 0
1459947782641029 149 2489164 30326 146 2439012 27502 0
1459947782647896 149 2485418 31409 145 2434064 29914 0
1459947782655448 154 2488364 31671 150 2435902 29271 0
1459947782662863 152 2488520 29340 149 2436317 27366 0
1459947782671233 158 2488520 29340 155 2436317 27366 1
1459947782678260 151 2487384 28093 148 2435419 26055 0
1459947782686005 152 2487617 26112 151 2438431 26796 0
1459947782693080 149 2483991 27413 147 2436088 26861 0
1459947782700749 151 2483209 25991 148 2435208 25572 0
