1459947780003832 140 2293760 0 138 2260992 0 0
1459947780007845 146 2301440 7080 146 2271232 9440 0
1459947780011808 144 2305960 10692 142 2275552 12684 0
1459947780015588 141 2306286 10157 139 2275694 11824 0
1459947780019128 141 2306587 9640 139 2275825 11021 0
1459947780022646 139 2304304 10989 137 2273386 12407 0
1459947780026073 141 2304760 10550 137 2271137 13509 0
1459947780029788 142 2306460 11292 139 2271624 12902 0
1459947780033568 144 2310587 14214 142 2275913 15848 0
1459947780037241 144 2314392 16611 137 2273467 16863 0
1459947780040491 139 2311500 17978 135 2268652 19983 0
1459947780044149 146 2317794 22375 142 2273173 22589 0
1459947780047416 138 2313356 24716 137 2270941 22881 0
1459947780050805 141 2313105 23016 137 2268883 22989 0
1459947780054465 141 2312873 21430 139 2269546 21803 0
1459947780058037 141 2312659 19951 140 2271437 21842 0
1459947780061681 146 2318862 24110 144 2278300 26462 0
1459947780065323 140 2316900 24033 139 2278227 24460 0
1459947780069149 142 2317652 22848 140 2279440 23667 0
1459947780072978 145 2322185 25242 141 2281838 24029 0
1459947780076634 144 2325084 25941 141 2284049 24189 0
1459947780080486 147 2331596 29918 145 2291207 28898 0
1459947780084213 144 2333760 29575 141 2292686 28003 0
1459947780087841 143 2334475 27923 140 2292769 25892 0
1459947780091443 141 2332574 27493 138 2290286 26157 0
1459947780094807 140 2329541 28140 137 2286717 27402 0
1459947780098374 142 2329305 26157 139 2285987 25933 0
1459947780102413 148 2336768 30993 145 2292994 30365 0
1459947780106235 140 2333408 31668 138 2290493 30296 0
1459947780109584 138 2327750 34408 135 2284348 33593 0
1459947780113042 140 2325094 34166 137 2281243 33830 0
1459947780116397 137 2318806 37292 136 2277100 35005 0
1459947780119907 143 2320689 36114 141 2279681 34649 0
1459947780123591 142 2321145 33712 139 2279500 32107 0
1459947780127460 142 2321565 31465 139 2279334 29750 0
1459947780130671 139 2318112 32188 135 2274061 32286 0
1459947780133950 140 2316209 31426 136 2270479 33064 0
1459947780137366 141 2315735 29406 139 2271017 30976 0
1459947780141549 148 2324258 34965 145 2279193 36094 0
1459947780145488 146 2329555 37116 143 2284171 37863 0
1459947780149017 143 2330598 35178 142 2287480 37954 0
1459947780153039 147 2336680 38035 143 2291810 38980 0
1459947780157119 149 2344846 42591 146 2299642 43154 0
1459947780160834 142 2343414 40582 140 2299182 40205 0
1459947780164401 140 2339534 40987 137 2294918 40993 0
1459947780168150 143 2339797 38027 140 2294827 37873 0
1459947780172055 146 2343880 38820 143 2298583 38377 0
1459947780176066 145 2346364 38077 142 2300766 37390 0
1459947780179718 140 2342254 38890 137 2296378 38512 0
1459947780183115 137 2334625 42883 134 2288493 42771 0
1459947780186467 135 2325032 48375 133 2279944 47309 0
1459947780190499 144 2327708 47062 141 2282303 45787 0
1459947780194309 146 2332735 48020 144 2288318 47754 0
1459947780197909 143 2333530 45000 140 2288743 44414 0
1459947780201763 144 2335542 43339 141 2290414 42485 0
1459947780205468 142 2334837 40602 140 2290675 39406 0
1459947780209346 143 2335467 38010 140 2290916 36549 0
1459947780213216 144 2337328 36756 142 2293698 36257 0
1459947780217424 147 2342884 39006 145 2300102 39328 0
1459947780221153 143 2342886 35960 142 2302166 38158 0
1459947780225023 143 2342888 33151 141 2302789 35750 0
1459947780228895 143 2342889 30562 139 2300803 34787 0
1459947780232912 148 2349290 34075 147 2309212 39821 0
1459947780236776 144 2350071 32132 141 2309284 36776 0
1459947780240907 145 2352071 31465 142 2310631 35143 0
1459947780244924 145 2353915 30706 141 2310592 32432 0
1459947780248223 135 2342815 38539 132 2299037 40550 0
1459947780251858 142 2341542 36700 139 2297344 38942 0
1459947780255383 139 2336529 38453 136 2291944 40877 0
1459947780258957 142 2335747 36168 139 2290805 38732 0
1459947780262655 143 2336306 33858 142 2293595 38278 0
1459947780266326 142 2335542 31916 139 2292327 36455 0
1459947780270292 145 2338677 32312 142 2294998 36069 0
1459947780273885 137 2331327 36561 135 2288501 39240 0
1459947780277645 145 2334792 36898 143 2292751 40092 0
1459947780281222 139 2330306 38150 137 2288989 40426 0
1459947780284582 133 2318490 46061 129 2275281 49903 0
1459947780288475 143 2320397 44220 141 2278004 48514 0
1459947780292284 146 2325995 45926 142 2281794 48217 0
1459947780295438 134 2315796 51739 132 2272488 53028 0
1459947780299081 142 2316634 48468 141 2275429 51597 0
1459947780302956 139 2313566 47508 137 2273021 49784 0
1459947780306785 143 2315858 45909 143 2278481 50927 0
1459947780310437 141 2315411 42733 139 2278394 47027 0
1459947780314055 144 2318839 42554 140 2279594 44459 0
1459947780317732 140 2316879 41035 136 2275580 44684 0
1459947780321311 139 2313792 40674 137 2273160 43423 0
1459947780325082 145 2318627 41953 142 2277329 43873 0
1459947780329090 140 2316684 40465 136 2273492 43981 0
1459947780333003 142 2317453 38011 140 2275075 42003 0
1459947780336885 143 2319441 36874 139 2275254 38886 0
1459947780340640 138 2314874 38202 137 2272859 38055 0
1459947780344371 140 2313224 36737 139 2273211 35406 0
1459947780348429 147 2320663 40724 144 2279936 38839 0
1459947780351684 138 2316001 41839 135 2274616 40708 0
1459947780355029 136 2309143 44891 135 2269711 42048 0
1459947780358874 140 2307941 42490 137 2267749 40570 0
1459947780362930 146 2314513 45228 143 2273621 42813 0
1459947780366604 141 2314171 42008 140 2275194 40918 0
1459947780369869 140 2312576 40196 137 2272804 39923 0
1459947780373067 137 2307266 41950 135 2268041 41194 0
1459947780376625 141 2307490 38879 138 2267490 38482 0
1459947780380329 143 2310257 38392 140 2269542 37367 0
1459947780384290 142 2311528 36563 140 2271434 36191 0
1459947780388228 145 2316539 38326 143 2277018 38510 0
1459947780391947 144 2319879 38410 142 2280885 39066 0
1459947780395738 144 2322958 38247 142 2284450 39300 0
1459947780399387 145 2327076 39055 143 2289017 40439 0
1459947780402658 136 2319353 43122 133 2280427 45197 0
1459947780406076 138 2314793 43956 137 2277628 44244 0
1459947780409723 139 2311869 43215 137 2275048 43165 0
1459947780412878 134 2302774 48222 132 2266269 47884 0
1459947780416217 135 2295669 51003 134 2260736 49243 0
1459947780420058 146 2303199 53960 142 2265876 50133 0
1459947780423868 144 2307581 53784 140 2268054 48224 0
1459947780427610 143 2310341 52126 139 2268782 45127 0
1459947780431336 145 2315445 52758 142 2273293 45759 0
1459947780434925 141 2315030 49017 139 2273611 42478 0
1459947780439377 149 2324888 54275 147 2284145 48870 0
1459947780443221 145 2328856 53692 141 2286176 46924 0
1459947780447258 145 2332514 52869 142 2289328 46164 0
1459947780450828 143 2333326 49486 140 2289674 42876 0
1459947780454374 139 2328954 49648 137 2286153 42771 0
1459947780458195 145 2332604 49134 142 2289307 42336 0
1459947780461698 142 2332129 45732 139 2288374 39887 0
1459947780465606 145 2335531 45295 142 2291354 39517 0
1459947780469529 142 2334827 42404 138 2288981 38615 0
1459947780472744 139 2330338 43228 136 2284234 39973 0
1459947780476592 146 2335160 44295 144 2290098 42256 0
1459947780480378 146 2339605 44932 144 2295504 43937 0
1459947780484090 143 2339863 41659 140 2295367 40629 0
1459947780487975 143 2340101 38623 141 2296521 38518 0
1459947780491552 140 2336480 38942 137 2292465 39246 0
1459947780494854 134 2325462 46055 134 2284886 43165 0
1459947780498362 134 2315305 51819 132 2275339 48592 0
1459947780501804 135 2307221 55221 133 2267818 51728 0
1459947780505593 138 2303609 54235 136 2264724 50537 0
1459947780509280 141 2304119 50467 139 2265712 47499 0
1459947780512924 144 2308429 50497 141 2269183 46988 0
1459947780516529 141 2308562 46674 139 2269823 43907 0
1459947780520038 140 2307405 44093 137 2267853 42292 0
1459947780523727 143 2310178 43205 141 2271156 42032 0
1459947780526753 127 2292255 56351 125 2253721 54819 0
1459947780530469 147 2301332 60316 144 2261969 58139 0
1459947780534004 142 2303300 57417 140 2264452 55885 0
1459947780537453 143 2306394 55783 141 2268021 54808 0
1459947780541380 145 2311806 56414 141 2271311 53559 0
1459947780545136 141 2311676 52125 139 2271784 49810 0
1459947780548836 142 2312836 49121 140 2273500 47500 0
1459947780552505 143 2315185 47449 140 2275082 45248 0
1459947780555988 136 2308391 50005 133 2267581 48627 0
1459947780559593 141 2308527 46224 138 2267066 45302 0
1459947780564039 148 2317613 50988 145 2275551 49584 0
1459947780567307 141 2317029 47541 139 2275693 45841 0
1459947780570690 142 2317771 44510 138 2274544 43317 0
1459947780574506 144 2321015 44022 142 2278605 43675 0
1459947780578018 142 2321445 40979 140 2279788 41353 0
1459947780581707 142 2321842 38143 140 2280879 39128 0
1459947780585325 140 2319648 37185 138 2279325 37503 0
1459947780588764 138 2315065 38503 135 2274052 39433 0
1459947780592365 139 2312120 38208 136 2270471 39652 0
1459947780595764 140 2310685 36545 136 2267170 39596 0
1459947780599290 143 2313202 36010 139 2267967 37237 0
1459947780603382 146 2319363 38875 143 2273822 39724 0
1459947780607203 144 2322482 38713 141 2276659 39236 0
1459947780610570 137 2316398 41296 135 2271595 40838 0
1459947780614010 137 2310789 43239 132 2263086 45490 0
1459947780618036 144 2314578 43353 141 2266762 45325 0
1459947780621648 141 2314231 40285 138 2266311 42198 0
1459947780625043 139 2311351 39791 137 2264615 40464 0
1459947780628613 140 2309976 37948 138 2264331 37562 0
1459947780632194 140 2308709 36150 137 2262790 36047 0
1459947780635503 138 2304981 36761 136 2260089 35719 0
1459947780639223 141 2305384 34260 139 2261439 34173 0
1459947780643065 141 2305755 31925 140 2263964 33830 0
1459947780646661 140 2304817 30293 137 2262451 32580 0
1459947780649818 136 2298833 33442 135 2258497 33679 0
1459947780653081 137 2294596 34734 136 2256131 33227 0
1459947780656471 137 2290690 35620 135 2252670 33820 0
1459947780660159 145 2297329 38958 141 2257160 35316 0
1459947780663987 145 2303450 41556 142 2262579 37552 0
1459947780667670 142 2305252 39971 138 2262455 34732 0
1459947780671040 139 2303074 38855 136 2259780 34483 0
1459947780674926 145 2308746 41048 140 2262434 34236 0
1459947780678487 141 2308855 37941 140 2264881 33817 0
1459947780682410 143 2311515 37428 141 2268417 34434 0
1459947780685936 144 2315247 37944 142 2272956 35928 0
1459947780689607 141 2314848 35346 139 2273301 33439 0
1459947780693517 145 2319600 36965 142 2277459 34659 0
1459947780697083 143 2321421 35755 139 2277452 31956 0
1459947780700994 145 2325659 36868 143 2282566 34173 0
1459947780704450 139 2321886 37464 139 2282160 31876 0
1459947780708083 139 2318408 37742 136 2277946 33269 0
1459947780711896 145 2322882 38917 143 2283021 35347 0
1459947780715519 139 2319326 39153 137 2280019 35351 0
1459947780719011 137 2313488 41475 135 2274692 37499 0
1459947780723018 147 2320906 45073 145 2282581 41842 0
1459947780726681 139 2317505 44686 135 2277054 43667 0
1459947780730171 143 2319489 43023 139 2277079 40278 0
1459947780733478 136 2312358 46233 134 2270702 43009 0
1459947780737243 141 2312185 42780 139 2271223 40128 0
1459947780741166 143 2314585 41650 140 2272983 38616 0
1459947780744742 141 2314238 38715 140 2274606 37095 0
1459947780748257 140 2312638 37164 136 2270982 37536 0
1459947780752069 144 2316283 37620 142 2275321 38603 0
1459947780755784 139 2313243 37482 136 2271641 38978 0
1459947780759580 145 2318120 39049 143 2277209 41065 0
1459947780763067 143 2320056 37783 141 2279782 40228 0
1459947780766789 142 2320561 35297 138 2278314 38438 0
1459947780770263 139 2317187 35649 135 2273120 40222 0
1459947780774059 144 2320476 35895 138 2272172 37952 0
1459947780777425 139 2317108 36194 136 2268738 38152 0
1459947780781402 147 2324243 39944 144 2275812 41693 0
1459947780785186 142 2324421 36987 138 2274654 39502 0
1459947780788744 139 2320745 37485 135 2269746 40938 0
1459947780792507 142 2321196 34972 141 2272902 40648 0
1459947780796524 147 2328012 38523 144 2279651 43694 0
1459947780800553 145 2331736 38946 142 2283313 43656 0
1459947780804204 143 2332609 36707 141 2285409 42177 0
1459947780808249 143 2333413 34581 140 2286061 39482 0
1459947780812098 144 2335435 33743 142 2289222 39311 0
1459947780815929 144 2337299 32824 140 2289576 36565 0
1459947780819900 145 2340297 33023 144 2295022 38729 0
1459947780823625 140 2336661 33794 136 2289803 40513 0
1459947780827209 142 2335869 31882 138 2287552 39422 0
1459947780830843 144 2337699 31078 140 2288037 36789 0
1459947780834321 140 2334266 31814 137 2284644 37041 0
1459947780838176 146 2338781 33490 144 2290476 39523 0
1459947780842086 145 2341663 33530 143 2294572 40211 0
1459947780845886 144 2343040 32180 141 2295788 38190 0
1459947780849665 144 2344310 30835 141 2296909 36239 0
1459947780853193 141 2341640 30886 139 2295382 34813 0
1459947780856377 130 2325099 43721 128 2279895 46369 0
1459947780860537 145 2329050 43947 143 2284818 47284 0
1459947780864577 145 2332692 43871 143 2289356 47773 0
1459947780868327 136 2324530 47966 134 2282020 50802 0
1459947780871947 141 2323406 45254 138 2280377 48347 0
1459947780875752 144 2326209 44302 140 2281422 45532 0
1459947780878734 124 2303193 62056 121 2258065 63505 0
1459947780882628 141 2303736 57707 136 2255733 60692 0
1459947780886724 144 2308076 57199 141 2259983 59868 0
1459947780890545 144 2312077 56418 142 2265181 59982 0
1459947780894205 146 2318325 57770 144 2272533 62073 0
1459947780897957 142 2318965 53846 139 2272911 57571 0
1459947780901171 138 2314435 53814 136 2269419 56291 0
1459947780904526 136 2307699 55817 134 2263640 57219 0
1459947780908468 146 2314290 57532 142 2268553 57277 0
1459947780912058 145 2319086 57458 142 2273082 56977 0
1459947780916137 146 2324787 58225 143 2278537 57554 0
1459947780919970 145 2328763 57341 141 2281006 55333 0
1459947780923587 142 2328588 53021 139 2280722 51271 0
1459947780927267 140 2325867 51386 139 2280460 47505 0
1459947780931102 145 2329758 50958 141 2282779 45930 0
1459947780934870 144 2332065 49103 140 2283636 43131 0
1459947780938526 141 2330352 46844 140 2284426 40490 0
1459947780942317 143 2331333 44088 140 2285155 37998 0
1459947780946061 141 2329677 42169 139 2284547 35589 0
1459947780949834 143 2330710 39827 141 2286546 34651 0
1459947780953564 140 2327823 39376 138 2284549 33783 0
1459947780957278 141 2326441 37572 137 2281428 34019 0
1459947780960702 140 2323887 36989 138 2279831 32832 0
1459947780964629 143 2325373 35469 142 2283479 33630 0
1459947780968774 147 2331863 38680 144 2289402 36462 0
1459947780972491 144 2334006 37633 141 2291022 35106 0
1459947780976479 144 2335981 36513 140 2291235 32560 0
1459947780980509 144 2337802 35339 142 2293992 32557 0
1459947780984444 143 2338201 32946 142 2296533 32356 0
1459947780988738 149 2338201 32946 147 2296533 32356 1
1459947780992796 145 2341129 33071 142 2298876 31988 0
1459947780996757 143 2341268 30615 143 2302316 32659 0
1459947781000524 143 2341396 28341 141 2302927 30670 0
1459947781004466 145 2344074 28595 143 2306050 31152 0
1459947781008424 145 2346543 28637 142 2307649 30192 0
1459947781011933 144 2347539 27317 141 2307843 28012 0
1459947781015650 144 2348457 26028 140 2306742 26837 0
1459947781019142 141 2345463 26753 136 2300607 30394 0
1459947781022701 140 2341423 28385 137 2296232 32052 0
1459947781026862 149 2341423 28385 147 2296232 32052 1
1459947781030498 143 2341539 26274 142 2298598 31729 0
1459947781034109 143 2341646 24319 139 2296940 30778 0
1459947781037918 145 2344304 24870 142 2299251 30504 0
1459947781041889 145 2346755 25186 143 2302662 31264 0
1459947781046166 147 2351574 27661 146 2309646 35259 0
1459947781050035 142 2349617 27302 139 2307124 34828 0
1459947781053836 146 2352933 28226 144 2311199 35864 0
1459947781057686 143 2352150 26741 141 2311116 33137 0
1459947781061430 147 2356548 28705 145 2316160 35198 0
1459947781065088 145 2358042 27839 143 2318250 34374 0
1459947781068719 145 2359419 26934 139 2315056 34631 0
1459947781072671 145 2360689 26000 142 2315952 32751 0
1459947781076518 145 2361860 25047 142 2316778 30953 0
1459947781080541 148 2366779 27625 145 2321379 32776 0
1459947781084455 146 2368754 27287 144 2324341 32945 0
1459947781088061 146 2370575 26833 143 2325791 31708 0
1459947781091619 141 2365853 29088 137 2319448 35076 0
1459947781095429 142 2362780 29647 139 2316161 35365 0
1459947781099633 149 2368907 32979 146 2322090 38068 0
1459947781103617 144 2368156 31094 141 2321156 35953 0
1459947781107077 135 2368156 31094 132 2321156 35953 1
1459947781110385 141 2363623 32842 140 2319015 35117 0
1459947781114049 142 2360724 32947 139 2315761 35371 0
1459947781118109 146 2363172 32630 143 2317882 34562 0
1459947781121883 141 2359029 33899 140 2315997 33598 0
1459947781125360 140 2353929 35950 138 2311699 34934 0
1459947781129179 146 2356908 35887 141 2311577 32315 0
1459947781133308 143 2355814 34090 139 2308905 32253 0
1459947781136878 141 2352246 34715 139 2306441 32003 0
1459947781140583 142 2350236 33854 140 2305450 30415 0
1459947781144224 144 2350943 31861 140 2304536 28879 0
1459947781147900 142 2349035 31129 140 2303694 27398 0
1459947781151737 145 2351116 30616 141 2304197 25721 0
1459947781155232 139 2345355 33534 137 2299541 28002 0
1459947781158952 143 2345164 31089 139 2297809 27410 0
1459947781162441 140 2341148 32362 136 2292372 30279 0
1459947781165807 140 2337445 33245 138 2289920 30173 0
1459947781169567 144 2339152 32220 141 2291500 29271 0
1459947781173342 140 2335605 32971 137 2287836 30361 0
1459947781177154 144 2337455 32101 142 2290858 30775 0
1459947781180541 139 2332761 33919 136 2285964 32880 0
1459947781184105 141 2330994 32897 139 2285293 30929 0
1459947781188008 146 2335765 34724 143 2289794 32661 0
1459947781191752 144 2337603 33705 141 2291383 31574 0
1459947781195026 140 2334177 34228 137 2287728 32475 0
1459947781198353 139 2329739 35643 136 2283079 34222 0
1459947781201586 134 2329739 35643 131 2283079 34222 1
1459947781205496 143 2330768 33806 140 2283913 32317 0
1459947781209315 140 2327876 33829 137 2280842 32622 0
1459947781213113 142 2327770 31283 141 2283131 32183 0
1459947781217178 146 2332792 33469 141 2285241 31613 0
1459947781220820 139 2328462 34845 137 2282066 32069 0
1459947781224610 144 2330870 34342 141 2284259 31585 0
1459947781227983 139 2326690 35511 137 2281161 31972 0
1459947781231857 145 2330517 36264 141 2283425 31561 0
1459947781235819 147 2336605 39042 144 2289352 34559 0
1459947781240174 146 2340937 39985 142 2292256 34536 0
1459947781244012 143 2341091 37003 142 2294933 34305 0
1459947781247678 143 2341233 34243 138 2292281 34068 0
1459947781251873 150 2341233 34243 148 2292281 34068 1
1459947781255593 146 2345204 35227 143 2296236 35052 0
1459947781259576 145 2347584 34669 141 2297322 33314 0
1459947781263011 141 2344659 34656 139 2295763 32147 0
1459947781266471 142 2343242 33253 139 2294326 30959 0
1459947781270556 148 2349616 36531 145 2300681 34399 0
1459947781274206 142 2347812 35339 138 2297580 34569 0
1459947781277845 139 2342309 37650 138 2294721 34503 0
1459947781281603 146 2346196 38291 142 2297205 34097 0
1459947781285387 143 2345939 35535 140 2296935 31681 0
1459947781289563 148 2352102 38440 144 2301806 33696 0
1459947781293773 148 2357784 40674 145 2307577 36383 0
1459947781297670 144 2357902 37604 141 2307777 33724 0
1459947781301655 149 2364410 40666 145 2313081 35979 0
1459947781305065 140 2358890 42576 137 2307731 38099 0
1459947781308972 147 2362761 42818 145 2313039 40015 0
1459947781312850 144 2362490 39721 141 2312812 37096 0
1459947781316519 143 2360960 38027 142 2313883 35184 0
1459947781320588 147 2364670 38476 145 2318710 36885 0
1459947781324778 148 2369370 39802 145 2323160 38106 0
1459947781328663 146 2371142 38326 144 2325983 37730 0
1459947781332362 142 2367656 38544 139 2322185 38282 0
1459947781335958 138 2359322 43214 135 2313564 43238 0
1459947781339927 144 2359319 39838 142 2314576 40793 0
1459947781344445 150 2366997 43803 146 2320629 43186 0
1459947781348014 141 2362555 44474 140 2318529 41747 0
1459947781351784 145 2363580 41944 144 2321713 41421 0
1459947781355289 142 2360685 41335 140 2319529 40197 0
1459947781359189 144 2360576 38205 142 2320075 37560 0
1459947781362594 135 2360576 38205 134 2320075 37560 1
1459947781366350 145 2361756 36307 142 2320579 35089 0
1459947781369615 133 2361756 36307 131 2320579 35089 1
1459947781372709 134 2361756 36307 131 2320579 35089 1
1459947781376251 139 2355163 39547 138 2315923 36638 0
1459947781379911 142 2352925 38519 139 2312911 36551 0
1459947781384137 150 2361102 43047 148 2321654 41755 0
1459947781387853 140 2355840 44533 137 2315634 44040 0
1459947781391052 137 2347150 49064 134 2306245 49254 0
1459947781394634 142 2345538 46715 139 2303989 47485 0
1459947781398689 146 2349172 46415 143 2307029 46578 0
1459947781402894 149 2356362 49417 148 2316232 51423 0
1459947781406724 145 2357871 46947 143 2318316 49326 0
1459947781410634 144 2357982 43381 141 2317677 46060 0
1459947781414249 141 2354244 43436 138 2313248 46543 0
1459947781417881 138 2346958 46758 136 2306605 49029 0
1459947781421209 141 2344081 45756 137 2301761 49663 0
1459947781424639 142 2342709 43445 140 2301135 46359 0
1459947781427496 131 2342709 43445 123 2301135 46359 1
1459947781430446 134 2342709 43445 125 2301135 46359 1
1459947781433491 135 2342709 43445 124 2301135 46359 1
1459947781436365 132 2342709 43445 121 2301135 46359 1
1459947781439493 136 2342709 43445 127 2301135 46359 1
1459947781442736 134 2342709 43445 125 2301135 46359 1
1459947781445608 131 2342709 43445 122 2301135 46359 1
1459947781448535 132 2342709 43445 122 2301135 46359 1
1459947781451367 131 2342709 43445 121 2301135 46359 1
1459947781454558 134 2342709 43445 125 2301135 46359 1
1459947781457873 138 2342709 43445 129 2301135 46359 1
1459947781460869 136 2342709 43445 126 2301135 46359 1
1459947781463531 128 2342709 43445 118 2301135 46359 1
1459947781466360 130 2342709 43445 121 2301135 46359 1
1459947781469327 135 2342709 43445 127 2301135 46359 1
1459947781472184 136 2342709 43445 129 2301135 46359 1
1459947781474982 134 2342709 43445 128 2301135 46359 1
1459947781478332 141 2340164 42395 135 2294158 49168 0
1459947781481576 135 2340164 42395 128 2294158 49168 1
1459947781484625 135 2340164 42395 128 2294158 49168 1
1459947781487499 130 2340164 42395 125 2294158 49168 1
1459947781490521 134 2340164 42395 128 2294158 49168 1
1459947781493089 126 2340164 42395 119 2294158 49168 1
1459947781496608 143 2340378 39279 137 2290286 48894 0
1459947781499686 136 2331615 44287 131 2279037 55443 0
1459947781502711 137 2324817 47093 130 2267387 61850 0
1459947781505619 132 2324817 47093 125 2267387 61850 1
1459947781508509 133 2313430 53909 127 2252807 70457 0
1459947781511271 134 2304213 58193 129 2241926 74982 0
1459947781514536 138 2300836 56758 132 2235735 74830 0
1459947781517657 138 2297723 55192 131 2228748 75423 0
1459947781520757 135 2291013 57065 130 2221027 76647 0
1459947781523674 134 2283547 59488 127 2210069 80759 0
1459947781526749 135 2277944 60004 130 2203807 80221 0
1459947781529423 128 2263819 68336 121 2186514 89894 0
1459947781532100 132 2255918 70280 125 2175692 92846 0
1459947781535072 134 2251194 69143 130 2172116 88888 0
1459947781537835 133 2245559 68935 127 2164979 88521 0
1459947781540674 131 2237804 70697 126 2157120 88850 0
1459947781543920 134 2234495 68222 128 2152435 86226 0
1459947781546819 128 2223765 72783 122 2140436 90550 0
1459947781549705 133 2220273 70314 128 2137054 86592 0
1459947781552524 133 2217054 67787 128 2133936 82700 0
1459947781555308 133 2214086 65226 128 2131062 78888 0
1459947781557725 126 2202390 70911 122 2120732 82246 0
1459947781560533 133 2200568 67050 127 2117609 78698 0
1459947781563425 134 2200168 62179 127 2114730 75202 0
1459947781566287 131 2195959 61200 125 2109516 74131 0
1459947781569147 133 2194639 57634 127 2107270 70409 0
1459947781572310 135 2195982 54369 130 2109039 66539 0
1459947781575288 133 2194660 51338 128 2108110 62196 0
1459947781578198 134 2194722 47384 129 2108533 57726 0
1459947781581308 135 2196059 44914 130 2110203 54756 0
1459947781584677 138 2201131 46081 134 2116863 56618 0
1459947781587486 133 2199407 44068 128 2115323 53613 0
1459947781590776 137 2202938 43880 130 2116463 50475 0
1459947781593540 135 2203633 41092 130 2117514 47500 0
1459947781596029 129 2196594 44369 123 2109523 51155 0
1459947781599108 137 2200345 44360 130 2111116 48627 0
1459947781602300 135 2201243 41721 129 2111305 45002 0
1459947781605501 137 2204630 41584 132 2115319 45186 0
1459947781608730 138 2209033 42394 132 2119019 45066 0
1459947781611806 136 2210532 40463 130 2119870 42330 0
1459947781614519 133 2208074 39566 128 2118095 40658 0
1459947781617418 133 2205808 38562 127 2115178 40169 0
1459947781620547 132 2202439 38654 128 2113769 38328 0
1459947781623151 127 2192933 44396 122 2104790 43609 0
1459947781626298 136 2195690 43468 131 2108033 43191 0
1459947781629513 138 2200791 44775 133 2113582 44932 0
1459947781632612 135 2201654 42071 130 2114858 42597 0
1459947781635742 136 2203729 40697 131 2117314 41533 0
1459947781638808 136 2205642 39281 130 2118298 39195 0
1459947781642031 135 2206126 36658 128 2116645 37654 0
1459947781644774 130 2200172 39282 125 2111282 39655 0
1459947781647527 131 2195963 40092 126 2107618 39933 0
1459947781650603 135 2197203 38102 128 2106800 37566 0
1459947781653278 129 2190666 41150 124 2100926 40045 0
1459947781655798 129 2184640 43490 123 2094231 43087 0
1459947781658736 133 2184205 40493 127 2093179 40689 0
1459947781661847 138 2190203 42859 131 2097329 41336 0
1459947781664777 136 2193173 42248 130 2099875 40453 0
1459947781667820 136 2195911 41471 129 2100942 38275 0
1459947781670711 131 2192035 41803 126 2098085 37916 0
1459947781673683 134 2192302 38783 127 2096732 36200 0
1459947781676705 135 2193828 37160 127 2095484 34520 0
1459947781679731 133 2192675 35318 127 2094334 32882 0
1459947781682797 135 2194172 33938 126 2091994 32470 0
1459947781685748 136 2196832 33738 124 2087276 34281 0
1459947781688626 138 2201844 35722 124 2082927 35610 0
1459947781691583 141 2210304 40731 127 2082758 32982 0
1459947781694833 146 2210304 40731 131 2082758 32982 1
1459947781697648 138 2214264 41198 122 2076202 36448 0
1459947781700459 142 2223034 46064 125 2073998 35631 0
1459947781703457 141 2229839 48738 125 2071966 34719 0
1459947781706220 139 2233552 48353 123 2067533 36092 0
1459947781709378 146 2233552 48353 129 2067533 36092 1
1459947781712257 144 2243375 53631 128 2069846 35405 0
1459947781715282 142 2249871 55429 124 2066859 35391 0
1459947781718565 146 2260979 61339 128 2069225 34807 0
1459947781721608 144 2268660 63626 124 2066286 34795 0
1459947781724654 145 2277020 66362 125 2064857 33392 0
1459947781727877 144 2283447 67102 126 2064820 30817 0
1459947781730626 140 2284252 62601 124 2062225 30800 0
1459947781733399 139 2283714 58205 121 2055993 34137 0
1459947781736302 144 2289618 59100 124 2054088 33225 0
1459947781739494 147 2298901 63040 128 2057452 33730 0
1459947781742570 145 2304899 63644 126 2057993 31593 0
1459947781745431 143 2307868 61408 124 2055932 31023 0
1459947781748382 144 2311885 60313 126 2056592 29207 0
1459947781751143 142 2313028 56655 123 2053360 29903 0
1459947781754256 145 2317922 56740 125 2052941 27952 0
1459947781757246 146 2323714 57646 128 2056394 28952 0
1459947781760195 147 2330333 59244 128 2059578 29625 0
1459947781763555 149 2338995 62601 130 2065073 32376 0
1459947781766578 143 2339301 57992 124 2062459 32255 0
1459947781769554 144 2340863 54901 124 2060049 31956 0
1459947781772473 141 2338463 52823 121 2053987 35046 0
1459947781775549 147 2343930 53736 129 2058639 36596 0
1459947781778633 146 2347690 53003 124 2056527 35682 0
1459947781781820 147 2352436 53237 128 2059700 35819 0
1459947781785115 148 2358091 54291 127 2061345 34537 0
1459947781787631 136 2358091 54291 116 2061345 34537 1
1459947781790708 144 2358185 50135 125 2060302 32799 0
1459947781793957 146 2360831 48658 127 2061900 31710 0
1459947781829919 146 2363271 47105 124 2059534 31413 0
1459947781832732 146 2365520 45497 123 2056072 32148 0
1459947781835754 144 2365033 42390 123 2052881 32577 0
1459947781838953 146 2367144 41024 123 2049939 32742 0
1459947781842031 146 2369090 39613 125 2049787 30323 0
1459947781845319 148 2373444 40532 126 2050927 29005 0
1459947781848656 149 2378738 42246 128 2054538 30067 0
1459947781851896 151 2386179 45804 126 2055307 28427 0
1459947781855291 148 2389198 45008 124 2053456 27912 0
1459947781858616 152 2397101 48777 128 2056869 28878 0
1459947781861604 145 2395427 46508 123 2053616 29619 0
1459947781864756 147 2396444 43811 125 2053177 27709 0
1459947781867793 146 2396101 40703 122 2048932 29456 0
1459947781870902 144 2393225 40173 123 2046299 29581 0
1459947781873933 146 2393134 37117 123 2043871 29506 0
1459947781877061 147 2394330 35319 124 2042913 28082 0
1459947781880059 147 2395432 33575 124 2042030 26701 0
1459947781882489 136 2395432 33575 113 2042030 26701 1
1459947781885832 151 2401568 36608 128 2046336 28584 0
1459947781888728 144 2398265 36792 122 2042626 29770 0
1459947781891996 149 2401620 37010 126 2044325 29011 0
1459947781895234 151 2407273 39329 128 2048452 30548 0
1459947781898033 142 2400964 42071 121 2043296 32913 0
1459947781901417 148 2402828 40503 126 2044943 31859 0
1459947781904281 146 2401987 38113 124 2043901 30329 0
1459947781907476 148 2403771 36780 126 2045501 29434 0
1459947781910475 150 2407976 37782 125 2045696 27314 0
1459947781913161 143 2402892 39515 121 2040756 29734 0
1459947781916007 145 2400766 38386 122 2037481 30429 0
1459947781918929 146 2400086 36013 122 2034462 30833 0
1459947781922002 147 2400739 33801 124 2034239 28628 0
1459947781925221 148 2402621 32895 125 2035314 27382 0
1459947781928280 149 2405636 33104 126 2037585 27335 0
1459947781931283 148 2407135 31899 124 2037118 25628 0
1459947781934172 143 2402117 34031 120 2031568 28741 0
1459947781937263 146 2401331 32095 126 2034131 28858 0
1459947781939918 139 2401331 32095 115 2034131 28858 1
1459947781942764 146 2400607 30254 122 2031374 29144 0
1459947781945746 148 2402499 29634 123 2030112 28029 0
1459947781948807 143 2397843 31609 119 2023829 31630 0
1459947781951677 143 2393551 33095 120 2019317 33317 0
1459947781954669 146 2393434 30616 122 2017717 32188 0
1459947781957838 151 2399726 34025 127 2022642 34214 0
1459947781960833 148 2401687 33174 124 2023343 32187 0
1459947781963651 145 2399655 32455 121 2020149 32616 0
1459947781966364 147 2400341 30552 123 2019764 30421 0
1459947781969261 147 2400974 28748 122 2018129 29550 0
1459947781971895 143 2396437 30683 119 2012782 32169 0
1459947781975147 150 2401215 32690 126 2016813 33371 0
1459947781978275 148 2403060 31836 123 2016689 30876 0
1459947781981410 147 2403480 29736 124 2017855 29538 0
1459947781984197 142 2397468 32954 118 2011250 33318 0
1459947781987197 143 2393205 34308 120 2007721 33968 0
1459947781990482 151 2399515 37444 126 2012147 35395 0
1459947781993106 144 2396372 37414 117 2004708 39486 0
1459947781995846 148 2398595 36540 122 2004250 36823 0
1459947781998852 148 2400644 35574 125 2007667 37097 0
1459947782001976 148 2402533 34536 123 2008258 34742 0
1459947782004664 145 2400435 33770 120 2004962 35064 0
1459947782007786 149 2403621 34068 124 2007044 34243 0
1459947782010901 150 2407838 35293 125 2010243 34516 0
1459947782013552 145 2405325 34851 121 2008072 33819 0
1459947782016653 149 2408128 34713 124 2009911 32871 0
1459947782019631 146 2406873 33157 123 2010326 30685 0
1459947782022797 150 2410836 34219 124 2011989 29820 0
1459947782025545 146 2409369 32896 121 2009682 29616 0
1459947782028125 141 2409369 32896 117 2009682 29616 1
1459947782030842 145 2406737 32752 119 2004995 31622 0
1459947782033545 142 2400470 35969 117 1998114 35493 0
1459947782036344 145 2398533 34943 118 1993051 37387 0
1459947782039222 146 2398027 32678 121 1992223 35228 0
1459947782042488 151 2403961 35595 126 1997860 37672 0
1459947782045496 148 2405591 34317 121 1996657 35836 0
1459947782048388 145 2403254 33789 120 1994268 35238 0
1459947782051317 147 2403659 31523 121 1993345 33335 0
1459947782054354 147 2404033 29404 123 1995054 32306 0
1459947782057510 150 2408217 30964 126 2000470 34775 0
1459947782060412 149 2410795 30920 122 2000343 32174 0
1459947782063608 151 2415731 33055 123 2001506 30732 0
1459947782066821 149 2417722 32307 126 2006418 32859 0
1459947782069667 147 2416997 30450 121 2004546 32016 0
1459947782072294 144 2412489 32226 118 1998980 34644 0
1459947782075447 150 2416013 32956 124 2001529 34287 0
1459947782078310 149 2417981 32196 123 2002599 32594 0
1459947782081501 154 2417981 32196 129 2002599 32594 1
1459947782084575 151 2422356 33713 127 2008705 35676 0
1459947782087300 145 2418709 34440 121 2006654 34777 0
1459947782090135 146 2416627 33667 120 2003484 34982 0
1459947782092646 142 2409588 37525 117 1996721 38482 0
1459947782095791 150 2413338 38050 126 2002007 40348 0
1459947782098882 151 2418075 39444 125 2005600 40507 0
1459947782102011 149 2419882 38028 127 2011472 42755 0
1459947782104505 144 2415148 39420 118 2005365 45043 0
1459947782107467 146 2413344 38002 122 2004855 41993 0
1459947782110695 152 2419361 40580 124 2006945 40639 0
1459947782113624 149 2421068 38983 124 2008872 39240 0
1459947782116664 147 2420082 36845 123 2009368 36632 0
1459947782119799 149 2421733 35488 125 2012386 36552 0
1459947782122380 146 2419415 34851 119 2007488 38211 0
1459947782124930 143 2413438 37637 117 2000413 41747 0
1459947782127629 146 2411768 36235 119 1996450 42137 0
1459947782130206 144 2407668 37183 116 1988957 45752 0
1459947782132923 144 2403888 37761 119 1985889 45004 0
1459947782135966 148 2405524 36318 125 1990741 45961 0
1459947782138944 149 2408312 36050 124 1993934 45313 0
1459947782141990 148 2409602 34422 123 1995597 43305 0
1459947782144960 147 2409511 31815 123 1997130 41335 0
1459947782148107 149 2411987 31612 121 1995984 39161 0
1459947782151180 150 2415550 32427 126 2001327 41027 0
1459947782154367 150 2418835 32921 124 2003693 40002 0
1459947782158178 156 2418835 32921 132 2003693 40002 1
1459947782161738 154 2418835 32921 128 2003693 40002 1
1459947782164444 148 2419303 30780 122 2003314 37224 0
1459947782167304 145 2415894 31516 121 2001685 35816 0
1459947782170427 149 2417872 30876 121 2000183 34401 0
1459947782173665 151 2422255 32504 125 2003918 35156 0
1459947782176728 146 2419896 32138 122 2003521 32774 0
1459947782179924 150 2422841 32342 124 2005715 32236 0
1459947782182868 146 2420436 32031 121 2003898 31391 0
1459947782186000 149 2422059 31024 121 2002223 30481 0
1459947782189432 152 2427395 33519 126 2007079 32575 0
1459947782192774 153 2433594 36615 126 2011555 34157 0
1459947782195780 148 2432909 34385 123 2011842 31752 0
1459947782198692 148 2432277 32279 122 2010826 30206 0
1459947782201069 142 2432277 32279 116 2010826 30206 1
1459947782203197 136 2432277 32279 111 2010826 30206 1
1459947782205917 149 2432975 30400 121 2008610 29888 0
1459947782208972 151 2436178 30978 124 2010407 29209 0
1459947782211967 149 2436571 28919 123 2010783 27274 0
1459947782215157 153 2442053 31713 128 2017530 31363 0
1459947782218300 148 2440707 30475 122 2016070 30257 0
1459947782221312 150 2442026 29310 125 2018564 30192 0
1459947782225509 148 2440682 28258 145 2046463 53553 0
1459947782229506 147 2438163 28371 144 2070903 71899 0
1459947782233245 144 2432001 31834 141 2089593 83511 0
1459947782236996 145 2427600 33402 142 2108103 94050 0
1459947782240738 143 2420983 36891 140 2122607 100073 0
1459947782244750 142 2413603 40810 139 2134698 103400 0
1459947782248480 144 2409360 41532 142 2149684 109136 0
1459947782252425 145 2406728 40712 142 2163499 113345 0
1459947782256515 147 2406862 37654 145 2180075 119770 0
1459947782260306 144 2403145 38137 141 2190236 119779 0
1459947782264065 141 2395879 41855 138 2195763 115517 0
1459947782267785 138 2385340 48299 136 2198299 108829 0
1459947782271492 143 2382025 47580 140 2205756 107201 0
1459947782274792 137 2371289 53758 134 2204951 99566 0
1459947782278218 139 2363952 56321 137 2208049 94643 0
1459947782282374 147 2367428 55124 145 2221145 99322 0
1459947782286479 145 2368072 51411 144 2231938 101511 0
1459947782290086 145 2368666 47941 141 2238047 99212 0
1459947782293679 144 2367933 44869 141 2243679 96653 0
1459947782297317 137 2358298 50245 136 2242471 90214 0
1459947782301069 145 2359655 47570 143 2250317 90399 0
1459947782305166 148 2364746 48547 146 2261390 93544 0
1459947782308939 145 2365600 45541 140 2263918 88566 0
1459947782312539 144 2365107 42436 142 2268809 86155 0
1459947782316118 142 2362093 41898 139 2269478 80041 0
1459947782319687 144 2361874 38825 141 2272655 76715 0
1459947782323067 142 2359112 38336 139 2273023 71061 0
1459947782326566 140 2354006 40047 137 2270803 67555 0
1459947782330191 140 2349299 41256 136 2267476 65343 0
1459947782333898 144 2350080 38752 143 2273369 65671 0
1459947782337637 144 2350800 36387 141 2276242 63188 0
1459947782341473 141 2347623 36472 139 2276330 58332 0
1459947782345400 144 2348534 34462 141 2278971 56209 0
1459947782349437 148 2354494 37264 146 2287806 59962 0
1459947782353416 146 2357429 37057 144 2293391 60425 0
1459947782357091 145 2358854 35475 141 2294699 56910 0
1459947782360978 144 2358888 32734 141 2295905 53575 0
1459947782364728 142 2356359 32506 141 2297017 50414 0
1459947782368592 144 2356588 30177 141 2298042 47420 0
1459947782371868 138 2349119 34703 137 2293867 47563 0
1459947782375331 142 2347354 33618 139 2292578 45034 0
1459947782378995 143 2347006 31310 140 2292670 41600 0
1459947782382630 143 2346686 29157 141 2294035 39608 0
1459947782386840 149 2346686 29157 148 2294035 39608 1
1459947782390723 145 2348951 28967 143 2297853 40033 0
1459947782394548 141 2345919 29497 138 2294973 39559 0
1459947782398316 141 2343124 29768 137 2291038 40095 0
1459947782402173 141 2340547 29817 139 2289970 37945 0
1459947782405703 142 2339451 28496 140 2290266 35252 0
1459947782409638 145 2342281 28878 143 2294378 36288 0
1459947782413371 144 2343610 27846 142 2296889 35768 0
1459947782417180 144 2344835 26799 142 2299204 35107 0
1459947782421132 146 2348524 28106 144 2303898 36691 0
1459947782424881 148 2354485 31405 145 2309505 38993 0
1459947782428583 143 2353580 29784 139 2306994 38259 0
1459947782432360 144 2354026 27868 141 2307240 35496 0
1459947782436043 142 2351877 27670 138 2303626 36052 0
1459947782439703 140 2347336 29693 138 2300295 36305 0
1459947782443467 145 2349550 29414 142 2302344 35357 0
1459947782447183 140 2345191 31134 140 2301673 33212 0
1459947782450956 139 2339892 33585 135 2294654 37086 0
1459947782455218 148 2346527 37078 147 2303544 42383 0
1459947782459121 141 2343684 36801 139 2301499 40955 0
1459947782463379 151 2343684 36801 147 2301499 40955 1
1459947782467623 146 2347463 37409 144 2306014 41917 0
1459947782471744 146 2350947 37698 144 2310176 42479 0
1459947782475769 145 2352879 36533 144 2314013 42697 0
1459947782479551 142 2350820 35575 141 2313710 39639 0
1459947782483422 144 2351482 33405 141 2313431 36798 0
1459947782486954 139 2345692 36132 137 2308054 38879 0
1459947782490548 141 2342914 35869 138 2304377 39230 0
1459947782494328 145 2345473 35425 143 2307387 38940 0
1459947782498041 146 2349112 36012 142 2308882 37275 0
1459947782502117 147 2353747 37471 144 2312820 37992 0
1459947782505985 145 2355460 36122 143 2315170 37190 0
1459947782509845 146 2358319 35935 142 2316057 35102 0
1459947782513487 139 2351995 38956 135 2307915 39864 0
1459947782517260 140 2347445 40106 138 2304249 40128 0
1459947782521072 145 2349650 39005 143 2307269 39777 0
1459947782524839 141 2346563 38802 136 2301093 42361 0
1459947782528699 145 2348837 37867 139 2299240 40759 0
1459947782532271 141 2345814 37694 139 2297531 39148 0
1459947782535849 142 2344307 36137 139 2295956 37540 0
1459947782539725 149 2351878 40292 147 2304744 42708 0
1459947782543371 143 2351177 37789 141 2305165 39759 0
1459947782547322 144 2351811 35420 142 2306833 38190 0
1459947782550985 141 2348555 35652 139 2304531 37327 0
1459947782554714 144 2349394 33639 141 2304969 34814 0
1459947782558779 148 2355287 36443 146 2311773 38366 0
1459947782562140 137 2346640 41566 135 2303965 42565 0
1459947782566162 146 2350188 41589 143 2307007 42044 0
1459947782569763 140 2345779 42402 136 2300852 44433 0
1459947782572991 136 2345779 42402 130 2300852 44433 1
1459947782576967 147 2350675 43602 144 2305417 45170 0
1459947782580196 139 2344948 45474 138 2301946 44840 0
1459947782583863 141 2342228 44427 138 2298746 44285 0
1459947782587164 139 2337161 45626 137 2294516 44724 0
1459947782590426 139 2332490 46366 136 2289336 46003 0
1459947782593706 138 2326904 47892 136 2284561 46810 0
1459947782597367 141 2325594 45357 139 2283999 43669 0
1459947782600686 138 2320546 46465 136 2279641 44273 0
1459947782604092 140 2318453 44763 139 2279464 40977 0
1459947782607557 141 2317803 41863 139 2279300 37925 0
1459947782611151 142 2318484 39220 140 2280429 36003 0
1459947782614567 145 2322952 40274 142 2284030 36510 0
1459947782618424 140 2320671 39229 136 2279670 37676 0
1459947782622180 144 2323688 38945 141 2282050 36926 0
1459947782626003 142 2323909 36106 139 2281684 34377 0
1459947782629734 142 2324113 33473 139 2281347 32001 0
1459947782633914 149 2324113 33473 145 2281347 32001 1
1459947782637525 141 2323021 31863 138 2279756 30965 0
1459947782641029 139 2319454 32660 137 2277010 31076 0
1459947782644184 136 2312326 36678 134 2270638 34521 0
1459947782647896 143 2314715 36014 139 2271164 32309 0
1459947782651629 145 2319477 37590 142 2275489 33771 0
1459947782655448 143 2321307 36340 139 2275636 31267 0
1459947782659185 143 2322994 35056 140 2277051 30129 0
1459947782662863 143 2324550 33751 139 2277076 27798 0
1459947782666916 145 2328544 34796 143 2282219 30367 0
1459947782671233 151 2328544 34796 148 2282219 30367 1
1459947782674985 142 2328386 32222 139 2281840 28342 0
1459947782678260 141 2326960 31017 138 2280211 27628 0
1459947782681912 141 2325646 29804 138 2278709 26853 0
1459947782686005 145 2329554 31078 145 2286284 31739 0
1459947782689503 135 2329554 31078 133 2286284 31739 1
1459947782693080 143 2330597 29612 141 2288148 30977 0
1459947782696755 141 2328999 28771 138 2286026 30511 0
1459947782700749 143 2330085 27525 140 2286630 28684 0
