1459947780003832 140 2293760 0 138 2260992 0 0
1459947780007845 146 2301440 7080 146 2271232 9440 0
1459947780011808 144 2305960 10692 142 2275552 12684 0
1459947780015588 141 2306286 10157 139 2275694 11824 0
1459947780019128 141 2306587 9640 139 2275825 11021 0
1459947780022646 139 2304304 10989 137 2273386 12407 0
1459947780026073 141 2304760 10550 137 2271137 13509 0
1459947780029788 142 2306460 11292 139 2271624 12902 0
1459947780033568 144 2310587 14214 142 2275913 15848 0
1459947780037241 144 2314392 16611 137 2273467 16863 0
1459947780040491 139 2311500 17978 135 2268652 19983 0
1459947780044149 146 2317794 22375 142 2273173 22589 0
1459947780047416 138 2313356 24716 137 2270941 22881 0
1459947780050805 141 2313105 23016 137 2268883 22989 0
1459947780054465 141 2312873 21430 139 2269546 21803 0
1459947780058037 141 2312659 19951 140 2271437 21842 0
1459947780061681 146 2318862 24110 144 2278300 26462 0
1459947780065323 140 2316900 24033 139 2278227 24460 0
1459947780069149 142 2317652 22848 140 2279440 23667 0
1459947780072978 145 2322185 25242 141 2281838 24029 0
1459947780076634 144 2325084 25941 141 2284049 24189 0
1459947780080486 147 2331596 29918 145 2291207 28898 0
1459947780084213 144 2333760 29575 141 2292686 28003 0
1459947780087841 143 2334475 27923 140 2292769 25892 0
1459947780091443 141 2332574 27493 138 2290286 26157 0
1459947780094807 140 2329541 28140 137 2286717 27402 0
1459947780098374 142 2329305 26157 139 2285987 25933 0
1459947780102413 148 2336768 30993 145 2292994 30365 0
1459947780106235 140 2333408 31668 138 2290493 30296 0
1459947780109584 138 2327750 34408 135 2284348 33593 0
1459947780113042 140 2325094 34166 137 2281243 33830 0
1459947780116397 137 2318806 37292 136 2277100 35005 0
1459947780119907 143 2320689 36114 141 2279681 34649 0
1459947780123591 142 2321145 33712 139 2279500 32107 0
1459947780127460 142 2321565 31465 139 2279334 29750 0
1459947780130671 139 2318112 32188 135 2274061 32286 0
1459947780133950 140 2316209 31426 136 2270479 33064 0
1459947780137366 141 2315735 29406 139 2271017 30976 0
1459947780141549 148 2324258 34965 145 2279193 36094 0
1459947780145488 146 2329555 37116 143 2284171 37863 0
1459947780149017 143 2330598 35178 142 2287480 37954 0
1459947780153039 147 2336680 38035 143 2291810 38980 0
1459947780157119 149 2344846 42591 146 2299642 43154 0
1459947780160834 142 2343414 40582 140 2299182 40205 0
1459947780164401 140 2339534 40987 137 2294918 40993 0
1459947780168150 143 2339797 38027 140 2294827 37873 0
1459947780172055 146 2343880 38820 143 2298583 38377 0
1459947780176066 145 2346364 38077 142 2300766 37390 0
1459947780179718 140 2342254 38890 137 2296378 38512 0
1459947780183115 137 2334625 42883 134 2288493 42771 0
1459947780186467 135 2325032 48375 133 2279944 47309 0
1459947780190499 144 2327708 47062 141 2282303 45787 0
1459947780194309 146 2332735 48020 144 2288318 47754 0
1459947780197909 143 2333530 45000 140 2288743 44414 0
1459947780201763 144 2335542 43339 141 2290414 42485 0
1459947780205468 142 2334837 40602 140 2290675 39406 0
1459947780209346 143 2335467 38010 140 2290916 36549 0
1459947780213216 144 2337328 36756 142 2293698 36257 0
1459947780217424 147 2342884 39006 145 2300102 39328 0
1459947780221153 143 2342886 35960 142 2302166 38158 0
1459947780225023 143 2342888 33151 141 2302789 35750 0
1459947780228895 143 2342889 30562 139 2300803 34787 0
1459947780232912 148 2349290 34075 147 2309212 39821 0
1459947780236776 144 2350071 32132 141 2309284 36776 0
1459947780240907 145 2352071 31465 142 2310631 35143 0
1459947780244924 145 2353915 30706 141 2310592 32432 0
1459947780248223 135 2342815 38539 132 2299037 40550 0
1459947780251858 142 2341542 36700 139 2297344 38942 0
1459947780255383 139 2336529 38453 136 2291944 40877 0
1459947780258957 142 2335747 36168 139 2290805 38732 0
1459947780262655 143 2336306 33858 142 2293595 38278 0
1459947780266326 142 2335542 31916 139 2292327 36455 0
1459947780270292 145 2338677 32312 142 2294998 36069 0
1459947780273885 137 2331327 36561 135 2288501 39240 0
1459947780277645 145 2334792 36898 143 2292751 40092 0
1459947780281222 139 2330306 38150 137 2288989 40426 0
1459947780284582 133 2318490 46061 129 2275281 49903 0
1459947780288475 143 2320397 44220 141 2278004 48514 0
1459947780292284 146 2325995 45926 142 2281794 48217 0
1459947780295438 134 2315796 51739 132 2272488 53028 0
1459947780299081 142 2316634 48468 141 2275429 51597 0
1459947780302956 139 2313566 47508 137 2273021 49784 0
1459947780306785 143 2315858 45909 143 2278481 50927 0
1459947780310437 141 2315411 42733 139 2278394 47027 0
1459947780314055 144 2318839 42554 140 2279594 44459 0
1459947780317732 140 2316879 41035 136 2275580 44684 0
1459947780321311 139 2313792 40674 137 2273160 43423 0
1459947780325082 145 2318627 41953 142 2277329 43873 0
1459947780329090 140 2316684 40465 136 2273492 43981 0
1459947780333003 142 2317453 38011 140 2275075 42003 0
1459947780336885 143 2319441 36874 139 2275254 38886 0
1459947780340640 138 2314874 38202 137 2272859 38055 0
1459947780344371 140 2313224 36737 139 2273211 35406 0
1459947780348429 147 2320663 40724 144 2279936 38839 0
1459947780351684 138 2316001 41839 135 2274616 40708 0
1459947780355029 136 2309143 44891 135 2269711 42048 0
1459947780358874 140 2307941 42490 137 2267749 40570 0
1459947780362930 146 2314513 45228 143 2273621 42813 0
1459947780366604 141 2314171 42008 140 2275194 40918 0
1459947780369869 140 2312576 40196 137 2272804 39923 0
1459947780373067 137 2307266 41950 135 2268041 41194 0
1459947780376625 141 2307490 38879 138 2267490 38482 0
1459947780380329 143 2310257 38392 140 2269542 37367 0
1459947780384290 142 2311528 36563 140 2271434 36191 0
1459947780388228 145 2316539 38326 143 2277018 38510 0
1459947780391947 144 2319879 38410 142 2280885 39066 0
1459947780395738 144 2322958 38247 142 2284450 39300 0
1459947780399387 145 2327076 39055 143 2289017 40439 0
1459947780402658 136 2319353 43122 133 2280427 45197 0
1459947780406076 138 2314793 43956 137 2277628 44244 0
1459947780409723 139 2311869 43215 137 2275048 43165 0
1459947780412878 134 2302774 48222 132 2266269 47884 0
1459947780416217 135 2295669 51003 134 2260736 49243 0
1459947780420058 146 2303199 53960 142 2265876 50133 0
1459947780423868 144 2307581 53784 140 2268054 48224 0
1459947780427610 143 2310341 52126 139 2268782 45127 0
1459947780431336 145 2315445 52758 142 2273293 45759 0
1459947780434925 141 2315030 49017 139 2273611 42478 0
1459947780439377 149 2324888 54275 147 2284145 48870 0
1459947780443221 145 2328856 53692 141 2286176 46924 0
1459947780447258 145 2332514 52869 142 2289328 46164 0
1459947780450828 143 2333326 49486 140 2289674 42876 0
1459947780454374 139 2328954 49648 137 2286153 42771 0
1459947780458195 145 2332604 49134 142 2289307 42336 0
1459947780461698 142 2332129 45732 139 2288374 39887 0
1459947780465606 145 2335531 45295 142 2291354 39517 0
1459947780469529 142 2334827 42404 138 2288981 38615 0
1459947780472744 139 2330338 43228 136 2284234 39973 0
1459947780476592 146 2335160 44295 144 2290098 42256 0
1459947780480378 146 2339605 44932 144 2295504 43937 0
1459947780484090 143 2339863 41659 140 2295367 40629 0
1459947780487975 143 2340101 38623 141 2296521 38518 0
1459947780491552 140 2336480 38942 137 2292465 39246 0
1459947780494854 134 2325462 46055 134 2284886 43165 0
1459947780498362 134 2315305 51819 132 2275339 48592 0
1459947780501804 135 2307221 55221 133 2267818 51728 0
1459947780505593 138 2303609 54235 136 2264724 50537 0
1459947780509280 141 2304119 50467 139 2265712 47499 0
1459947780512924 144 2308429 50497 141 2269183 46988 0
1459947780516529 141 2308562 46674 139 2269823 43907 0
1459947780520038 140 2307405 44093 137 2267853 42292 0
1459947780523727 143 2310178 43205 141 2271156 42032 0
1459947780526753 127 2292255 56351 125 2253721 54819 0
1459947780530469 147 2301332 60316 144 2261969 58139 0
1459947780534004 142 2303300 57417 140 2264452 55885 0
1459947780537453 143 2306394 55783 141 2268021 54808 0
1459947780541380 145 2311806 56414 141 2271311 53559 0
1459947780545136 141 2311676 52125 139 2271784 49810 0
1459947780548836 142 2312836 49121 140 2273500 47500 0
1459947780552505 143 2315185 47449 140 2275082 45248 0
1459947780555988 136 2308391 50005 133 2267581 48627 0
1459947780559593 141 2308527 46224 138 2267066 45302 0
1459947780564039 148 2317613 50988 145 2275551 49584 0
1459947780567307 141 2317029 47541 139 2275693 45841 0
1459947780570690 142 2317771 44510 138 2274544 43317 0
1459947780574506 144 2321015 44022 142 2278605 43675 0
1459947780578018 142 2321445 40979 140 2279788 41353 0
1459947780581707 142 2321842 38143 140 2280879 39128 0
1459947780585325 140 2319648 37185 138 2279325 37503 0
1459947780588764 138 2315065 38503 135 2274052 39433 0
1459947780592365 139 2312120 38208 136 2270471 39652 0
1459947780595764 140 2310685 36545 136 2267170 39596 0
1459947780599290 143 2313202 36010 139 2267967 37237 0
1459947780603382 146 2319363 38875 143 2273822 39724 0
1459947780607203 144 2322482 38713 141 2276659 39236 0
1459947780610570 137 2316398 41296 135 2271595 40838 0
1459947780614010 137 2310789 43239 132 2263086 45490 0
1459947780618036 144 2314578 43353 141 2266762 45325 0
1459947780621648 141 2314231 40285 138 2266311 42198 0
1459947780625043 139 2311351 39791 137 2264615 40464 0
1459947780628613 140 2309976 37948 138 2264331 37562 0
1459947780632194 140 2308709 36150 137 2262790 36047 0
1459947780635503 138 2304981 36761 136 2260089 35719 0
1459947780639223 141 2305384 34260 139 2261439 34173 0
1459947780643065 141 2305755 31925 140 2263964 33830 0
1459947780646661 140 2304817 30293 137 2262451 32580 0
1459947780649818 136 2298833 33442 135 2258497 33679 0
1459947780653081 137 2294596 34734 136 2256131 33227 0
1459947780656471 137 2290690 35620 135 2252670 33820 0
1459947780660159 145 2297329 38958 141 2257160 35316 0
1459947780663987 145 2303450 41556 142 2262579 37552 0
1459947780667670 142 2305252 39971 138 2262455 34732 0
1459947780671040 139 2303074 38855 136 2259780 34483 0
1459947780674926 145 2308746 41048 140 2262434 34236 0
1459947780678487 141 2308855 37941 140 2264881 33817 0
1459947780682410 143 2311515 37428 141 2268417 34434 0
1459947780685936 144 2315247 37944 142 2272956 35928 0
1459947780689607 141 2314848 35346 139 2273301 33439 0
1459947780693517 145 2319600 36965 142 2277459 34659 0
1459947780697083 143 2321421 35755 139 2277452 31956 0
1459947780700994 145 2325659 36868 143 2282566 34173 0
1459947780704450 139 2321886 37464 139 2282160 31876 0
1459947780708083 139 2318408 37742 136 2277946 33269 0
1459947780711896 145 2322882 38917 143 2283021 35347 0
1459947780715519 139 2319326 39153 137 2280019 35351 0
1459947780719011 137 2313488 41475 135 2274692 37499 0
1459947780723018 147 2320906 45073 145 2282581 41842 0
1459947780726681 139 2317505 44686 135 2277054 43667 0
1459947780730171 143 2319489 43023 139 2277079 40278 0
1459947780733478 136 2312358 46233 134 2270702 43009 0
1459947780737243 141 2312185 42780 139 2271223 40128 0
1459947780741166 143 2314585 41650 140 2272983 38616 0
1459947780744742 141 2314238 38715 140 2274606 37095 0
1459947780748257 140 2312638 37164 136 2270982 37536 0
1459947780752069 144 2316283 37620 142 2275321 38603 0
1459947780755784 139 2313243 37482 136 2271641 38978 0
1459947780759580 145 2318120 39049 143 2277209 41065 0
1459947780763067 143 2320056 37783 141 2279782 40228 0
1459947780766789 142 2320561 35297 138 2278314 38438 0
1459947780770263 139 2317187 35649 135 2273120 40222 0
1459947780774059 144 2320476 35895 138 2272172 37952 0
1459947780777425 139 2317108 36194 136 2268738 38152 0
1459947780781402 147 2324243 39944 144 2275812 41693 0
1459947780785186 142 2324421 36987 138 2274654 39502 0
1459947780788744 139 2320745 37485 135 2269746 40938 0
1459947780792507 142 2321196 34972 141 2272902 40648 0
1459947780796524 147 2328012 38523 144 2279651 43694 0
1459947780800553 145 2331736 38946 142 2283313 43656 0
1459947780804204 143 2332609 36707 141 2285409 42177 0
1459947780808249 143 2333413 34581 140 2286061 39482 0
1459947780812098 144 2335435 33743 142 2289222 39311 0
1459947780815929 144 2337299 32824 140 2289576 36565 0
1459947780819900 145 2340297 33023 144 2295022 38729 0
1459947780823625 140 2336661 33794 136 2289803 40513 0
1459947780827209 142 2335869 31882 138 2287552 39422 0
1459947780830843 144 2337699 31078 140 2288037 36789 0
1459947780834321 140 2334266 31814 137 2284644 37041 0
1459947780838176 146 2338781 33490 144 2290476 39523 0
1459947780842086 145 2341663 33530 143 2294572 40211 0
1459947780845886 144 2343040 32180 141 2295788 38190 0
1459947780849665 144 2344310 30835 141 2296909 36239 0
1459947780853193 141 2341640 30886 139 2295382 34813 0
1459947780856377 130 2325099 43721 128 2279895 46369 0
1459947780860537 145 2329050 43947 143 2284818 47284 0
1459947780864577 145 2332692 43871 143 2289356 47773 0
1459947780868327 136 2324530 47966 134 2282020 50802 0
1459947780871947 141 2323406 45254 138 2280377 48347 0
1459947780875752 144 2326209 44302 140 2281422 45532 0
1459947780878734 124 2303193 62056 121 2258065 63505 0
1459947780882628 141 2303736 57707 136 2255733 60692 0
1459947780886724 144 2308076 57199 141 2259983 59868 0
1459947780890545 144 2312077 56418 142 2265181 59982 0
1459947780894205 146 2318325 57770 144 2272533 62073 0
1459947780897957 142 2318965 53846 139 2272911 57571 0
1459947780901171 138 2314435 53814 136 2269419 56291 0
1459947780904526 136 2307699 55817 134 2263640 57219 0
1459947780908468 146 2314290 57532 142 2268553 57277 0
1459947780912058 145 2319086 57458 142 2273082 56977 0
1459947780916137 146 2324787 58225 143 2278537 57554 0
1459947780919970 145 2328763 57341 141 2281006 55333 0
1459947780923587 142 2328588 53021 139 2280722 51271 0
1459947780927267 140 2325867 51386 139 2280460 47505 0
1459947780931102 145 2329758 50958 141 2282779 45930 0
1459947780934870 144 2332065 49103 140 2283636 43131 0
1459947780938526 141 2330352 46844 140 2284426 40490 0
1459947780942317 143 2331333 44088 140 2285155 37998 0
1459947780946061 141 2329677 42169 139 2284547 35589 0
1459947780949834 143 2330710 39827 141 2286546 34651 0
1459947780953564 140 2327823 39376 138 2284549 33783 0
1459947780957278 141 2326441 37572 137 2281428 34019 0
1459947780960702 140 2323887 36989 138 2279831 32832 0
1459947780964629 143 2325373 35469 142 2283479 33630 0
1459947780968774 147 2331863 38680 144 2289402 36462 0
1459947780972491 144 2334006 37633 141 2291022 35106 0
1459947780976479 144 2335981 36513 140 2291235 32560 0
1459947780980509 144 2337802 35339 142 2293992 32557 0
1459947780984444 143 2338201 32946 142 2296533 32356 0
1459947780988738 149 2338201 32946 147 2296533 32356 1
1459947780992796 145 2341129 33071 142 2298876 31988 0
1459947780996757 143 2341268 30615 143 2302316 32659 0
1459947781000524 143 2341396 28341 141 2302927 30670 0
1459947781004466 145 2344074 28595 143 2306050 31152 0
1459947781008424 145 2346543 28637 142 2307649 30192 0
1459947781011933 144 2347539 27317 141 2307843 28012 0
1459947781015650 144 2348457 26028 140 2306742 26837 0
1459947781019142 141 2348457 26028 136 2306742 26837 1
1459947781022701 140 2344183 27933 137 2301887 29214 0
1459947781026862 149 2344183 27933 147 2301887 29214 1
1459947781030498 143 2344083 25841 142 2303812 28705 0
1459947781034109 143 2343991 23906 139 2301746 28365 0
1459947781037918 145 2346466 24320 142 2303682 27932 0
1459947781041889 145 2348748 24524 143 2306746 28574 0
1459947781046166 147 2353412 26907 146 2313411 32485 0
1459947781050035 142 2351311 26740 139 2310595 32542 0
1459947781053836 146 2354494 27585 144 2314399 33506 0
1459947781057686 143 2353589 26263 141 2314066 31194 0
1459947781061430 147 2357874 28162 145 2318879 33193 0
1459947781065088 145 2359265 27243 143 2320756 32329 0
1459947781068719 145 2360547 26296 139 2317366 32927 0
1459947781072671 145 2361729 25330 142 2318081 31013 0
1459947781076518 145 2362818 24355 142 2318740 29198 0
1459947781080541 148 2367662 26918 145 2323188 31016 0
1459947781084455 146 2369568 26572 144 2326008 31192 0
1459947781088061 146 2371325 26116 143 2327328 29972 0
1459947781091619 141 2366545 28481 137 2320865 33587 0
1459947781095429 142 2363418 29137 139 2317467 34095 0
1459947781099633 149 2369495 32463 146 2323294 36803 0
1459947781103617 144 2368698 30660 141 2322266 34874 0
1459947781107077 135 2368698 30660 132 2322266 34874 1
1459947781110385 141 2364123 32481 140 2320038 34201 0
1459947781114049 142 2361185 32650 139 2316705 34601 0
1459947781118109 146 2363597 32322 143 2318752 33784 0
1459947781121883 141 2359420 33645 140 2316799 32943 0
1459947781125360 140 2354290 35744 138 2312439 34388 0
1459947781129179 146 2357241 35671 141 2312259 31866 0
1459947781133308 143 2356121 33915 139 2309533 31888 0
1459947781136878 141 2352529 34576 139 2307020 31711 0
1459947781140583 142 2350497 33746 140 2305984 30188 0
1459947781144224 144 2351184 31742 140 2305029 28709 0
1459947781147900 142 2349257 31037 140 2304148 27277 0
1459947781151737 145 2351321 30515 141 2304616 25576 0
1459947781155232 139 2345544 33456 137 2299927 27898 0
1459947781158952 143 2345338 31031 139 2298165 27342 0
1459947781162441 140 2341308 32320 136 2292700 30242 0
1459947781165807 140 2337593 33219 138 2290222 30162 0
1459947781169567 144 2339288 32186 141 2291778 29239 0
1459947781173342 140 2335731 32949 137 2288092 30351 0
1459947781177154 144 2337572 32071 142 2291094 30747 0
1459947781180541 139 2332869 33900 136 2286182 32871 0
1459947781184105 141 2331093 32887 139 2285494 30936 0
1459947781188008 146 2335856 34708 143 2289979 32654 0
1459947781191752 144 2337687 33684 141 2291554 31554 0
1459947781195026 140 2334255 34215 137 2287886 32469 0
1459947781198353 139 2329811 35637 136 2283224 34228 0
1459947781201586 134 2329811 35637 131 2283224 34228 1
1459947781205496 143 2330834 33795 140 2284047 32311 0
1459947781209315 140 2327937 33824 137 2280965 32626 0
1459947781213113 142 2327826 31282 141 2283244 32178 0
1459947781217178 146 2332844 33464 141 2285345 31601 0
1459947781220820 139 2328510 34843 137 2282162 32065 0
1459947781224610 144 2330915 34337 141 2284348 31574 0
1459947781227983 139 2326732 35509 137 2281243 31969 0
1459947781231857 145 2330556 36259 141 2283500 31552 0
1459947781235819 147 2336641 39035 144 2289421 34545 0
1459947781240174 146 2340970 39976 142 2292319 34518 0
1459947781244012 143 2341121 36991 142 2294991 34284 0
1459947781247678 143 2341260 34230 138 2292334 34053 0
1459947781251873 150 2341260 34230 148 2292334 34053 1
1459947781255593 146 2345229 35213 143 2296285 35034 0
1459947781259576 145 2347607 34654 141 2297367 33294 0
1459947781263011 141 2344680 34644 139 2295805 32131 0
1459947781266471 142 2343261 33244 139 2294365 30947 0
1459947781270556 148 2349633 36520 145 2300717 34385 0
1459947781274206 142 2347827 35329 138 2297613 34559 0
1459947781277845 139 2342323 37641 138 2294751 34496 0
1459947781281603 146 2346209 38282 142 2297233 34089 0
1459947781285387 143 2345951 35528 140 2296961 31675 0
1459947781289563 148 2352113 38433 144 2301830 33689 0
1459947781293773 148 2357794 40667 145 2307599 36375 0
1459947781297670 144 2357911 37597 141 2307797 33716 0
1459947781301655 149 2364419 40658 145 2313100 35970 0
1459947781305065 140 2358898 42569 137 2307749 38091 0
1459947781308972 147 2362769 42811 145 2313056 40007 0
1459947781312850 144 2362497 39716 141 2312828 37090 0
1459947781316519 143 2360966 38023 142 2313898 35178 0
1459947781320588 147 2364675 38471 145 2318724 36878 0
1459947781324778 148 2369374 39797 145 2323173 38098 0
1459947781328663 146 2371146 38321 144 2325995 37722 0
1459947781332362 142 2367660 38540 139 2322196 38275 0
1459947781335958 138 2367660 38540 135 2322196 38275 1
1459947781339927 144 2367006 36131 142 2322534 35596 0
1459947781344445 150 2374083 39832 146 2327966 37822 0
1459947781348014 141 2369087 41324 140 2325293 37330 0
1459947781351784 145 2369602 38569 144 2327949 36861 0
1459947781355289 142 2366236 38657 140 2325277 36443 0
1459947781359189 144 2365693 36135 142 2325374 33685 0
1459947781362594 135 2365693 36135 134 2325374 33685 1
1459947781366350 145 2366473 34030 142 2325464 31136 0
1459947781369615 133 2366473 34030 131 2325464 31136 1
1459947781372709 134 2366473 34030 131 2325464 31136 1
1459947781376251 139 2359512 37787 138 2320427 33346 0
1459947781379911 142 2356935 37209 139 2317063 33840 0
1459947781384137 150 2364799 41552 148 2325482 38957 0
1459947781387853 140 2359249 43421 137 2319163 41737 0
1459947781391052 137 2359249 43421 134 2319163 41737 1
1459947781394634 142 2356692 42384 139 2315898 41485 0
1459947781398689 146 2359455 41619 143 2318008 40188 0
1459947781402894 149 2365842 44255 148 2326353 44741 0
1459947781406724 145 2366610 41505 143 2327646 42437 0
1459947781410634 144 2366038 38788 141 2326278 40381 0
1459947781414249 141 2361671 39782 138 2321177 41927 0
1459947781417881 138 2353805 43925 136 2313915 45345 0
1459947781421209 141 2350393 43637 137 2308500 46793 0
1459947781424639 142 2348528 41945 140 2307348 44198 0
1459947781427496 131 2348528 41945 123 2307348 44198 1
1459947781430446 134 2348528 41945 125 2307348 44198 1
1459947781433491 135 2348528 41945 124 2307348 44198 1
1459947781436365 132 2348528 41945 121 2307348 44198 1
1459947781439493 136 2348528 41945 127 2307348 44198 1
1459947781442736 134 2348528 41945 125 2307348 44198 1
1459947781445608 131 2348528 41945 122 2307348 44198 1
1459947781448535 132 2348528 41945 122 2307348 44198 1
1459947781451367 131 2348528 41945 121 2307348 44198 1
1459947781454558 134 2348528 41945 125 2307348 44198 1
1459947781457873 138 2348528 41945 129 2307348 44198 1
1459947781460869 136 2348528 41945 126 2307348 44198 1
1459947781463531 128 2348528 41945 118 2307348 44198 1
1459947781466360 130 2348528 41945 121 2307348 44198 1
1459947781469327 135 2348528 41945 127 2307348 44198 1
1459947781472184 136 2348528 41945 129 2307348 44198 1
1459947781474982 134 2348528 41945 128 2307348 44198 1
1459947781478332 141 2345529 41432 135 2299886 47623 0
1459947781481576 135 2345529 41432 128 2299886 47623 1
1459947781484625 135 2345529 41432 128 2299886 47623 1
1459947781487499 130 2345529 41432 125 2299886 47623 1
1459947781490521 134 2345529 41432 128 2299886 47623 1
1459947781493089 126 2345529 41432 119 2299886 47623 1
1459947781496608 143 2345324 38383 137 2295567 47883 0
1459947781499686 136 2345324 38383 131 2295567 47883 1
1459947781502711 137 2345324 38383 130 2295567 47883 1
1459947781505619 132 2345324 38383 125 2295567 47883 1
1459947781508509 133 2345324 38383 127 2295567 47883 1
1459947781511271 134 2345324 38383 129 2295567 47883 1
1459947781514536 138 2338735 41457 132 2285185 53712 0
1459947781517657 138 2332661 43817 131 2274334 59517 0
1459947781520757 135 2323221 49094 130 2263051 65267 0
1459947781523674 134 2313239 54459 127 2248810 73296 0
1459947781526749 135 2305317 57506 130 2239521 76131 0
1459947781529423 128 2305317 57506 121 2239521 76131 1
1459947781532100 132 2294174 63285 125 2224558 83976 0
1459947781535072 134 2286461 65449 130 2217164 84230 0
1459947781537835 133 2278071 68069 127 2206508 87472 0
1459947781540674 131 2267776 72241 126 2195404 90873 0
1459947781543920 134 2262126 71805 128 2187728 90849 0
1459947781546819 128 2249237 78076 122 2172971 97354 0
1459947781549705 133 2243755 77029 128 2167047 95208 0
1459947781552524 133 2238701 75669 128 2161586 92802 0
1459947781555308 133 2234042 74051 128 2156552 90191 0
1459947781557725 126 2220787 80483 122 2144231 94502 0
1459947781560533 133 2217528 77199 127 2139272 91689 0
1459947781563425 134 2215803 72756 127 2134701 88738 0
1459947781566287 131 2210373 72076 125 2127927 88049 0
1459947781569147 133 2207927 68699 127 2124242 84566 0
1459947781572310 135 2208232 63612 130 2124685 78367 0
1459947781575288 133 2205953 60742 128 2122533 74226 0
1459947781578198 134 2205132 56751 129 2121830 69074 0
1459947781581308 135 2205656 52800 130 2122462 64259 0
1459947781584677 138 2209979 52660 134 2128164 64495 0
1459947781587486 133 2207564 50770 128 2125741 61689 0
1459947781590776 137 2210458 49470 130 2126067 57170 0
1459947781593540 135 2210565 45704 130 2126368 52980 0
1459947781596029 129 2202984 49121 123 2117685 56844 0
1459947781599108 137 2206235 48280 130 2118640 53284 0
1459947781602300 135 2206672 44911 129 2118241 49488 0
1459947781605501 137 2209635 44134 132 2121713 48822 0
1459947781608730 138 2213647 44384 132 2124914 47958 0
1459947781611806 136 2214785 41965 130 2125305 44571 0
1459947781614519 133 2211994 41258 128 2123105 43115 0
1459947781617418 133 2209421 40405 127 2119797 42795 0
1459947781620547 132 2205769 40613 128 2118027 41081 0
1459947781623151 127 2205769 40613 122 2118027 41081 1
1459947781626298 136 2207523 39057 131 2120236 39907 0
1459947781629513 138 2211700 39855 133 2124832 41026 0
1459947781632612 135 2211710 36751 130 2125229 38186 0
1459947781635742 136 2213000 35068 131 2126875 36719 0
1459947781638808 136 2214189 33424 130 2127112 34069 0
1459947781642031 135 2214005 30981 128 2124771 33564 0
1459947781644774 130 2207435 34615 125 2118773 36470 0
1459947781647527 131 2202659 36312 126 2114523 37537 0
1459947781650603 135 2203376 34136 128 2113165 35855 0
1459947781653278 129 2196357 37939 124 2106793 38926 0
1459947781655798 129 2189886 40939 123 2099639 42478 0
1459947781658736 133 2189041 38518 127 2098164 40518 0
1459947781661847 138 2194662 40690 131 2101924 40819 0
1459947781664777 136 2197284 39928 130 2104111 39646 0
1459947781667820 136 2199701 39036 129 2104847 37226 0
1459947781670711 131 2195529 39831 126 2101685 37231 0
1459947781673683 134 2195523 36724 127 2100050 35828 0
1459947781676705 135 2196797 35029 127 2098543 34416 0
1459947781679731 133 2195412 33568 127 2097154 33007 0
1459947781682797 135 2196695 32128 126 2094593 32788 0
1459947781685748 136 2199158 31888 124 2089672 34761 0
1459947781688626 138 2203988 33849 124 2085136 36226 0
1459947781691583 141 2203988 33849 127 2085136 36226 1
1459947781694833 146 2203988 33849 131 2085136 36226 1
1459947781697648 138 2208441 35309 122 2078394 39609 0
1459947781700459 142 2208441 35309 125 2078394 39609 1
1459947781703457 141 2208441 35309 125 2078394 39609 1
1459947781706220 139 2213826 37514 123 2073459 41062 0
1459947781709378 146 2213826 37514 129 2073459 41062 1
1459947781712257 144 2213826 37514 128 2073459 41062 1
1459947781715282 142 2213826 37514 124 2073459 41062 1
1459947781718565 146 2213826 37514 128 2073459 41062 1
1459947781721608 144 2213826 37514 124 2073459 41062 1
1459947781724654 145 2213826 37514 125 2073459 41062 1
1459947781727877 144 2213826 37514 126 2073459 41062 1
1459947781730626 140 2220070 40340 124 2070190 40867 0
1459947781733399 139 2224547 41315 121 2063336 43992 0
1459947781736302 144 2224547 41315 124 2063336 43992 1
1459947781739494 147 2224547 41315 128 2063336 43992 1
1459947781742570 145 2224547 41315 126 2063336 43992 1
1459947781745431 143 2233794 46611 124 2060857 42839 0
1459947781748382 144 2243598 52007 126 2061132 39746 0
1459947781751143 142 2250076 53915 123 2057546 39945 0
1459947781754256 145 2259888 58748 125 2056800 37511 0
1459947781757246 146 2270214 63677 128 2059952 37486 0
1459947781760195 147 2281013 68657 128 2062858 37236 0
1459947781763555 149 2293528 74831 130 2068097 39155 0
1459947781766578 143 2297386 72540 124 2065246 38723 0
1459947781769554 144 2302222 71330 124 2062618 38119 0
1459947781772473 141 2302840 66327 121 2056355 40912 0
1459947781775549 147 2311090 68751 129 2060822 41833 0
1459947781778633 146 2317416 69210 124 2058540 40667 0
1459947781781820 147 2324527 70358 128 2061556 40269 0
1459947781785115 148 2332363 72085 127 2063056 38505 0
1459947781787631 136 2332363 72085 116 2063056 38505 1
1459947781790708 144 2334467 68392 125 2061879 36580 0
1459947781793957 146 2338966 67196 127 2063354 35082 0
1459947781829919 146 2343114 65770 124 2060874 34626 0
1459947781832732 146 2346938 64156 123 2057308 35207 0
1459947781835754 144 2347903 60033 123 2054020 35486 0
1459947781838953 146 2351353 58522 123 2050989 35506 0
1459947781842031 146 2354533 56881 125 2050755 32947 0
1459947781845319 148 2360025 57500 126 2051819 31354 0
1459947781848656 149 2366368 58854 128 2055360 32169 0
1459947781851896 151 2374775 62006 126 2056065 30304 0
1459947781855291 148 2378685 60766 124 2054154 29696 0
1459947781858616 152 2387410 64061 128 2057513 30472 0
1459947781861604 145 2386493 59900 123 2054209 31136 0
1459947781864756 147 2388208 56801 125 2053723 29150 0
1459947781867793 146 2388509 52640 122 2049435 30824 0
1459947781870902 144 2386226 50630 123 2046762 30878 0
1459947781873933 146 2386682 47094 123 2044298 30735 0
1459947781877061 147 2388382 44981 124 2043307 29246 0
1459947781880059 147 2389949 42911 124 2042393 27802 0
1459947781882489 136 2389949 42911 113 2042393 27802 1
1459947781885832 151 2396514 45610 128 2046671 29572 0
1459947781888728 144 2393606 44726 122 2042934 30705 0
1459947781891996 149 2397325 44659 126 2044609 29850 0
1459947781895234 151 2403313 46691 128 2048713 31301 0
1459947781898033 142 2397314 48573 121 2043537 33626 0
1459947781901417 148 2399463 46759 126 2045165 32499 0
1459947781904281 146 2398884 43637 124 2044106 30935 0
1459947781907476 148 2400911 42095 126 2045690 29978 0
1459947781910475 150 2405339 42888 125 2045870 27801 0
1459947781913161 143 2400461 44033 121 2040916 30195 0
1459947781916007 145 2398524 42376 122 2037629 30865 0
1459947781918929 146 2398019 39530 122 2034599 31246 0
1459947781922002 147 2398833 37192 124 2034365 29018 0
1459947781925221 148 2400864 36158 125 2035430 27732 0
1459947781928280 149 2404016 36239 126 2037692 27650 0
1459947781931283 148 2405642 34906 124 2037217 25926 0
1459947781934172 143 2400741 36695 120 2031659 29023 0
1459947781937263 146 2400063 34452 126 2034215 29111 0
1459947781939918 139 2400063 34452 115 2034215 29111 1
1459947781942764 146 2399438 32336 122 2031451 29383 0
1459947781945746 148 2401421 31637 123 2030183 28255 0
1459947781948807 143 2396849 33378 119 2023894 31843 0
1459947781951677 143 2392635 34654 120 2019377 33518 0
1459947781954669 146 2392590 31987 122 2017773 32377 0
1459947781957838 151 2398948 35350 127 2022694 34384 0
1459947781960833 148 2400970 34452 124 2023391 32339 0
1459947781963651 145 2398994 33581 121 2020193 32759 0
1459947781966364 147 2399732 31637 123 2019805 30556 0
1459947781969261 147 2400412 29792 122 2018167 29677 0
1459947781971895 143 2395919 31605 119 2012817 32289 0
1459947781975147 150 2400737 33577 126 2016845 33479 0
1459947781978275 148 2402619 32688 123 2016718 30979 0
1459947781981410 147 2403074 30553 124 2017881 29631 0
1459947781984197 142 2397093 33678 118 2011274 33406 0
1459947781987197 143 2392860 34948 120 2007743 34050 0
1459947781990482 151 2399197 38059 126 2012168 35468 0
1459947781993106 144 2396079 37958 117 2004727 39556 0
1459947781995846 148 2398325 37062 122 2004267 36888 0
1459947781998852 148 2400395 36075 125 2007683 37155 0
1459947782001976 148 2402304 35016 123 2008272 34795 0
1459947782004664 145 2400224 34197 120 2004975 35114 0
1459947782007786 149 2403426 34477 124 2007056 34288 0
1459947782010901 150 2407658 35684 125 2010254 34557 0
1459947782013552 145 2405159 35199 121 2008082 33858 0
1459947782016653 149 2407975 35045 124 2009920 32907 0
1459947782019631 146 2406731 33452 123 2010335 30718 0
1459947782022797 150 2410705 34501 124 2011997 29850 0
1459947782025545 146 2409248 33147 121 2009689 29643 0
1459947782028125 141 2409248 33147 117 2009689 29643 1
1459947782030842 145 2406625 32974 119 2005002 31647 0
1459947782033545 142 2400367 36165 117 1998121 35517 0
1459947782036344 145 2398438 35116 118 1993057 37409 0
1459947782039222 146 2397940 32831 121 1992229 35248 0
1459947782042488 151 2403880 35742 126 1997866 37690 0
1459947782045496 148 2405516 34458 121 1996662 35854 0
1459947782048388 145 2403185 33913 120 1994272 35254 0
1459947782051317 147 2403596 31642 121 1993349 33349 0
1459947782054354 147 2403975 29518 123 1995058 32319 0
1459947782057510 150 2408164 31073 126 2000474 34786 0
1459947782060412 149 2410746 31025 122 2000346 32185 0
1459947782063608 151 2415686 33155 123 2001508 30742 0
1459947782066821 149 2417680 32402 126 2006420 32868 0
1459947782069667 147 2416958 30534 121 2004548 32025 0
1459947782072294 144 2412453 32300 118 1998982 34653 0
1459947782075447 150 2415980 33027 124 2001531 34295 0
1459947782078310 149 2417951 32263 123 2002601 32601 0
1459947782081501 154 2417951 32263 129 2002601 32601 1
1459947782084575 151 2422328 33777 127 2008707 35683 0
1459947782087300 145 2418683 34497 121 2006656 34785 0
1459947782090135 146 2416603 33718 120 2003486 34989 0
1459947782092646 142 2409565 37570 117 1996723 38488 0
1459947782095791 150 2413317 38093 126 2002009 40354 0
1459947782098882 151 2418056 39485 125 2005602 40513 0
1459947782102011 149 2419865 38068 127 2011474 42760 0
1459947782104505 144 2415133 39455 118 2005367 45048 0
1459947782107467 146 2413330 38033 122 2004857 41997 0
1459947782110695 152 2419348 40609 124 2006947 40642 0
1459947782113624 149 2421056 39011 124 2008874 39242 0
1459947782116664 147 2420071 36871 123 2009370 36633 0
1459947782119799 149 2421722 35512 125 2012387 36553 0
1459947782122380 146 2419404 34872 119 2007489 38212 0
1459947782124930 143 2413428 37656 117 2000413 41748 0
1459947782127629 146 2411758 36252 119 1996450 42138 0
1459947782130206 144 2407659 37197 116 1988957 45752 0
1459947782132923 144 2403880 37773 119 1985889 45004 0
1459947782135966 148 2405516 36330 125 1990741 45961 0
1459947782138944 149 2408305 36062 124 1993934 45313 0
1459947782141990 148 2409596 34434 123 1995597 43305 0
1459947782144960 147 2409506 31825 123 1997130 41335 0
1459947782148107 149 2411983 31621 121 1995984 39161 0
1459947782151180 150 2415546 32435 126 2001327 41027 0
1459947782154367 150 2418831 32929 124 2003693 40002 0
1459947782158178 156 2418831 32929 132 2003693 40002 1
1459947782161738 154 2418831 32929 128 2003693 40002 1
1459947782164444 148 2419299 30788 122 2003314 37224 0
1459947782167304 145 2415891 31523 121 2001685 35816 0
1459947782170427 149 2417869 30883 121 2000183 34401 0
1459947782173665 151 2422252 32511 125 2003918 35156 0
1459947782176728 146 2419893 32145 122 2003521 32774 0
1459947782179924 150 2422838 32348 124 2005715 32236 0
1459947782182868 146 2420433 32036 121 2003898 31391 0
1459947782186000 149 2422056 31029 121 2002223 30481 0
1459947782189432 152 2427392 33524 126 2007079 32575 0
1459947782192774 153 2433592 36619 126 2011555 34157 0
1459947782195780 148 2432907 34388 123 2011842 31752 0
1459947782198692 148 2432276 32282 122 2010826 30206 0
1459947782201069 142 2432276 32282 116 2010826 30206 1
1459947782203197 136 2432276 32282 111 2010826 30206 1
1459947782205917 149 2432974 30402 121 2008610 29888 0
1459947782208972 151 2436177 30979 124 2010407 29209 0
1459947782211967 149 2436570 28920 123 2010783 27274 0
1459947782215157 153 2442052 31714 128 2017530 31363 0
1459947782218300 148 2440706 30476 122 2016070 30257 0
1459947782221312 150 2442025 29311 125 2018564 30192 0
1459947782225509 148 2440681 28259 145 2046463 53553 0
1459947782229506 147 2438162 28372 144 2070903 71899 0
1459947782233245 144 2432000 31835 141 2089593 83511 0
1459947782236996 145 2427600 33403 142 2108103 94050 0
1459947782240738 143 2420983 36892 140 2122607 100073 0
1459947782244750 142 2413603 40811 139 2134698 103400 0
1459947782248480 144 2409360 41533 142 2149684 109136 0
1459947782252425 145 2406728 40713 142 2163499 113345 0
1459947782256515 147 2406862 37655 145 2180075 119770 0
1459947782260306 144 2403145 38138 141 2190236 119779 0
1459947782264065 141 2395879 41856 138 2195763 115517 0
1459947782267785 138 2385340 48300 136 2198299 108829 0
1459947782271492 143 2382025 47581 140 2205756 107201 0
1459947782274792 137 2371289 53759 134 2204951 99566 0
1459947782278218 139 2363952 56322 137 2208049 94643 0
1459947782282374 147 2367428 55125 145 2221145 99322 0
1459947782286479 145 2368072 51412 144 2231938 101511 0
1459947782290086 145 2368666 47942 141 2238047 99212 0
1459947782293679 144 2367933 44870 141 2243679 96653 0
1459947782297317 137 2358298 50246 136 2242471 90214 0
1459947782301069 145 2359655 47571 143 2250317 90399 0
1459947782305166 148 2364746 48548 146 2261390 93544 0
1459947782308939 145 2365600 45542 140 2263918 88566 0
1459947782312539 144 2365107 42437 142 2268809 86155 0
1459947782316118 142 2362093 41899 139 2269478 80041 0
1459947782319687 144 2361874 38826 141 2272655 76715 0
1459947782323067 142 2359112 38337 139 2273023 71061 0
1459947782326566 140 2354006 40047 137 2270803 67555 0
1459947782330191 140 2349299 41256 136 2267476 65343 0
1459947782333898 144 2350080 38752 143 2273369 65671 0
1459947782337637 144 2350800 36387 141 2276242 63188 0
1459947782341473 141 2347623 36472 139 2276330 58332 0
1459947782345400 144 2348534 34462 141 2278971 56209 0
1459947782349437 148 2354494 37264 146 2287806 59962 0
1459947782353416 146 2357429 37057 144 2293391 60425 0
1459947782357091 145 2358854 35475 141 2294699 56910 0
1459947782360978 144 2358888 32734 141 2295905 53575 0
1459947782364728 142 2356359 32506 141 2297017 50414 0
1459947782368592 144 2356588 30177 141 2298042 47420 0
1459947782371868 138 2349119 34703 137 2293867 47563 0
1459947782375331 142 2347354 33618 139 2292578 45034 0
1459947782378995 143 2347006 31310 140 2292670 41600 0
1459947782382630 143 2346686 29157 141 2294035 39608 0
1459947782386840 149 2346686 29157 148 2294035 39608 1
1459947782390723 145 2348951 28967 143 2297853 40033 0
1459947782394548 141 2345919 29497 138 2294973 39559 0
1459947782398316 141 2343124 29768 137 2291038 40095 0
1459947782402173 141 2340547 29817 139 2289970 37945 0
1459947782405703 142 2339451 28496 140 2290266 35252 0
1459947782409638 145 2342281 28878 143 2294378 36288 0
1459947782413371 144 2343610 27846 142 2296889 35768 0
1459947782417180 144 2344835 26799 142 2299204 35107 0
1459947782421132 146 2348524 28106 144 2303898 36691 0
1459947782424881 148 2354485 31405 145 2309505 38993 0
1459947782428583 143 2353580 29784 139 2306994 38259 0
1459947782432360 144 2354026 27868 141 2307240 35496 0
1459947782436043 142 2351877 27670 138 2303626 36052 0
1459947782439703 140 2347336 29693 138 2300295 36305 0
1459947782443467 145 2349550 29414 142 2302344 35357 0
1459947782447183 140 2345191 31134 140 2301673 33212 0
1459947782450956 139 2339892 33585 135 2294654 37086 0
1459947782455218 148 2346527 37078 147 2303544 42383 0
1459947782459121 141 2343684 36801 139 2301499 40955 0
1459947782463379 151 2343684 36801 147 2301499 40955 1
1459947782467623 146 2347463 37409 144 2306014 41917 0
1459947782471744 146 2350947 37698 144 2310176 42479 0
1459947782475769 145 2352879 36533 144 2314013 42697 0
1459947782479551 142 2350820 35575 141 2313710 39639 0
1459947782483422 144 2351482 33405 141 2313431 36798 0
1459947782486954 139 2345692 36132 137 2308054 38879 0
1459947782490548 141 2342914 35869 138 2304377 39230 0
1459947782494328 145 2345473 35425 143 2307387 38940 0
1459947782498041 146 2349112 36012 142 2308882 37275 0
1459947782502117 147 2353747 37471 144 2312820 37992 0
1459947782505985 145 2355460 36122 143 2315170 37190 0
1459947782509845 146 2358319 35935 142 2316057 35102 0
1459947782513487 139 2358319 35935 135 2316057 35102 1
1459947782517260 140 2353275 37776 138 2311755 36324 0
1459947782521072 145 2355025 36437 143 2314189 35729 0
1459947782524839 141 2351518 36822 136 2307472 39128 0
1459947782528699 145 2353405 35685 139 2305120 38238 0
1459947782532271 141 2350025 36012 139 2302952 37248 0
1459947782535849 142 2348189 34890 139 2300953 36179 0
1459947782539725 149 2355456 38864 147 2309351 41093 0
1459947782543371 143 2354476 36730 141 2309412 37939 0
1459947782547322 144 2354852 34207 142 2310749 36207 0
1459947782550985 141 2351359 34753 139 2308141 35781 0
1459947782554714 144 2351979 32608 141 2308297 33129 0
1459947782558779 148 2357670 35307 146 2314841 36573 0
1459947782562140 137 2348837 40690 135 2306794 41133 0
1459947782566162 146 2352214 40624 143 2309615 40520 0
1459947782569763 140 2347647 41659 136 2303256 43215 0
1459947782572991 136 2347647 41659 130 2303256 43215 1
1459947782576967 147 2352397 42782 144 2307634 43874 0
1459947782580196 139 2346535 44842 138 2303990 43805 0
1459947782583863 141 2343691 43958 138 2300630 43478 0
1459947782587164 139 2338510 45299 137 2296253 44115 0
1459947782590426 139 2333733 46162 136 2290938 45567 0
1459947782593706 138 2328050 47793 136 2286038 46523 0
1459947782597367 141 2326651 45348 139 2285361 43511 0
1459947782600686 138 2321521 46533 136 2280897 44226 0
1459947782604092 140 2319352 44896 139 2280621 41023 0
1459947782607557 141 2318632 42051 139 2280367 38051 0
1459947782611151 142 2319248 39333 140 2281413 36042 0
1459947782614567 145 2323656 40324 142 2284937 36475 0
1459947782618424 140 2321320 39326 136 2280506 37709 0
1459947782622180 144 2324286 38988 141 2282821 36896 0
1459947782626003 142 2324461 36103 139 2282395 34405 0
1459947782629734 142 2324622 33430 139 2282002 32078 0
1459947782633914 149 2324622 33430 145 2282002 32078 1
1459947782637525 141 2323490 31860 138 2280360 31084 0
1459947782641029 139 2319887 32691 137 2277566 31229 0
1459947782644184 136 2312725 36738 134 2271151 34702 0
1459947782647896 143 2315083 36041 139 2271637 32438 0
1459947782651629 145 2319817 37589 142 2275925 33856 0
1459947782655448 143 2321621 36315 139 2276038 31315 0
1459947782659185 143 2323284 35010 140 2277422 30144 0
1459947782662863 143 2324817 33687 139 2277418 27792 0
1459947782666916 145 2328790 34718 143 2282534 30337 0
1459947782671233 151 2328790 34718 148 2282534 30337 1
1459947782674985 142 2328613 32167 139 2282131 28337 0
1459947782678260 141 2327170 30983 138 2280479 27645 0
1459947782681912 141 2325839 29788 138 2278956 26888 0
1459947782686005 145 2329732 31049 145 2286512 31753 0
1459947782689503 135 2329732 31049 133 2286512 31753 1
1459947782693080 143 2330761 29572 141 2288358 30974 0
1459947782696755 141 2329150 28745 138 2286220 30524 0
1459947782700749 143 2330225 27490 140 2286809 28682 0
