1459947780003832 140 2293760 0 138 2260992 0 0
1459947780007845 146 2301440 7080 146 2271232 9440 0
1459947780011808 144 2305960 10692 142 2275552 12684 0
1459947780015588 141 2306286 10157 139 2275694 11824 0
1459947780019128 141 2306587 9640 140 2277105 12201 0
1459947780022646 139 2304304 10989 137 2274566 13587 0
1459947780026073 140 2303480 10889 137 2272225 14682 0
1459947780029788 142 2305280 11698 139 2272627 13905 0
1459947780033568 144 2309500 14674 142 2276838 16700 0
1459947780037241 143 2312110 15933 138 2275600 16536 0
1459947780040491 139 2309396 17189 135 2270618 19836 0
1459947780044149 146 2315854 21799 143 2276265 23492 0
1459947780047416 138 2311567 24046 137 2273791 23935 0
1459947780050805 141 2311455 22269 137 2271511 24166 0
1459947780054465 141 2311352 20623 139 2271969 22700 0
1459947780058037 141 2311257 19097 140 2273671 22495 0
1459947780061681 146 2317570 23424 145 2281640 28083 0
1459947780065323 140 2315709 23308 139 2281306 26196 0
1459947780069149 142 2316554 22266 140 2282278 25046 0
1459947780072978 145 2321173 24784 142 2285735 26275 0
1459947780076634 144 2324151 25592 140 2286361 24800 0
1459947780080486 147 2330736 29663 145 2293339 29294 0
1459947780084213 144 2332967 29401 141 2294651 28215 0
1459947780087841 142 2332463 27567 140 2294581 26074 0
1459947780091443 141 2330719 27020 138 2291956 26455 0
1459947780094807 140 2327831 27570 137 2288256 27798 0
1459947780098374 141 2326449 26689 139 2287406 26409 0
1459947780102413 147 2332855 30508 145 2294302 30702 0
1459947780106235 140 2329800 30939 139 2292979 29521 0
1459947780109584 138 2324424 33476 135 2286640 33057 0
1459947780113042 140 2322028 33068 137 2283356 33501 0
1459947780116397 137 2315979 36059 136 2279048 34853 0
1459947780119907 143 2318083 35180 141 2281477 34369 0
1459947780123591 141 2317462 33002 139 2281156 31978 0
1459947780127460 142 2318170 31075 139 2280860 29751 0
1459947780130671 139 2314982 31584 136 2276747 31216 0
1459947780133950 140 2313324 30644 136 2272956 32271 0
1459947780137366 141 2313075 28477 138 2272021 30610 0
1459947780141549 148 2321806 34300 146 2281399 36863 0
1459947780145488 145 2326014 35500 143 2286204 38413 0
1459947780149017 143 2327334 33943 142 2289354 38315 0
1459947780153039 147 2333671 37132 143 2293538 39178 0
1459947780157119 149 2342072 41976 145 2299955 42033 0
1459947780160834 142 2340857 39815 141 2300751 39482 0
1459947780164401 140 2337177 40095 137 2296364 40440 0
1459947780168150 143 2337625 37375 140 2296160 37467 0
1459947780172055 146 2341878 38375 142 2298532 36726 0
1459947780176066 145 2344518 37810 142 2300719 35872 0
1459947780179718 140 2340552 38511 137 2296335 37110 0
1459947780183115 137 2333056 42412 134 2288453 41475 0
1459947780186467 135 2323586 47828 133 2279907 46111 0
1459947780190499 144 2326375 46662 141 2282269 44685 0
1459947780194309 145 2330226 46567 145 2289566 47920 0
1459947780197909 143 2331217 43841 140 2289893 44478 0
1459947780201763 143 2332130 41257 141 2291475 42461 0
1459947780205468 142 2331692 38436 140 2291653 39307 0
1459947780209346 143 2332568 36241 140 2291817 36387 0
1459947780213216 144 2334656 35334 142 2294528 36044 0
1459947780217424 147 2340421 37887 146 2302148 40252 0
1459947780221153 143 2340615 35106 142 2304052 38862 0
1459947780225023 142 2339514 33377 141 2304527 36263 0
1459947780228895 143 2339779 31013 139 2302405 35384 0
1459947780232912 149 2347703 35895 147 2310689 40256 0
1459947780236776 144 2348608 33925 142 2311926 38251 0
1459947780240907 144 2349443 32043 142 2313066 36313 0
1459947780244924 145 2351492 31428 141 2312837 33686 0
1459947780248223 135 2340581 39029 132 2301106 41867 0
1459947780251858 142 2339483 36991 139 2299252 40305 0
1459947780255383 139 2334630 38573 137 2294982 41091 0
1459947780258957 141 2332717 37322 139 2293606 39147 0
1459947780262655 143 2333513 35140 142 2296178 38459 0
1459947780266326 142 2332967 32897 139 2294709 36808 0
1459947780270292 145 2336303 33402 142 2297194 36223 0
1459947780273885 137 2329139 37395 135 2290525 39540 0
1459947780277645 145 2332775 37824 143 2294617 40223 0
1459947780281222 139 2328446 38858 137 2290710 40681 0
1459947780284582 132 2315496 47760 129 2276868 50262 0
1459947780288475 143 2317637 46002 141 2279467 48731 0
1459947780292284 146 2323451 47768 143 2284423 49492 0
1459947780295438 134 2313451 53254 132 2274912 54392 0
1459947780299081 143 2315752 51214 141 2277664 52679 0
1459947780302956 139 2312753 49975 137 2275081 50943 0
1459947780306785 143 2315109 48242 143 2280380 51848 0
1459947780310437 141 2314721 44830 139 2280145 48013 0
1459947780314055 144 2318203 44537 140 2281208 45241 0
1459947780317732 140 2316293 42817 136 2277068 45521 0
1459947780321311 139 2313252 42273 137 2274532 44301 0
1459947780325082 145 2318129 43466 142 2278594 44583 0
1459947780329090 140 2316225 41825 136 2274658 44726 0
1459947780333003 142 2317029 39299 141 2277430 43786 0
1459947780336885 142 2317771 36912 139 2277425 40368 0
1459947780340640 138 2313335 38117 138 2276141 38397 0
1459947780344371 140 2311805 36548 139 2276237 35485 0
1459947780348429 147 2319355 40652 144 2282725 38694 0
1459947780351684 138 2314795 41679 135 2277187 40776 0
1459947780355029 137 2309311 43476 135 2272081 42296 0
1459947780358874 140 2308096 41199 137 2269934 40969 0
1459947780362930 146 2314656 44027 143 2275635 43024 0
1459947780366604 141 2314303 40911 140 2277051 40967 0
1459947780369869 139 2311418 40373 137 2274516 40102 0
1459947780373067 136 2304918 43209 136 2270899 40302 0
1459947780376625 141 2305326 40209 138 2270125 37866 0
1459947780380329 143 2308262 39774 140 2271971 36609 0
1459947780384290 141 2308409 36801 140 2273673 35317 0
1459947780388228 145 2313664 38770 143 2279082 37543 0
1459947780391947 144 2317229 39027 142 2282788 38026 0
1459947780395738 144 2320515 39007 142 2286205 38205 0
1459947780399387 144 2323544 38752 143 2290635 39304 0
1459947780402658 136 2316097 42589 133 2281919 44267 0
1459947780406076 139 2313071 42049 137 2279004 43495 0
1459947780409723 139 2310282 41333 137 2276316 42573 0
1459947780412878 133 2300031 47552 132 2267438 47429 0
1459947780416217 135 2293141 50188 134 2261814 48907 0
1459947780420058 146 2300869 53391 142 2266869 49746 0
1459947780423868 144 2305433 53427 140 2268969 47795 0
1459947780427610 143 2308361 51952 139 2269625 44666 0
1459947780431336 145 2313620 52741 142 2274070 45274 0
1459947780434925 140 2312068 50050 139 2274328 41974 0
1459947780439377 149 2322157 55440 147 2284806 48353 0
1459947780443221 145 2326338 54962 141 2286785 46399 0
1459947780447258 145 2330192 54221 142 2289889 45636 0
1459947780450828 143 2331185 50900 140 2290191 42348 0
1459947780454374 139 2326981 50798 137 2286629 42321 0
1459947780458195 144 2329505 49156 142 2289746 41887 0
1459947780461698 142 2329272 45529 140 2290059 38903 0
1459947780465606 144 2331617 44134 142 2292908 38489 0
1459947780469529 142 2331219 41052 138 2290414 37780 0
1459947780472744 139 2327012 41721 136 2285555 39306 0
1459947780476592 146 2332094 43146 144 2291316 41545 0
1459947780480378 146 2336779 44094 144 2296626 43195 0
1459947780484090 143 2337258 41090 140 2296402 40026 0
1459947780487975 143 2337699 38286 141 2297475 37887 0
1459947780491552 140 2334266 38458 137 2293344 38734 0
1459947780494854 134 2323421 45450 134 2285696 42757 0
1459947780498362 134 2313423 51115 132 2276086 48275 0
1459947780501804 135 2305486 54437 132 2267226 52670 0
1459947780505593 139 2303289 52208 136 2264178 51363 0
1459947780509280 141 2303824 48622 139 2265209 48300 0
1459947780512924 144 2308157 48818 142 2269999 48942 0
1459947780516529 141 2308312 45147 139 2270575 45649 0
1459947780520038 139 2305895 43847 138 2269826 42772 0
1459947780523727 143 2308786 43087 141 2272975 42333 0
1459947780526753 127 2290972 56142 125 2255398 55227 0
1459947780530469 147 2300149 60215 144 2263515 58394 0
1459947780534004 142 2302209 57409 140 2265877 56009 0
1459947780537453 142 2304108 54674 142 2270615 56001 0
1459947780541380 145 2309699 55556 142 2274983 55651 0
1459947780545136 141 2309733 51247 139 2275169 51475 0
1459947780548836 142 2311045 48452 140 2276621 48791 0
1459947780552505 142 2312254 45781 140 2277959 46213 0
1459947780555988 137 2306969 47075 133 2270233 49723 0
1459947780559593 140 2305937 44348 138 2269511 46503 0
1459947780564039 147 2313945 48266 145 2277805 50515 0
1459947780567307 141 2313648 44768 139 2277771 46598 0
1459947780570690 142 2314654 42197 138 2276460 44165 0
1459947780574506 143 2316861 40935 142 2280371 44320 0
1459947780578018 142 2317616 38432 140 2281417 41821 0
1459947780581707 142 2318312 36070 140 2282381 39441 0
1459947780585325 141 2317673 33840 139 2281989 36719 0
1459947780588764 138 2313244 35278 135 2276508 38902 0
1459947780592365 139 2310441 35104 136 2272735 39339 0
1459947780595764 139 2307857 34742 136 2269257 39470 0
1459947780599290 144 2311875 35731 140 2271171 38150 0
1459947780603382 146 2318139 38714 143 2276775 40335 0
1459947780607203 144 2321354 38653 141 2279381 39586 0
1459947780610570 137 2315358 41160 136 2275384 40177 0
1459947780614010 136 2308550 44219 132 2266579 45154 0
1459947780618036 145 2313794 45598 141 2269982 44763 0
1459947780621648 140 2312228 43477 138 2269279 41912 0
1459947780625043 139 2309505 42590 137 2267351 40413 0
1459947780628613 140 2308274 40395 138 2266854 37712 0
1459947780632194 139 2305860 39464 137 2265116 36367 0
1459947780635503 139 2303634 38431 136 2262233 36181 0
1459947780639223 141 2304142 35896 139 2263416 34444 0
1459947780643065 141 2304610 33523 140 2265786 33938 0
1459947780646661 140 2303762 31685 137 2264131 32811 0
1459947780649818 136 2297860 34649 134 2258765 35193 0
1459947780653081 137 2293699 35777 135 2255098 35822 0
1459947780656471 137 2289863 36516 135 2251718 36138 0
1459947780660159 144 2295287 38663 142 2257562 38701 0
1459947780663987 145 2301567 41432 142 2262949 40644 0
1459947780667670 142 2303517 39992 139 2264076 38507 0
1459947780671040 138 2300194 39929 136 2261275 38080 0
1459947780674926 145 2306091 42245 140 2263812 37444 0
1459947780678487 141 2306407 39235 140 2266151 36674 0
1459947780682410 143 2309258 38798 142 2270867 38156 0
1459947780685936 144 2313167 39369 142 2275215 39183 0
1459947780689607 141 2312930 36510 139 2275383 36276 0
1459947780693517 145 2317832 38176 141 2278098 35944 0
1459947780697083 142 2318511 35819 139 2278041 33186 0
1459947780700994 145 2322977 37137 143 2283109 35265 0
1459947780704450 140 2320694 36339 139 2282661 32921 0
1459947780708083 140 2318589 35439 136 2278408 34269 0
1459947780711896 145 2323049 36781 143 2283447 36236 0
1459947780715519 139 2319480 37196 137 2280412 36202 0
1459947780719011 137 2313630 39682 135 2275054 38311 0
1459947780723018 147 2321037 43409 145 2282915 42564 0
1459947780726681 139 2317625 43161 135 2277362 44356 0
1459947780730171 142 2318320 40430 139 2277363 40891 0
1459947780733478 137 2312561 42579 134 2270964 43595 0
1459947780737243 141 2312372 39426 139 2271464 40650 0
1459947780741166 143 2314757 38544 140 2273205 39079 0
1459947780744742 141 2314396 35864 141 2276090 38685 0
1459947780748257 140 2312783 34548 136 2272350 39109 0
1459947780752069 145 2317696 36378 142 2276582 39955 0
1459947780755784 139 2314546 36438 136 2272804 40315 0
1459947780759580 145 2319322 37993 142 2277001 41034 0
1459947780763067 143 2321164 36723 141 2279590 40215 0
1459947780766789 142 2321583 34240 138 2278137 38412 0
1459947780770263 138 2316849 35928 135 2272957 40185 0
1459947780774059 143 2318885 34998 138 2272022 37906 0
1459947780777425 139 2315642 35252 136 2268600 38098 0
1459947780781402 147 2322892 39181 143 2274405 40473 0
1459947780785186 141 2321896 37037 138 2273357 38277 0
1459947780788744 139 2318417 37349 135 2268550 39716 0
1459947780792507 142 2319050 35015 140 2270519 38428 0
1459947780796524 147 2326034 38717 144 2277454 41818 0
1459947780800553 144 2328632 38087 142 2281287 42084 0
1459947780804204 143 2329747 36139 141 2283541 40874 0
1459947780808249 143 2330775 34263 141 2285619 39596 0
1459947780812098 145 2334283 34820 142 2288815 39448 0
1459947780815929 144 2336237 33900 141 2290481 37902 0
1459947780819900 145 2339318 34091 143 2294577 38716 0
1459947780823625 140 2335758 34708 136 2289393 40469 0
1459947780827209 141 2333756 33840 138 2287174 39352 0
1459947780830843 144 2335751 33035 140 2287688 36751 0
1459947780834321 140 2332470 33478 137 2284322 36981 0
1459947780838176 146 2337125 35154 144 2290179 39490 0
1459947780842086 145 2340137 35183 142 2293018 39021 0
1459947780845886 144 2341633 33813 141 2294355 37205 0
1459947780849665 143 2341732 31263 141 2295588 35435 0
1459947780853193 141 2339264 31095 139 2294165 33977 0
1459947780856377 130 2322909 43742 128 2278773 45511 0
1459947780860537 145 2327031 44124 144 2285063 47754 0
1459947780864577 146 2332111 45359 144 2290862 49369 0
1459947780868327 136 2323994 49297 134 2283408 52383 0
1459947780871947 141 2322911 46442 138 2281656 49904 0
1459947780875752 144 2325753 45433 141 2283881 48056 0
1459947780878734 123 2301493 64247 120 2259052 67189 0
1459947780882628 141 2302168 59850 136 2256643 64159 0
1459947780886724 143 2305351 58108 142 2262102 64179 0
1459947780890545 144 2309565 57453 142 2267135 63805 0
1459947780894205 146 2316010 58905 144 2274335 65457 0
1459947780897957 142 2316831 55060 138 2273292 61303 0
1459947780901171 138 2312468 54779 136 2269771 59758 0
1459947780904526 136 2305886 56566 135 2265245 59261 0
1459947780908468 145 2311338 57172 142 2270032 59044 0
1459947780912058 145 2316364 57339 142 2274445 58499 0
1459947780916137 145 2320998 57131 143 2279793 58859 0
1459947780919970 144 2323990 55425 141 2282164 56445 0
1459947780923587 141 2322908 52091 139 2281789 52379 0
1459947780927267 140 2320630 50120 139 2281444 48603 0
1459947780931102 144 2323650 48988 141 2283686 46872 0
1459947780934870 144 2326434 47727 140 2284473 43935 0
1459947780938526 141 2325161 45171 140 2285198 41170 0
1459947780942317 143 2326547 42920 140 2285866 38569 0
1459947780946061 141 2325265 40747 140 2286482 36123 0
1459947780949834 142 2325363 37654 141 2288330 35004 0
1459947780953564 140 2322894 36988 138 2286194 34237 0
1459947780957278 140 2320617 36196 137 2282945 34557 0
1459947780960702 141 2319798 34122 138 2281229 33438 0
1459947780964629 143 2321603 33120 143 2286047 35267 0
1459947780968774 148 2329667 37966 144 2291769 37786 0
1459947780972491 143 2330701 35952 141 2293204 36156 0
1459947780976479 144 2332934 35202 140 2293247 33371 0
1459947780980509 144 2334993 34349 142 2295847 33159 0
1459947780984444 143 2335611 32235 141 2296963 31597 0
1459947780988738 148 2342581 36141 147 2305672 37157 0
1459947780992796 145 2345166 35700 142 2307301 35756 0
1459947780996757 143 2344989 33072 143 2310083 35526 0
1459947781000524 144 2346106 31518 141 2310087 32754 0
1459947781004466 145 2348416 31185 143 2312651 32559 0
1459947781008424 145 2350546 30711 142 2313735 31014 0
1459947781011933 143 2349949 28860 141 2313454 28849 0
1459947781015650 143 2349399 27111 140 2311915 28013 0
1459947781019142 141 2346332 27819 136 2305376 31851 0
1459947781022701 140 2342224 29431 138 2301908 32558 0
1459947781026862 149 2349957 34260 147 2310231 37687 0
1459947781030498 143 2349406 32090 142 2311504 35915 0
1459947781034109 143 2348898 30049 139 2308837 35566 0
1459947781037918 145 2350990 29629 142 2310219 34061 0
1459947781041889 145 2352918 29092 143 2312773 33753 0
1459947781046166 147 2357256 30818 146 2318967 36826 0
1459947781050035 142 2354855 30623 139 2315717 36943 0
1459947781053836 145 2356481 29729 144 2319121 37194 0
1459947781057686 143 2355420 28383 140 2317139 36114 0
1459947781061430 147 2359562 29984 146 2322992 38688 0
1459947781065088 146 2362101 29981 143 2324548 37099 0
1459947781068719 144 2361881 27839 139 2320862 37597 0
1459947781072671 145 2362959 26657 142 2321304 35067 0
1459947781076518 145 2363952 25490 142 2321712 32703 0
1459947781080541 148 2368708 27882 145 2325928 34034 0
1459947781084455 145 2369252 26205 144 2328534 33778 0
1459947781088061 146 2371034 25799 142 2328377 31283 0
1459947781091619 141 2366276 28168 137 2321832 34872 0
1459947781095429 142 2363170 28829 139 2318358 35348 0
1459947781099633 149 2369267 32197 146 2324116 37894 0
1459947781103617 144 2368488 30399 141 2323024 35939 0
1459947781107077 135 2368488 30399 131 2323024 35939 1
1459947781110385 141 2363929 32225 139 2319457 36418 0
1459947781114049 142 2361007 32400 140 2317449 35422 0
1459947781118109 146 2363433 32104 143 2319438 34487 0
1459947781121883 141 2359269 33432 140 2317431 33641 0
1459947781125360 140 2354151 35538 138 2313021 35076 0
1459947781129179 146 2357112 35491 141 2312796 32542 0
1459947781133308 144 2357282 32875 139 2310028 32549 0
1459947781136878 141 2353599 33700 139 2307477 32357 0
1459947781140583 142 2351484 33016 140 2306405 30816 0
1459947781144224 144 2352094 30998 140 2305417 29318 0
1459947781147900 141 2348816 31597 141 2305786 27367 0
1459947781151737 146 2352194 32242 142 2307406 26721 0
1459947781155232 138 2345068 36291 137 2302499 29155 0
1459947781158952 143 2344899 33610 139 2300536 28686 0
1459947781162441 140 2340903 34667 136 2294886 31651 0
1459947781165807 141 2338499 34173 138 2292238 31619 0
1459947781169567 144 2340123 33000 141 2293636 30437 0
1459947781173342 141 2337780 32580 137 2289805 31590 0
1459947781177154 144 2339460 31583 142 2292673 31766 0
1459947781180541 139 2334609 33586 136 2287637 33925 0
1459947781184105 140 2331417 33903 139 2286835 32012 0
1459947781188008 146 2336155 35621 143 2291216 33549 0
1459947781191752 144 2337962 34504 141 2292694 32290 0
1459947781195026 139 2333228 36171 137 2288937 33230 0
1459947781198353 139 2328864 37367 136 2284193 35005 0
1459947781201586 134 2328864 37367 131 2284193 35005 1
1459947781205496 143 2329961 35458 140 2284940 32959 0
1459947781209315 140 2327132 35294 137 2281789 33288 0
1459947781213113 142 2327084 32579 141 2284004 32729 0
1459947781217178 146 2332160 34713 141 2286046 32054 0
1459947781220820 140 2329160 34766 137 2282808 32533 0
1459947781224610 144 2331514 34219 141 2284943 31959 0
1459947781227983 139 2327284 35444 137 2281791 32366 0
1459947781231857 145 2331064 36159 141 2284006 31879 0
1459947781235819 147 2337109 38907 144 2289888 34810 0
1459947781240174 146 2341402 39824 142 2292750 34728 0
1459947781244012 143 2341519 36820 141 2294108 33266 0
1459947781247678 142 2340347 35022 138 2291520 33052 0
1459947781251873 151 2340347 35022 148 2291520 33052 1
1459947781255593 145 2343107 34829 143 2295535 34170 0
1459947781259576 145 2345651 34453 141 2296676 32552 0
1459947781263011 140 2341597 35498 139 2295168 31398 0
1459947781266471 142 2340419 33809 140 2295058 29046 0
1459947781270556 148 2347013 37246 146 2302636 33762 0
1459947781274206 141 2344132 36991 138 2299382 34123 0
1459947781277845 139 2338916 38908 138 2296382 34221 0
1459947781281603 146 2343068 39695 142 2298737 33718 0
1459947781285387 143 2343055 36604 139 2297068 32621 0
1459947781289563 147 2348163 38453 144 2301929 34553 0
1459947781293773 148 2354152 40969 146 2308970 38344 0
1459947781297670 144 2354553 38138 142 2310341 36612 0
1459947781301655 149 2361323 41399 145 2315445 38456 0
1459947781305065 139 2354764 44209 138 2311190 39372 0
1459947781308972 147 2358958 44621 145 2316228 40940 0
1459947781312850 144 2358984 41158 142 2317032 38482 0
1459947781316519 143 2357728 39099 141 2316493 35971 0
1459947781320588 147 2361690 39696 145 2321116 37422 0
1459947781324778 148 2366622 41141 145 2325378 38427 0
1459947781328663 146 2368609 39758 144 2328027 37866 0
1459947781332362 142 2365321 39681 138 2322789 39734 0
1459947781335958 138 2357170 44093 135 2314121 44619 0
1459947781339927 144 2357336 40801 142 2315090 42026 0
1459947781344445 150 2365169 44834 146 2321103 44285 0
1459947781348014 141 2360870 45293 140 2318966 42794 0
1459947781351784 146 2363307 44000 144 2322116 42354 0
1459947781355289 142 2360433 43210 140 2319900 41087 0
1459947781359189 144 2360344 39915 142 2320417 38354 0
1459947781362594 136 2350022 46311 134 2310654 44356 0
1459947781366350 145 2352026 44539 143 2313174 43213 0
1459947781369615 133 2352026 44539 131 2313174 43213 1
1459947781372709 134 2352026 44539 131 2313174 43213 1
1459947781376251 139 2346193 46435 138 2309097 43594 0
1459947781379911 142 2344656 44223 139 2306618 42472 0
1459947781384137 150 2353479 48902 148 2315853 47666 0
1459947781387853 140 2348813 49382 137 2310286 49073 0
1459947781391052 137 2340671 53028 135 2302594 52329 0
1459947781394634 142 2339566 49903 139 2300623 50056 0
1459947781398689 146 2343667 49785 143 2303926 49190 0
1459947781402894 148 2350008 51740 147 2312091 52874 0
1459947781406724 145 2352013 49545 143 2314498 50962 0
1459947781410634 144 2352581 46198 141 2314157 47293 0
1459947781414249 140 2347985 46824 138 2310003 47426 0
1459947781417881 138 2341188 49430 136 2303614 49609 0
1459947781421209 141 2338762 47803 136 2297724 51162 0
1459947781424639 142 2337806 44949 139 2296134 48629 0
1459947781427496 131 2337806 44949 123 2296134 48629 1
1459947781430446 134 2337806 44949 125 2296134 48629 1
1459947781433491 135 2337806 44949 124 2296134 48629 1
1459947781436365 132 2337806 44949 121 2296134 48629 1
1459947781439493 136 2337806 44949 127 2296134 48629 1
1459947781442736 134 2337806 44949 125 2296134 48629 1
1459947781445608 131 2337806 44949 122 2296134 48629 1
1459947781448535 132 2337806 44949 122 2296134 48629 1
1459947781451367 131 2337806 44949 121 2296134 48629 1
1459947781454558 134 2337806 44949 124 2296134 48629 1
1459947781457873 138 2337806 44949 129 2296134 48629 1
1459947781460869 135 2337806 44949 126 2296134 48629 1
1459947781463531 128 2337806 44949 119 2296134 48629 1
1459947781466360 130 2337806 44949 121 2296134 48629 1
1459947781469327 134 2337806 44949 127 2296134 48629 1
1459947781472184 136 2337806 44949 129 2296134 48629 1
1459947781474982 134 2337806 44949 128 2296134 48629 1
1459947781478332 142 2336924 42249 135 2289548 50899 0
1459947781481576 135 2336924 42249 128 2289548 50899 1
1459947781484625 134 2336924 42249 128 2289548 50899 1
1459947781487499 130 2336924 42249 125 2289548 50899 1
1459947781490521 134 2336924 42249 128 2289548 50899 1
1459947781493089 125 2336924 42249 120 2289548 50899 1
1459947781496608 143 2337391 39379 136 2284757 51338 0
1459947781499686 136 2328862 44164 131 2273940 57298 0
1459947781502711 137 2322279 46781 130 2262688 63193 0
1459947781505619 132 2309810 54619 125 2245915 73718 0
1459947781508509 133 2299596 59766 127 2233012 79852 0
1459947781511271 135 2292740 61416 129 2223677 82217 0
1459947781514536 138 2290259 58903 132 2218912 80185 0
1459947781517657 139 2289252 55228 131 2213239 79149 0
1459947781520757 136 2284484 55308 129 2205449 80145 0
1459947781523674 133 2276248 58578 127 2195708 82862 0
1459947781526749 135 2271216 58639 130 2190568 81126 0
1459947781529423 128 2257617 66593 121 2174309 89775 0
1459947781532100 132 2250200 68226 125 2164441 91857 0
1459947781535072 135 2247203 65657 130 2161744 87166 0
1459947781537835 133 2241880 65433 127 2155417 86187 0
1459947781540674 130 2233133 68384 126 2148305 86009 0
1459947781543920 134 2230189 65754 128 2144308 82973 0
1459947781546819 128 2219795 70197 122 2132943 86966 0
1459947781549705 132 2215333 68824 128 2130146 82748 0
1459947781552524 133 2212500 66058 128 2127568 78659 0
1459947781555308 133 2209888 63304 128 2125191 74703 0
1459947781557725 127 2199800 67657 122 2115320 77965 0
1459947781560533 133 2198180 63863 127 2112620 74361 0
1459947781563425 134 2197967 59069 128 2111411 69664 0
1459947781566287 131 2193930 58174 125 2106457 68787 0
1459947781569147 133 2192769 54699 127 2104450 65263 0
1459947781572310 135 2194258 51798 130 2106439 61998 0
1459947781575288 133 2193071 48844 128 2105713 57822 0
1459947781578198 133 2191977 46036 129 2106324 53867 0
1459947781581308 135 2193528 43869 130 2108167 51357 0
1459947781584677 138 2198798 45299 134 2114986 53630 0
1459947781587486 133 2197256 43180 128 2113592 50724 0
1459947781590776 137 2200955 43216 130 2114867 47937 0
1459947781593540 135 2201805 40622 130 2116043 45275 0
1459947781596029 129 2194908 43805 123 2108167 48997 0
1459947781599108 137 2198790 43961 130 2109866 46735 0
1459947781602300 135 2199809 41465 129 2110152 43347 0
1459947781605501 137 2203308 41451 132 2114256 43743 0
1459947781608730 138 2207814 42366 132 2118039 43813 0
1459947781611806 136 2209408 40526 130 2118967 41245 0
1459947781614519 132 2205758 40723 128 2117262 39593 0
1459947781617418 133 2203673 39462 127 2114410 39127 0
1459947781620547 132 2200471 39330 128 2113061 37312 0
1459947781623151 127 2191119 44878 122 2104138 42622 0
1459947781626298 136 2194017 44043 131 2107432 42328 0
1459947781629513 139 2200529 46605 133 2113028 44180 0
1459947781632612 135 2201412 43777 130 2114347 41944 0
1459947781635742 136 2203506 42287 131 2116843 40968 0
1459947781638808 136 2205437 40763 130 2117864 38708 0
1459947781642031 135 2205937 38039 127 2114965 38354 0
1459947781644774 130 2199998 40541 125 2109733 40179 0
1459947781647527 131 2195803 41240 126 2106190 40306 0
1459947781650603 135 2197055 39173 128 2105483 37807 0
1459947781653278 130 2191810 40947 124 2099712 40173 0
1459947781655798 129 2185694 43385 123 2093112 43118 0
1459947781658736 133 2185176 40471 128 2093427 40040 0
1459947781661847 137 2189819 41589 132 2098838 41899 0
1459947781664777 136 2192819 41105 130 2101266 40863 0
1459947781667820 135 2194305 39262 129 2102224 38553 0
1459947781670711 132 2191834 38471 126 2099267 38266 0
1459947781673683 134 2192116 35725 127 2097821 36608 0
1459947781676705 135 2193656 34353 127 2096488 34976 0
1459947781679731 134 2193796 31798 127 2095259 33375 0
1459947781682797 135 2195205 30612 126 2092846 32990 0
1459947781685748 136 2197784 30598 124 2088062 34821 0
1459947781688626 138 2202722 32759 125 2084932 34985 0
1459947781691583 141 2211114 37935 127 2084606 32550 0
1459947781694833 146 2211114 37935 132 2084606 32550 1
1459947781697648 138 2215010 38563 122 2077906 36183 0
1459947781700459 142 2223722 43581 125 2075569 35509 0
1459947781703457 141 2230473 46400 124 2072135 35899 0
1459947781706220 139 2234137 46153 123 2067689 37192 0
1459947781709378 146 2246475 53921 129 2071270 37588 0
1459947781712257 144 2255289 57833 127 2072012 35335 0
1459947781715282 142 2260854 58444 124 2068856 35483 0
1459947781718565 146 2271104 63328 129 2072346 35927 0
1459947781721608 143 2276714 63551 124 2069163 36053 0
1459947781724654 145 2284445 65713 125 2067509 34760 0
1459947781727877 145 2291572 67149 126 2067264 32269 0
1459947781730626 140 2291742 62059 124 2064479 32314 0
1459947781733399 138 2289339 59424 121 2058071 35695 0
1459947781736302 144 2294804 59819 124 2056004 34811 0
1459947781739494 147 2303682 63329 128 2059218 35054 0
1459947781742570 145 2309306 63566 126 2059621 32687 0
1459947781745431 143 2311931 61019 124 2057433 32149 0
1459947781748382 144 2315631 59662 126 2057976 30137 0
1459947781751143 142 2316482 55784 123 2054636 30860 0
1459947781754256 145 2321106 55688 125 2054117 28926 0
1459947781757246 146 2326649 56447 128 2057479 29765 0
1459947781760195 147 2333039 57928 128 2060578 30296 0
1459947781763555 149 2341490 61193 130 2065995 32923 0
1459947781766578 143 2341601 56514 123 2062029 34006 0
1459947781769554 145 2344263 54552 124 2059652 33539 0
1459947781772473 141 2341597 52747 121 2053621 36477 0
1459947781775549 147 2346819 53440 129 2058301 37942 0
1459947781778633 146 2350353 52523 125 2057496 35718 0
1459947781781820 147 2354891 52603 128 2060594 35783 0
1459947781785115 147 2359075 52350 127 2062170 34439 0
1459947781787631 136 2359075 52350 117 2062170 34439 1
1459947781790708 144 2359092 48275 125 2061062 32768 0
1459947781793957 146 2361667 46877 127 2062601 31627 0
1459947781829919 145 2362761 44223 124 2060180 31387 0
1459947781832732 146 2365050 42878 123 2056668 32171 0
1459947781835754 144 2364600 39942 123 2053430 32641 0
1459947781838953 146 2366745 38799 123 2050445 32841 0
1459947781842031 146 2368723 37590 126 2051533 31278 0
1459947781845319 148 2373106 38694 126 2052536 29759 0
1459947781848656 149 2378427 40576 128 2056021 30647 0
1459947781851896 151 2385892 44288 126 2056674 28854 0
1459947781855291 148 2388934 43632 125 2055996 27223 0
1459947781858616 152 2396858 47528 128 2059211 28060 0
1459947781861604 145 2395203 45339 123 2055775 29034 0
1459947781864756 146 2394957 42022 125 2055167 27324 0
1459947781867793 146 2394730 38947 122 2050767 29245 0
1459947781870902 145 2393241 37275 123 2047990 29519 0
1459947781873933 146 2393149 34446 123 2045430 29571 0
1459947781877061 148 2395624 34035 124 2044350 28254 0
1459947781880059 148 2397905 33479 124 2043355 26963 0
1459947781882489 136 2397905 33479 114 2043355 26963 1
1459947781885832 150 2402568 35162 128 2047557 28730 0
1459947781888728 144 2399187 35530 122 2043751 29993 0
1459947781891996 149 2402470 35781 126 2045362 29135 0
1459947781895234 151 2408057 38135 128 2049408 30588 0
1459947781898033 142 2401687 41026 121 2044178 33019 0
1459947781901417 148 2403495 39486 126 2045756 31894 0
1459947781904281 145 2401321 38404 124 2044651 30420 0
1459947781907476 148 2403157 37096 126 2046192 29464 0
1459947781910475 150 2407410 38118 125 2046333 27292 0
1459947781913161 143 2402371 39785 121 2041343 29758 0
1459947781916007 144 2399005 39778 122 2038023 30493 0
1459947781918929 146 2398462 37169 122 2034962 30931 0
1459947781922002 146 2397962 34725 124 2034700 28754 0
1459947781925221 148 2400061 33947 125 2035739 27464 0
1459947781928280 150 2404556 35438 126 2037976 27381 0
1459947781931283 148 2406140 34129 124 2037479 25699 0
1459947781934172 143 2401200 36015 121 2033180 27653 0
1459947781937263 147 2401766 33723 125 2034337 26559 0
1459947781939918 139 2401766 33723 115 2034337 26559 1
1459947781942764 145 2399728 32966 122 2031564 27039 0
1459947781945746 148 2401689 32198 123 2030288 26102 0
1459947781948807 143 2397097 33915 119 2023991 29866 0
1459947781951677 143 2392863 35167 120 2019466 31702 0
1459947781954669 146 2392800 32476 122 2017855 30709 0
1459947781957838 151 2399142 35785 127 2022770 32840 0
1459947781960833 148 2401149 34839 124 2023461 30911 0
1459947781963651 145 2399159 33951 121 2020258 31448 0
1459947781966364 147 2399884 31967 123 2019865 29352 0
1459947781969261 146 2399273 30032 123 2019503 27391 0
1459947781971895 143 2394869 31744 119 2014049 30278 0
1459947781975147 149 2398489 32602 126 2017981 31537 0
1459947781978275 148 2400547 31951 123 2017766 29270 0
1459947781981410 147 2401164 30023 124 2018848 27980 0
1459947781984197 141 2394053 34232 118 2012165 31954 0
1459947781987197 143 2390057 35240 120 2008564 32776 0
1459947781990482 150 2395333 37350 126 2012924 34235 0
1459947781993106 144 2392517 37027 117 2005424 38473 0
1459947781995846 147 2393761 35281 122 2004910 35940 0
1459947781998852 148 2396188 34761 125 2008276 36235 0
1459947782001976 148 2398425 34108 123 2008819 33905 0
1459947782004664 145 2396648 33081 119 2004200 35514 0
1459947782007786 149 2400129 33705 124 2006341 34713 0
1459947782010901 149 2403338 34030 125 2009595 35001 0
1459947782013552 144 2399897 34542 121 2007475 34219 0
1459947782016653 149 2403125 34818 124 2009361 33283 0
1459947782019631 147 2403540 32480 123 2009819 31104 0
1459947782022797 150 2407763 33835 124 2011521 30243 0
1459947782025545 146 2406536 32321 121 2009250 29972 0
1459947782028125 141 2399005 36737 117 2002037 34279 0
1459947782030842 145 2397182 35545 119 1997947 35369 0
1459947782033545 142 2391662 37856 117 1991617 38440 0
1459947782036344 145 2390413 36049 119 1988341 38455 0
1459947782039222 146 2390541 33350 121 1987881 35873 0
1459947782042488 150 2395779 35573 126 1993857 38579 0
1459947782045496 148 2398048 34885 121 1992966 36385 0
1459947782048388 145 2396300 33769 120 1990865 35478 0
1459947782051317 147 2397249 32004 121 1990208 33311 0
1459947782054354 148 2399403 31489 123 1992163 32510 0
1459947782057510 149 2402669 32039 126 1997805 35171 0
1459947782060412 149 2405680 32311 123 1999166 33678 0
1459947782063608 150 2409736 33525 123 2000421 32203 0
1459947782066821 149 2412195 33172 125 2004138 33113 0
1459947782069667 148 2413182 31490 121 2002444 32086 0
1459947782072294 145 2410252 31729 118 1997043 34557 0
1459947782075447 150 2413951 32660 124 1999744 34347 0
1459947782078310 148 2414801 30891 123 2000954 32778 0
1459947782081501 155 2414801 30891 129 2000954 32778 1
1459947782084575 151 2419424 32739 127 2007189 35965 0
1459947782087300 145 2416006 33331 121 2005257 34935 0
1459947782090135 146 2414135 32451 120 2002196 35026 0
1459947782092646 142 2407290 36224 117 1995534 38430 0
1459947782095791 150 2411220 37017 126 2000912 40385 0
1459947782098882 151 2416123 38645 125 2004590 40620 0
1459947782102011 150 2419363 38612 127 2010541 42932 0
1459947782104505 144 2414670 39921 118 2004507 45139 0
1459947782107467 146 2412903 38430 121 2002784 43199 0
1459947782110695 152 2418954 41006 124 2005036 41900 0
1459947782113624 149 2420693 39405 125 2008392 41720 0
1459947782116664 147 2419736 37207 123 2008926 38952 0
1459947782119799 149 2421414 35847 125 2011978 38722 0
1459947782122380 146 2419121 35159 119 2007112 40181 0
1459947782124930 143 2413167 37900 118 2001346 42356 0
1459947782127629 146 2411518 36458 119 1997310 42765 0
1459947782130206 144 2407438 37370 117 1991030 45212 0
1459947782132923 144 2403676 37917 120 1989080 43475 0
1459947782135966 148 2405328 36477 125 1993683 44321 0
1459947782138944 149 2408131 36211 124 1996646 43590 0
1459947782141990 148 2409435 34584 123 1998098 41522 0
1459947782144960 147 2409357 31953 123 1999436 39512 0
1459947782148107 149 2411845 31750 121 1998110 37647 0
1459947782151180 150 2415419 32564 126 2003287 39478 0
1459947782154367 150 2418714 33056 124 2005500 38433 0
1459947782158178 157 2418714 33056 132 2005500 38433 1
1459947782161738 153 2425591 36813 128 2012660 42030 0
1459947782164444 148 2425531 33990 122 2011580 39740 0
1459947782167304 145 2421636 34924 121 2009305 38731 0
1459947782170427 149 2423165 33605 121 2007208 37638 0
1459947782173665 151 2427135 34639 125 2010394 37634 0
1459947782176728 147 2425675 33277 121 2008211 36704 0
1459947782179924 150 2428169 32976 124 2010039 35521 0
1459947782182868 147 2426628 31819 121 2007884 34730 0
1459947782186000 149 2427767 30383 121 2005898 33846 0
1459947782189432 151 2431377 31337 127 2011747 36593 0
1459947782192774 153 2437265 34316 126 2015859 37525 0
1459947782195780 148 2436293 32530 123 2015810 34638 0
1459947782198692 147 2434117 31993 122 2014484 33152 0
1459947782201069 142 2425711 37241 116 2005582 38768 0
1459947782203197 136 2425711 37241 111 2005582 38768 1
1459947782205917 149 2426922 35447 122 2005055 36223 0
1459947782208972 151 2430598 36066 124 2007130 35305 0
1459947782211967 149 2431427 34012 123 2007762 33129 0
1459947782215157 153 2437311 36779 128 2014745 36978 0
1459947782218300 149 2437616 34186 122 2013503 35233 0
1459947782221312 150 2439177 32954 125 2016198 34964 0
1459947782225509 147 2436776 32592 145 2044282 58122 0
1459947782229506 147 2434562 32085 144 2068892 76268 0
1459947782233245 144 2428681 34998 141 2087739 87684 0
1459947782236996 145 2424540 36080 141 2105114 96850 0
1459947782240738 142 2416882 40319 140 2119851 102869 0
1459947782244750 142 2409823 43676 140 2133437 107357 0
1459947782248480 143 2404595 45081 142 2148522 112875 0
1459947782252425 145 2402336 43641 142 2162428 116876 0
1459947782256515 146 2401533 40970 145 2179088 123103 0
1459947782260306 144 2398233 40810 141 2189326 122923 0
1459947782264065 141 2391351 43965 138 2194924 118480 0
1459947782267785 138 2381166 49918 136 2197525 111621 0
1459947782271492 143 2378177 48773 140 2205043 109831 0
1459947782274792 137 2367741 54581 134 2204294 101940 0
1459947782278218 139 2360681 56824 137 2207443 96878 0
1459947782282374 147 2364412 55824 146 2221866 102605 0
1459947782286479 144 2364012 51830 144 2232602 104485 0
1459947782290086 145 2364923 48620 141 2238659 101906 0
1459947782293679 144 2364483 45226 141 2244243 99092 0
1459947782297317 137 2355117 50325 136 2242991 92503 0
1459947782301069 145 2356723 47874 143 2250797 92472 0
1459947782305166 148 2362044 49038 146 2261833 95421 0
1459947782308939 144 2361829 45403 140 2264327 90265 0
1459947782312539 144 2361631 42037 142 2269186 87692 0
1459947782316118 142 2358888 41280 140 2271105 82610 0
1459947782319687 144 2358919 38084 140 2272874 77787 0
1459947782323067 142 2356388 37440 139 2273225 72033 0
1459947782326566 140 2351495 39025 138 2272269 67286 0
1459947782330191 140 2346984 40134 136 2268827 65201 0
1459947782333898 144 2347945 37884 143 2274614 65442 0
1459947782337637 144 2348831 35741 141 2277389 62887 0
1459947782341473 141 2345808 35734 139 2277387 57973 0
1459947782345400 144 2346861 33913 141 2279946 55802 0
1459947782349437 148 2352952 36878 146 2288705 59516 0
1459947782353416 145 2354727 35632 144 2294219 59950 0
1459947782357091 144 2355083 33177 141 2295463 56412 0
1459947782360978 144 2355412 30888 142 2297889 54241 0
1459947782364728 142 2353155 30554 140 2297566 50300 0
1459947782368592 143 2352354 28903 141 2298548 47275 0
1459947782371868 137 2343936 34404 137 2294333 47465 0
1459947782375331 142 2342576 32969 139 2293008 44977 0
1459947782378995 143 2342602 30417 140 2293066 41517 0
1459947782382630 143 2342626 28062 141 2294400 39503 0
1459947782386840 149 2350328 32969 147 2303310 44629 0
1459947782390723 144 2351028 31038 143 2306403 43994 0
1459947782394548 141 2347833 31557 138 2302855 43826 0
1459947782398316 141 2344888 31805 137 2298304 44597 0
1459947782402173 141 2342173 31822 139 2296669 42619 0
1459947782405703 141 2339670 31641 140 2296441 39498 0
1459947782409638 145 2342483 31762 143 2300071 39758 0
1459947782413371 144 2343796 30490 142 2302137 38556 0
1459947782417180 144 2345006 29223 142 2304042 37299 0
1459947782421132 146 2348682 30328 144 2308358 38364 0
1459947782424881 148 2354631 33442 145 2313617 40214 0
1459947782428583 143 2353715 31672 140 2312065 38502 0
1459947782432360 144 2354151 29598 141 2311914 35632 0
1459947782436043 142 2351992 29274 137 2306655 37695 0
1459947782439703 140 2347442 31179 138 2303087 38038 0
1459947782443467 145 2349648 30776 142 2304918 36754 0
1459947782447183 140 2345281 32396 139 2302766 35865 0
1459947782450956 139 2339975 34755 135 2295662 39611 0
1459947782455218 148 2346604 38150 147 2304473 44639 0
1459947782459121 141 2343755 37794 138 2301076 44282 0
1459947782463379 150 2352649 43040 147 2309464 48555 0
1459947782467623 146 2355728 42515 144 2313357 48349 0
1459947782471744 146 2358566 41810 144 2316945 47879 0
1459947782475769 146 2361183 40955 144 2320253 47188 0
1459947782479551 142 2358475 40250 141 2319463 44229 0
1459947782483422 144 2358539 37164 141 2318734 41444 0
1459947782486954 140 2353478 38925 137 2312942 43544 0
1459947782490548 141 2350092 39003 138 2308883 43883 0
1459947782494328 144 2350811 36617 144 2312821 44084 0
1459947782498041 146 2354033 36727 142 2313891 41626 0
1459947782502117 147 2358284 37776 144 2317438 41643 0
1459947782505985 145 2359643 36076 143 2319428 40223 0
1459947782509845 146 2362175 35592 142 2319982 37591 0
1459947782513487 139 2355550 38918 135 2311533 42442 0
1459947782517260 140 2350722 40327 138 2307584 42766 0
1459947782521072 145 2352671 38973 143 2310344 41968 0
1459947782524839 141 2349348 38990 136 2303928 44603 0
1459947782528699 144 2350125 36659 139 2301853 43030 0
1459947782532271 141 2347001 36674 139 2299940 41430 0
1459947782535849 142 2345401 35282 140 2299457 38638 0
1459947782539725 149 2352886 39425 147 2307971 43468 0
1459947782543371 143 2352106 37062 141 2308140 40228 0
1459947782547322 144 2352667 34683 141 2308296 37229 0
1459947782550985 141 2349344 35035 139 2305880 36546 0
1459947782554714 144 2350121 33013 141 2306213 33997 0
1459947782558779 148 2355957 35813 146 2312920 37523 0
1459947782562140 137 2347257 41034 135 2305023 41870 0
1459947782566162 145 2349477 39875 143 2307983 41326 0
1459947782569763 140 2345124 40771 136 2301751 43841 0
1459947782572991 136 2345124 40771 130 2301751 43841 1
1459947782576967 147 2350071 42145 144 2306246 44559 0
1459947782580196 139 2344391 44087 138 2302710 44336 0
1459947782583863 141 2341715 43108 139 2300730 42696 0
1459947782587164 138 2335408 45553 137 2296345 43401 0
1459947782590426 139 2330874 46173 136 2291023 44916 0
1459947782593706 138 2325414 47597 136 2286116 45928 0
1459947782597367 141 2324221 44977 139 2285433 42968 0
1459947782600686 138 2319281 46016 136 2280963 43731 0
1459947782604092 140 2317287 44259 139 2280682 40572 0
1459947782607557 142 2318008 41466 139 2280423 37640 0
1459947782611151 142 2318673 38839 140 2281464 35659 0
1459947782614567 145 2323126 39909 142 2284984 36118 0
1459947782618424 140 2320831 38905 136 2280549 37383 0
1459947782622180 144 2323836 38635 141 2282861 36593 0
1459947782626003 142 2324046 35809 138 2281152 35309 0
1459947782629734 142 2324239 33189 139 2280857 32821 0
1459947782633914 149 2333377 39020 145 2288265 37085 0
1459947782637525 141 2331561 37644 139 2287414 34971 0
1459947782641029 140 2328607 37425 136 2282789 36500 0
1459947782644184 136 2320764 41730 133 2274686 41117 0
1459947782647896 142 2321214 38884 139 2274896 38097 0
1459947782651629 145 2325469 39768 142 2278929 38838 0
1459947782655448 144 2328111 39097 139 2278807 35914 0
1459947782659185 143 2329267 37108 140 2279975 34184 0
1459947782662863 143 2330333 35190 139 2279771 31700 0
1459947782666916 144 2332595 34526 143 2284703 33770 0
1459947782671233 152 2332595 34526 148 2284703 33770 1
1459947782674985 142 2332121 32264 138 2282850 32838 0
1459947782678260 141 2330404 31325 139 2282422 30666 0
1459947782681912 141 2328821 30336 139 2282027 28633 0
1459947782686005 146 2333761 32520 145 2289343 33141 0
1459947782689503 135 2324235 38759 133 2280728 38492 0
1459947782693080 143 2325694 37075 141 2283026 37602 0
1459947782696755 141 2324479 35297 138 2281304 36250 0
1459947782700749 143 2325919 33866 140 2282277 34314 0
