1459947780002004 130 2129920 0 129 2113536 0 0
1459947780003832 131 2131200 1180 129 2113536 0 0
1459947780005786 134 2136220 5714 134 2119936 5900 0
1459947780007845 137 2144687 13073 136 2128396 13238 0
1459947780009828 135 2149933 16887 133 2132355 15852 0
1459947780011808 133 2152209 17665 131 2133444 15617 0
1459947780013766 135 2156867 20578 133 2137008 17682 0
1459947780015588 127 2150921 24450 126 2131334 21530 0
1459947780017369 128 2146720 26411 127 2127383 23488 0
1459947780019128 132 2147967 25497 131 2128861 23015 0
1459947780020973 133 2150397 25745 130 2128943 21292 0
1459947780022646 125 2142397 31107 124 2121339 26637 0
1459947780024342 131 2142702 28957 128 2119449 26296 0
1459947780026073 129 2140423 28794 126 2115147 28206 0
1459947780027868 129 2138322 28480 128 2113741 27298 0
1459947780029788 133 2141505 29189 131 2116284 27510 0
1459947780031708 134 2145719 30793 132 2119909 28702 0
1459947780033568 134 2149604 31969 132 2123251 29540 0
1459947780035551 135 2154466 33953 131 2125052 28892 0
1459947780037241 131 2153828 31887 125 2119032 32183 0
1459947780038912 129 2150680 32296 125 2113482 34783 0
1459947780040491 130 2149058 31267 127 2110926 34421 0
1459947780042314 135 2153962 33345 132 2114969 35459 0
1459947780044149 134 2157203 33727 132 2118697 36124 0
1459947780045814 129 2153791 34236 127 2115733 36032 0
1459947780047416 129 2150646 34460 128 2114281 34555 0
1459947780049259 133 2152866 33814 130 2115502 32981 0
1459947780050805 128 2148513 35184 124 2108948 36445 0
1459947780052682 133 2150900 34635 130 2110586 35107 0
1459947780054465 130 2149260 33439 128 2109536 33331 0
1459947780056265 130 2147749 32218 129 2109848 31015 0
1459947780058037 133 2150196 31955 131 2112696 31216 0
1459947780059747 132 2151171 30357 130 2114041 30017 0
1459947780061681 139 2161030 37074 138 2125521 38254 0
1459947780063639 134 2163719 36656 133 2129704 39121 0
1459947780065323 129 2159798 37406 127 2125880 39588 0
1459947780067277 133 2161303 35871 132 2128755 39146 0
1459947780069149 132 2161411 33167 128 2126286 38363 0
1459947780070971 135 2165350 34207 130 2126569 35626 0
1459947780072978 135 2168982 34882 133 2130670 36623 0
1459947780074706 132 2168490 32609 127 2126771 37354 0
1459947780076634 134 2170596 32003 132 2129577 37021 0
1459947780078504 134 2172538 31292 133 2133443 37692 0
1459947780080486 140 2182008 37577 136 2140847 41573 0
1459947780082401 132 2180498 36032 130 2139993 39111 0
1459947780084213 133 2180386 33319 131 2140486 36509 0
1459947780085872 132 2179003 31989 130 2139660 34416 0
1459947780087841 132 2177728 30664 130 2138899 32428 0
1459947780089651 132 2176553 29351 129 2136917 31720 0
1459947780091443 129 2171629 31595 127 2132530 33284 0
1459947780093244 132 2170930 29769 131 2133606 31675 0
1459947780094807 128 2165166 32756 125 2126918 35365 0
1459947780096559 129 2161132 33914 128 2124592 34745 0
1459947780098374 133 2162533 32556 131 2126288 33593 0
1459947780100341 135 2166385 33563 132 2129131 33589 0
1459947780102413 137 2172496 36573 136 2136872 38100 0
1459947780104293 130 2169169 36781 129 2135048 36803 0
1459947780106235 130 2166102 36733 129 2133367 35476 0
1459947780108017 127 2159435 40008 126 2127977 37672 0
1459947780109584 128 2154569 41367 125 2121728 40488 0
1459947780111417 131 2153923 38730 128 2119808 39094 0
1459947780113042 129 2150767 38612 127 2116758 38850 0
1459947780114739 130 2149138 37096 129 2116506 36046 0
1459947780116397 127 2143796 39121 126 2112433 36982 0
1459947780118169 133 2146551 38604 132 2116359 37711 0
1459947780119907 132 2147811 36750 131 2118698 36920 0
1459947780121643 132 2148973 34949 128 2117014 35586 0
1459947780123591 132 2150044 33205 131 2119302 34914 0
1459947780125582 134 2153591 33880 132 2122691 35310 0
1459947780127460 129 2150461 34117 126 2118135 36750 0
1459947780129150 131 2150136 31750 127 2115215 36569 0
1459947780130671 127 2144716 34264 125 2109963 38552 0
1459947780132255 129 2142280 33832 126 2106402 38822 0
1459947780133950 131 2142594 31477 128 2105679 36455 0
1459947780135473 124 2133923 37009 122 2097332 41300 0
1459947780137366 135 2140010 39728 133 2103717 43960 0
1459947780139428 138 2149461 45337 136 2113444 49492 0
1459947780141549 138 2158174 49827 136 2122411 53891 0
1459947780143534 135 2162366 49799 134 2128117 54940 0
1459947780145488 135 2166231 49471 132 2130817 53136 0
1459947780147158 130 2163394 48221 130 2130746 49048 0
1459947780149017 135 2167178 47942 134 2135801 49876 0
1459947780150980 138 2174507 50952 135 2141741 51455 0
1459947780153039 136 2178703 50839 132 2143377 48943 0
1459947780154969 134 2180011 48073 131 2143605 45329 0
1459947780157119 142 2191457 54869 139 2154055 51421 0
1459947780159042 135 2193049 52050 133 2156009 49204 0
1459947780160834 129 2186837 53709 128 2151410 49597 0
1459947780162688 133 2186230 50071 131 2151011 46089 0
1459947780164401 128 2179270 52574 125 2142963 49906 0
1459947780166216 132 2177974 49660 130 2141944 46946 0
1459947780168150 135 2180619 48219 131 2142284 43592 0
1459947780170127 136 2184338 47879 133 2145158 42835 0
1459947780172055 133 2183926 44517 130 2143967 40585 0
1459947780174117 134 2184826 41869 132 2145429 38762 0
1459947780176066 134 2185656 39362 132 2146777 36976 0
1459947780177778 124 2173621 47380 123 2136500 43561 0
1459947780179718 135 2176606 46430 132 2138545 42043 0
1459947780181342 127 2169118 49704 125 2131471 45279 0
1459947780183115 128 2163495 51003 126 2126229 46572 0
1459947780184809 131 2162151 48256 128 2123957 45027 0
1459947780186467 119 2145552 59787 119 2110342 54059 0
1459947780188517 131 2145610 55170 130 2111871 51245 0
1459947780190499 136 2152064 56809 132 2115841 50900 0
1459947780192278 133 2154174 54315 132 2119500 50297 0
1459947780194309 138 2162519 57764 138 2130554 56557 0
1459947780196104 133 2163812 54443 130 2130504 52183 0
1459947780197909 133 2165004 51288 130 2130458 48148 0
1459947780199634 133 2166103 48294 130 2130415 44424 0
1459947780201763 135 2169676 47815 132 2132936 43277 0
1459947780203703 134 2171690 45935 132 2135260 42037 0
1459947780205468 131 2169706 44174 130 2134842 39136 0
1459947780207185 129 2165317 44767 126 2129337 41152 0
1459947780209346 137 2171511 46979 134 2134502 42699 0
1459947780211121 133 2172101 43852 131 2135424 40213 0
1459947780213216 135 2175205 43288 133 2138834 40214 0
1459947780215357 138 2181907 46084 137 2147097 44690 0
1459947780217424 136 2185525 45818 134 2150875 44680 0
1459947780219359 135 2187580 44133 134 2154357 44399 0
1459947780221153 132 2185635 42477 131 2153727 41509 0
1459947780222982 130 2181282 43170 129 2150587 41160 0
1459947780225023 134 2182389 40817 132 2151532 38815 0
1459947780226830 130 2178289 41406 126 2144723 42058 0
1459947780228895 134 2179630 39407 132 2146126 40065 0
1459947780230863 134 2180866 37467 132 2147419 38126 0
1459947780232912 141 2190965 43849 139 2157571 44506 0
1459947780234794 135 2192595 41926 134 2160530 43756 0
1459947780236776 133 2191538 39623 131 2159418 41361 0
1459947780238792 131 2188004 39784 130 2157113 40253 0
1459947780240907 137 2192426 40751 135 2161388 41049 0
1459947780242840 132 2190102 39708 127 2155089 43648 0
1459947780244924 137 2194360 40530 134 2158242 43145 0
1459947780246437 121 2177805 52624 120 2143229 53613 0
1459947780248223 130 2174063 51960 127 2138349 53922 0
1459947780250134 133 2174454 48260 130 2137690 50316 0
1459947780251858 132 2173534 45336 130 2137082 46944 0
1459947780253668 130 2170126 44935 127 2132682 47331 0
1459947780255383 129 2165704 45499 128 2129906 46191 0
1459947780257141 128 2160348 46881 127 2126067 46120 0
1459947780258957 133 2161810 44566 131 2127648 43973 0
1459947780260666 133 2163158 42327 132 2130385 43060 0
1459947780262655 132 2163121 39053 132 2132908 42021 0
1459947780264455 132 2163087 36032 132 2135234 40882 0
1459947780266326 132 2163055 33245 128 2132258 40430 0
1459947780268247 132 2163026 30673 128 2129515 39799 0
1459947780270292 138 2170679 35331 136 2137226 43798 0
1459947780272169 131 2168774 34325 130 2136655 40902 0
1459947780273885 124 2158058 41521 123 2127168 46451 0
1459947780275720 133 2159699 39790 131 2128663 44200 0
1459947780277645 137 2166332 42796 136 2136441 47916 0
1459947780279427 133 2167327 40369 132 2138491 46062 0
1459947780281222 126 2159284 44629 124 2130141 50160 0
1459947780282819 116 2139069 59776 114 2109643 65136 0
1459947780284582 129 2137074 56944 127 2107387 62126 0
1459947780286510 131 2137795 53159 130 2109147 58894 0
1459947780288475 135 2143579 54337 133 2114609 59328 0
1459947780290342 136 2150191 56187 132 2118365 58155 0
1459947780292284 135 2155007 56237 133 2123107 57983 0
1459947780293879 124 2145367 60729 123 2114679 61222 0
1459947780295438 126 2139040 61816 124 2108189 62421 0
1459947780297275 133 2142167 59869 131 2111166 60289 0
1459947780299081 131 2142490 55488 131 2113911 58108 0
1459947780300906 123 2132547 60318 121 2103641 63034 0
1459947780302956 133 2136181 58955 132 2108254 62361 0
1459947780304680 126 2130571 59519 127 2106106 59468 0
1459947780306785 139 2142040 65442 137 2116926 64797 0
1459947780308696 132 2143653 61816 130 2117941 60669 0
1459947780310437 129 2141300 59155 128 2116316 57426 0
1459947780312320 137 2149370 61973 134 2122498 58638 0
1459947780314055 131 2149130 57351 127 2119237 57061 0
1459947780316049 134 2152749 56206 129 2118791 53013 0
1459947780317732 125 2144565 59358 123 2110700 56329 0
1459947780319474 127 2139580 59314 124 2104521 57623 0
1459947780321311 131 2140105 55164 130 2106505 54950 0
1459947780323131 129 2138029 52767 128 2105774 51330 0
1459947780325082 137 2146355 56320 135 2114060 54958 0
1459947780327161 131 2146351 51923 127 2111459 53061 0
1459947780329090 130 2145067 49049 127 2109061 51125 0
1459947780331087 133 2147723 47666 131 2111970 49812 0
1459947780333003 130 2146332 45224 130 2113372 47212 0
1459947780335007 134 2150169 45228 132 2117224 47074 0
1459947780336885 131 2149867 41972 127 2114375 46021 0
1459947780338684 127 2144468 43668 126 2110469 46025 0
1459947780340640 130 2143331 41303 130 2111988 43829 0
1459947780342385 126 2137163 43761 125 2106988 45012 0
1459947780344371 133 2140437 43360 133 2112619 46686 0
1459947780346467 136 2147295 46294 134 2119090 49004 0
1459947780348429 137 2154897 49685 135 2126336 51855 0
1459947780350211 134 2158065 48724 131 2127896 49241 0
1459947780351684 122 2145626 56384 121 2116534 55868 0
1459947780353286 124 2136718 60190 122 2107339 59978 0
1459947780355029 130 2136186 55976 128 2106543 56025 0
1459947780357028 132 2138256 53510 130 2108369 53331 0
1459947780358874 129 2136324 51109 126 2104932 52331 0
1459947780360754 131 2137103 47834 130 2106884 50041 0
1459947780362930 140 2149341 55378 137 2117643 56050 0
1459947780364594 127 2143983 55989 127 2114762 54326 0
1459947780366604 135 2149284 56501 133 2119786 54712 0
1459947780368224 128 2145211 55840 125 2114177 55607 0
1459947780369869 129 2142736 53758 128 2112846 52488 0
1459947780371374 123 2132774 58740 121 2102659 57777 0
1459947780373067 128 2129991 56715 128 2102228 53659 0
1459947780374964 131 2131265 53458 130 2104391 51460 0
1459947780376625 131 2132439 50364 127 2102545 49140 0
1459947780378379 131 2133522 47427 129 2103403 46091 0
1459947780380329 133 2137080 47001 130 2105474 44399 0
1459947780382343 131 2137800 43993 130 2107383 42690 0
1459947780384290 133 2141024 43528 131 2110423 42157 0
1459947780386327 135 2146556 45227 134 2117066 44987 0
1459947780388228 134 2150376 45214 133 2121910 45937 0
1459947780390242 137 2157737 48467 135 2128935 48824 0
1459947780391947 130 2155563 46683 128 2126451 47297 0
1459947780393860 132 2156119 43548 130 2126722 43850 0
1459947780395738 137 2163032 46518 134 2132091 45374 0
1459947780397696 137 2169405 48758 136 2139601 48752 0
1459947780399387 131 2167600 46611 130 2138844 45640 0
1459947780401207 132 2167216 43322 128 2135586 45076 0
1459947780402658 119 2150222 55603 118 2119783 56122 0
1459947780404416 130 2148635 52721 129 2119294 52186 0
1459947780406076 128 2144612 52309 126 2115004 52062 0
1459947780407970 130 2143464 49280 129 2114889 48099 0
1459947780409723 129 2141125 47585 128 2113503 45618 0
1459947780411353 126 2135129 49393 126 2109665 45591 0
1459947780412878 123 2125762 54169 121 2099727 51190 0
1459947780414584 125 2119686 55537 124 2094405 52095 0
1459947780416217 127 2116645 54000 125 2090779 51367 0
1459947780418266 138 2127922 60177 135 2100236 56072 0
1459947780420058 132 2130638 57978 130 2102555 53828 0
1459947780421906 132 2133141 55756 127 2100852 51191 0
1459947780423868 135 2139289 57068 133 2106962 52824 0
1459947780425680 134 2143677 56654 129 2107475 49170 0
1459947780427610 133 2146442 54776 130 2109228 46944 0
1459947780429593 136 2152831 56386 133 2114684 48306 0
1459947780431336 134 2156161 55049 132 2118434 47989 0
1459947780433085 130 2154110 52637 128 2116771 45771 0
1459947780434925 130 2152220 50266 129 2116518 42427 0
1459947780437200 140 2163277 56531 139 2129085 50697 0
1459947780439377 136 2168350 56791 133 2132990 50336 0
1459947780441248 133 2169187 53126 130 2132750 46624 0
1459947780443221 137 2175079 54406 133 2136368 46317 0
1459947780445324 137 2180510 55162 133 2139704 45773 0
1459947780447258 133 2180397 50955 131 2140219 42671 0
1459947780449226 135 2182853 49238 134 2144534 43315 0
1459947780450828 131 2179997 48023 128 2140832 43343 0
1459947780452533 125 2169684 53777 122 2129739 50181 0
1459947780454374 134 2171697 51431 132 2132313 48633 0
1459947780456263 133 2172273 47943 132 2134686 47020 0
1459947780458195 134 2174084 45866 132 2136873 45362 0
1459947780459973 132 2173193 43102 130 2136329 42318 0
1459947780461698 133 2173652 40157 130 2135828 39472 0
1459947780463697 136 2177915 40949 134 2140486 40682 0
1459947780465606 133 2178005 37832 131 2140940 37922 0
1459947780467466 126 2169128 43059 123 2131119 44012 0
1459947780469529 136 2173744 43951 133 2134865 44026 0
1459947780471158 130 2170320 43673 127 2130638 44482 0
1459947780472744 128 2164603 45530 127 2126741 44597 0
1459947780474639 134 2167013 44194 133 2130829 44880 0
1459947780476592 135 2170515 43969 133 2134597 44847 0
1459947780478337 135 2173743 43509 133 2138071 44546 0
1459947780480378 136 2177999 44032 134 2142554 45197 0
1459947780482221 133 2178082 40669 131 2142846 41935 0
1459947780484090 133 2178159 37562 131 2143116 38907 0
1459947780486052 134 2179510 35872 133 2145925 38456 0
1459947780487975 131 2176915 35460 129 2143394 37783 0
1459947780489893 133 2177083 32844 131 2143621 35040 0
1459947780491552 127 2169558 37214 126 2137430 38008 0
1459947780493130 123 2157501 45420 122 2126603 45018 0
1459947780494854 126 2150226 48577 126 2121742 45981 0
1459947780496636 124 2140959 53323 124 2114700 48878 0
1459947780498362 126 2134976 54672 123 2106929 52222 0
1459947780500270 132 2137141 52395 130 2108725 49797 0
1459947780501804 116 2118656 65341 114 2089900 63259 0
1459947780503765 127 2115696 62964 125 2086626 61333 0
1459947780505593 129 2115527 58199 126 2084888 58142 0
1459947780507437 131 2117931 55868 130 2088406 56842 0
1459947780509280 131 2120147 53546 129 2090369 54210 0
1459947780511126 134 2126030 54785 134 2098578 57542 0
1459947780512924 132 2128893 53144 129 2099746 54123 0
1459947780514660 129 2127693 50098 128 2099543 50080 0
1459947780516529 132 2130426 48704 130 2101916 48354 0
1459947780518152 125 2123986 50835 125 2097703 48459 0
1459947780520038 134 2129569 52010 131 2101499 48173 0
1459947780521820 130 2129596 47971 128 2101159 44722 0
1459947780523727 135 2136021 50146 133 2107245 46839 0
1459947780525289 117 2118904 62007 116 2091096 58065 0
1459947780526753 116 2101844 72888 114 2073649 69611 0
1459947780528740 138 2114277 78655 135 2084445 74124 0
1459947780530469 134 2120619 78356 132 2090557 73968 0
1459947780532252 133 2125185 76443 130 2093632 71024 0
1459947780534004 132 2128114 73171 132 2099027 70448 0
1459947780535771 133 2132095 71124 132 2104000 69529 0
1459947780537453 133 2135765 68950 133 2109865 69503 0
1459947780539283 134 2140428 67862 130 2111431 65517 0
1459947780541380 135 2146007 67703 134 2117995 66449 0
1459947780543294 133 2148590 64794 132 2121486 64475 0
1459947780545136 130 2147131 61075 128 2119584 61189 0
1459947780546855 128 2143226 59902 126 2115271 60383 0
1459947780548836 136 2149866 61343 134 2121535 61440 0
1459947780550618 133 2152147 58653 132 2124750 59603 0
1459947780552505 131 2151690 54490 129 2123873 55753 0
1459947780554306 125 2143589 57699 122 2114105 60401 0
1459947780555988 128 2139961 56535 125 2108940 60442 0
1459947780557838 132 2141736 53754 129 2109299 56050 0
1459947780559593 130 2140812 50404 129 2109630 51976 0
1459947780561924 137 2148921 53941 134 2116335 54096 0
1459947780564039 138 2157676 57797 137 2126356 59107 0
1459947780565682 128 2152947 57639 127 2122794 57772 0
1459947780567307 133 2154988 55016 130 2123350 53771 0
1459947780569004 132 2155589 51271 127 2120023 52636 0
1459947780570690 132 2156143 47776 129 2119516 48990 0
1459947780572696 134 2159214 46874 132 2122888 48271 0
1459947780574506 135 2163325 47001 132 2125997 47365 0
1459947780576362 133 2164555 44463 131 2127583 45126 0
1459947780578018 131 2163129 42303 129 2126485 42611 0
1459947780579815 133 2164374 40146 131 2128033 40709 0
1459947780581707 132 2164242 37130 129 2126900 38572 0
1459947780583617 133 2165400 35297 131 2128415 36955 0
1459947780585325 129 2161348 36274 127 2124692 37498 0
1459947780587030 130 2158892 35703 127 2121260 37731 0
1459947780588764 126 2151508 39719 124 2114256 41239 0
1459947780590662 132 2152381 37420 129 2114199 38068 0
1459947780592365 126 2145506 40833 124 2107747 41040 0
1459947780594093 130 2144288 38764 125 2103079 42136 0
1459947780595764 130 2143165 36769 128 2102615 39270 0
1459947780597519 132 2144690 35302 128 2102188 36595 0
1459947780599290 134 2148656 36200 132 2106914 38093 0
1459947780601373 136 2154872 39101 131 2109991 37952 0
1459947780603382 137 2161882 42508 136 2119227 43502 0
1459947780605325 131 2160664 40308 128 2117502 41692 0
1459947780607203 135 2164662 40843 132 2121032 41688 0
1459947780609009 128 2159387 42514 126 2116606 42510 0
1459947780610570 127 2153244 44854 127 2113806 41769 0
1459947780612173 124 2143741 50108 121 2103544 47964 0
1459947780614010 128 2140101 49548 125 2099204 48216 0
1459947780616018 137 2148265 53203 133 2105443 50201 0
1459947780618036 133 2150671 51264 131 2108635 49221 0
1459947780619933 132 2151609 48124 130 2110297 46908 0
1459947780621648 132 2152474 45161 130 2111830 44656 0
1459947780623312 129 2149431 44436 127 2109403 43404 0
1459947780625043 129 2146626 43549 127 2107165 42075 0
1459947780627023 135 2151720 44842 132 2111502 42785 0
1459947780628613 127 2146176 46448 126 2107820 42835 0
1459947780630643 134 2150026 46368 131 2110826 42259 0
1459947780632194 125 2142055 50093 123 2103357 45841 0
1459947780633781 127 2137266 50592 125 2099032 46245 0
1459947780635503 131 2137972 47289 129 2100165 43676 0
1459947780637316 130 2137342 44173 128 2099929 40479 0
1459947780639223 134 2141882 44906 132 2104832 41836 0
1459947780641146 131 2142227 41715 130 2106792 40373 0
1459947780643065 131 2142545 38749 131 2109878 40063 0
1459947780644876 129 2140278 37810 126 2106323 40209 0
1459947780646661 131 2140748 35290 128 2105606 37727 0
1459947780648256 129 2138622 34491 127 2103665 36567 0
1459947780649818 126 2132822 37142 125 2099316 37719 0
1459947780651520 127 2128755 37988 126 2096586 37287 0
1459947780653081 128 2126286 37296 125 2092790 37872 0
1459947780654963 132 2129129 37003 129 2094410 36407 0
1459947780656471 123 2120230 42314 122 2086944 40444 0
1459947780658290 132 2123547 42065 130 2090301 40379 0
1459947780660159 135 2130444 45137 133 2097236 43617 0
1459947780662122 133 2134243 45112 130 2099789 42562 0
1459947780663987 136 2141585 48355 134 2107262 46126 0
1459947780665891 133 2144513 47276 130 2109032 44153 0
1459947780667670 132 2145932 44891 128 2108103 41558 0
1459947780669327 125 2138281 48436 124 2102127 43819 0
1459947780671040 132 2140187 46408 130 2104298 42396 0
1459947780672928 132 2141944 44402 128 2103739 39597 0
1459947780674926 138 2151244 49507 133 2109624 41928 0
1459947780676637 131 2150858 45994 130 2111209 40113 0
1459947780678487 132 2151782 43252 130 2112670 38326 0
1459947780680353 128 2147514 43806 128 2111457 36448 0
1459947780682410 136 2153819 46195 134 2118019 39649 0
1459947780684243 136 2159631 47944 133 2122788 40948 0
1459947780685936 130 2157309 46337 129 2122065 38414 0
1459947780687737 129 2153889 45868 127 2118838 38386 0
1459947780689607 133 2155856 44097 131 2120983 37365 0
1459947780691396 133 2157669 42323 129 2120401 34981 0
1459947780693517 137 2164461 45277 134 2126264 37653 0
1459947780695377 133 2165602 42791 129 2125269 35627 0
1459947780697083 132 2165374 39656 129 2124352 33688 0
1459947780698944 135 2169004 39903 134 2129907 36177 0
1459947780700994 135 2172350 39870 132 2132468 35710 0
1459947780702768 131 2170315 38630 130 2132268 33103 0
1459947780704450 128 2164599 40881 128 2129524 33045 0
1459947780706231 127 2158049 43724 124 2121874 37514 0
1459947780708083 131 2157131 41153 128 2119942 36363 0
1459947780710183 136 2162685 43057 134 2125841 38960 0
1459947780711896 134 2165245 42053 132 2128719 38569 0
1459947780713682 134 2167605 40942 132 2131372 38001 0
1459947780715519 125 2158260 46357 123 2122298 43396 0
1459947780717331 126 2150925 49496 124 2115213 46536 0
1459947780719011 129 2148003 48321 129 2115081 43020 0
1459947780720876 134 2151710 47962 133 2120080 44267 0
1459947780723018 139 2161527 53264 138 2131088 50956 0
1459947780724828 132 2161617 49185 128 2128436 49419 0
1459947780726681 128 2156580 49984 125 2122151 51351 0
1459947780728340 132 2157057 46518 129 2121477 47959 0
1459947780730171 131 2156216 43657 128 2119576 45963 0
1459947780731798 127 2150321 45679 124 2112704 48707 0
1459947780733478 127 2144887 47119 125 2107649 49561 0
1459947780735401 133 2147557 45899 131 2110668 48473 0
1459947780737243 131 2147459 42403 129 2110892 44892 0
1459947780739065 129 2144808 41533 127 2108538 43553 0
1459947780741166 136 2151324 44295 133 2114048 45230 0
1459947780742929 130 2149651 42375 129 2114008 41732 0
1459947780744742 133 2151949 41182 132 2117811 41977 0
1459947780746554 131 2151507 38370 128 2116197 40184 0
1459947780748257 129 2148540 38106 124 2109589 43135 0
1459947780750151 134 2152205 38506 131 2112457 42409 0
1459947780752069 135 2156863 39792 133 2117661 43892 0
1459947780754086 136 2162438 41822 134 2123738 46064 0
1459947780755784 122 2149657 50335 120 2111420 53819 0
1459947780757742 134 2153235 49700 131 2114145 52126 0
1459947780759580 133 2155253 47677 132 2117937 51549 0
1459947780761434 136 2160953 49207 135 2125273 54284 0
1459947780763067 129 2157248 48777 128 2123076 52068 0
1459947780765067 135 2161513 48897 131 2124890 49672 0
1459947780766789 129 2157764 48531 125 2118882 51328 0
1459947780768538 127 2151748 50284 125 2113344 52423 0
1459947780770263 130 2150042 47927 127 2110799 50673 0
1459947780772092 133 2152309 46272 129 2111012 46911 0
1459947780774059 132 2153119 43404 128 2109929 44244 0
1459947780775744 129 2150026 42863 126 2106370 44067 0
1459947780777425 129 2147175 42142 128 2105649 41287 0
1459947780779269 135 2152226 43506 131 2108825 40989 0
1459947780781402 137 2159443 46760 134 2115593 44025 0
1459947780783180 129 2155856 46412 125 2110312 45453 0
1459947780785186 134 2158949 45638 132 2114403 45673 0
1459947780787056 134 2161801 44701 130 2115615 43221 0
1459947780788744 125 2152910 49404 122 2106492 48253 0
1459947780790655 132 2153673 46248 131 2109602 47350 0
1459947780792507 131 2153097 43164 130 2111189 45113 0
1459947780794351 132 2153846 40481 130 2112652 42937 0
1459947780796524 139 2163496 46214 138 2124241 50265 0
1459947780798436 133 2164712 43724 131 2125964 47927 0
1459947780800553 136 2169673 44882 133 2130113 48006 0
1459947780802450 135 2172967 44411 134 2135217 48961 0
1459947780804204 131 2170883 42861 129 2133523 46696 0
1459947780806246 133 2171522 40101 131 2134521 43967 0
1459947780808249 133 2172111 37511 131 2135441 41380 0
1459947780810193 135 2175214 37441 133 2138849 41289 0
1459947780812098 133 2175515 34792 131 2139431 38599 0
1459947780813825 127 2168112 38896 124 2131007 43347 0
1459947780815929 140 2177928 44906 136 2138602 46961 0
1459947780818007 136 2181857 45019 135 2144323 48566 0
1459947780819900 133 2181639 41701 132 2145757 46093 0
1459947780821770 129 2176318 43347 127 2140679 47171 0
1459947780823625 131 2173973 42121 127 2135998 47799 0
1459947780825616 134 2175651 40377 132 2138083 45986 0
1459947780827209 128 2169518 42875 125 2131045 48880 0
1459947780829036 132 2168984 40016 130 2130957 45142 0
1459947780830843 135 2172332 39975 130 2130875 41689 0
1459947780832526 128 2166458 42265 125 2124400 44400 0
1459947780834321 132 2166163 39234 128 2122271 42893 0
1459947780836292 138 2173571 42997 135 2129268 45991 0
1459947780838176 132 2172720 40420 131 2130598 43624 0
1459947780840161 135 2175776 40079 133 2134385 43706 0
1459947780842086 134 2177313 38364 131 2135316 41149 0
1459947780844100 134 2178730 36672 131 2136174 38725 0
1459947780845886 133 2178756 33831 131 2136965 36428 0
1459947780847784 133 2178780 31209 131 2137694 34254 0
1459947780849665 132 2177522 29928 131 2138366 32197 0
1459947780851340 130 2173803 31017 128 2135146 32649 0
1459947780853193 131 2171654 30573 130 2134737 30474 0
1459947780855000 130 2168393 31189 128 2131800 30799 0
1459947780856377 111 2141067 53942 110 2106053 52127 0
1459947780858592 135 2146596 54824 133 2111757 53312 0
1459947780860537 135 2151693 55238 134 2118295 55175 0
1459947780862475 135 2156391 55253 133 2123043 55241 0
1459947780864577 136 2162002 56109 134 2128700 56140 0
1459947780866429 127 2155655 57575 125 2122395 57566 0
1459947780868327 127 2149804 58469 125 2116582 58425 0
1459947780870096 129 2146970 56513 127 2113784 56439 0
1459947780871947 133 2149477 54409 130 2115044 53191 0
1459947780873981 138 2158189 58189 135 2122606 56006 0
1459947780875752 129 2154700 56857 126 2118057 55823 0
1459947780877110 94 2106684 96679 93 2071623 94266 0
1459947780878734 133 2112339 94338 129 2074897 89919 0
1459947780880776 133 2117552 91773 130 2079195 86856 0
1459947780882628 129 2117238 84892 123 2074197 84676 0
1459947780884612 131 2119508 80352 130 2078550 82073 0
1459947780886724 135 2126721 80723 134 2087683 84080 0
1459947780888710 136 2134650 81726 132 2093542 82913 0
1459947780890545 132 2136840 77360 132 2098944 81415 0
1459947780892485 139 2147819 81437 137 2110324 85544 0
1459947780894205 133 2150260 77324 131 2113134 81451 0
1459947780895988 132 2151230 72178 129 2113165 75115 0
1459947780897957 130 2149565 68073 128 2111913 70399 0
1459947780899548 129 2146750 65348 126 2108199 68322 0
1459947780901171 127 2141595 64994 125 2103495 67319 0
1459947780902812 125 2134282 66656 125 2099159 66055 0
1459947780904526 127 2130101 65302 126 2096442 63398 0
1459947780906558 134 2135206 64907 132 2101617 63216 0
1459947780908468 136 2142473 66535 133 2107668 63855 0
1459947780910246 133 2145332 63971 130 2109406 60468 0
1459947780912058 135 2150527 63763 134 2116128 61940 0
1459947780914195 136 2156597 64376 135 2123605 63993 0
1459947780916137 135 2160912 63324 131 2125378 60627 0
1459947780918135 136 2166170 63223 133 2129572 59757 0
1459947780919970 132 2165897 58533 129 2128319 56242 0
1459947780921948 134 2168206 56088 132 2131004 54323 0
1459947780923587 128 2162654 56823 128 2128359 52517 0
1459947780925430 129 2158816 55920 129 2127200 49481 0
1459947780927267 130 2156558 53632 128 2124852 47779 0
1459947780929191 137 2163436 55783 134 2130367 49131 0
1459947780931102 133 2164657 52550 130 2130332 45324 0
1459947780933022 134 2167063 50662 131 2131579 42933 0
1459947780934870 134 2169281 48748 130 2131449 39697 0
1459947780936816 136 2173885 49184 134 2136449 41204 0
1459947780938526 127 2166610 52047 126 2130818 43174 0
1459947780940403 134 2168863 50057 131 2132027 40916 0
1459947780942317 132 2168380 46590 130 2131862 37870 0
1459947780944070 128 2162815 48079 128 2129150 37410 0
1459947780946061 134 2165365 46672 132 2131770 36902 0
1459947780948098 134 2167715 45192 132 2134185 36245 0
1459947780949834 132 2167322 42023 131 2135131 34285 0
1459947780951622 131 2165679 40252 129 2133443 33161 0
1459947780953564 127 2159045 43222 127 2129327 34363 0
1459947780955426 130 2156769 41942 128 2126813 33995 0
1459947780957278 131 2155951 39418 128 2124495 33475 0
1459947780959057 133 2157757 38003 131 2126198 32429 0
1459947780960702 129 2154302 38218 127 2122648 33166 0
1459947780962554 130 2152397 36988 129 2121936 31230 0
1459947780964629 137 2152397 36988 136 2121936 31230 1
1459947780966651 135 2157040 38379 132 2125119 31725 0
1459947780968774 139 2157040 38379 136 2125119 31725 1
1459947780970646 134 2160041 38146 132 2128054 31951 0
1459947780972491 131 2158967 36154 130 2128199 29588 0
1459947780974359 130 2158967 36154 126 2128199 29588 1
1459947780976479 137 2158967 36154 135 2128199 29588 1
1459947780978496 132 2159257 33597 131 2129613 28579 0
1459947780980509 134 2162085 33579 132 2132196 28728 0
1459947780982493 133 2163412 32178 131 2133298 27499 0
1459947780984444 133 2164635 30791 131 2134314 26286 0
1459947780986757 140 2164635 30791 139 2134314 26286 1
1459947780988738 134 2167042 30604 133 2137810 27455 0
1459947780990686 132 2166701 28526 129 2135913 27058 0
1459947780992796 137 2166701 28526 136 2135913 27058 1
1459947780994734 130 2163827 28945 132 2138004 26872 0
1459947780996757 137 2163827 28945 134 2138004 26872 1
1459947780998702 135 2167578 30140 133 2141212 27729 0
1459947781000524 131 2165915 29317 130 2140329 26375 0
1459947781002406 132 2165662 27258 131 2140795 24744 0
1459947781004466 137 2165662 27258 135 2140795 24744 1
1459947781006533 136 2165662 27258 134 2140795 24744 1
1459947781008424 133 2166709 26093 130 2139945 23593 0
1459947781010324 136 2166709 26093 132 2139945 23593 1
1459947781011933 130 2163834 26703 130 2139161 22470 0
1459947781013782 132 2163744 24698 129 2137159 22559 0
1459947781015650 134 2166221 25051 130 2136593 21317 0
1459947781017224 128 2166221 25051 122 2136593 21317 1
1459947781019142 132 2165944 23347 131 2137351 20350 0
1459947781021052 134 2168249 23648 131 2138050 19404 0
1459947781022701 125 2168249 23648 125 2138050 19404 1
1459947781024895 140 2168249 23648 138 2138050 19404 1
1459947781026862 137 2168249 23648 134 2138050 19404 1
1459947781028740 135 2171654 24939 134 2142534 22022 0
1459947781030498 132 2170953 23635 131 2142828 20572 0
1459947781032403 135 2174147 24732 132 2144379 20394 0
1459947781034109 130 2174147 24732 127 2144379 20394 1
1459947781036052 136 2174147 24732 133 2144379 20394 1
1459947781037918 132 2173251 23624 130 2143249 19841 0
1459947781039764 131 2171145 23718 130 2142207 19249 0
1459947781041889 137 2171145 23718 136 2142207 19249 1
1459947781043920 136 2171145 23718 135 2142207 19249 1
1459947781046166 137 2171145 23718 136 2142207 19249 1
1459947781048134 132 2170484 22474 130 2141247 18629 0
1459947781050035 132 2169874 21279 130 2140362 17988 0
1459947781051886 136 2169874 21279 134 2140362 17988 1
1459947781053836 134 2171872 21458 134 2144666 20549 0
1459947781055686 131 2169874 21622 129 2142233 21184 0
1459947781057686 133 2170592 20594 131 2142551 19822 0
1459947781059457 133 2171254 19595 130 2141564 19182 0
1459947781061430 140 2171254 19595 140 2141564 19182 1
1459947781063332 136 2171254 19595 132 2141564 19182 1
1459947781065088 135 2174424 20987 134 2145774 21564 0
1459947781066885 134 2176067 20861 129 2143255 22200 0
1459947781068719 134 2177581 20627 129 2140933 22605 0
1459947781070696 135 2180257 21482 131 2141352 21224 0
1459947781072671 136 2180257 21482 134 2141352 21224 1
1459947781074538 133 2180164 19888 131 2141738 19921 0
1459947781076518 135 2182638 20615 133 2144654 21052 0
1459947781078397 135 2184919 21107 134 2148622 23065 0
1459947781080541 138 2184919 21107 134 2148622 23065 1
1459947781082644 138 2184919 21107 136 2148622 23065 1
1459947781084455 132 2183182 21059 131 2148440 21429 0
1459947781086176 134 2184140 20297 131 2148273 19907 0
1459947781088061 137 2184140 20297 134 2148273 19907 1
1459947781089817 128 2184140 20297 126 2148273 19907 1
1459947781091619 132 2182464 20256 129 2145559 20852 0
1459947781093522 132 2180919 20097 130 2144337 20348 0
1459947781095429 133 2180774 18658 131 2144490 18899 0
1459947781097502 138 2180774 18658 135 2144490 18899 1
1459947781099633 137 2180774 18658 135 2144490 18899 1
1459947781101829 139 2180774 18658 136 2144490 18899 1
1459947781103617 128 2180774 18658 127 2144490 18899 1
1459947781105260 124 2180774 18658 122 2144490 18899 1
1459947781107077 128 2180774 18658 124 2144490 18899 1
1459947781108830 133 2180641 17322 132 2145911 18732 0
1459947781110385 128 2180641 17322 126 2145911 18732 1
1459947781112125 131 2177958 18440 129 2143381 19599 0
1459947781114049 133 2178045 17079 131 2143609 18277 0
1459947781115906 131 2178045 17079 128 2143609 18277 1
1459947781118109 139 2178045 17079 138 2143609 18277 1
1459947781119983 133 2178125 15817 132 2145099 18223 0
1459947781121883 131 2175638 16872 130 2143913 17892 0
1459947781123617 131 2173346 17665 129 2141539 18681 0
1459947781125360 130 2173346 17665 128 2141539 18681 1
1459947781127255 135 2173346 17665 130 2141539 18681 1
1459947781129179 136 2173346 17665 132 2141539 18681 1
1459947781131234 135 2173346 17665 130 2141539 18681 1
1459947781133308 133 2173793 16696 131 2141911 17564 0
1459947781135076 129 2173793 16696 127 2141911 17564 1
1459947781136878 133 2174205 15771 131 2142254 16507 0
1459947781138746 134 2175865 16068 132 2143850 16688 0
1459947781140583 128 2175865 16068 127 2143850 16688 1
1459947781142393 132 2174835 15760 129 2141481 17567 0
1459947781144224 134 2176446 16013 131 2141857 16541 0
1459947781146074 133 2176651 14950 131 2142204 15568 0
1459947781147900 131 2174280 15967 130 2141244 15235 0
1459947781149795 134 2175934 16244 133 2144199 16768 0
1459947781151737 136 2175934 16244 131 2144199 16768 1
1459947781153537 132 2174899 15927 131 2144363 15609 0
1459947781155232 124 2174899 15927 124 2144363 15609 1
1459947781157224 135 2174899 15927 131 2144363 15609 1
1459947781158952 131 2172665 16741 129 2141954 16609 0
1459947781160710 128 2172665 16741 126 2141954 16609 1
1459947781162441 132 2172665 16741 128 2141954 16609 1
1459947781164109 130 2169325 18511 129 2139733 17357 0
1459947781165807 131 2167526 18721 129 2137686 17886 0
1459947781167624 134 2169708 19269 132 2139639 18288 0
1459947781169567 132 2169159 18268 130 2138879 17558 0
1459947781171554 132 2168653 17306 130 2138179 16831 0
1459947781173342 129 2168653 17306 126 2138179 16831 1
1459947781175227 132 2168186 16382 131 2138813 16101 0
1459947781177154 133 2169036 15886 130 2138118 15483 0
1459947781178825 130 2169036 15886 126 2138118 15483 1
1459947781180541 129 2169036 15886 128 2138118 15483 1
1459947781182279 128 2169036 15886 127 2138118 15483 1
1459947781184105 134 2171100 16546 132 2140037 16042 0
1459947781186105 137 2171100 16546 135 2140037 16042 1
1459947781188008 133 2171722 15827 131 2140526 15239 0
1459947781189895 132 2171016 15240 129 2138417 15991 0
1459947781191752 135 2171016 15240 132 2138417 15991 1
1459947781193357 129 2171016 15240 127 2138417 15991 1
1459947781195026 128 2171016 15240 125 2138417 15991 1
1459947781196832 131 2169085 15828 129 2136473 16532 0
1459947781198353 126 2169085 15828 124 2136473 16532 1
1459947781200062 127 2169085 15828 125 2136473 16532 1
1459947781201586 123 2169085 15828 119 2136473 16532 1
1459947781203379 133 2169865 15310 130 2135961 15711 0
1459947781205496 132 2169304 14629 130 2135489 14918 0
1459947781207380 130 2169304 14629 127 2135489 14918 1
1459947781209315 129 2169304 14629 128 2135489 14918 1
1459947781211145 128 2169304 14629 128 2135489 14918 1
1459947781213113 133 2170067 14189 132 2137613 15710 0
1459947781215351 140 2170067 14189 136 2137613 15710 1
1459947781217178 130 2170067 14189 127 2137613 15710 1
1459947781219031 129 2170067 14189 128 2137613 15710 1
1459947781220820 131 2170067 14189 127 2137613 15710 1
1459947781222842 136 2170067 14189 134 2137613 15710 1
1459947781224610 130 2166930 15971 129 2135731 16215 0
1459947781226383 130 2164038 17388 129 2133997 16546 0
1459947781227983 129 2164038 17388 126 2133997 16546 1
1459947781229862 134 2166492 18291 131 2134958 16139 0
1459947781231857 135 2166492 18291 132 2134958 16139 1
1459947781233951 137 2166492 18291 135 2134958 16139 1
1459947781235819 135 2166492 18291 131 2134958 16139 1
1459947781238040 137 2166492 18291 134 2134958 16139 1
1459947781240174 135 2166492 18291 130 2134958 16139 1
1459947781242075 134 2168754 18948 134 2139684 19235 0
1459947781244012 132 2168280 17903 129 2137641 19615 0
1459947781245751 130 2168280 17903 127 2137641 19615 1
1459947781247678 133 2169123 17281 129 2135757 19818 0
1459947781249741 137 2169123 17281 136 2135757 19818 1
1459947781251873 142 2169123 17281 138 2135757 19818 1
1459947781253731 134 2171180 17826 133 2139140 21388 0
1459947781255593 135 2171180 17826 132 2139140 21388 1
1459947781257733 139 2171180 17826 136 2139140 21388 1
1459947781259576 130 2171180 17826 126 2139140 21388 1
1459947781261371 132 2170516 17044 130 2138419 20380 0
1459947781263011 129 2166064 19815 128 2135195 21759 0
1459947781264667 129 2166064 19815 127 2135195 21759 1
1459947781266471 134 2168360 20382 133 2138622 23219 0
1459947781268316 133 2169196 19560 132 2140502 23138 0
1459947781270556 142 2169196 19560 138 2140502 23138 1
1459947781272436 135 2169196 19560 132 2140502 23138 1
1459947781274206 130 2169196 19560 127 2140502 23138 1
1459947781276125 132 2168687 18499 130 2139675 22092 0
1459947781277845 128 2168687 18499 126 2139675 22092 1
1459947781279725 135 2168687 18499 132 2139675 22092 1
1459947781281603 135 2168687 18499 133 2139675 22092 1
1459947781283496 132 2168218 17485 129 2137632 22248 0
1459947781285387 134 2170345 18079 133 2140869 23493 0
1459947781287420 135 2170345 18079 132 2140869 23493 1
1459947781289563 139 2170345 18079 136 2140869 23493 1
1459947781291531 136 2170345 18079 134 2140869 23493 1
1459947781293773 138 2170345 18079 136 2140869 23493 1
1459947781295647 133 2171026 17294 130 2140013 22445 0
1459947781297670 136 2171026 17294 134 2140013 22445 1
1459947781299693 139 2171026 17294 135 2140013 22445 1
1459947781301655 138 2171026 17294 136 2140013 22445 1
1459947781303355 129 2171026 17294 127 2140013 22445 1
1459947781305065 130 2167814 18902 129 2137944 22597 0
1459947781306945 133 2168693 18235 131 2138597 21433 0
1459947781308972 141 2168693 18235 140 2138597 21433 1
1459947781310891 134 2170783 18737 131 2139199 20313 0
1459947781312850 135 2170783 18737 133 2139199 20313 1
1459947781314647 133 2171430 17870 132 2141034 20417 0
1459947781316519 134 2173307 18203 133 2144005 21560 0
1459947781318543 137 2173307 18203 135 2144005 21560 1
1459947781320588 137 2173307 18203 135 2144005 21560 1
1459947781322567 135 2176317 19555 133 2146744 22400 0
1459947781324778 141 2176317 19555 139 2146744 22400 1
1459947781326769 138 2176317 19555 136 2146744 22400 1
1459947781328663 134 2177812 19405 132 2147989 21798 0
1459947781330498 132 2176630 18977 130 2146577 21396 0
1459947781332362 133 2176820 17669 130 2145275 20923 0
1459947781334259 130 2176820 17669 128 2145275 20923 1
1459947781335958 126 2176820 17669 124 2145275 20923 1
1459947781338006 134 2178275 17630 132 2146635 20542 0
1459947781339927 135 2180897 18669 133 2149169 21273 0
1459947781342139 135 2183314 19438 132 2150225 20584 0
1459947781344445 143 2183314 19438 141 2150225 20584 1
1459947781346361 136 2183314 19438 136 2150225 20584 1
1459947781348014 127 2183314 19438 125 2150225 20584 1
1459947781349941 135 2185542 19973 134 2153758 22232 0
1459947781351784 136 2185542 19973 134 2153758 22232 1
1459947781353461 130 2181196 22417 129 2150615 23391 0
1459947781355289 134 2182310 21692 131 2150278 21873 0
1459947781357352 135 2184617 22123 133 2152527 22237 0
1459947781359189 132 2182903 21973 131 2152040 20947 0
1459947781361068 127 2182903 21973 126 2152040 20947 1
1459947781362594 124 2182903 21973 122 2152040 20947 1
1459947781364467 132 2181323 21711 131 2151591 19723 0
1459947781366350 137 2181323 21711 133 2151591 19723 1
1459947781367924 123 2181323 21711 121 2151591 19723 1
1459947781369615 125 2181323 21711 122 2151591 19723 1
1459947781371153 121 2181323 21711 119 2151591 19723 1
1459947781372709 128 2181323 21711 125 2151591 19723 1
1459947781374432 128 2181323 21711 126 2151591 19723 1
1459947781376251 130 2177307 23716 129 2148617 20922 0
1459947781378090 132 2176164 22915 130 2147156 20633 0
1459947781379911 132 2175111 22094 130 2145809 20262 0
1459947781381971 136 2175111 22094 135 2145809 20262 1
1459947781384137 142 2175111 22094 141 2145809 20262 1
1459947781386007 131 2172860 22441 129 2143287 21003 0
1459947781387853 128 2172860 22441 126 2143287 21003 1
1459947781389642 133 2173345 21134 130 2142242 20324 0
1459947781391052 122 2173345 21134 121 2142242 20324 1
1459947781392604 128 2173345 21134 126 2142242 20324 1
1459947781394634 137 2173345 21134 132 2142242 20324 1
1459947781396605 137 2173345 21134 133 2142242 20324 1
1459947781398689 136 2173345 21134 133 2142242 20324 1
1459947781400711 135 2176352 22254 135 2147679 23748 0
1459947781402894 141 2176352 22254 138 2147679 23748 1
1459947781404888 136 2176352 22254 134 2147679 23748 1
1459947781406724 134 2177844 21890 131 2147571 21990 0
1459947781408648 131 2175379 22450 129 2144912 22723 0
1459947781410634 134 2176947 22142 133 2147580 23407 0
1459947781412471 130 2173273 23798 129 2144920 24029 0
1459947781414249 130 2173273 23798 127 2144920 24029 1
1459947781416074 129 2173273 23798 127 2144920 24029 1
1459947781417881 128 2167326 27420 128 2141188 25591 0
1459947781419623 130 2167326 27420 126 2141188 25591 1
1459947781421209 129 2167326 27420 127 2141188 25591 1
1459947781422913 133 2168243 26123 130 2140307 24402 0
1459947781424639 131 2166529 25662 129 2138215 24423 0
1459947781426139 124 2166529 25662 116 2138215 24423 1
1459947781427496 123 2166529 25662 114 2138215 24423 1
1459947781428945 125 2166529 25662 117 2138215 24423 1
1459947781430446 125 2166529 25662 116 2138215 24423 1
1459947781431934 125 2166529 25662 115 2138215 24423 1
1459947781433491 127 2166529 25662 116 2138215 24423 1
1459947781434924 123 2166529 25662 112 2138215 24423 1
1459947781436365 123 2166529 25662 114 2138215 24423 1
1459947781438082 129 2166529 25662 122 2138215 24423 1
1459947781439493 124 2166529 25662 115 2138215 24423 1
1459947781441115 127 2166529 25662 117 2138215 24423 1
1459947781442736 124 2166529 25662 116 2138215 24423 1
1459947781444245 124 2166529 25662 114 2138215 24423 1
1459947781445608 121 2166529 25662 113 2138215 24423 1
1459947781447031 124 2166529 25662 113 2138215 24423 1
1459947781448535 124 2166529 25662 115 2138215 24423 1
1459947781449963 124 2166529 25662 115 2138215 24423 1
1459947781451367 122 2166529 25662 112 2138215 24423 1
1459947781452809 124 2166529 25662 115 2138215 24423 1
1459947781454558 128 2166529 25662 119 2138215 24423 1
1459947781456296 130 2166529 25662 121 2138215 24423 1
1459947781457873 128 2166529 25662 119 2138215 24423 1
1459947781459413 129 2166529 25662 120 2138215 24423 1
1459947781460869 123 2166529 25662 115 2138215 24423 1
1459947781462113 119 2166529 25662 110 2138215 24423 1
1459947781463531 121 2166529 25662 112 2138215 24423 1
1459947781465026 122 2166529 25662 112 2138215 24423 1
1459947781466360 124 2166529 25662 115 2138215 24423 1
1459947781467690 125 2166529 25662 117 2138215 24423 1
1459947781469327 126 2166529 25662 120 2138215 24423 1
1459947781470665 125 2166529 25662 119 2138215 24423 1
1459947781472184 130 2166529 25662 124 2138215 24423 1
1459947781473458 123 2166529 25662 117 2138215 24423 1
1459947781474982 127 2166529 25662 122 2138215 24423 1
1459947781476731 133 2167508 24560 128 2135006 25471 0
1459947781478332 132 2167508 24560 125 2135006 25471 1
1459947781479976 125 2167508 24560 118 2135006 25471 1
1459947781481576 128 2167508 24560 123 2135006 25471 1
1459947781482961 125 2167508 24560 119 2135006 25471 1
1459947781484625 128 2167508 24560 121 2135006 25471 1
1459947781485948 121 2167508 24560 116 2135006 25471 1
1459947781487499 124 2167508 24560 120 2135006 25471 1
1459947781489084 126 2167508 24560 123 2135006 25471 1
1459947781490521 124 2167508 24560 117 2135006 25471 1
1459947781492040 127 2167508 24560 121 2135006 25471 1
1459947781493089 105 2167508 24560 101 2135006 25471 1
1459947781494687 129 2167508 24560 124 2135006 25471 1
1459947781496608 137 2167508 24560 131 2135006 25471 1
1459947781498124 129 2167508 24560 123 2135006 25471 1
1459947781499686 127 2167508 24560 123 2135006 25471 1
1459947781501168 126 2167508 24560 120 2135006 25471 1
1459947781502711 131 2167508 24560 125 2135006 25471 1
1459947781504216 123 2167508 24560 117 2135006 25471 1
1459947781505619 124 2167508 24560 117 2135006 25471 1
1459947781507098 126 2167508 24560 121 2135006 25471 1
1459947781508509 122 2167508 24560 117 2135006 25471 1
1459947781509905 126 2167508 24560 121 2135006 25471 1
1459947781511271 126 2167508 24560 121 2135006 25471 1
1459947781512808 125 2167508 24560 118 2135006 25471 1
1459947781514536 133 2167508 24560 127 2135006 25471 1
1459947781516185 133 2167508 24560 126 2135006 25471 1
1459947781517657 127 2167508 24560 120 2135006 25471 1
1459947781519178 128 2167508 24560 122 2135006 25471 1
1459947781520757 127 2167508 24560 120 2135006 25471 1
1459947781522252 126 2167508 24560 120 2135006 25471 1
1459947781523674 124 2167508 24560 119 2135006 25471 1
1459947781525204 126 2167508 24560 123 2135006 25471 1
1459947781526749 128 2167508 24560 122 2135006 25471 1
1459947781528064 120 2167508 24560 112 2135006 25471 1
1459947781529423 120 2167508 24560 114 2135006 25471 1
1459947781530631 120 2167508 24560 113 2135006 25471 1
1459947781532100 126 2167508 24560 121 2135006 25471 1
1459947781533407 123 2167508 24560 119 2135006 25471 1
1459947781535072 130 2167508 24560 124 2135006 25471 1
1459947781536436 126 2167508 24560 121 2135006 25471 1
1459947781537835 123 2167508 24560 117 2135006 25471 1
1459947781539186 121 2167508 24560 117 2135006 25471 1
1459947781540674 123 2167508 24560 118 2135006 25471 1
1459947781542165 123 2167508 24560 117 2135006 25471 1
1459947781543920 128 2167508 24560 121 2135006 25471 1
1459947781545456 127 2167508 24560 121 2135006 25471 1
1459947781546819 115 2167508 24560 109 2135006 25471 1
1459947781548329 126 2167508 24560 122 2135006 25471 1
1459947781549705 123 2167508 24560 119 2135006 25471 1
1459947781551118 124 2167508 24560 121 2135006 25471 1
1459947781552524 122 2167508 24560 116 2135006 25471 1
1459947781553950 126 2167508 24560 121 2135006 25471 1
1459947781555308 124 2167508 24560 119 2135006 25471 1
1459947781556523 118 2167508 24560 114 2135006 25471 1
1459947781557725 119 2167508 24560 116 2135006 25471 1
1459947781559226 126 2167508 24560 120 2135006 25471 1
1459947781560533 123 2167508 24560 118 2135006 25471 1
1459947781561989 126 2167508 24560 120 2135006 25471 1
1459947781563425 126 2167508 24560 120 2135006 25471 1
1459947781564776 119 2167508 24560 113 2135006 25471 1
1459947781566287 125 2167508 24560 119 2135006 25471 1
1459947781567838 127 2167508 24560 122 2135006 25471 1
1459947781569147 122 2167508 24560 116 2135006 25471 1
1459947781570739 126 2167508 24560 121 2135006 25471 1
1459947781572310 126 2167508 24560 121 2135006 25471 1
1459947781573809 125 2167508 24560 121 2135006 25471 1
1459947781575288 123 2167508 24560 119 2135006 25471 1
1459947781576763 124 2167508 24560 121 2135006 25471 1
1459947781578198 126 2167508 24560 121 2135006 25471 1
1459947781579708 128 2167508 24560 123 2135006 25471 1
1459947781581308 126 2167508 24560 121 2135006 25471 1
1459947781582986 129 2167508 24560 126 2135006 25471 1
1459947781584677 129 2167508 24560 125 2135006 25471 1
1459947781586137 124 2167508 24560 121 2135006 25471 1
1459947781587486 125 2167508 24560 120 2135006 25471 1
1459947781589081 126 2167508 24560 120 2135006 25471 1
1459947781590776 127 2167508 24560 122 2135006 25471 1
1459947781592178 128 2167508 24560 123 2135006 25471 1
1459947781593540 125 2167508 24560 120 2135006 25471 1
1459947781594841 124 2167508 24560 117 2135006 25471 1
1459947781596029 117 2167508 24560 113 2135006 25471 1
1459947781597357 123 2167508 24560 119 2135006 25471 1
1459947781599108 132 2167508 24560 124 2135006 25471 1
1459947781600688 126 2167508 24560 120 2135006 25471 1
1459947781602300 127 2167508 24560 122 2135006 25471 1
1459947781603861 130 2167508 24560 125 2135006 25471 1
1459947781605501 128 2167508 24560 123 2135006 25471 1
1459947781606987 127 2167508 24560 121 2135006 25471 1
1459947781608730 131 2167508 24560 125 2135006 25471 1
1459947781610266 128 2167508 24560 124 2135006 25471 1
1459947781611806 126 2167508 24560 119 2135006 25471 1
1459947781613288 128 2167508 24560 123 2135006 25471 1
1459947781614519 120 2167508 24560 117 2135006 25471 1
1459947781615805 121 2167508 24560 117 2135006 25471 1
1459947781617418 129 2167508 24560 123 2135006 25471 1
1459947781618969 124 2167508 24560 121 2135006 25471 1
1459947781620547 124 2167508 24560 119 2135006 25471 1
1459947781621926 120 2167508 24560 116 2135006 25471 1
1459947781623151 120 2167508 24560 114 2135006 25471 1
1459947781624617 125 2167508 24560 120 2135006 25471 1
1459947781626298 129 2167508 24560 124 2135006 25471 1
1459947781627973 130 2167508 24560 125 2135006 25471 1
1459947781629513 129 2167508 24560 124 2135006 25471 1
1459947781631188 129 2167508 24560 124 2135006 25471 1
1459947781632612 125 2167508 24560 120 2135006 25471 1
1459947781634139 126 2167508 24560 121 2135006 25471 1
1459947781635742 129 2167508 24560 123 2135006 25471 1
1459947781637245 127 2167508 24560 121 2135006 25471 1
1459947781638808 128 2167508 24560 122 2135006 25471 1
1459947781640462 130 2167508 24560 123 2135006 25471 1
1459947781642031 123 2167508 24560 116 2135006 25471 1
1459947781643348 121 2167508 24560 117 2135006 25471 1
1459947781644774 123 2167508 24560 118 2135006 25471 1
1459947781646045 119 2167508 24560 113 2135006 25471 1
1459947781647527 126 2167508 24560 121 2135006 25471 1
1459947781649142 130 2167508 24560 124 2135006 25471 1
1459947781650603 123 2167508 24560 118 2135006 25471 1
1459947781651897 121 2167508 24560 115 2135006 25471 1
1459947781653278 121 2167508 24560 116 2135006 25471 1
1459947781654378 117 2167508 24560 112 2135006 25471 1
1459947781655798 125 2167508 24560 118 2135006 25471 1
1459947781657095 122 2167508 24560 117 2135006 25471 1
1459947781658736 126 2167508 24560 121 2135006 25471 1
1459947781660172 126 2167508 24560 120 2135006 25471 1
1459947781661847 131 2167508 24560 127 2135006 25471 1
1459947781663523 130 2167508 24560 125 2135006 25471 1
1459947781664777 125 2167508 24560 119 2135006 25471 1
1459947781666289 125 2167508 24560 119 2135006 25471 1
1459947781667820 128 2167508 24560 123 2135006 25471 1
1459947781669324 124 2167508 24560 119 2135006 25471 1
1459947781670711 124 2167508 24560 119 2135006 25471 1
1459947781672250 127 2167508 24560 122 2135006 25471 1
1459947781673683 124 2167508 24560 117 2135006 25471 1
1459947781675208 126 2167508 24560 119 2135006 25471 1
1459947781676705 127 2167508 24560 119 2135006 25471 1
1459947781678263 129 2167508 24560 123 2135006 25471 1
1459947781679731 121 2167508 24560 115 2135006 25471 1
1459947781681137 126 2167508 24560 119 2135006 25471 1
1459947781682797 127 2167508 24560 117 2135006 25471 1
1459947781684404 127 2167508 24560 116 2135006 25471 1
1459947781685748 128 2167508 24560 115 2135006 25471 1
1459947781687188 132 2167508 24560 118 2135006 25471 1
1459947781688626 128 2167508 24560 116 2135006 25471 1
1459947781690069 132 2167508 24560 117 2135006 25471 1
1459947781691583 135 2167508 24560 121 2135006 25471 1
1459947781693214 136 2167508 24560 123 2135006 25471 1
1459947781694833 138 2167508 24560 123 2135006 25471 1
1459947781696196 130 2167508 24560 115 2135006 25471 1
1459947781697648 128 2167508 24560 112 2135006 25471 1
1459947781698855 129 2167508 24560 112 2135006 25471 1
1459947781700459 135 2167508 24560 120 2135006 25471 1
1459947781701892 131 2167508 24560 113 2135006 25471 1
1459947781703457 136 2167508 24560 120 2135006 25471 1
1459947781704938 132 2167508 24560 116 2135006 25471 1
1459947781706220 127 2167508 24560 112 2135006 25471 1
1459947781707705 134 2167508 24560 115 2135006 25471 1
1459947781709378 140 2167508 24560 126 2135006 25471 1
1459947781710871 134 2167508 24560 120 2135006 25471 1
1459947781712257 134 2167508 24560 118 2135006 25471 1
1459947781713603 130 2167508 24560 111 2135006 25471 1
1459947781715282 137 2167508 24560 120 2135006 25471 1
1459947781716925 136 2167508 24560 119 2135006 25471 1
1459947781718565 138 2167508 24560 121 2135006 25471 1
1459947781720092 137 2167508 24560 120 2135006 25471 1
1459947781721608 134 2167508 24560 114 2135006 25471 1
1459947781723049 135 2167508 24560 116 2135006 25471 1
1459947781724654 137 2167508 24560 118 2135006 25471 1
1459947781726232 137 2167508 24560 118 2135006 25471 1
1459947781727877 136 2167508 24560 118 2135006 25471 1
1459947781729273 131 2167508 24560 116 2135006 25471 1
1459947781730626 134 2167508 24560 117 2135006 25471 1
1459947781731912 129 2167508 24560 113 2135006 25471 1
1459947781733399 133 2167508 24560 116 2135006 25471 1
1459947781734864 137 2167508 24560 116 2135006 25471 1
1459947781736302 133 2167508 24560 116 2135006 25471 1
1459947781737803 134 2167508 24560 116 2135006 25471 1
1459947781739494 142 2167508 24560 124 2135006 25471 1
1459947781741110 137 2167508 24560 120 2135006 25471 1
1459947781742570 136 2167508 24560 117 2135006 25471 1
1459947781744055 133 2167508 24560 117 2135006 25471 1
1459947781745431 136 2167508 24560 115 2135006 25471 1
1459947781747067 140 2167508 24560 121 2135006 25471 1
1459947781748382 129 2167508 24560 113 2135006 25471 1
1459947781749705 132 2167508 24560 114 2135006 25471 1
1459947781751143 135 2167508 24560 115 2135006 25471 1
1459947781752620 135 2167508 24560 116 2135006 25471 1
1459947781754256 139 2167508 24560 119 2135006 25471 1
1459947781755828 138 2167508 24560 123 2135006 25471 1
1459947781757246 137 2167508 24560 116 2135006 25471 1
1459947781758735 139 2167508 24560 121 2135006 25471 1
1459947781760195 137 2167508 24560 118 2135006 25471 1
1459947781761826 140 2167508 24560 122 2135006 25471 1
1459947781763555 141 2167508 24560 121 2135006 25471 1
1459947781765147 137 2167508 24560 118 2135006 25471 1
1459947781766578 132 2167508 24560 113 2135006 25471 1
1459947781768062 138 2167508 24560 117 2135006 25471 1
1459947781769554 133 2167508 24560 114 2135006 25471 1
1459947781771132 133 2167508 24560 115 2135006 25471 1
1459947781772473 132 2167508 24560 111 2135006 25471 1
1459947781773806 133 2167508 24560 116 2135006 25471 1
1459947781775549 141 2167508 24560 123 2135006 25471 1
1459947781777096 139 2167508 24560 116 2135006 25471 1
1459947781778633 136 2167508 24560 116 2135006 25471 1
1459947781780132 137 2167508 24560 117 2135006 25471 1
1459947781781820 139 2167508 24560 122 2135006 25471 1
1459947781783587 142 2167508 24560 120 2135006 25471 1
1459947781785115 135 2167508 24560 115 2135006 25471 1
1459947781786433 129 2167508 24560 108 2135006 25471 1
1459947781787631 127 2167508 24560 110 2135006 25471 1
1459947781789155 135 2167508 24560 118 2135006 25471 1
1459947781790708 136 2167508 24560 116 2135006 25471 1
1459947781792454 141 2167508 24560 121 2135006 25471 1
1459947781793957 134 2167508 24560 118 2135006 25471 1
1459947781828510 138 2167508 24560 116 2135006 25471 1
1459947781829919 136 2167508 24560 114 2135006 25471 1
1459947781831239 133 2167508 24560 111 2135006 25471 1
1459947781832732 140 2167508 24560 118 2135006 25471 1
1459947781834346 135 2167508 24560 115 2135006 25471 1
1459947781835754 135 2167508 24560 115 2135006 25471 1
1459947781837495 138 2167508 24560 115 2135006 25471 1
1459947781838953 137 2167508 24560 114 2135006 25471 1
1459947781840413 136 2167508 24560 116 2135006 25471 1
1459947781842031 137 2167508 24560 118 2135006 25471 1
1459947781843729 140 2167508 24560 118 2135006 25471 1
1459947781845319 139 2167508 24560 118 2135006 25471 1
1459947781847036 140 2167508 24560 119 2135006 25471 1
1459947781848656 139 2167508 24560 119 2135006 25471 1
1459947781850254 142 2167508 24560 119 2135006 25471 1
1459947781851896 141 2167508 24560 116 2135006 25471 1
1459947781853529 138 2167508 24560 115 2135006 25471 1
1459947781855291 139 2167508 24560 117 2135006 25471 1
1459947781857086 146 2167508 24560 122 2135006 25471 1
1459947781858616 140 2167508 24560 117 2135006 25471 1
1459947781859959 134 2167508 24560 111 2135006 25471 1
1459947781861604 137 2167508 24560 119 2135006 25471 1
1459947781863245 137 2167508 24560 117 2135006 25471 1
1459947781864756 138 2167508 24560 116 2135006 25471 1
1459947781866368 140 2167508 24560 118 2135006 25471 1
1459947781867793 134 2167508 24560 111 2135006 25471 1
1459947781869349 136 2167508 24560 114 2135006 25471 1
1459947781870902 138 2167508 24560 116 2135006 25471 1
1459947781872243 135 2167508 24560 112 2135006 25471 1
1459947781873933 141 2167508 24560 119 2135006 25471 1
1459947781875621 141 2167508 24560 118 2135006 25471 1
1459947781877061 137 2167508 24560 114 2135006 25471 1
1459947781878668 143 2167508 24560 120 2135006 25471 1
1459947781880059 135 2167508 24560 113 2135006 25471 1
1459947781881087 116 2167508 24560 94 2135006 25471 1
1459947781882489 137 2167508 24560 116 2135006 25471 1
1459947781884150 142 2167508 24560 120 2135006 25471 1
1459947781885832 142 2167508 24560 120 2135006 25471 1
1459947781887348 137 2167508 24560 115 2135006 25471 1
1459947781888728 134 2167508 24560 112 2135006 25471 1
1459947781890356 138 2167508 24560 116 2135006 25471 1
1459947781891996 141 2167508 24560 119 2135006 25471 1
1459947781893783 146 2167508 24560 122 2135006 25471 1
1459947781895234 138 2167508 24560 118 2135006 25471 1
1459947781896496 130 2167508 24560 111 2135006 25471 1
1459947781898033 138 2167508 24560 116 2135006 25471 1
1459947781899751 139 2167508 24560 118 2135006 25471 1
1459947781901417 140 2167508 24560 118 2135006 25471 1
1459947781902785 138 2167508 24560 116 2135006 25471 1
1459947781904281 137 2167508 24560 117 2135006 25471 1
1459947781905924 139 2167508 24560 119 2135006 25471 1
1459947781907476 139 2167508 24560 118 2135006 25471 1
1459947781909042 143 2167508 24560 120 2135006 25471 1
1459947781910475 140 2167508 24560 115 2135006 25471 1
1459947781911912 134 2167508 24560 111 2135006 25471 1
1459947781913161 135 2167508 24560 114 2135006 25471 1
1459947781914546 134 2167508 24560 111 2135006 25471 1
1459947781916007 138 2167508 24560 116 2135006 25471 1
1459947781917587 139 2167508 24560 116 2135006 25471 1
1459947781918929 136 2167508 24560 112 2135006 25471 1
1459947781920317 137 2167508 24560 115 2135006 25471 1
1459947781922002 139 2167508 24560 116 2135006 25471 1
1459947781923562 141 2167508 24560 116 2135006 25471 1
1459947781925221 137 2167508 24560 117 2135006 25471 1
1459947781926697 136 2167508 24560 115 2135006 25471 1
1459947781928280 143 2167508 24560 119 2135006 25471 1
1459947781929798 138 2167508 24560 113 2135006 25471 1
1459947781931283 140 2167508 24560 118 2135006 25471 1
1459947781932723 135 2167508 24560 112 2135006 25471 1
1459947781934172 135 2167508 24560 113 2135006 25471 1
1459947781935670 136 2167508 24560 117 2135006 25471 1
1459947781937263 140 2167508 24560 117 2135006 25471 1
1459947781938832 142 2167508 24560 118 2135006 25471 1
1459947781939918 118 2167508 24560 94 2135006 25471 1
1459947781941308 139 2167508 24560 114 2135006 25471 1
1459947781942764 136 2167508 24560 115 2135006 25471 1
1459947781944298 142 2167508 24560 117 2135006 25471 1
1459947781945746 136 2167508 24560 112 2135006 25471 1
1459947781947367 137 2167508 24560 114 2135006 25471 1
1459947781948807 133 2167508 24560 110 2135006 25471 1
1459947781950245 134 2167508 24560 111 2135006 25471 1
1459947781951677 136 2167508 24560 115 2135006 25471 1
1459947781953137 135 2167508 24560 112 2135006 25471 1
1459947781954669 140 2167508 24560 115 2135006 25471 1
1459947781956116 138 2167508 24560 116 2135006 25471 1
1459947781957838 146 2167508 24560 122 2135006 25471 1
1459947781959473 141 2167508 24560 118 2135006 25471 1
1459947781960833 136 2167508 24560 114 2135006 25471 1
1459947781962011 133 2167508 24560 108 2135006 25471 1
1459947781963651 140 2167508 24560 117 2135006 25471 1
1459947781965091 140 2167508 24560 116 2135006 25471 1
1459947781966364 136 2167508 24560 113 2135006 25471 1
1459947781967810 139 2167508 24560 115 2135006 25471 1
1459947781969261 136 2167508 24560 113 2135006 25471 1
1459947781970416 129 2167508 24560 107 2135006 25471 1
1459947781971895 139 2167508 24560 114 2135006 25471 1
1459947781973520 142 2167508 24560 119 2135006 25471 1
1459947781975147 139 2167508 24560 116 2135006 25471 1
1459947781976682 139 2167508 24560 114 2135006 25471 1
1459947781978275 139 2167508 24560 116 2135006 25471 1
1459947781979834 136 2167508 24560 114 2135006 25471 1
1459947781981410 139 2167508 24560 116 2135006 25471 1
1459947781982876 133 2167508 24560 110 2135006 25471 1
1459947781984197 133 2167508 24560 110 2135006 25471 1
1459947781985566 130 2167508 24560 108 2135006 25471 1
1459947781987197 138 2167508 24560 116 2135006 25471 1
1459947781988944 142 2167508 24560 119 2135006 25471 1
1459947781990482 141 2167508 24560 118 2135006 25471 1
1459947781991726 134 2167508 24560 109 2135006 25471 1
1459947781993106 138 2167508 24560 110 2135006 25471 1
1459947781994500 137 2167508 24560 113 2135006 25471 1
1459947781995846 138 2167508 24560 112 2135006 25471 1
1459947781997380 141 2167508 24560 118 2135006 25471 1
1459947781998852 137 2167508 24560 114 2135006 25471 1
1459947782000468 142 2167508 24560 117 2135006 25471 1
1459947782001976 137 2167508 24560 114 2135006 25471 1
1459947782003333 137 2167508 24560 110 2135006 25471 1
1459947782004664 134 2167508 24560 112 2135006 25471 1
1459947782006301 143 2167508 24560 118 2135006 25471 1
1459947782007786 137 2167508 24560 113 2135006 25471 1
1459947782009329 140 2167508 24560 115 2135006 25471 1
1459947782010901 142 2167508 24560 121 2135006 25471 1
1459947782012304 138 2167508 24560 116 2135006 25471 1
1459947782013552 133 2167508 24560 110 2135006 25471 1
1459947782015200 142 2167508 24560 120 2135006 25471 1
1459947782016653 137 2167508 24560 112 2135006 25471 1
1459947782018171 138 2167508 24560 114 2135006 25471 1
1459947782019631 139 2167508 24560 117 2135006 25471 1
1459947782021182 142 2167508 24560 117 2135006 25471 1
1459947782022797 140 2167508 24560 116 2135006 25471 1
1459947782024058 136 2167508 24560 111 2135006 25471 1
1459947782025545 138 2167508 24560 114 2135006 25471 1
1459947782026740 129 2167508 24560 104 2135006 25471 1
1459947782028125 137 2167508 24560 114 2135006 25471 1
1459947782029583 139 2167508 24560 112 2135006 25471 1
1459947782030842 132 2167508 24560 110 2135006 25471 1
1459947782032158 135 2167508 24560 109 2135006 25471 1
1459947782033545 134 2167508 24560 111 2135006 25471 1
1459947782034941 137 2167508 24560 110 2135006 25471 1
1459947782036344 136 2167508 24560 113 2135006 25471 1
1459947782037861 138 2167508 24560 116 2135006 25471 1
1459947782039222 136 2167508 24560 111 2135006 25471 1
1459947782040834 137 2167508 24560 114 2135006 25471 1
1459947782042488 144 2167508 24560 120 2135006 25471 1
1459947782043922 138 2167508 24560 115 2135006 25471 1
1459947782045496 139 2167508 24560 113 2135006 25471 1
1459947782046814 135 2167508 24560 109 2135006 25471 1
1459947782048388 136 2167508 24560 113 2135006 25471 1
1459947782049898 141 2167508 24560 115 2135006 25471 1
1459947782051317 137 2167508 24560 112 2135006 25471 1
1459947782052819 139 2167508 24560 115 2135006 25471 1
1459947782054354 138 2167508 24560 114 2135006 25471 1
1459947782056007 143 2167508 24560 120 2135006 25471 1
1459947782057510 138 2167508 24560 115 2135006 25471 1
1459947782058956 140 2167508 24560 115 2135006 25471 1
1459947782060412 140 2167508 24560 114 2135006 25471 1
1459947782061882 139 2167508 24560 112 2135006 25471 1
1459947782063608 143 2167508 24560 117 2135006 25471 1
1459947782065299 143 2167508 24560 120 2135006 25471 1
1459947782066821 136 2167508 24560 114 2135006 25471 1
1459947782068247 140 2167508 24560 113 2135006 25471 1
1459947782069667 138 2167508 24560 113 2135006 25471 1
1459947782070923 136 2167508 24560 112 2135006 25471 1
1459947782072294 134 2167508 24560 109 2135006 25471 1
1459947782073859 140 2167508 24560 115 2135006 25471 1
1459947782075447 143 2167508 24560 116 2135006 25471 1
1459947782076963 141 2167508 24560 116 2135006 25471 1
1459947782078310 139 2167508 24560 114 2135006 25471 1
1459947782079769 143 2167508 24560 118 2135006 25471 1
1459947782081501 147 2167508 24560 122 2135006 25471 1
1459947782083073 143 2167508 24560 120 2135006 25471 1
1459947782084575 141 2167508 24560 118 2135006 25471 1
1459947782085986 139 2167508 24560 116 2135006 25471 1
1459947782087300 135 2167508 24560 110 2135006 25471 1
1459947782088577 134 2167508 24560 109 2135006 25471 1
1459947782090135 140 2167508 24560 115 2135006 25471 1
1459947782091389 135 2167508 24560 110 2135006 25471 1
1459947782092646 133 2167508 24560 109 2135006 25471 1
1459947782094156 139 2167508 24560 115 2135006 25471 1
1459947782095791 142 2167508 24560 120 2135006 25471 1
1459947782097351 142 2167508 24560 118 2135006 25471 1
1459947782098882 142 2167508 24560 116 2135006 25471 1
1459947782100389 141 2167508 24560 119 2135006 25471 1
1459947782102011 139 2167508 24560 118 2135006 25471 1
1459947782103210 136 2167508 24560 111 2135006 25471 1
1459947782104505 134 2167508 24560 110 2135006 25471 1
1459947782106038 136 2167508 24560 114 2135006 25471 1
1459947782107467 138 2167508 24560 112 2135006 25471 1
1459947782109201 143 2167508 24560 115 2135006 25471 1
1459947782110695 145 2167508 24560 118 2135006 25471 1
1459947782112109 139 2167508 24560 114 2135006 25471 1
1459947782113624 140 2167508 24560 118 2135006 25471 1
1459947782115141 138 2167508 24560 115 2135006 25471 1
1459947782116664 136 2167508 24560 113 2135006 25471 1
1459947782118282 138 2167508 24560 116 2135006 25471 1
1459947782119799 142 2167508 24560 118 2135006 25471 1
1459947782121235 140 2167508 24560 116 2135006 25471 1
1459947782122380 133 2167508 24560 105 2135006 25471 1
1459947782123663 135 2167508 24560 110 2135006 25471 1
1459947782124930 134 2167508 24560 110 2135006 25471 1
1459947782126269 136 2167508 24560 110 2135006 25471 1
1459947782127629 139 2167508 24560 113 2135006 25471 1
1459947782128939 132 2167508 24560 106 2135006 25471 1
1459947782130206 137 2167508 24560 113 2135006 25471 1
1459947782131549 136 2167508 24560 112 2135006 25471 1
1459947782132923 136 2167508 24560 112 2135006 25471 1
1459947782134403 140 2167508 24560 117 2135006 25471 1
1459947782135966 139 2167508 24560 117 2135006 25471 1
1459947782137518 141 2167508 24560 117 2135006 25471 1
1459947782138944 139 2167508 24560 114 2135006 25471 1
1459947782140466 139 2167508 24560 115 2135006 25471 1
1459947782141990 140 2167508 24560 115 2135006 25471 1
1459947782143571 141 2167508 24560 118 2135006 25471 1
1459947782144960 137 2167508 24560 112 2135006 25471 1
1459947782146574 141 2167508 24560 114 2135006 25471 1
1459947782148107 140 2167508 24560 113 2135006 25471 1
1459947782149676 142 2167508 24560 117 2135006 25471 1
1459947782151180 139 2167508 24560 117 2135006 25471 1
1459947782152768 143 2167508 24560 117 2135006 25471 1
1459947782154367 141 2167508 24560 116 2135006 25471 1
1459947782156216 147 2167508 24560 120 2135006 25471 1
1459947782158178 148 2167508 24560 126 2135006 25471 1
1459947782160032 145 2167508 24560 119 2135006 25471 1
1459947782161738 145 2167508 24560 121 2135006 25471 1
1459947782163333 143 2167508 24560 117 2135006 25471 1
1459947782164444 137 2167508 24560 111 2135006 25471 1
1459947782165929 137 2167508 24560 115 2135006 25471 1
1459947782167304 133 2167508 24560 111 2135006 25471 1
1459947782168999 142 2167508 24560 116 2135006 25471 1
1459947782170427 137 2167508 24560 110 2135006 25471 1
1459947782171924 142 2167508 24560 116 2135006 25471 1
1459947782173665 143 2167508 24560 118 2135006 25471 1
1459947782175161 137 2167508 24560 112 2135006 25471 1
1459947782176728 140 2167508 24560 115 2135006 25471 1
1459947782178402 143 2167508 24560 117 2135006 25471 1
1459947782179924 139 2167508 24560 115 2135006 25471 1
1459947782181437 139 2167508 24560 116 2135006 25471 1
1459947782182868 136 2167508 24560 110 2135006 25471 1
1459947782184369 138 2167508 24560 110 2135006 25471 1
1459947782186000 142 2167508 24560 118 2135006 25471 1
1459947782187675 142 2167508 24560 118 2135006 25471 1
1459947782189432 141 2167508 24560 119 2135006 25471 1
1459947782191097 144 2167508 24560 118 2135006 25471 1
1459947782192774 144 2167508 24560 118 2135006 25471 1
1459947782194270 140 2167508 24560 115 2135006 25471 1
1459947782195780 139 2167508 24560 115 2135006 25471 1
1459947782197157 138 2167508 24560 113 2135006 25471 1
1459947782198692 139 2167508 24560 115 2135006 25471 1
1459947782199903 135 2167508 24560 109 2135006 25471 1
1459947782201069 132 2167508 24560 109 2135006 25471 1
1459947782202080 123 2167508 24560 100 2135006 25471 1
1459947782203197 133 2167508 24560 108 2135006 25471 1
1459947782204497 138 2167508 24560 112 2135006 25471 1
1459947782205917 142 2167508 24560 115 2135006 25471 1
1459947782207497 140 2167508 24560 114 2135006 25471 1
1459947782208972 144 2167508 24560 118 2135006 25471 1
1459947782210430 141 2167508 24560 115 2135006 25471 1
1459947782211967 140 2167508 24560 115 2135006 25471 1
1459947782213565 142 2167508 24560 118 2135006 25471 1
1459947782215157 145 2167508 24560 121 2135006 25471 1
1459947782216801 143 2167508 24560 117 2135006 25471 1
1459947782218300 136 2167508 24560 111 2135006 25471 1
1459947782219785 142 2167508 24560 117 2135006 25471 1
1459947782221312 141 2167508 24560 116 2135006 25471 1
1459947782223381 135 2170971 25833 134 2139728 27834 0
1459947782225509 138 2170971 25833 136 2139728 27834 1
1459947782227574 137 2170971 25833 135 2139728 27834 1
1459947782229506 136 2170971 25833 133 2139728 27834 1
1459947782231235 129 2166483 27950 127 2135121 29905 0
1459947782233245 137 2166483 27950 136 2135121 29905 1
1459947782235189 135 2170026 29032 134 2139834 31913 0
1459947782236996 132 2169452 27291 127 2135219 33672 0
1459947782238772 129 2165083 29185 127 2130965 34962 0
1459947782240738 135 2168735 30271 133 2134723 35694 0
1459947782242728 130 2165702 30701 127 2130507 36790 0
1459947782244750 133 2166746 29264 132 2133021 36232 0
1459947782246615 132 2166428 27269 131 2134058 34357 0
1459947782248480 133 2167415 26048 133 2137574 34914 0
1459947782250471 136 2167415 26048 133 2137574 34914 1
1459947782252425 134 2169605 26032 131 2138256 32814 0
1459947782254515 136 2169605 26032 134 2138256 32814 1
1459947782256515 136 2169605 26032 134 2138256 32814 1
1459947782258426 136 2169605 26032 133 2138256 32814 1
1459947782260306 133 2170344 24679 131 2138884 30829 0
1459947782262156 131 2168465 24481 128 2135623 31425 0
1459947782264065 133 2169293 23331 130 2135177 29379 0
1459947782265975 130 2166216 24343 128 2132206 29821 0
1459947782267785 128 2166216 24343 126 2132206 29821 1
1459947782269549 131 2164660 23875 130 2132027 27655 0
1459947782271492 136 2164660 23875 132 2132027 27655 1
1459947782273213 132 2164505 22150 129 2130582 26825 0
1459947782274792 123 2164505 22150 121 2130582 26825 1
1459947782276280 123 2164505 22150 121 2130582 26825 1
1459947782278218 135 2164505 22150 133 2130582 26825 1
1459947782280287 136 2164505 22150 135 2130582 26825 1
1459947782282374 137 2164505 22150 136 2130582 26825 1
1459947782284416 136 2164505 22150 136 2130582 26825 1
1459947782286479 133 2165643 21468 132 2133090 27041 0
1459947782288434 135 2165643 21468 133 2133090 27041 1
1459947782290086 133 2166692 20757 130 2132842 25156 0
1459947782291927 134 2168939 21206 131 2133893 24159 0
1459947782293679 133 2169730 20278 130 2133582 22557 0
1459947782295684 132 2169179 19200 131 2134575 21710 0
1459947782297317 123 2169179 19200 123 2134575 21710 1
1459947782299131 136 2169179 19200 134 2134575 21710 1
1459947782301069 136 2169179 19200 133 2134575 21710 1
1459947782303103 138 2169179 19200 136 2134575 21710 1
1459947782305166 138 2169179 19200 136 2134575 21710 1
1459947782307105 132 2168671 18167 129 2132931 21528 0
1459947782308939 135 2168671 18167 131 2132931 21528 1
1459947782310778 136 2168671 18167 132 2132931 21528 1
1459947782312539 133 2169483 17496 131 2133975 20809 0
1459947782314343 133 2170232 16819 131 2134938 20070 0
1459947782316118 132 2169642 16048 129 2133265 20043 0
1459947782318045 138 2169642 16048 134 2133265 20043 1
1459947782319687 129 2169642 16048 127 2133265 20043 1
1459947782321293 129 2169642 16048 127 2133265 20043 1
1459947782323067 133 2170378 15473 130 2133003 18717 0
1459947782324852 128 2170378 15473 127 2133003 18717 1
1459947782326566 131 2168497 15997 128 2130202 19836 0
1459947782328503 135 2168497 15997 131 2130202 19836 1
1459947782330191 122 2168497 15997 119 2130202 19836 1
1459947782331952 133 2169323 15508 131 2131459 19445 0
1459947782333898 133 2170084 14998 134 2136458 22534 0
1459947782335839 134 2172066 15653 132 2138507 22662 0
1459947782337637 133 2172613 14934 130 2137836 21509 0
1459947782339473 131 2170557 15661 129 2135937 21578 0
1459947782341473 130 2167382 17363 129 2134186 21505 0
1459947782343444 136 2167382 17363 134 2134186 21505 1
1459947782345400 132 2167015 16344 129 2132572 21311 0
1459947782347485 138 2167015 16344 135 2132572 21311 1
1459947782349437 136 2167015 16344 134 2132572 21311 1
1459947782351479 137 2167015 16344 136 2132572 21311 1
1459947782353416 134 2169236 17115 133 2136204 22995 0
1459947782355288 135 2169236 17115 130 2136204 22995 1
1459947782357091 134 2171284 17665 134 2140833 25465 0
1459947782358980 136 2171284 17665 133 2140833 25465 1
1459947782360978 134 2173172 18024 132 2142540 25049 0
1459947782362761 132 2172352 17370 132 2144114 24543 0
1459947782364728 131 2170317 17888 129 2141725 24827 0
1459947782366599 132 2169720 17039 130 2140802 23737 0
1459947782368592 135 2169720 17039 133 2140802 23737 1
1459947782370316 130 2166610 18573 128 2137391 25025 0
1459947782371868 125 2166610 18573 124 2137391 25025 1
1459947782373588 132 2166303 17403 129 2135527 24787 0
1459947782375331 132 2166020 16303 130 2135088 23253 0
1459947782377133 130 2163199 17628 128 2132124 24168 0
1459947782378995 135 2163199 17628 132 2132124 24168 1
1459947782380769 131 2161879 17466 130 2131951 22437 0
1459947782382630 134 2164502 18519 133 2135632 24077 0
1459947782384812 137 2164502 18519 136 2135632 24077 1
1459947782386840 139 2164502 18519 137 2135632 24077 1
1459947782388873 133 2165640 18121 132 2137745 24143 0
1459947782390723 135 2165640 18121 133 2137745 24143 1
1459947782392571 130 2165640 18121 127 2137745 24143 1
1459947782394548 131 2164129 18097 128 2134573 25179 0
1459947782396426 129 2164129 18097 125 2134573 25179 1
1459947782398316 133 2165296 17759 130 2134209 23546 0
1459947782400277 134 2167652 18543 132 2136433 23757 0
1459947782402173 128 2167652 18543 127 2136433 23757 1
1459947782404064 132 2167264 17451 133 2139764 24970 0
1459947782405703 129 2167264 17451 127 2139764 24970 1
1459947782407752 136 2167264 17451 134 2139764 24970 1
1459947782409638 133 2168186 16937 133 2142834 25850 0
1459947782411480 134 2170316 17577 132 2144385 25259 0
1459947782413371 134 2172280 18013 133 2147094 25783 0
1459947782415208 134 2174090 18274 132 2148312 24891 0
1459947782417180 134 2175759 18384 133 2150715 25161 0
1459947782419283 138 2175759 18384 136 2150715 25161 1
1459947782421132 134 2177297 18365 133 2152930 25237 0
1459947782422990 138 2177297 18365 136 2152930 25237 1
1459947782424881 138 2177297 18365 135 2152930 25237 1
1459947782426830 137 2177297 18365 135 2152930 25237 1
1459947782428583 130 2177297 18365 126 2152930 25237 1
1459947782430439 132 2176155 17982 129 2149852 26102 0
1459947782432360 136 2176155 17982 133 2149852 26102 1
1459947782434269 135 2178942 19147 132 2150854 24986 0
1459947782436043 129 2178942 19147 125 2150854 24986 1
1459947782437742 130 2178942 19147 128 2150854 24986 1
1459947782439703 132 2177672 18821 131 2150498 23360 0
1459947782441451 130 2177672 18821 128 2150498 23360 1
1459947782443467 138 2177672 18821 136 2150498 23360 1
1459947782445355 129 2172661 21969 129 2147610 24197 0
1459947782447183 132 2171881 20970 130 2146227 23579 0
1459947782449382 137 2171881 20970 133 2146227 23579 1
1459947782450956 119 2171881 20970 117 2146227 23579 1
1459947782453188 139 2171881 20970 138 2146227 23579 1
1459947782455218 136 2171881 20970 135 2146227 23579 1
1459947782457185 133 2172442 19848 132 2147513 22921 0
1459947782459121 126 2172442 19848 125 2147513 22921 1
1459947782461222 138 2172442 19848 135 2147513 22921 1
1459947782463379 140 2172442 19848 138 2147513 22921 1
1459947782465496 136 2172442 19848 133 2147513 22921 1
1459947782467623 138 2172442 19848 136 2147513 22921 1
1459947782469711 135 2175519 21134 134 2151258 24582 0
1459947782471744 136 2175519 21134 134 2151258 24582 1
1459947782473666 133 2175796 19737 133 2153430 24664 0
1459947782475769 138 2175796 19737 135 2153430 24664 1
1459947782477737 134 2177331 19611 132 2154153 23403 0
1459947782479551 132 2176187 19132 131 2153539 22139 0
1459947782481361 134 2177692 19024 131 2152973 20930 0
1459947782483422 133 2177799 17636 131 2152451 19774 0
1459947782485264 129 2177799 17636 127 2152451 19774 1
1459947782486954 130 2177799 17636 128 2152451 19774 1
1459947782488764 133 2177898 16349 132 2153250 18966 0
1459947782490548 128 2177898 16349 124 2153250 18966 1
1459947782492426 136 2177898 16349 135 2153250 18966 1
1459947782494328 133 2177989 15155 133 2155267 19343 0
1459947782496148 134 2179353 15229 130 2153286 19656 0
1459947782498041 138 2179353 15229 136 2153286 19656 1
1459947782500171 140 2179353 15229 136 2153286 19656 1
1459947782502117 133 2179331 14059 132 2154020 18797 0
1459947782504055 135 2179331 14059 134 2154020 18797 1
1459947782505985 133 2179310 12978 131 2153417 17883 0
1459947782508090 139 2179310 12978 136 2153417 17883 1
1459947782509845 132 2179310 12978 128 2153417 17883 1
1459947782511678 131 2179310 12978 126 2153417 17883 1
1459947782513487 130 2179310 12978 127 2153417 17883 1
1459947782515381 132 2178011 13161 130 2151581 18177 0
1459947782517260 129 2178011 13161 128 2151581 18177 1
1459947782519216 138 2178011 13161 137 2151581 18177 1
1459947782521072 131 2178011 13161 128 2151581 18177 1
1459947782522903 129 2178011 13161 124 2151581 18177 1
1459947782524839 135 2178011 13161 130 2151581 18177 1
1459947782526771 135 2178011 13161 130 2151581 18177 1
1459947782528699 134 2179373 13388 130 2149888 18316 0
1459947782530454 132 2178069 13543 129 2147048 19503 0
1459947782532271 130 2178069 13543 128 2147048 19503 1
1459947782534160 135 2178069 13543 134 2147048 19503 1
1459947782535849 130 2178069 13543 127 2147048 19503 1
1459947782537926 142 2178069 13543 139 2147048 19503 1
1459947782539725 134 2179427 13736 134 2150829 21465 0
1459947782541456 131 2176839 15047 131 2150475 20113 0
1459947782543371 133 2177013 14031 130 2148869 20021 0
1459947782545413 135 2177013 14031 133 2148869 20021 1
1459947782547322 130 2177013 14031 128 2148869 20021 1
1459947782549083 129 2177013 14031 128 2148869 20021 1
1459947782550985 132 2175893 13965 130 2147388 19820 0
1459947782552691 129 2175893 13965 127 2147388 19820 1
1459947782554714 137 2175893 13965 134 2147388 19820 1
1459947782556861 139 2175893 13965 137 2147388 19820 1
1459947782558779 137 2175893 13965 135 2147388 19820 1
1459947782560457 124 2175893 13965 122 2147388 19820 1
1459947782562140 131 2173581 15004 129 2144743 20709 0
1459947782564124 137 2173581 15004 134 2144743 20709 1
1459947782566162 133 2174009 14226 131 2144864 19203 0
1459947782568105 133 2174404 13478 131 2144976 17805 0
1459947782569763 128 2174404 13478 123 2144976 17805 1
1459947782571295 125 2174404 13478 122 2144976 17805 1
1459947782572991 127 2174404 13478 120 2144976 17805 1
1459947782574942 134 2176048 13941 132 2146359 17688 0
1459947782576967 137 2176048 13941 134 2146359 17688 1
1459947782578675 132 2175004 13813 131 2146354 16309 0
1459947782580196 128 2175004 13813 126 2146354 16309 1
1459947782581905 127 2175004 13813 125 2146354 16309 1
1459947782583863 135 2175004 13813 134 2146354 16309 1
1459947782585681 132 2174041 13619 130 2145070 16217 0
1459947782587164 127 2174041 13619 125 2145070 16217 1
1459947782588774 128 2174041 13619 126 2145070 16217 1
1459947782590426 130 2174041 13619 126 2145070 16217 1
1459947782592086 129 2174041 13619 127 2145070 16217 1
1459947782593706 125 2174041 13619 124 2145070 16217 1
1459947782595554 134 2175714 14097 133 2147726 17398 0
1459947782597367 128 2175714 14097 127 2147726 17398 1
1459947782598999 132 2174696 13933 129 2145054 18500 0
1459947782600686 125 2174696 13933 124 2145054 18500 1
1459947782602177 126 2174696 13933 124 2145054 18500 1
1459947782604092 135 2174696 13933 135 2145054 18500 1
1459947782605703 130 2174696 13933 128 2145054 18500 1
1459947782607557 134 2176317 14339 132 2146431 18324 0
1459947782609439 134 2177812 14596 131 2146421 16901 0
1459947782611151 130 2177812 14596 128 2146421 16901 1
1459947782612704 131 2175350 15724 129 2143851 17948 0
1459947782614567 137 2175350 15724 134 2143851 17948 1
1459947782616390 124 2175350 15724 122 2143851 17948 1
1459947782618424 134 2176920 15943 130 2142762 17548 0
1459947782620433 134 2178368 16032 132 2144318 17612 0
1459947782622180 132 2177143 15908 131 2144473 16379 0
1459947782624087 132 2176013 15706 131 2144616 15230 0
1459947782626003 131 2176013 15706 128 2144616 15230 1
1459947782627992 133 2176251 14698 131 2144747 14161 0
1459947782629734 132 2176251 14698 128 2144747 14161 1
1459947782631626 134 2177751 14932 130 2143588 14121 0
1459947782633914 142 2177751 14932 140 2143588 14121 1
1459947782635739 131 2177751 14932 129 2143588 14121 1
1459947782637525 131 2177751 14932 129 2143588 14121 1
1459947782639296 130 2177751 14932 129 2143588 14121 1
1459947782641029 129 2177751 14932 126 2143588 14121 1
1459947782642706 127 2177751 14932 125 2143588 14121 1
1459947782644184 126 2177751 14932 125 2143588 14121 1
1459947782645927 130 2177751 14932 128 2143588 14121 1
1459947782647896 135 2177751 14932 131 2143588 14121 1
1459947782649642 130 2177751 14932 127 2143588 14121 1
1459947782651629 139 2177751 14932 135 2143588 14121 1
1459947782653693 135 2177751 14932 132 2143588 14121 1
1459947782655448 130 2177751 14932 128 2143588 14121 1
1459947782657301 132 2176574 14849 130 2142520 14001 0
1459947782659185 133 2176769 13867 131 2142815 13179 0
1459947782661022 132 2175668 13797 130 2141807 13077 0
1459947782662863 134 2177213 14144 131 2142158 12378 0
1459947782665040 137 2177213 14144 137 2142158 12378 1
1459947782666916 133 2177358 13172 131 2142481 11708 0
1459947782669069 140 2177358 13172 138 2142481 11708 1
1459947782671233 140 2177358 13172 137 2142481 11708 1
1459947782673100 131 2177358 13172 129 2142481 11708 1
1459947782674985 133 2177358 13172 129 2142481 11708 1
1459947782676705 133 2177491 12265 130 2141499 11697 0
1459947782678260 128 2177491 12265 126 2141499 11697 1
1459947782680053 131 2177491 12265 128 2141499 11697 1
1459947782681912 132 2176334 12372 131 2141874 11129 0
1459947782684024 136 2176334 12372 135 2141874 11129 1
1459947782686005 136 2176334 12372 136 2141874 11129 1
1459947782687847 130 2176334 12372 128 2141874 11129 1
1459947782689503 121 2176334 12372 119 2141874 11129 1
1459947782691378 133 2176547 11602 132 2143500 11758 0
1459947782693080 132 2175464 11693 130 2142439 11817 0
1459947782694825 129 2175464 11693 128 2142439 11817 1
1459947782696755 132 2175464 11693 128 2142439 11817 1
1459947782698747 134 2177025 12218 133 2145300 13531 0
1459947782700749 133 2177184 11410 130 2144098 13580 0
