1459947780003832 140 2293760 0 138 2260992 0 0
1459947780007845 146 2301440 7080 146 2271232 9440 0
1459947780011808 144 2305960 10692 142 2275552 12684 0
1459947780015588 141 2306286 10157 139 2275694 11824 0
1459947780019128 141 2306587 9640 139 2275825 11021 0
1459947780022646 139 2304304 10989 137 2273386 12407 0
1459947780026073 141 2304760 10550 137 2271137 13509 0
1459947780029788 142 2306460 11292 139 2271624 12902 0
1459947780033568 144 2310587 14214 142 2275913 15848 0
1459947780037241 144 2314392 16611 137 2273467 16863 0
1459947780040491 139 2311500 17978 135 2268652 19983 0
1459947780044149 146 2317794 22375 142 2273173 22589 0
1459947780047416 138 2313356 24716 137 2270941 22881 0
1459947780050805 141 2313105 23016 137 2268883 22989 0
1459947780054465 141 2312873 21430 139 2269546 21803 0
1459947780058037 141 2312659 19951 140 2271437 21842 0
1459947780061681 146 2318862 24110 144 2278300 26462 0
1459947780065323 140 2316900 24033 139 2278227 24460 0
1459947780069149 142 2317652 22848 140 2279440 23667 0
1459947780072978 145 2322185 25242 141 2281838 24029 0
1459947780076634 144 2325084 25941 141 2284049 24189 0
1459947780080486 147 2331596 29918 145 2291207 28898 0
1459947780084213 144 2333760 29575 141 2292686 28003 0
1459947780087841 143 2334475 27923 140 2292769 25892 0
1459947780091443 141 2332574 27493 138 2290286 26157 0
1459947780094807 140 2329541 28140 137 2286717 27402 0
1459947780098374 142 2329305 26157 139 2285987 25933 0
1459947780102413 148 2336768 30993 145 2292994 30365 0
1459947780106235 140 2333408 31668 138 2290493 30296 0
1459947780109584 138 2327750 34408 135 2284348 33593 0
1459947780113042 140 2325094 34166 137 2281243 33830 0
1459947780116397 137 2318806 37292 136 2277100 35005 0
1459947780119907 143 2320689 36114 141 2279681 34649 0
1459947780123591 142 2321145 33712 139 2279500 32107 0
1459947780127460 142 2321565 31465 139 2279334 29750 0
1459947780130671 139 2318112 32188 135 2274061 32286 0
1459947780133950 140 2316209 31426 136 2270479 33064 0
1459947780137366 141 2315735 29406 139 2271017 30976 0
1459947780141549 148 2324258 34965 145 2279193 36094 0
1459947780145488 146 2329555 37116 143 2284171 37863 0
1459947780149017 143 2330598 35178 142 2287480 37954 0
1459947780153039 147 2336680 38035 143 2291810 38980 0
1459947780157119 149 2344846 42591 146 2299642 43154 0
1459947780160834 142 2343414 40582 140 2299182 40205 0
1459947780164401 140 2339534 40987 137 2294918 40993 0
1459947780168150 143 2339797 38027 140 2294827 37873 0
1459947780172055 146 2343880 38820 143 2298583 38377 0
1459947780176066 145 2346364 38077 142 2300766 37390 0
1459947780179718 140 2342254 38890 137 2296378 38512 0
1459947780183115 137 2334625 42883 134 2288493 42771 0
1459947780186467 135 2325032 48375 133 2279944 47309 0
1459947780190499 144 2327708 47062 141 2282303 45787 0
1459947780194309 146 2332735 48020 144 2288318 47754 0
1459947780197909 143 2333530 45000 140 2288743 44414 0
1459947780201763 144 2335542 43339 141 2290414 42485 0
1459947780205468 142 2334837 40602 140 2290675 39406 0
1459947780209346 143 2335467 38010 140 2290916 36549 0
1459947780213216 144 2337328 36756 142 2293698 36257 0
1459947780217424 147 2342884 39006 145 2300102 39328 0
1459947780221153 143 2342886 35960 142 2302166 38158 0
1459947780225023 143 2342888 33151 141 2302789 35750 0
1459947780228895 143 2342889 30562 139 2300803 34787 0
1459947780232912 148 2349290 34075 147 2309212 39821 0
1459947780236776 144 2350071 32132 141 2309284 36776 0
1459947780240907 145 2352071 31465 142 2310631 35143 0
1459947780244924 145 2353915 30706 141 2310592 32432 0
1459947780248223 135 2342815 38539 132 2299037 40550 0
1459947780251858 142 2341542 36700 139 2297344 38942 0
1459947780255383 139 2336529 38453 136 2291944 40877 0
1459947780258957 142 2335747 36168 139 2290805 38732 0
1459947780262655 143 2336306 33858 142 2293595 38278 0
1459947780266326 142 2335542 31916 139 2292327 36455 0
1459947780270292 145 2338677 32312 142 2294998 36069 0
1459947780273885 137 2331327 36561 135 2288501 39240 0
1459947780277645 145 2334792 36898 143 2292751 40092 0
1459947780281222 139 2330306 38150 137 2288989 40426 0
1459947780284582 133 2318490 46061 129 2275281 49903 0
1459947780288475 143 2320397 44220 141 2278004 48514 0
1459947780292284 146 2325995 45926 142 2281794 48217 0
1459947780295438 134 2315796 51739 132 2272488 53028 0
1459947780299081 142 2316634 48468 141 2275429 51597 0
1459947780302956 139 2313566 47508 137 2273021 49784 0
1459947780306785 143 2315858 45909 143 2278481 50927 0
1459947780310437 141 2315411 42733 139 2278394 47027 0
1459947780314055 144 2318839 42554 140 2279594 44459 0
1459947780317732 140 2316879 41035 136 2275580 44684 0
1459947780321311 139 2313792 40674 137 2273160 43423 0
1459947780325082 145 2318627 41953 142 2277329 43873 0
1459947780329090 140 2316684 40465 136 2273492 43981 0
1459947780333003 142 2317453 38011 140 2275075 42003 0
1459947780336885 143 2319441 36874 139 2275254 38886 0
1459947780340640 138 2314874 38202 137 2272859 38055 0
1459947780344371 140 2313224 36737 139 2273211 35406 0
1459947780348429 147 2320663 40724 144 2279936 38839 0
1459947780351684 138 2316001 41839 135 2274616 40708 0
1459947780355029 136 2309143 44891 135 2269711 42048 0
1459947780358874 140 2307941 42490 137 2267749 40570 0
1459947780362930 146 2314513 45228 143 2273621 42813 0
1459947780366604 141 2314171 42008 140 2275194 40918 0
1459947780369869 140 2312576 40196 137 2272804 39923 0
1459947780373067 137 2307266 41950 135 2268041 41194 0
1459947780376625 141 2307490 38879 138 2267490 38482 0
1459947780380329 143 2310257 38392 140 2269542 37367 0
1459947780384290 142 2311528 36563 140 2271434 36191 0
1459947780388228 145 2316539 38326 143 2277018 38510 0
1459947780391947 144 2319879 38410 142 2280885 39066 0
1459947780395738 144 2322958 38247 142 2284450 39300 0
1459947780399387 145 2327076 39055 143 2289017 40439 0
1459947780402658 136 2319353 43122 133 2280427 45197 0
1459947780406076 138 2314793 43956 137 2277628 44244 0
1459947780409723 139 2311869 43215 137 2275048 43165 0
1459947780412878 134 2302774 48222 132 2266269 47884 0
1459947780416217 135 2295669 51003 134 2260736 49243 0
1459947780420058 146 2303199 53960 142 2265876 50133 0
1459947780423868 144 2307581 53784 140 2268054 48224 0
1459947780427610 143 2310341 52126 139 2268782 45127 0
1459947780431336 145 2315445 52758 142 2273293 45759 0
1459947780434925 141 2315030 49017 139 2273611 42478 0
1459947780439377 149 2324888 54275 147 2284145 48870 0
1459947780443221 145 2328856 53692 141 2286176 46924 0
1459947780447258 145 2332514 52869 142 2289328 46164 0
1459947780450828 143 2333326 49486 140 2289674 42876 0
1459947780454374 139 2328954 49648 137 2286153 42771 0
1459947780458195 145 2332604 49134 142 2289307 42336 0
1459947780461698 142 2332129 45732 139 2288374 39887 0
1459947780465606 145 2335531 45295 142 2291354 39517 0
1459947780469529 142 2334827 42404 138 2288981 38615 0
1459947780472744 139 2330338 43228 136 2284234 39973 0
1459947780476592 146 2335160 44295 144 2290098 42256 0
1459947780480378 146 2339605 44932 144 2295504 43937 0
1459947780484090 143 2339863 41659 140 2295367 40629 0
1459947780487975 143 2340101 38623 141 2296521 38518 0
1459947780491552 140 2336480 38942 137 2292465 39246 0
1459947780494854 134 2325462 46055 134 2284886 43165 0
1459947780498362 134 2315305 51819 132 2275339 48592 0
1459947780501804 135 2307221 55221 133 2267818 51728 0
1459947780505593 138 2303609 54235 136 2264724 50537 0
1459947780509280 141 2304119 50467 139 2265712 47499 0
1459947780512924 144 2308429 50497 141 2269183 46988 0
1459947780516529 141 2308562 46674 139 2269823 43907 0
1459947780520038 140 2307405 44093 137 2267853 42292 0
1459947780523727 143 2310178 43205 141 2271156 42032 0
1459947780526753 127 2292255 56351 125 2253721 54819 0
1459947780530469 147 2301332 60316 144 2261969 58139 0
1459947780534004 142 2303300 57417 140 2264452 55885 0
1459947780537453 143 2306394 55783 141 2268021 54808 0
1459947780541380 145 2311806 56414 141 2271311 53559 0
1459947780545136 141 2311676 52125 139 2271784 49810 0
1459947780548836 142 2312836 49121 140 2273500 47500 0
1459947780552505 143 2315185 47449 140 2275082 45248 0
1459947780555988 136 2308391 50005 133 2267581 48627 0
1459947780559593 141 2308527 46224 138 2267066 45302 0
1459947780564039 148 2317613 50988 145 2275551 49584 0
1459947780567307 141 2317029 47541 139 2275693 45841 0
1459947780570690 142 2317771 44510 138 2274544 43317 0
1459947780574506 144 2321015 44022 142 2278605 43675 0
1459947780578018 142 2321445 40979 140 2279788 41353 0
1459947780581707 142 2321842 38143 140 2280879 39128 0
1459947780585325 140 2319648 37185 138 2279325 37503 0
1459947780588764 138 2315065 38503 135 2274052 39433 0
1459947780592365 139 2312120 38208 136 2270471 39652 0
1459947780595764 140 2310685 36545 136 2267170 39596 0
1459947780599290 143 2313202 36010 139 2267967 37237 0
1459947780603382 146 2319363 38875 143 2273822 39724 0
1459947780607203 144 2322482 38713 141 2276659 39236 0
1459947780610570 137 2316398 41296 135 2271595 40838 0
1459947780614010 137 2310789 43239 132 2263086 45490 0
1459947780618036 144 2314578 43353 141 2266762 45325 0
1459947780621648 141 2314231 40285 138 2266311 42198 0
1459947780625043 139 2311351 39791 137 2264615 40464 0
1459947780628613 140 2309976 37948 138 2264331 37562 0
1459947780632194 140 2308709 36150 137 2262790 36047 0
1459947780635503 138 2304981 36761 136 2260089 35719 0
1459947780639223 141 2305384 34260 139 2261439 34173 0
1459947780643065 141 2305755 31925 140 2263964 33830 0
1459947780646661 140 2304817 30293 137 2262451 32580 0
1459947780649818 136 2298833 33442 135 2258497 33679 0
1459947780653081 137 2294596 34734 136 2256131 33227 0
1459947780656471 137 2290690 35620 135 2252670 33820 0
1459947780660159 145 2297329 38958 141 2257160 35316 0
1459947780663987 145 2303450 41556 142 2262579 37552 0
1459947780667670 142 2305252 39971 138 2262455 34732 0
1459947780671040 139 2303074 38855 136 2259780 34483 0
1459947780674926 145 2308746 41048 140 2262434 34236 0
1459947780678487 141 2308855 37941 140 2264881 33817 0
1459947780682410 143 2311515 37428 141 2268417 34434 0
1459947780685936 144 2315247 37944 142 2272956 35928 0
1459947780689607 141 2314848 35346 139 2273301 33439 0
1459947780693517 145 2319600 36965 142 2277459 34659 0
1459947780697083 143 2321421 35755 139 2277452 31956 0
1459947780700994 145 2325659 36868 143 2282566 34173 0
1459947780704450 139 2321886 37464 139 2282160 31876 0
1459947780708083 139 2318408 37742 136 2277946 33269 0
1459947780711896 145 2322882 38917 143 2283021 35347 0
1459947780715519 139 2319326 39153 137 2280019 35351 0
1459947780719011 137 2313488 41475 135 2274692 37499 0
1459947780723018 147 2320906 45073 145 2282581 41842 0
1459947780726681 139 2317505 44686 135 2277054 43667 0
1459947780730171 143 2319489 43023 139 2277079 40278 0
1459947780733478 136 2312358 46233 134 2270702 43009 0
1459947780737243 141 2312185 42780 139 2271223 40128 0
1459947780741166 143 2314585 41650 140 2272983 38616 0
1459947780744742 141 2314238 38715 140 2274606 37095 0
1459947780748257 140 2312638 37164 136 2270982 37536 0
1459947780752069 144 2316283 37620 142 2275321 38603 0
1459947780755784 139 2313243 37482 136 2271641 38978 0
1459947780759580 145 2318120 39049 143 2277209 41065 0
1459947780763067 143 2320056 37783 141 2279782 40228 0
1459947780766789 142 2320561 35297 138 2278314 38438 0
1459947780770263 139 2317187 35649 135 2273120 40222 0
1459947780774059 144 2320476 35895 138 2272172 37952 0
1459947780777425 139 2317108 36194 136 2268738 38152 0
1459947780781402 147 2324243 39944 144 2275812 41693 0
1459947780785186 142 2324421 36987 138 2274654 39502 0
1459947780788744 139 2320745 37485 135 2269746 40938 0
1459947780792507 142 2321196 34972 141 2272902 40648 0
1459947780796524 147 2328012 38523 144 2279651 43694 0
1459947780800553 145 2331736 38946 142 2283313 43656 0
1459947780804204 143 2332609 36707 141 2285409 42177 0
1459947780808249 143 2333413 34581 140 2286061 39482 0
1459947780812098 144 2335435 33743 142 2289222 39311 0
1459947780815929 144 2337299 32824 140 2289576 36565 0
1459947780819900 145 2340297 33023 144 2295022 38729 0
1459947780823625 140 2336661 33794 136 2289803 40513 0
1459947780827209 142 2335869 31882 138 2287552 39422 0
1459947780830843 144 2337699 31078 140 2288037 36789 0
1459947780834321 140 2334266 31814 137 2284644 37041 0
1459947780838176 146 2338781 33490 144 2290476 39523 0
1459947780842086 145 2341663 33530 143 2294572 40211 0
1459947780845886 144 2343040 32180 141 2295788 38190 0
1459947780849665 144 2344310 30835 141 2296909 36239 0
1459947780853193 141 2341640 30886 139 2295382 34813 0
1459947780856377 130 2325099 43721 128 2279895 46369 0
1459947780860537 145 2329050 43947 143 2284818 47284 0
1459947780864577 145 2332692 43871 143 2289356 47773 0
1459947780868327 136 2324530 47966 134 2282020 50802 0
1459947780871947 141 2323406 45254 138 2280377 48347 0
1459947780875752 144 2326209 44302 140 2281422 45532 0
1459947780878734 124 2303193 62056 121 2258065 63505 0
1459947780882628 141 2303736 57707 136 2255733 60692 0
1459947780886724 144 2308076 57199 141 2259983 59868 0
1459947780890545 144 2312077 56418 142 2265181 59982 0
1459947780894205 146 2318325 57770 144 2272533 62073 0
1459947780897957 142 2318965 53846 139 2272911 57571 0
1459947780901171 138 2314435 53814 136 2269419 56291 0
1459947780904526 136 2307699 55817 134 2263640 57219 0
1459947780908468 146 2314290 57532 142 2268553 57277 0
1459947780912058 145 2319086 57458 142 2273082 56977 0
1459947780916137 146 2324787 58225 143 2278537 57554 0
1459947780919970 145 2328763 57341 141 2281006 55333 0
1459947780923587 142 2328588 53021 139 2280722 51271 0
1459947780927267 140 2325867 51386 139 2280460 47505 0
1459947780931102 145 2329758 50958 141 2282779 45930 0
1459947780934870 144 2332065 49103 140 2283636 43131 0
1459947780938526 141 2330352 46844 140 2284426 40490 0
1459947780942317 143 2331333 44088 140 2285155 37998 0
1459947780946061 141 2329677 42169 139 2284547 35589 0
1459947780949834 143 2330710 39827 141 2286546 34651 0
1459947780953564 140 2327823 39376 138 2284549 33783 0
1459947780957278 141 2326441 37572 137 2281428 34019 0
1459947780960702 140 2323887 36989 138 2279831 32832 0
1459947780964629 143 2325373 35469 142 2283479 33630 0
1459947780968774 147 2331863 38680 144 2289402 36462 0
1459947780972491 144 2334006 37633 141 2291022 35106 0
1459947780976479 144 2335981 36513 140 2291235 32560 0
1459947780980509 144 2337802 35339 142 2293992 32557 0
1459947780984444 143 2338201 32946 142 2296533 32356 0
1459947780988738 149 2346249 37791 147 2305276 37888 0
1459947780992796 145 2348548 36957 142 2306936 36458 0
1459947780996757 143 2348107 34474 143 2309746 36200 0
1459947781000524 143 2347701 32154 141 2309777 33399 0
1459947781004466 145 2349886 31656 143 2312365 33175 0
1459947781008424 145 2351901 31039 142 2313471 31603 0
1459947781011933 144 2352478 29146 141 2313211 29373 0
1459947781015650 144 2353010 27359 140 2311691 28478 0
1459947781019142 141 2349661 28308 136 2305170 32264 0
1459947781022701 140 2345293 30122 137 2300438 34104 0
1459947781026862 149 2352786 34676 147 2308876 39218 0
1459947781030498 143 2352014 32677 142 2310255 37425 0
1459947781034109 143 2351302 30779 139 2307686 36868 0
1459947781037918 145 2353206 30129 142 2309158 35344 0
1459947781041889 145 2354961 29393 143 2311795 35013 0
1459947781046166 147 2359139 30948 146 2318066 38058 0
1459947781050035 142 2356591 30878 139 2314887 38014 0
1459947781053836 146 2359362 31019 144 2318356 38242 0
1459947781057686 143 2358076 29779 141 2317714 35845 0
1459947781061430 147 2362011 31079 145 2322242 37218 0
1459947781065088 145 2363078 29634 143 2323856 35798 0
1459947781068719 145 2364062 28225 139 2320224 36348 0
1459947781072671 145 2364969 26855 142 2320716 33962 0
1459947781076518 145 2365805 25527 142 2321170 31726 0
1459947781080541 148 2370416 27783 145 2325428 33172 0
1459947781084455 146 2372107 27171 144 2328073 33019 0
1459947781088061 146 2373666 26485 143 2329232 31507 0
1459947781091619 141 2368703 28989 137 2322620 35139 0
1459947781095429 142 2365408 29761 139 2319085 35651 0
1459947781099633 149 2371330 32894 146 2324786 38121 0
1459947781103617 144 2370389 31190 141 2323642 36196 0
1459947781107077 135 2370389 31190 132 2323642 36196 1
1459947781110385 141 2365682 33091 140 2321307 35520 0
1459947781114049 142 2362623 33324 139 2317874 35908 0
1459947781118109 146 2364923 32840 143 2319830 34905 0
1459947781121883 141 2360643 34219 140 2317793 34055 0
1459947781125360 140 2355417 36361 138 2313355 35484 0
1459947781129179 146 2358280 36159 141 2313104 32942 0
1459947781133308 143 2357079 34440 139 2310312 32941 0
1459947781136878 141 2353412 35129 139 2307738 32739 0
1459947781140583 142 2351311 34320 140 2306645 31187 0
1459947781144224 144 2351934 32213 140 2305638 29677 0
1459947781147900 142 2349949 31525 140 2304710 28213 0
1459947781151737 145 2351959 30915 141 2305134 26399 0
1459947781155232 139 2346132 33870 137 2300405 28695 0
1459947781158952 143 2345880 31454 139 2298605 28111 0
1459947781162441 140 2341808 32749 136 2293106 30982 0
1459947781165807 140 2338054 33650 138 2290597 30873 0
1459947781169567 144 2339713 32550 141 2292124 29868 0
1459947781173342 140 2336122 33316 137 2288411 30956 0
1459947781177154 144 2337932 32382 142 2291388 31282 0
1459947781180541 139 2333201 34213 136 2286453 33387 0
1459947781184105 141 2331399 33200 139 2285743 31431 0
1459947781188008 146 2336138 34975 143 2290209 33092 0
1459947781191752 144 2337947 33909 141 2291766 31941 0
1459947781195026 140 2334494 34441 137 2288081 32841 0
1459947781198353 139 2330031 35863 136 2283404 34585 0
1459947781201586 134 2330031 35863 131 2283404 34585 1
1459947781205496 143 2331037 33988 140 2284213 32628 0
1459947781209315 140 2328124 34016 137 2281118 32930 0
1459947781213113 142 2327999 31472 141 2283385 32447 0
1459947781217178 146 2333004 33627 141 2285475 31839 0
1459947781220820 139 2328658 35005 137 2282282 32294 0
1459947781224610 144 2331051 34476 141 2284458 31777 0
1459947781227983 139 2326857 35647 137 2281344 32164 0
1459947781231857 145 2330671 36378 141 2283594 31725 0
1459947781235819 147 2336747 39136 144 2289508 34698 0
1459947781240174 146 2341068 40062 142 2292400 34653 0
1459947781244012 143 2341212 37064 142 2295066 34402 0
1459947781247678 143 2341344 34290 138 2292403 34167 0
1459947781251873 150 2341344 34290 148 2292403 34167 1
1459947781255593 146 2345306 35263 143 2296349 35134 0
1459947781259576 145 2347678 34695 141 2297426 33382 0
1459947781263011 141 2344745 34687 139 2295859 32217 0
1459947781266471 142 2343321 33288 139 2294415 31031 0
1459947781270556 148 2349689 36557 145 2300763 34458 0
1459947781274206 142 2347879 35368 138 2297655 34629 0
1459947781277845 139 2342370 37681 138 2294790 34563 0
1459947781281603 146 2346252 38316 142 2297269 34147 0
1459947781285387 143 2345991 35562 140 2296994 31731 0
1459947781289563 148 2352150 38461 144 2301861 33739 0
1459947781293773 148 2357828 40690 145 2307628 36419 0
1459947781297670 144 2357942 37616 141 2307824 33754 0
1459947781301655 149 2364447 40674 145 2313125 36003 0
1459947781305065 140 2358924 42586 137 2307772 38124 0
1459947781308972 147 2362793 42824 145 2313077 40035 0
1459947781312850 144 2362519 39729 141 2312847 37118 0
1459947781316519 143 2360987 38037 142 2313915 35203 0
1459947781320588 147 2364694 38483 145 2318740 36900 0
1459947781324778 148 2369392 39807 145 2323188 38117 0
1459947781328663 146 2371163 38329 144 2326008 37739 0
1459947781332362 142 2367675 38548 139 2322208 38292 0
1459947781335958 138 2359340 43219 135 2313585 43248 0
1459947781339927 144 2359336 39845 142 2314596 40801 0
1459947781344445 150 2367012 43809 146 2320648 43192 0
1459947781348014 141 2362569 44481 140 2318547 41753 0
1459947781351784 145 2363593 41949 144 2321730 41425 0
1459947781355289 142 2360697 41340 140 2319544 40202 0
1459947781359189 144 2360587 38210 142 2320089 37564 0
1459947781362594 135 2360587 38210 134 2320089 37564 1
1459947781366350 145 2361766 36311 142 2320592 35092 0
1459947781369615 133 2361766 36311 131 2320592 35092 1
1459947781372709 134 2361766 36311 131 2320592 35092 1
1459947781376251 139 2355173 39551 138 2315935 36642 0
1459947781379911 142 2352935 38524 139 2312922 36556 0
1459947781384137 150 2361111 43052 148 2321664 41760 0
1459947781387853 140 2355849 44538 137 2315644 44046 0
1459947781391052 137 2347158 49069 134 2306254 49260 0
1459947781394634 142 2345546 46720 139 2303997 47490 0
1459947781398689 146 2349180 46420 143 2307037 46581 0
1459947781402894 149 2356370 49421 148 2316239 51424 0
1459947781406724 145 2357878 46949 143 2318322 49327 0
1459947781410634 144 2357988 43383 141 2317683 46061 0
1459947781414249 141 2354250 43438 138 2313254 46544 0
1459947781417881 138 2346964 46760 136 2306611 49030 0
1459947781421209 141 2344087 45757 137 2301767 49664 0
1459947781424639 142 2342715 43446 140 2301141 46360 0
1459947781427496 131 2342715 43446 123 2301141 46360 1
1459947781430446 134 2342715 43446 125 2301141 46360 1
1459947781433491 135 2342715 43446 124 2301141 46360 1
1459947781436365 132 2342715 43446 121 2301141 46360 1
1459947781439493 136 2342715 43446 127 2301141 46360 1
1459947781442736 134 2342715 43446 125 2301141 46360 1
1459947781445608 131 2342715 43446 122 2301141 46360 1
1459947781448535 132 2342715 43446 122 2301141 46360 1
1459947781451367 131 2342715 43446 121 2301141 46360 1
1459947781454558 134 2342715 43446 125 2301141 46360 1
1459947781457873 138 2342715 43446 129 2301141 46360 1
1459947781460869 136 2342715 43446 126 2301141 46360 1
1459947781463531 128 2342715 43446 118 2301141 46360 1
1459947781466360 130 2342715 43446 121 2301141 46360 1
1459947781469327 135 2342715 43446 127 2301141 46360 1
1459947781472184 136 2342715 43446 129 2301141 46360 1
1459947781474982 134 2342715 43446 128 2301141 46360 1
1459947781478332 141 2340170 42396 135 2294164 49169 0
1459947781481576 135 2340170 42396 128 2294164 49169 1
1459947781484625 135 2340170 42396 128 2294164 49169 1
1459947781487499 130 2340170 42396 125 2294164 49169 1
1459947781490521 134 2340170 42396 128 2294164 49169 1
1459947781493089 126 2340170 42396 119 2294164 49169 1
1459947781496608 143 2340384 39280 137 2290292 48896 0
1459947781499686 136 2331621 44288 131 2279042 55446 0
1459947781502711 137 2324823 47094 130 2267391 61853 0
1459947781505619 132 2324823 47094 125 2267391 61853 1
1459947781508509 133 2313436 53911 127 2252811 70460 0
1459947781511271 134 2304218 58196 129 2241930 74985 0
1459947781514536 138 2300840 56762 132 2235739 74833 0
1459947781517657 138 2297726 55196 131 2228751 75427 0
1459947781520757 135 2291016 57068 130 2221029 76651 0
1459947781523674 134 2283550 59491 127 2210071 80763 0
1459947781526749 135 2277947 60007 130 2203809 80225 0
1459947781529423 128 2263822 68339 121 2186516 89898 0
1459947781532100 132 2255920 70283 125 2175694 92850 0
1459947781535072 134 2251196 69146 130 2172117 88892 0
1459947781537835 133 2245561 68937 127 2164980 88526 0
1459947781540674 131 2237806 70699 126 2157120 88854 0
1459947781543920 134 2234497 68225 128 2152435 86230 0
1459947781546819 128 2223766 72785 122 2140436 90554 0
1459947781549705 133 2220274 70316 128 2137054 86596 0
1459947781552524 133 2217055 67789 128 2133936 82703 0
1459947781555308 133 2214087 65227 128 2131062 78890 0
1459947781557725 126 2202391 70912 122 2120732 82248 0
1459947781560533 133 2200569 67051 127 2117609 78700 0
1459947781563425 134 2200169 62180 127 2114730 75204 0
1459947781566287 131 2195960 61201 125 2109516 74133 0
1459947781569147 133 2194640 57635 127 2107270 70411 0
1459947781572310 135 2195983 54370 130 2109039 66541 0
1459947781575288 133 2194661 51339 128 2108110 62198 0
1459947781578198 134 2194723 47385 129 2108533 57728 0
1459947781581308 135 2196060 44915 130 2110203 54758 0
1459947781584677 138 2201132 46082 134 2116863 56620 0
1459947781587486 133 2199408 44069 128 2115323 53615 0
1459947781590776 137 2202939 43881 130 2116463 50477 0
1459947781593540 135 2203634 41093 130 2117514 47502 0
1459947781596029 129 2196595 44370 123 2109523 51156 0
1459947781599108 137 2200346 44360 130 2111116 48628 0
1459947781602300 135 2201243 41721 129 2111305 45002 0
1459947781605501 137 2204630 41584 132 2115319 45186 0
1459947781608730 138 2209033 42394 132 2119019 45066 0
1459947781611806 136 2210532 40463 130 2119870 42330 0
1459947781614519 133 2208074 39566 128 2118095 40658 0
1459947781617418 133 2205808 38562 127 2115178 40169 0
1459947781620547 132 2202439 38654 128 2113769 38328 0
1459947781623151 127 2192933 44396 122 2104790 43609 0
1459947781626298 136 2195690 43468 131 2108033 43191 0
1459947781629513 138 2200791 44775 133 2113582 44932 0
1459947781632612 135 2201654 42071 130 2114858 42597 0
1459947781635742 136 2203729 40697 131 2117314 41533 0
1459947781638808 136 2205642 39281 130 2118298 39195 0
1459947781642031 135 2206126 36658 128 2116645 37654 0
1459947781644774 130 2200172 39282 125 2111282 39655 0
1459947781647527 131 2195963 40092 126 2107618 39933 0
1459947781650603 135 2197203 38102 128 2106800 37566 0
1459947781653278 129 2190666 41150 124 2100926 40045 0
1459947781655798 129 2184640 43490 123 2094231 43087 0
1459947781658736 133 2184205 40493 127 2093179 40689 0
1459947781661847 138 2190203 42859 131 2097329 41336 0
1459947781664777 136 2193173 42248 130 2099875 40453 0
1459947781667820 136 2195911 41471 129 2100942 38275 0
1459947781670711 131 2192035 41803 126 2098085 37916 0
1459947781673683 134 2192302 38783 127 2096732 36200 0
1459947781676705 135 2193828 37160 127 2095484 34520 0
1459947781679731 133 2192675 35318 127 2094334 32882 0
1459947781682797 135 2194172 33938 126 2091994 32470 0
1459947781685748 136 2196832 33738 124 2087276 34281 0
1459947781688626 138 2201844 35722 124 2082927 35610 0
1459947781691583 141 2210304 40731 127 2082758 32982 0
1459947781694833 146 2210304 40731 131 2082758 32982 1
1459947781697648 138 2214264 41198 122 2076202 36448 0
1459947781700459 142 2223034 46064 125 2073998 35631 0
1459947781703457 141 2229839 48738 125 2071966 34719 0
1459947781706220 139 2233552 48353 123 2067533 36092 0
1459947781709378 146 2233552 48353 129 2067533 36092 1
1459947781712257 144 2243375 53631 128 2069846 35405 0
1459947781715282 142 2249871 55429 124 2066859 35391 0
1459947781718565 146 2260979 61339 128 2069225 34807 0
1459947781721608 144 2268660 63626 124 2066286 34795 0
1459947781724654 145 2277020 66362 125 2064857 33392 0
1459947781727877 144 2283447 67102 126 2064820 30817 0
1459947781730626 140 2284252 62601 124 2062225 30800 0
1459947781733399 139 2283714 58205 121 2055993 34137 0
1459947781736302 144 2289618 59100 124 2054088 33225 0
1459947781739494 147 2298901 63040 128 2057452 33730 0
1459947781742570 145 2304899 63644 126 2057993 31593 0
1459947781745431 143 2307868 61408 124 2055932 31023 0
1459947781748382 144 2311885 60313 126 2056592 29207 0
1459947781751143 142 2313028 56655 123 2053360 29903 0
1459947781754256 145 2317922 56740 125 2052941 27952 0
1459947781757246 146 2323714 57646 128 2056394 28952 0
1459947781760195 147 2330333 59244 128 2059578 29625 0
1459947781763555 149 2338995 62601 130 2065073 32376 0
1459947781766578 143 2339301 57992 124 2062459 32255 0
1459947781769554 144 2340863 54901 124 2060049 31956 0
1459947781772473 141 2338463 52823 121 2053987 35046 0
1459947781775549 147 2343930 53736 129 2058639 36596 0
1459947781778633 146 2347690 53003 124 2056527 35682 0
1459947781781820 147 2352436 53237 128 2059700 35819 0
1459947781785115 148 2358091 54291 127 2061345 34537 0
1459947781787631 136 2358091 54291 116 2061345 34537 1
1459947781790708 144 2358185 50135 125 2060302 32799 0
1459947781793957 146 2360831 48658 127 2061900 31710 0
1459947781829919 146 2363271 47105 124 2059534 31413 0
1459947781832732 146 2365520 45497 123 2056072 32148 0
1459947781835754 144 2365033 42390 123 2052881 32577 0
1459947781838953 146 2367144 41024 123 2049939 32742 0
1459947781842031 146 2369090 39613 125 2049787 30323 0
1459947781845319 148 2373444 40532 126 2050927 29005 0
1459947781848656 149 2378738 42246 128 2054538 30067 0
1459947781851896 151 2386179 45804 126 2055307 28427 0
1459947781855291 148 2389198 45008 124 2053456 27912 0
1459947781858616 152 2397101 48777 128 2056869 28878 0
1459947781861604 145 2395427 46508 123 2053616 29619 0
1459947781864756 147 2396444 43811 125 2053177 27709 0
1459947781867793 146 2396101 40703 122 2048932 29456 0
1459947781870902 144 2393225 40173 123 2046299 29581 0
1459947781873933 146 2393134 37117 123 2043871 29506 0
1459947781877061 147 2394330 35319 124 2042913 28082 0
1459947781880059 147 2395432 33575 124 2042030 26701 0
1459947781882489 136 2395432 33575 113 2042030 26701 1
1459947781885832 151 2401568 36608 128 2046336 28584 0
1459947781888728 144 2398265 36792 122 2042626 29770 0
1459947781891996 149 2401620 37010 126 2044325 29011 0
1459947781895234 151 2407273 39329 128 2048452 30548 0
1459947781898033 142 2400964 42071 121 2043296 32913 0
1459947781901417 148 2402828 40503 126 2044943 31859 0
1459947781904281 146 2401987 38113 124 2043901 30329 0
1459947781907476 148 2403771 36780 126 2045501 29434 0
1459947781910475 150 2407976 37782 125 2045696 27314 0
1459947781913161 143 2402892 39515 121 2040756 29734 0
1459947781916007 145 2400766 38386 122 2037481 30429 0
1459947781918929 146 2400086 36013 122 2034462 30833 0
1459947781922002 147 2400739 33801 124 2034239 28628 0
1459947781925221 148 2402621 32895 125 2035314 27382 0
1459947781928280 149 2405636 33104 126 2037585 27335 0
1459947781931283 148 2407135 31899 124 2037118 25628 0
1459947781934172 143 2402117 34031 120 2031568 28741 0
1459947781937263 146 2401331 32095 126 2034131 28858 0
1459947781939918 139 2401331 32095 115 2034131 28858 1
1459947781942764 146 2400607 30254 122 2031374 29144 0
1459947781945746 148 2402499 29634 123 2030112 28029 0
1459947781948807 143 2397843 31609 119 2023829 31630 0
1459947781951677 143 2393551 33095 120 2019317 33317 0
1459947781954669 146 2393434 30616 122 2017717 32188 0
1459947781957838 151 2399726 34025 127 2022642 34214 0
1459947781960833 148 2401687 33174 124 2023343 32187 0
1459947781963651 145 2399655 32455 121 2020149 32616 0
1459947781966364 147 2400341 30552 123 2019764 30421 0
1459947781969261 147 2400974 28748 122 2018129 29550 0
1459947781971895 143 2396437 30683 119 2012782 32169 0
1459947781975147 150 2401215 32690 126 2016813 33371 0
1459947781978275 148 2403060 31836 123 2016689 30876 0
1459947781981410 147 2403480 29736 124 2017855 29538 0
1459947781984197 142 2397468 32954 118 2011250 33318 0
1459947781987197 143 2393205 34308 120 2007721 33968 0
1459947781990482 151 2399515 37444 126 2012147 35395 0
1459947781993106 144 2396372 37414 117 2004708 39486 0
1459947781995846 148 2398595 36540 122 2004250 36823 0
1459947781998852 148 2400644 35574 125 2007667 37097 0
1459947782001976 148 2402533 34536 123 2008258 34742 0
1459947782004664 145 2400435 33770 120 2004962 35064 0
1459947782007786 149 2403621 34068 124 2007044 34243 0
1459947782010901 150 2407838 35293 125 2010243 34516 0
1459947782013552 145 2405325 34851 121 2008072 33819 0
1459947782016653 149 2408128 34713 124 2009911 32871 0
1459947782019631 146 2406873 33157 123 2010326 30685 0
1459947782022797 150 2410836 34219 124 2011989 29820 0
1459947782025545 146 2409369 32896 121 2009682 29616 0
1459947782028125 141 2401617 37472 117 2002435 33982 0
1459947782030842 145 2399590 36411 119 1998314 35125 0
1459947782033545 142 2393882 38828 117 1991955 38241 0
1459947782036344 145 2392459 37104 118 1987373 39476 0
1459947782039222 146 2392428 34233 121 1986989 36744 0
1459947782042488 151 2398799 37431 126 1993035 39447 0
1459947782045496 148 2400832 36381 121 1992209 37126 0
1459947782048388 145 2398867 35349 120 1990167 36106 0
1459947782051317 147 2399615 33277 121 1989565 33839 0
1459947782054354 147 2400305 31313 123 1991570 33043 0
1459947782057510 150 2404781 32992 126 1997258 35705 0
1459947782060412 149 2407627 33038 122 1997382 33029 0
1459947782063608 151 2412811 35235 123 1998776 31733 0
1459947782066821 149 2415030 34527 126 2003901 33978 0
1459947782069667 147 2414515 32302 121 2002226 32866 0
1459947782072294 144 2410201 33754 118 1996842 35261 0
1459947782075447 150 2413904 34529 124 1999558 35010 0
1459947782078310 149 2416037 33798 123 2000782 33402 0
1459947782081501 154 2424404 38870 129 2009590 38912 0
1459947782084575 151 2428277 39403 127 2015150 40998 0
1459947782087300 145 2424167 40112 121 2012596 40149 0
1459947782090135 146 2421658 39290 120 2008961 40362 0
1459947782092646 142 2414225 43071 117 2001770 43836 0
1459947782095791 150 2417613 42829 126 2006661 44920 0
1459947782098882 151 2422016 43542 125 2009890 44387 0
1459947782102011 149 2423516 41522 127 2015427 46023 0
1459947782104505 144 2418498 42903 118 2009011 48340 0
1459947782107467 146 2416432 41454 122 2008217 45294 0
1459947782110695 152 2422208 43540 124 2010045 43440 0
1459947782113624 149 2423693 41506 124 2011730 41599 0
1459947782116664 147 2422501 39360 123 2012003 38601 0
1459947782119799 149 2423963 37632 125 2014815 38177 0
1459947782122380 146 2421470 36989 119 2009727 39883 0
1459947782124930 143 2415332 39756 117 2002477 43450 0
1459947782127629 146 2413514 38325 119 1998353 43856 0
1459947782130206 144 2409278 39234 116 1990711 47473 0
1459947782132923 144 2405373 39767 119 1987506 46717 0
1459947782135966 148 2406893 38061 125 1992232 47423 0
1459947782138944 149 2409574 37559 124 1995308 46554 0
1459947782141990 148 2410766 35722 123 1996864 44351 0
1459947782144960 147 2410584 33097 123 1998299 42208 0
1459947782148107 149 2412977 32717 121 1997061 40050 0
1459947782151180 150 2416463 33373 126 2002320 41769 0
1459947782154367 150 2419676 33727 124 2004608 40615 0
1459947782158178 156 2419676 33727 132 2004608 40615 1
1459947782161738 154 2427758 38543 128 2011838 44106 0
1459947782164444 148 2427529 35741 122 2010823 41595 0
1459947782167304 145 2423478 36682 121 2008607 40387 0
1459947782170427 149 2424863 35093 121 2006564 39113 0
1459947782173665 151 2428700 35888 125 2009801 39041 0
1459947782176728 146 2425837 35722 122 2008945 36778 0
1459947782179924 150 2428318 35218 124 2010716 35536 0
1459947782182868 146 2425485 35077 121 2008508 34793 0
1459947782186000 149 2426713 33469 121 2006473 33949 0
1459947782189432 152 2431686 35438 126 2010997 35466 0
1459947782192774 153 2437550 38075 126 2015167 36540 0
1459947782195780 148 2436556 36015 123 2015172 33689 0
1459947782198692 148 2435640 34045 122 2013896 32232 0
1459947782201069 142 2435640 34045 116 2013896 32232 1
1459947782203197 136 2435640 34045 111 2013896 32232 1
1459947782205917 149 2436075 31786 121 2011440 31976 0
1459947782208972 151 2439036 32032 124 2013016 30930 0
1459947782211967 149 2439206 29686 123 2013189 28672 0
1459947782215157 153 2444483 32230 128 2019748 32479 0
1459947782218300 148 2442947 31127 122 2018115 31446 0
1459947782221312 150 2444091 29750 125 2020449 31141 0
1459947782225509 148 2442586 28812 145 2048201 54292 0
1459947782229506 147 2439918 29019 144 2072505 72455 0
1459947782233245 144 2433619 32557 141 2091070 83909 0
1459947782236996 145 2429092 34185 142 2109465 94311 0
1459947782240738 143 2422359 37720 140 2123863 100215 0
1459947782244750 142 2414872 41674 139 2135856 103441 0
1459947782248480 144 2410530 42420 142 2150752 109091 0
1459947782252425 145 2407807 41614 142 2164484 113227 0
1459947782256515 147 2407857 38408 145 2180983 119591 0
1459947782260306 144 2404063 38904 141 2191073 119549 0
1459947782264065 141 2396725 42628 138 2196535 115244 0
1459947782267785 138 2386120 49072 136 2199010 108522 0
1459947782271492 143 2382744 48349 140 2206412 106867 0
1459947782274792 137 2371952 54519 134 2205556 99307 0
1459947782278218 139 2364563 57070 137 2208606 94360 0
1459947782282374 147 2367991 55771 145 2221658 99020 0
1459947782286479 145 2368591 51966 144 2232410 101196 0
1459947782290086 145 2369144 48416 141 2238482 98888 0
1459947782293679 144 2368374 45342 141 2244080 96323 0
1459947782297317 137 2358704 50712 136 2242841 89938 0
1459947782301069 145 2360030 47972 143 2250659 90118 0
1459947782305166 148 2365092 48891 146 2261706 93261 0
1459947782308939 145 2365919 45833 140 2264210 88282 0
1459947782312539 144 2365401 42728 142 2269078 85872 0
1459947782316118 142 2362364 42188 139 2269726 79760 0
1459947782319687 144 2362124 39112 141 2272883 76439 0
1459947782323067 142 2359343 38619 139 2273234 70790 0
1459947782326566 140 2354219 40324 137 2270997 67320 0
1459947782330191 140 2349495 41527 136 2267655 65140 0
1459947782333898 144 2350260 38987 143 2273534 65470 0
1459947782337637 144 2350965 36591 141 2276394 62991 0
1459947782341473 141 2347775 36671 139 2276470 58139 0
1459947782345400 144 2348675 34635 141 2279100 56021 0
1459947782349437 148 2354624 37414 146 2287925 59779 0
1459947782353416 146 2357549 37187 144 2293500 60248 0
1459947782357091 145 2358965 35586 141 2294800 56739 0
1459947782360978 144 2358990 32828 141 2295998 53411 0
1459947782364728 142 2356453 32600 141 2297103 50256 0
1459947782368592 144 2356675 30257 141 2298121 47268 0
1459947782371868 138 2349199 34784 137 2293940 47429 0
1459947782375331 142 2347427 33698 139 2292645 44915 0
1459947782378995 143 2347074 31390 140 2292732 41486 0
1459947782382630 143 2346748 29236 141 2294092 39498 0
1459947782386840 149 2354128 33754 148 2304306 45828 0
1459947782390723 145 2355811 32668 143 2307322 45027 0
1459947782394548 141 2352243 33403 138 2303702 44845 0
1459947782398316 141 2348954 33825 137 2299085 45597 0
1459947782402173 141 2345921 33977 139 2297388 43597 0
1459947782405703 142 2344405 32718 140 2297104 40451 0
1459947782409638 145 2346848 32413 143 2300682 40589 0
1459947782413371 144 2347820 30776 142 2302701 39278 0
1459947782417180 144 2348716 29197 142 2304562 37925 0
1459947782421132 146 2352102 30037 144 2308838 38904 0
1459947782424881 148 2357784 32928 145 2314060 40678 0
1459947782428583 143 2356622 31426 139 2311194 40142 0
1459947782432360 144 2356830 29162 141 2311111 37080 0
1459947782436043 142 2354462 29065 138 2307195 37792 0
1459947782439703 140 2349719 31165 138 2303585 38166 0
1459947782443467 145 2351747 30599 142 2305377 36836 0
1459947782447183 140 2347216 32384 140 2304469 34794 0
1459947782450956 139 2341759 34883 135 2297232 38746 0
1459947782455218 148 2348249 38140 147 2305920 43728 0
1459947782459121 141 2345272 37904 139 2303690 42366 0
1459947782463379 151 2345272 37904 147 2303690 42366 1
1459947782467623 146 2348927 38312 144 2308034 43060 0
1459947782471744 146 2352297 38424 144 2312038 43387 0
1459947782475769 145 2354123 37106 144 2315730 43400 0
1459947782479551 142 2351967 36194 141 2315293 40411 0
1459947782483422 144 2352539 33893 141 2314890 37623 0
1459947782486954 139 2346666 36658 137 2309399 39744 0
1459947782490548 141 2343812 36424 138 2305617 40125 0
1459947782494328 145 2346301 35873 143 2308530 39676 0
1459947782498041 146 2349876 36365 142 2309936 37872 0
1459947782502117 147 2354451 37741 144 2313792 38468 0
1459947782505985 145 2356109 36320 143 2316067 37559 0
1459947782509845 146 2358917 36071 142 2316884 35377 0
1459947782513487 139 2352546 39124 135 2308677 40178 0
1459947782517260 140 2347953 40300 138 2304951 40473 0
1459947782521072 145 2350119 39147 143 2307916 40045 0
1459947782524839 141 2346995 38966 136 2301690 42655 0
1459947782528699 145 2349236 37986 139 2299790 41073 0
1459947782532271 141 2346181 37833 139 2298038 39478 0
1459947782535849 142 2344645 36292 139 2296423 37881 0
1459947782539725 149 2352189 40411 147 2305174 42989 0
1459947782543371 143 2351464 37921 141 2305562 39987 0
1459947782547322 144 2352075 35522 142 2307199 38373 0
1459947782550985 141 2348799 35765 139 2304869 37522 0
1459947782554714 144 2349619 33726 141 2305281 34969 0
1459947782558779 148 2355495 36507 146 2312060 38487 0
1459947782562140 137 2346831 41640 135 2304230 42697 0
1459947782566162 146 2350364 41643 143 2307252 42146 0
1459947782569763 140 2345941 42465 136 2301077 44544 0
1459947782572991 136 2345941 42465 130 2301077 44544 1
1459947782576967 147 2350824 43648 144 2305625 45257 0
1459947782580196 139 2345085 45527 138 2302138 44935 0
1459947782583863 141 2342355 44486 138 2298923 44387 0
1459947782587164 139 2337278 45689 137 2294679 44830 0
1459947782590426 139 2332598 46433 136 2289487 46113 0
1459947782593706 138 2327003 47962 136 2284700 46922 0
1459947782597367 141 2325685 45428 139 2284127 43783 0
1459947782600686 138 2320630 46537 136 2279759 44388 0
1459947782604092 140 2318530 44836 139 2279572 41091 0
1459947782607557 141 2317874 41936 139 2279400 38038 0
1459947782611151 142 2318550 39282 140 2280521 36100 0
1459947782614567 145 2323013 40327 142 2284115 36592 0
1459947782618424 140 2320727 39282 136 2279748 37758 0
1459947782622180 144 2323740 38990 141 2282122 36997 0
1459947782626003 142 2323957 36143 139 2281751 34447 0
1459947782629734 142 2324157 33504 139 2281409 32070 0
1459947782633914 149 2324157 33504 145 2281409 32070 1
1459947782637525 141 2323062 31895 138 2279813 31034 0
1459947782641029 139 2319492 32693 137 2277062 31144 0
1459947782644184 136 2312361 36711 134 2270686 34587 0
1459947782647896 143 2314747 36042 139 2271208 32365 0
1459947782651629 145 2319507 37614 142 2275529 33820 0
1459947782655448 143 2321335 36360 139 2275673 31310 0
1459947782659185 143 2323020 35073 140 2277086 30165 0
1459947782662863 143 2324574 33764 139 2277108 27828 0
1459947782666916 145 2328566 34806 143 2282248 30392 0
1459947782671233 151 2328566 34806 148 2282248 30392 1
1459947782674985 142 2328406 32232 139 2281867 28367 0
1459947782678260 141 2326979 31028 138 2280236 27653 0
1459947782681912 141 2325663 29815 138 2278732 26877 0
1459947782686005 145 2329570 31087 145 2286306 31759 0
1459947782689503 135 2329570 31087 133 2286306 31759 1
1459947782693080 143 2330612 29618 141 2288168 30993 0
1459947782696755 141 2329012 28778 138 2286044 30528 0
1459947782700749 143 2330097 27530 140 2286646 28698 0
