1459947780003832 140 2293760 0 138 2260992 0 0
1459947780007845 146 2301440 7080 146 2271232 9440 0
1459947780011808 144 2305960 10692 142 2275552 12684 0
1459947780015588 141 2306286 10157 139 2275694 11824 0
1459947780019128 141 2306587 9640 139 2275825 11021 0
1459947780022646 139 2304304 10989 137 2273386 12407 0
1459947780026073 141 2304760 10550 137 2271137 13509 0
1459947780029788 142 2306460 11292 139 2271624 12902 0
1459947780033568 144 2310587 14214 142 2275913 15848 0
1459947780037241 144 2314392 16611 137 2273467 16863 0
1459947780040491 139 2311500 17978 135 2268652 19983 0
1459947780044149 146 2317794 22375 142 2273173 22589 0
1459947780047416 138 2313356 24716 137 2270941 22881 0
1459947780050805 141 2313105 23016 137 2268883 22989 0
1459947780054465 141 2312873 21430 139 2269546 21803 0
1459947780058037 141 2312659 19951 140 2271437 21842 0
1459947780061681 146 2318862 24110 144 2278300 26462 0
1459947780065323 140 2316900 24033 139 2278227 24460 0
1459947780069149 142 2317652 22848 140 2279440 23667 0
1459947780072978 145 2322185 25242 141 2281838 24029 0
1459947780076634 144 2325084 25941 141 2284049 24189 0
1459947780080486 147 2331596 29918 145 2291207 28898 0
1459947780084213 144 2333760 29575 141 2292686 28003 0
1459947780087841 143 2334475 27923 140 2292769 25892 0
1459947780091443 141 2332574 27493 138 2290286 26157 0
1459947780094807 140 2329541 28140 137 2286717 27402 0
1459947780098374 142 2329305 26157 139 2285987 25933 0
1459947780102413 148 2336768 30993 145 2292994 30365 0
1459947780106235 140 2333408 31668 138 2290493 30296 0
1459947780109584 138 2327750 34408 135 2284348 33593 0
1459947780113042 140 2325094 34166 137 2281243 33830 0
1459947780116397 137 2318806 37292 136 2277100 35005 0
1459947780119907 143 2320689 36114 141 2279681 34649 0
1459947780123591 142 2321145 33712 139 2279500 32107 0
1459947780127460 142 2321565 31465 139 2279334 29750 0
1459947780130671 139 2318112 32188 135 2274061 32286 0
1459947780133950 140 2316209 31426 136 2270479 33064 0
1459947780137366 141 2315735 29406 139 2271017 30976 0
1459947780141549 148 2324258 34965 145 2279193 36094 0
1459947780145488 146 2329555 37116 143 2284171 37863 0
1459947780149017 143 2330598 35178 142 2287480 37954 0
1459947780153039 147 2336680 38035 143 2291810 38980 0
1459947780157119 149 2344846 42591 146 2299642 43154 0
1459947780160834 142 2343414 40582 140 2299182 40205 0
1459947780164401 140 2339534 40987 137 2294918 40993 0
1459947780168150 143 2339797 38027 140 2294827 37873 0
1459947780172055 146 2343880 38820 143 2298583 38377 0
1459947780176066 145 2346364 38077 142 2300766 37390 0
1459947780179718 140 2342254 38890 137 2296378 38512 0
1459947780183115 137 2334625 42883 134 2288493 42771 0
1459947780186467 135 2325032 48375 133 2279944 47309 0
1459947780190499 144 2327708 47062 141 2282303 45787 0
1459947780194309 146 2332735 48020 144 2288318 47754 0
1459947780197909 143 2333530 45000 140 2288743 44414 0
1459947780201763 144 2335542 43339 141 2290414 42485 0
1459947780205468 142 2334837 40602 140 2290675 39406 0
1459947780209346 143 2335467 38010 140 2290916 36549 0
1459947780213216 144 2337328 36756 142 2293698 36257 0
1459947780217424 147 2342884 39006 145 2300102 39328 0
1459947780221153 143 2342886 35960 142 2302166 38158 0
1459947780225023 143 2342888 33151 141 2302789 35750 0
1459947780228895 143 2342889 30562 139 2300803 34787 0
1459947780232912 148 2349290 34075 147 2309212 39821 0
1459947780236776 144 2350071 32132 141 2309284 36776 0
1459947780240907 145 2352071 31465 142 2310631 35143 0
1459947780244924 145 2353915 30706 141 2310592 32432 0
1459947780248223 135 2342815 38539 132 2299037 40550 0
1459947780251858 142 2341542 36700 139 2297344 38942 0
1459947780255383 139 2336529 38453 136 2291944 40877 0
1459947780258957 142 2335747 36168 139 2290805 38732 0
1459947780262655 143 2336306 33858 142 2293595 38278 0
1459947780266326 142 2335542 31916 139 2292327 36455 0
1459947780270292 145 2338677 32312 142 2294998 36069 0
1459947780273885 137 2331327 36561 135 2288501 39240 0
1459947780277645 145 2334792 36898 143 2292751 40092 0
1459947780281222 139 2330306 38150 137 2288989 40426 0
1459947780284582 133 2318490 46061 129 2275281 49903 0
1459947780288475 143 2320397 44220 141 2278004 48514 0
1459947780292284 146 2325995 45926 142 2281794 48217 0
1459947780295438 134 2315796 51739 132 2272488 53028 0
1459947780299081 142 2316634 48468 141 2275429 51597 0
1459947780302956 139 2313566 47508 137 2273021 49784 0
1459947780306785 143 2315858 45909 143 2278481 50927 0
1459947780310437 141 2315411 42733 139 2278394 47027 0
1459947780314055 144 2318839 42554 140 2279594 44459 0
1459947780317732 140 2316879 41035 136 2275580 44684 0
1459947780321311 139 2313792 40674 137 2273160 43423 0
1459947780325082 145 2318627 41953 142 2277329 43873 0
1459947780329090 140 2316684 40465 136 2273492 43981 0
1459947780333003 142 2317453 38011 140 2275075 42003 0
1459947780336885 143 2319441 36874 139 2275254 38886 0
1459947780340640 138 2314874 38202 137 2272859 38055 0
1459947780344371 140 2313224 36737 139 2273211 35406 0
1459947780348429 147 2320663 40724 144 2279936 38839 0
1459947780351684 138 2316001 41839 135 2274616 40708 0
1459947780355029 136 2309143 44891 135 2269711 42048 0
1459947780358874 140 2307941 42490 137 2267749 40570 0
1459947780362930 146 2314513 45228 143 2273621 42813 0
1459947780366604 141 2314171 42008 140 2275194 40918 0
1459947780369869 140 2312576 40196 137 2272804 39923 0
1459947780373067 137 2307266 41950 135 2268041 41194 0
1459947780376625 141 2307490 38879 138 2267490 38482 0
1459947780380329 143 2310257 38392 140 2269542 37367 0
1459947780384290 142 2311528 36563 140 2271434 36191 0
1459947780388228 145 2316539 38326 143 2277018 38510 0
1459947780391947 144 2319879 38410 142 2280885 39066 0
1459947780395738 144 2322958 38247 142 2284450 39300 0
1459947780399387 145 2327076 39055 143 2289017 40439 0
1459947780402658 136 2319353 43122 133 2280427 45197 0
1459947780406076 138 2314793 43956 137 2277628 44244 0
1459947780409723 139 2311869 43215 137 2275048 43165 0
1459947780412878 134 2302774 48222 132 2266269 47884 0
1459947780416217 135 2295669 51003 134 2260736 49243 0
1459947780420058 146 2303199 53960 142 2265876 50133 0
1459947780423868 144 2307581 53784 140 2268054 48224 0
1459947780427610 143 2310341 52126 139 2268782 45127 0
1459947780431336 145 2315445 52758 142 2273293 45759 0
1459947780434925 141 2315030 49017 139 2273611 42478 0
1459947780439377 149 2324888 54275 147 2284145 48870 0
1459947780443221 145 2328856 53692 141 2286176 46924 0
1459947780447258 145 2332514 52869 142 2289328 46164 0
1459947780450828 143 2333326 49486 140 2289674 42876 0
1459947780454374 139 2328954 49648 137 2286153 42771 0
1459947780458195 145 2332604 49134 142 2289307 42336 0
1459947780461698 142 2332129 45732 139 2288374 39887 0
1459947780465606 145 2335531 45295 142 2291354 39517 0
1459947780469529 142 2334827 42404 138 2288981 38615 0
1459947780472744 139 2330338 43228 136 2284234 39973 0
1459947780476592 146 2335160 44295 144 2290098 42256 0
1459947780480378 146 2339605 44932 144 2295504 43937 0
1459947780484090 143 2339863 41659 140 2295367 40629 0
1459947780487975 143 2340101 38623 141 2296521 38518 0
1459947780491552 140 2336480 38942 137 2292465 39246 0
1459947780494854 134 2325462 46055 134 2284886 43165 0
1459947780498362 134 2315305 51819 132 2275339 48592 0
1459947780501804 135 2307221 55221 133 2267818 51728 0
1459947780505593 138 2303609 54235 136 2264724 50537 0
1459947780509280 141 2304119 50467 139 2265712 47499 0
1459947780512924 144 2308429 50497 141 2269183 46988 0
1459947780516529 141 2308562 46674 139 2269823 43907 0
1459947780520038 140 2307405 44093 137 2267853 42292 0
1459947780523727 143 2310178 43205 141 2271156 42032 0
1459947780526753 127 2292255 56351 125 2253721 54819 0
1459947780530469 147 2301332 60316 144 2261969 58139 0
1459947780534004 142 2303300 57417 140 2264452 55885 0
1459947780537453 143 2306394 55783 141 2268021 54808 0
1459947780541380 145 2311806 56414 141 2271311 53559 0
1459947780545136 141 2311676 52125 139 2271784 49810 0
1459947780548836 142 2312836 49121 140 2273500 47500 0
1459947780552505 143 2315185 47449 140 2275082 45248 0
1459947780555988 136 2308391 50005 133 2267581 48627 0
1459947780559593 141 2308527 46224 138 2267066 45302 0
1459947780564039 148 2317613 50988 145 2275551 49584 0
1459947780567307 141 2317029 47541 139 2275693 45841 0
1459947780570690 142 2317771 44510 138 2274544 43317 0
1459947780574506 144 2321015 44022 142 2278605 43675 0
1459947780578018 142 2321445 40979 140 2279788 41353 0
1459947780581707 142 2321842 38143 140 2280879 39128 0
1459947780585325 140 2319648 37185 138 2279325 37503 0
1459947780588764 138 2315065 38503 135 2274052 39433 0
1459947780592365 139 2312120 38208 136 2270471 39652 0
1459947780595764 140 2310685 36545 136 2267170 39596 0
1459947780599290 143 2313202 36010 139 2267967 37237 0
1459947780603382 146 2319363 38875 143 2273822 39724 0
1459947780607203 144 2322482 38713 141 2276659 39236 0
1459947780610570 137 2316398 41296 135 2271595 40838 0
1459947780614010 137 2310789 43239 132 2263086 45490 0
1459947780618036 144 2314578 43353 141 2266762 45325 0
1459947780621648 141 2314231 40285 138 2266311 42198 0
1459947780625043 139 2311351 39791 137 2264615 40464 0
1459947780628613 140 2309976 37948 138 2264331 37562 0
1459947780632194 140 2308709 36150 137 2262790 36047 0
1459947780635503 138 2304981 36761 136 2260089 35719 0
1459947780639223 141 2305384 34260 139 2261439 34173 0
1459947780643065 141 2305755 31925 140 2263964 33830 0
1459947780646661 140 2304817 30293 137 2262451 32580 0
1459947780649818 136 2298833 33442 135 2258497 33679 0
1459947780653081 137 2294596 34734 136 2256131 33227 0
1459947780656471 137 2290690 35620 135 2252670 33820 0
1459947780660159 145 2297329 38958 141 2257160 35316 0
1459947780663987 145 2303450 41556 142 2262579 37552 0
1459947780667670 142 2305252 39971 138 2262455 34732 0
1459947780671040 139 2303074 38855 136 2259780 34483 0
1459947780674926 145 2308746 41048 140 2262434 34236 0
1459947780678487 141 2308855 37941 140 2264881 33817 0
1459947780682410 143 2311515 37428 141 2268417 34434 0
1459947780685936 144 2315247 37944 142 2272956 35928 0
1459947780689607 141 2314848 35346 139 2273301 33439 0
1459947780693517 145 2319600 36965 142 2277459 34659 0
1459947780697083 143 2321421 35755 139 2277452 31956 0
1459947780700994 145 2325659 36868 143 2282566 34173 0
1459947780704450 139 2321886 37464 139 2282160 31876 0
1459947780708083 139 2318408 37742 136 2277946 33269 0
1459947780711896 145 2322882 38917 143 2283021 35347 0
1459947780715519 139 2319326 39153 137 2280019 35351 0
1459947780719011 137 2313488 41475 135 2274692 37499 0
1459947780723018 147 2320906 45073 145 2282581 41842 0
1459947780726681 139 2317505 44686 135 2277054 43667 0
1459947780730171 143 2319489 43023 139 2277079 40278 0
1459947780733478 136 2312358 46233 134 2270702 43009 0
1459947780737243 141 2312185 42780 139 2271223 40128 0
1459947780741166 143 2314585 41650 140 2272983 38616 0
1459947780744742 141 2314238 38715 140 2274606 37095 0
1459947780748257 140 2312638 37164 136 2270982 37536 0
1459947780752069 144 2316283 37620 142 2275321 38603 0
1459947780755784 139 2313243 37482 136 2271641 38978 0
1459947780759580 145 2318120 39049 143 2277209 41065 0
1459947780763067 143 2320056 37783 141 2279782 40228 0
1459947780766789 142 2320561 35297 138 2278314 38438 0
1459947780770263 139 2317187 35649 135 2273120 40222 0
1459947780774059 144 2320476 35895 138 2272172 37952 0
1459947780777425 139 2317108 36194 136 2268738 38152 0
1459947780781402 147 2324243 39944 144 2275812 41693 0
1459947780785186 142 2324421 36987 138 2274654 39502 0
1459947780788744 139 2320745 37485 135 2269746 40938 0
1459947780792507 142 2321196 34972 141 2272902 40648 0
1459947780796524 147 2328012 38523 144 2279651 43694 0
1459947780800553 145 2331736 38946 142 2283313 43656 0
1459947780804204 143 2332609 36707 141 2285409 42177 0
1459947780808249 143 2333413 34581 140 2286061 39482 0
1459947780812098 144 2335435 33743 142 2289222 39311 0
1459947780815929 144 2337299 32824 140 2289576 36565 0
1459947780819900 145 2340297 33023 144 2295022 38729 0
1459947780823625 140 2336661 33794 136 2289803 40513 0
1459947780827209 142 2335869 31882 138 2287552 39422 0
1459947780830843 144 2337699 31078 140 2288037 36789 0
1459947780834321 140 2334266 31814 137 2284644 37041 0
1459947780838176 146 2338781 33490 144 2290476 39523 0
1459947780842086 145 2341663 33530 143 2294572 40211 0
1459947780845886 144 2343040 32180 141 2295788 38190 0
1459947780849665 144 2344310 30835 141 2296909 36239 0
1459947780853193 141 2341640 30886 139 2295382 34813 0
1459947780856377 130 2325099 43721 128 2279895 46369 0
1459947780860537 145 2329050 43947 143 2284818 47284 0
1459947780864577 145 2332692 43871 143 2289356 47773 0
1459947780868327 136 2324530 47966 134 2282020 50802 0
1459947780871947 141 2323406 45254 138 2280377 48347 0
1459947780875752 144 2326209 44302 140 2281422 45532 0
1459947780878734 124 2303193 62056 121 2258065 63505 0
1459947780882628 141 2303736 57707 136 2255733 60692 0
1459947780886724 144 2308076 57199 141 2259983 59868 0
1459947780890545 144 2312077 56418 142 2265181 59982 0
1459947780894205 146 2318325 57770 144 2272533 62073 0
1459947780897957 142 2318965 53846 139 2272911 57571 0
1459947780901171 138 2314435 53814 136 2269419 56291 0
1459947780904526 136 2307699 55817 134 2263640 57219 0
1459947780908468 146 2314290 57532 142 2268553 57277 0
1459947780912058 145 2319086 57458 142 2273082 56977 0
1459947780916137 146 2324787 58225 143 2278537 57554 0
1459947780919970 145 2328763 57341 141 2281006 55333 0
1459947780923587 142 2328588 53021 139 2280722 51271 0
1459947780927267 140 2325867 51386 139 2280460 47505 0
1459947780931102 145 2329758 50958 141 2282779 45930 0
1459947780934870 144 2332065 49103 140 2283636 43131 0
1459947780938526 141 2330352 46844 140 2284426 40490 0
1459947780942317 143 2331333 44088 140 2285155 37998 0
1459947780946061 141 2329677 42169 139 2284547 35589 0
1459947780949834 143 2330710 39827 141 2286546 34651 0
1459947780953564 140 2327823 39376 138 2284549 33783 0
1459947780957278 141 2327823 39376 137 2284549 33783 1
1459947780960702 140 2325161 38752 138 2282708 32839 0
1459947780964629 143 2326547 37002 142 2286131 33429 0
1459947780968774 147 2326547 37002 144 2286131 33429 1
1459947780972491 144 2329105 36469 141 2288007 32546 0
1459947780976479 144 2331463 35793 140 2288456 30417 0
1459947780980509 144 2333637 35000 142 2291430 30782 0
1459947780984444 143 2334361 32933 142 2294172 30904 0
1459947780988738 149 2334361 32933 147 2294172 30904 1
1459947780992796 145 2334361 32933 142 2294172 30904 1
1459947780996757 143 2335029 30975 143 2297979 31999 0
1459947781000524 143 2335644 29122 141 2298929 30375 0
1459947781004466 145 2335644 29122 143 2298929 30375 1
1459947781008424 145 2335644 29122 142 2298929 30375 1
1459947781011933 144 2337491 28549 141 2299805 28808 0
1459947781015650 144 2339194 27888 140 2299332 26992 0
1459947781019142 141 2339194 27888 136 2299332 26992 1
1459947781022701 140 2339194 27888 137 2299332 26992 1
1459947781026862 149 2339194 27888 147 2299332 26992 1
1459947781030498 143 2339484 25976 142 2301456 26841 0
1459947781034109 143 2339751 24192 139 2299574 26478 0
1459947781037918 145 2339751 24192 142 2299574 26478 1
1459947781041889 145 2339751 24192 143 2299574 26478 1
1459947781046166 147 2339751 24192 146 2299574 26478 1
1459947781050035 142 2338717 23254 139 2297839 26007 0
1459947781053836 146 2338717 23254 144 2297839 26007 1
1459947781057686 143 2339044 21739 141 2298800 24861 0
1459947781061430 147 2339044 21739 145 2298800 24861 1
1459947781065088 145 2339044 21739 143 2298800 24861 1
1459947781068719 145 2339044 21739 139 2298800 24861 1
1459947781072671 145 2339044 21739 142 2298800 24861 1
1459947781076518 145 2339044 21739 142 2298800 24861 1
1459947781080541 148 2339044 21739 145 2298800 24861 1
1459947781084455 146 2339044 21739 144 2298800 24861 1
1459947781088061 146 2339044 21739 143 2298800 24861 1
1459947781091619 141 2339044 21739 137 2298800 24861 1
1459947781095429 142 2338066 20941 139 2297126 24460 0
1459947781099633 149 2338066 20941 146 2297126 24460 1
1459947781103617 144 2339724 20833 141 2298143 23486 0
1459947781107077 135 2339724 20833 132 2298143 23486 1
1459947781110385 141 2337413 21335 140 2297800 21966 0
1459947781114049 142 2336562 20451 139 2296204 21719 0
1459947781118109 146 2336562 20451 143 2296204 21719 1
1459947781121883 141 2334498 20755 140 2296013 20198 0
1459947781125360 140 2334498 20755 138 2296013 20198 1
1459947781129179 146 2334498 20755 141 2296013 20198 1
1459947781133308 143 2335155 19739 139 2294556 19962 0
1459947781136878 141 2333201 19997 139 2293213 19639 0
1459947781140583 142 2332679 18914 140 2293255 18143 0
1459947781144224 144 2332679 18914 140 2293255 18143 1
1459947781147900 142 2332198 17878 140 2293294 16761 0
1459947781151737 145 2332198 17878 141 2293294 16761 1
1459947781155232 139 2332198 17878 137 2293294 16761 1
1459947781158952 143 2333035 17252 139 2292050 16597 0
1459947781162441 140 2333035 17252 136 2292050 16597 1
1459947781165807 140 2333035 17252 138 2292050 16597 1
1459947781169567 144 2333035 17252 141 2292050 16597 1
1459947781173342 140 2333035 17252 137 2292050 16597 1
1459947781177154 144 2333035 17252 142 2292050 16597 1
1459947781180541 139 2333035 17252 136 2292050 16597 1
1459947781184105 141 2331246 17552 139 2290903 16356 0
1459947781188008 146 2331246 17552 143 2290903 16356 1
1459947781191752 144 2331246 17552 141 2290903 16356 1
1459947781195026 140 2331246 17552 137 2290903 16356 1
1459947781198353 139 2331246 17552 136 2290903 16356 1
1459947781201586 134 2331246 17552 131 2290903 16356 1
1459947781205496 143 2332157 17020 140 2291126 15283 0
1459947781209315 140 2332157 17020 137 2291126 15283 1
1459947781213113 142 2331717 16095 141 2292611 15458 0
1459947781217178 146 2331717 16095 141 2292611 15458 1
1459947781220820 139 2331717 16095 137 2292611 15458 1
1459947781224610 144 2331717 16095 141 2292611 15458 1
1459947781227983 139 2331717 16095 137 2292611 15458 1
1459947781231857 145 2331717 16095 141 2292611 15458 1
1459947781235819 147 2331717 16095 144 2292611 15458 1
1459947781240174 146 2331717 16095 142 2292611 15458 1
1459947781244012 143 2332591 15643 142 2295260 16692 0
1459947781247678 143 2332591 15643 138 2295260 16692 1
1459947781251873 150 2332591 15643 148 2295260 16692 1
1459947781255593 146 2332591 15643 143 2295260 16692 1
1459947781259576 145 2332591 15643 141 2295260 16692 1
1459947781263011 141 2330837 16036 139 2293862 16674 0
1459947781266471 142 2330500 15093 139 2292574 16558 0
1459947781270556 148 2330500 15093 145 2292574 16558 1
1459947781274206 142 2330500 15093 138 2292574 16558 1
1459947781277845 139 2330500 15093 138 2292574 16558 1
1459947781281603 146 2330500 15093 142 2292574 16558 1
1459947781285387 143 2331469 14806 140 2292666 15349 0
1459947781289563 148 2331469 14806 144 2292666 15349 1
1459947781293773 148 2331469 14806 145 2292666 15349 1
1459947781297670 144 2331469 14806 141 2292666 15349 1
1459947781301655 149 2331469 14806 145 2292666 15349 1
1459947781305065 140 2331469 14806 137 2292666 15349 1
1459947781308972 147 2331469 14806 145 2292666 15349 1
1459947781312850 144 2331469 14806 141 2292666 15349 1
1459947781316519 143 2332362 14473 142 2295311 16587 0
1459947781320588 147 2332362 14473 145 2295311 16587 1
1459947781324778 148 2332362 14473 145 2295311 16587 1
1459947781328663 146 2332362 14473 144 2295311 16587 1
1459947781332362 142 2331906 13762 139 2293909 16582 0
1459947781335958 138 2331906 13762 135 2293909 16582 1
1459947781339927 144 2331906 13762 142 2293909 16582 1
1459947781344445 150 2331906 13762 146 2293909 16582 1
1459947781348014 141 2330205 14253 140 2293897 15296 0
1459947781351784 145 2330205 14253 144 2293897 15296 1
1459947781355289 142 2329917 13403 140 2293886 14110 0
1459947781359189 144 2329917 13403 142 2293886 14110 1
1459947781362594 135 2329917 13403 134 2293886 14110 1
1459947781366350 145 2329917 13403 142 2293886 14110 1
1459947781369615 133 2329917 13403 131 2293886 14110 1
1459947781372709 134 2329917 13403 131 2293886 14110 1
1459947781376251 139 2329917 13403 138 2293886 14110 1
1459947781379911 142 2329917 13403 139 2293886 14110 1
1459947781384137 150 2329917 13403 148 2293886 14110 1
1459947781387853 140 2329917 13403 137 2293886 14110 1
1459947781391052 137 2329917 13403 134 2293886 14110 1
1459947781394634 142 2329917 13403 139 2293886 14110 1
1459947781398689 146 2329917 13403 143 2293886 14110 1
1459947781402894 149 2329917 13403 148 2293886 14110 1
1459947781406724 145 2329917 13403 143 2293886 14110 1
1459947781410634 144 2329917 13403 141 2293886 14110 1
1459947781414249 141 2329917 13403 138 2293886 14110 1
1459947781417881 138 2329917 13403 136 2293886 14110 1
1459947781421209 141 2329917 13403 137 2293886 14110 1
1459947781424639 142 2329652 12599 140 2293876 13016 0
1459947781427496 131 2329652 12599 123 2293876 13016 1
1459947781430446 134 2329652 12599 125 2293876 13016 1
1459947781433491 135 2329652 12599 124 2293876 13016 1
1459947781436365 132 2329652 12599 121 2293876 13016 1
1459947781439493 136 2329652 12599 127 2293876 13016 1
1459947781442736 134 2329652 12599 125 2293876 13016 1
1459947781445608 131 2329652 12599 122 2293876 13016 1
1459947781448535 132 2329652 12599 122 2293876 13016 1
1459947781451367 131 2329652 12599 121 2293876 13016 1
1459947781454558 134 2329652 12599 125 2293876 13016 1
1459947781457873 138 2329652 12599 129 2293876 13016 1
1459947781460869 136 2329652 12599 126 2293876 13016 1
1459947781463531 128 2329652 12599 118 2293876 13016 1
1459947781466360 130 2329652 12599 121 2293876 13016 1
1459947781469327 135 2329652 12599 127 2293876 13016 1
1459947781472184 136 2329652 12599 129 2293876 13016 1
1459947781474982 134 2329652 12599 128 2293876 13016 1
1459947781478332 141 2329652 12599 135 2293876 13016 1
1459947781481576 135 2329652 12599 128 2293876 13016 1
1459947781484625 135 2329652 12599 128 2293876 13016 1
1459947781487499 130 2329652 12599 125 2293876 13016 1
1459947781490521 134 2329652 12599 128 2293876 13016 1
1459947781493089 126 2329652 12599 119 2293876 13016 1
1459947781496608 143 2329652 12599 137 2293876 13016 1
1459947781499686 136 2329652 12599 131 2293876 13016 1
1459947781502711 137 2329652 12599 130 2293876 13016 1
1459947781505619 132 2329652 12599 125 2293876 13016 1
1459947781508509 133 2329652 12599 127 2293876 13016 1
1459947781511271 134 2329652 12599 129 2293876 13016 1
1459947781514536 138 2329652 12599 132 2293876 13016 1
1459947781517657 138 2329652 12599 131 2293876 13016 1
1459947781520757 135 2329652 12599 130 2293876 13016 1
1459947781523674 134 2329652 12599 127 2293876 13016 1
1459947781526749 135 2329652 12599 130 2293876 13016 1
1459947781529423 128 2329652 12599 121 2293876 13016 1
1459947781532100 132 2329652 12599 125 2293876 13016 1
1459947781535072 134 2329652 12599 130 2293876 13016 1
1459947781537835 133 2329652 12599 127 2293876 13016 1
1459947781540674 131 2329652 12599 126 2293876 13016 1
1459947781543920 134 2329652 12599 128 2293876 13016 1
1459947781546819 128 2329652 12599 122 2293876 13016 1
1459947781549705 133 2329652 12599 128 2293876 13016 1
1459947781552524 133 2329652 12599 128 2293876 13016 1
1459947781555308 133 2329652 12599 128 2293876 13016 1
1459947781557725 126 2329652 12599 122 2293876 13016 1
1459947781560533 133 2329652 12599 127 2293876 13016 1
1459947781563425 134 2329652 12599 127 2293876 13016 1
1459947781566287 131 2329652 12599 125 2293876 13016 1
1459947781569147 133 2329652 12599 127 2293876 13016 1
1459947781572310 135 2329652 12599 130 2293876 13016 1
1459947781575288 133 2329652 12599 128 2293876 13016 1
1459947781578198 134 2329652 12599 129 2293876 13016 1
1459947781581308 135 2329652 12599 130 2293876 13016 1
1459947781584677 138 2329652 12599 134 2293876 13016 1
1459947781587486 133 2329652 12599 128 2293876 13016 1
1459947781590776 137 2329652 12599 130 2293876 13016 1
1459947781593540 135 2329652 12599 130 2293876 13016 1
1459947781596029 129 2329652 12599 123 2293876 13016 1
1459947781599108 137 2329652 12599 130 2293876 13016 1
1459947781602300 135 2329652 12599 129 2293876 13016 1
1459947781605501 137 2329652 12599 132 2293876 13016 1
1459947781608730 138 2329652 12599 132 2293876 13016 1
1459947781611806 136 2329652 12599 130 2293876 13016 1
1459947781614519 133 2329652 12599 128 2293876 13016 1
1459947781617418 133 2329652 12599 127 2293876 13016 1
1459947781620547 132 2329652 12599 128 2293876 13016 1
1459947781623151 127 2329652 12599 122 2293876 13016 1
1459947781626298 136 2329652 12599 131 2293876 13016 1
1459947781629513 138 2329652 12599 133 2293876 13016 1
1459947781632612 135 2329652 12599 130 2293876 13016 1
1459947781635742 136 2329652 12599 131 2293876 13016 1
1459947781638808 136 2329652 12599 130 2293876 13016 1
1459947781642031 135 2329652 12599 128 2293876 13016 1
1459947781644774 130 2329652 12599 125 2293876 13016 1
1459947781647527 131 2329652 12599 126 2293876 13016 1
1459947781650603 135 2329652 12599 128 2293876 13016 1
1459947781653278 129 2329652 12599 124 2293876 13016 1
1459947781655798 129 2329652 12599 123 2293876 13016 1
1459947781658736 133 2329652 12599 127 2293876 13016 1
1459947781661847 138 2329652 12599 131 2293876 13016 1
1459947781664777 136 2329652 12599 130 2293876 13016 1
1459947781667820 136 2329652 12599 129 2293876 13016 1
1459947781670711 131 2329652 12599 126 2293876 13016 1
1459947781673683 134 2329652 12599 127 2293876 13016 1
1459947781676705 135 2329652 12599 127 2293876 13016 1
1459947781679731 133 2329652 12599 127 2293876 13016 1
1459947781682797 135 2329652 12599 126 2293876 13016 1
1459947781685748 136 2329652 12599 124 2293876 13016 1
1459947781688626 138 2329652 12599 124 2293876 13016 1
1459947781691583 141 2329652 12599 127 2293876 13016 1
1459947781694833 146 2329652 12599 131 2293876 13016 1
1459947781697648 138 2329652 12599 122 2293876 13016 1
1459947781700459 142 2329652 12599 125 2293876 13016 1
1459947781703457 141 2329652 12599 125 2293876 13016 1
1459947781706220 139 2329652 12599 123 2293876 13016 1
1459947781709378 146 2329652 12599 129 2293876 13016 1
1459947781712257 144 2329652 12599 128 2293876 13016 1
1459947781715282 142 2329652 12599 124 2293876 13016 1
1459947781718565 146 2329652 12599 128 2293876 13016 1
1459947781721608 144 2329652 12599 124 2293876 13016 1
1459947781724654 145 2329652 12599 125 2293876 13016 1
1459947781727877 144 2329652 12599 126 2293876 13016 1
1459947781730626 140 2329652 12599 124 2293876 13016 1
1459947781733399 139 2329652 12599 121 2293876 13016 1
1459947781736302 144 2329652 12599 124 2293876 13016 1
1459947781739494 147 2329652 12599 128 2293876 13016 1
1459947781742570 145 2329652 12599 126 2293876 13016 1
1459947781745431 143 2329652 12599 124 2293876 13016 1
1459947781748382 144 2329652 12599 126 2293876 13016 1
1459947781751143 142 2329652 12599 123 2293876 13016 1
1459947781754256 145 2329652 12599 125 2293876 13016 1
1459947781757246 146 2329652 12599 128 2293876 13016 1
1459947781760195 147 2329652 12599 128 2293876 13016 1
1459947781763555 149 2329652 12599 130 2293876 13016 1
1459947781766578 143 2329652 12599 124 2293876 13016 1
1459947781769554 144 2329652 12599 124 2293876 13016 1
1459947781772473 141 2329652 12599 121 2293876 13016 1
1459947781775549 147 2329652 12599 129 2293876 13016 1
1459947781778633 146 2329652 12599 124 2293876 13016 1
1459947781781820 147 2329652 12599 128 2293876 13016 1
1459947781785115 148 2329652 12599 127 2293876 13016 1
1459947781787631 136 2329652 12599 116 2293876 13016 1
1459947781790708 144 2329652 12599 125 2293876 13016 1
1459947781793957 146 2329652 12599 127 2293876 13016 1
1459947781829919 146 2329652 12599 124 2293876 13016 1
1459947781832732 146 2329652 12599 123 2293876 13016 1
1459947781835754 144 2329652 12599 123 2293876 13016 1
1459947781838953 146 2329652 12599 123 2293876 13016 1
1459947781842031 146 2329652 12599 125 2293876 13016 1
1459947781845319 148 2329652 12599 126 2293876 13016 1
1459947781848656 149 2329652 12599 128 2293876 13016 1
1459947781851896 151 2329652 12599 126 2293876 13016 1
1459947781855291 148 2329652 12599 124 2293876 13016 1
1459947781858616 152 2329652 12599 128 2293876 13016 1
1459947781861604 145 2329652 12599 123 2293876 13016 1
1459947781864756 147 2329652 12599 125 2293876 13016 1
1459947781867793 146 2329652 12599 122 2293876 13016 1
1459947781870902 144 2329652 12599 123 2293876 13016 1
1459947781873933 146 2329652 12599 123 2293876 13016 1
1459947781877061 147 2329652 12599 124 2293876 13016 1
1459947781880059 147 2329652 12599 124 2293876 13016 1
1459947781882489 136 2329652 12599 113 2293876 13016 1
1459947781885832 151 2329652 12599 128 2293876 13016 1
1459947781888728 144 2329652 12599 122 2293876 13016 1
1459947781891996 149 2329652 12599 126 2293876 13016 1
1459947781895234 151 2329652 12599 128 2293876 13016 1
1459947781898033 142 2329652 12599 121 2293876 13016 1
1459947781901417 148 2329652 12599 126 2293876 13016 1
1459947781904281 146 2329652 12599 124 2293876 13016 1
1459947781907476 148 2329652 12599 126 2293876 13016 1
1459947781910475 150 2329652 12599 125 2293876 13016 1
1459947781913161 143 2329652 12599 121 2293876 13016 1
1459947781916007 145 2329652 12599 122 2293876 13016 1
1459947781918929 146 2329652 12599 122 2293876 13016 1
1459947781922002 147 2329652 12599 124 2293876 13016 1
1459947781925221 148 2329652 12599 125 2293876 13016 1
1459947781928280 149 2329652 12599 126 2293876 13016 1
1459947781931283 148 2329652 12599 124 2293876 13016 1
1459947781934172 143 2329652 12599 120 2293876 13016 1
1459947781937263 146 2329652 12599 126 2293876 13016 1
1459947781939918 139 2329652 12599 115 2293876 13016 1
1459947781942764 146 2329652 12599 122 2293876 13016 1
1459947781945746 148 2329652 12599 123 2293876 13016 1
1459947781948807 143 2329652 12599 119 2293876 13016 1
1459947781951677 143 2329652 12599 120 2293876 13016 1
1459947781954669 146 2329652 12599 122 2293876 13016 1
1459947781957838 151 2329652 12599 127 2293876 13016 1
1459947781960833 148 2329652 12599 124 2293876 13016 1
1459947781963651 145 2329652 12599 121 2293876 13016 1
1459947781966364 147 2329652 12599 123 2293876 13016 1
1459947781969261 147 2329652 12599 122 2293876 13016 1
1459947781971895 143 2329652 12599 119 2293876 13016 1
1459947781975147 150 2329652 12599 126 2293876 13016 1
1459947781978275 148 2329652 12599 123 2293876 13016 1
1459947781981410 147 2329652 12599 124 2293876 13016 1
1459947781984197 142 2329652 12599 118 2293876 13016 1
1459947781987197 143 2329652 12599 120 2293876 13016 1
1459947781990482 151 2329652 12599 126 2293876 13016 1
1459947781993106 144 2329652 12599 117 2293876 13016 1
1459947781995846 148 2329652 12599 122 2293876 13016 1
1459947781998852 148 2329652 12599 125 2293876 13016 1
1459947782001976 148 2329652 12599 123 2293876 13016 1
1459947782004664 145 2329652 12599 120 2293876 13016 1
1459947782007786 149 2329652 12599 124 2293876 13016 1
1459947782010901 150 2329652 12599 125 2293876 13016 1
1459947782013552 145 2329652 12599 121 2293876 13016 1
1459947782016653 149 2329652 12599 124 2293876 13016 1
1459947782019631 146 2329652 12599 123 2293876 13016 1
1459947782022797 150 2329652 12599 124 2293876 13016 1
1459947782025545 146 2329652 12599 121 2293876 13016 1
1459947782028125 141 2329652 12599 117 2293876 13016 1
1459947782030842 145 2329652 12599 119 2293876 13016 1
1459947782033545 142 2329652 12599 117 2293876 13016 1
1459947782036344 145 2329652 12599 118 2293876 13016 1
1459947782039222 146 2329652 12599 121 2293876 13016 1
1459947782042488 151 2329652 12599 126 2293876 13016 1
1459947782045496 148 2329652 12599 121 2293876 13016 1
1459947782048388 145 2329652 12599 120 2293876 13016 1
1459947782051317 147 2329652 12599 121 2293876 13016 1
1459947782054354 147 2329652 12599 123 2293876 13016 1
1459947782057510 150 2329652 12599 126 2293876 13016 1
1459947782060412 149 2329652 12599 122 2293876 13016 1
1459947782063608 151 2329652 12599 123 2293876 13016 1
1459947782066821 149 2329652 12599 126 2293876 13016 1
1459947782069667 147 2329652 12599 121 2293876 13016 1
1459947782072294 144 2329652 12599 118 2293876 13016 1
1459947782075447 150 2329652 12599 124 2293876 13016 1
1459947782078310 149 2329652 12599 123 2293876 13016 1
1459947782081501 154 2329652 12599 129 2293876 13016 1
1459947782084575 151 2329652 12599 127 2293876 13016 1
1459947782087300 145 2329652 12599 121 2293876 13016 1
1459947782090135 146 2329652 12599 120 2293876 13016 1
1459947782092646 142 2329652 12599 117 2293876 13016 1
1459947782095791 150 2329652 12599 126 2293876 13016 1
1459947782098882 151 2329652 12599 125 2293876 13016 1
1459947782102011 149 2329652 12599 127 2293876 13016 1
1459947782104505 144 2329652 12599 118 2293876 13016 1
1459947782107467 146 2329652 12599 122 2293876 13016 1
1459947782110695 152 2329652 12599 124 2293876 13016 1
1459947782113624 149 2329652 12599 124 2293876 13016 1
1459947782116664 147 2329652 12599 123 2293876 13016 1
1459947782119799 149 2329652 12599 125 2293876 13016 1
1459947782122380 146 2329652 12599 119 2293876 13016 1
1459947782124930 143 2329652 12599 117 2293876 13016 1
1459947782127629 146 2329652 12599 119 2293876 13016 1
1459947782130206 144 2329652 12599 116 2293876 13016 1
1459947782132923 144 2329652 12599 119 2293876 13016 1
1459947782135966 148 2329652 12599 125 2293876 13016 1
1459947782138944 149 2329652 12599 124 2293876 13016 1
1459947782141990 148 2329652 12599 123 2293876 13016 1
1459947782144960 147 2329652 12599 123 2293876 13016 1
1459947782148107 149 2329652 12599 121 2293876 13016 1
1459947782151180 150 2329652 12599 126 2293876 13016 1
1459947782154367 150 2329652 12599 124 2293876 13016 1
1459947782158178 156 2329652 12599 132 2293876 13016 1
1459947782161738 154 2329652 12599 128 2293876 13016 1
1459947782164444 148 2329652 12599 122 2293876 13016 1
1459947782167304 145 2329652 12599 121 2293876 13016 1
1459947782170427 149 2329652 12599 121 2293876 13016 1
1459947782173665 151 2329652 12599 125 2293876 13016 1
1459947782176728 146 2329652 12599 122 2293876 13016 1
1459947782179924 150 2329652 12599 124 2293876 13016 1
1459947782182868 146 2329652 12599 121 2293876 13016 1
1459947782186000 149 2329652 12599 121 2293876 13016 1
1459947782189432 152 2329652 12599 126 2293876 13016 1
1459947782192774 153 2329652 12599 126 2293876 13016 1
1459947782195780 148 2329652 12599 123 2293876 13016 1
1459947782198692 148 2329652 12599 122 2293876 13016 1
1459947782201069 142 2329652 12599 116 2293876 13016 1
1459947782203197 136 2329652 12599 111 2293876 13016 1
1459947782205917 149 2329652 12599 121 2293876 13016 1
1459947782208972 151 2329652 12599 124 2293876 13016 1
1459947782211967 149 2329652 12599 123 2293876 13016 1
1459947782215157 153 2329652 12599 128 2293876 13016 1
1459947782218300 148 2329652 12599 122 2293876 13016 1
1459947782221312 150 2329652 12599 125 2293876 13016 1
1459947782225509 148 2329652 12599 145 2293876 13016 1
1459947782229506 147 2329652 12599 144 2293876 13016 1
1459947782233245 144 2329652 12599 141 2293876 13016 1
1459947782236996 145 2329652 12599 142 2293876 13016 1
1459947782240738 143 2330687 12569 140 2293866 12007 0
1459947782244750 142 2330687 12569 139 2293866 12007 1
1459947782248480 144 2330687 12569 142 2293866 12007 1
1459947782252425 145 2330687 12569 142 2293866 12007 1
1459947782256515 147 2330687 12569 145 2293866 12007 1
1459947782260306 144 2330687 12569 141 2293866 12007 1
1459947782264065 141 2330687 12569 138 2293866 12007 1
1459947782267785 138 2330687 12569 136 2293866 12007 1
1459947782271492 143 2331642 12467 140 2293857 11075 0
1459947782274792 137 2331642 12467 134 2293857 11075 1
1459947782278218 139 2331642 12467 137 2293857 11075 1
1459947782282374 147 2331642 12467 145 2293857 11075 1
1459947782286479 145 2331642 12467 144 2293857 11075 1
1459947782290086 145 2331642 12467 141 2293857 11075 1
1459947782293679 144 2331642 12467 141 2293857 11075 1
1459947782297317 137 2331642 12467 136 2293857 11075 1
1459947782301069 145 2331642 12467 143 2293857 11075 1
1459947782305166 148 2331642 12467 146 2293857 11075 1
1459947782308939 145 2331642 12467 140 2293857 11075 1
1459947782312539 144 2331642 12467 142 2293857 11075 1
1459947782316118 142 2331642 12467 139 2293857 11075 1
1459947782319687 144 2331642 12467 141 2293857 11075 1
1459947782323067 142 2331642 12467 139 2293857 11075 1
1459947782326566 140 2331642 12467 137 2293857 11075 1
1459947782330191 140 2331642 12467 136 2293857 11075 1
1459947782333898 144 2331642 12467 143 2293857 11075 1
1459947782337637 144 2331642 12467 141 2293857 11075 1
1459947782341473 141 2331642 12467 139 2293857 11075 1
1459947782345400 144 2331642 12467 141 2293857 11075 1
1459947782349437 148 2331642 12467 146 2293857 11075 1
1459947782353416 146 2331642 12467 144 2293857 11075 1
1459947782357091 145 2331642 12467 141 2293857 11075 1
1459947782360978 144 2331642 12467 141 2293857 11075 1
1459947782364728 142 2331242 11861 141 2295129 11382 0
1459947782368592 144 2331242 11861 141 2295129 11382 1
1459947782371868 138 2331242 11861 137 2295129 11382 1
1459947782375331 142 2331242 11861 139 2295129 11382 1
1459947782378995 143 2332153 11774 140 2295022 10590 0
1459947782382630 143 2332993 11628 141 2296203 10851 0
1459947782386840 149 2332993 11628 148 2296203 10851 1
1459947782390723 145 2332993 11628 143 2296203 10851 1
1459947782394548 141 2332993 11628 138 2296203 10851 1
1459947782398316 141 2332993 11628 137 2296203 10851 1
1459947782402173 141 2332993 11628 139 2296203 10851 1
1459947782405703 142 2332487 11184 140 2296012 10178 0
1459947782409638 145 2332487 11184 143 2296012 10178 1
1459947782413371 144 2332487 11184 142 2296012 10178 1
1459947782417180 144 2332487 11184 142 2296012 10178 1
1459947782421132 146 2332487 11184 144 2296012 10178 1
1459947782424881 148 2332487 11184 145 2296012 10178 1
1459947782428583 143 2332487 11184 139 2296012 10178 1
1459947782432360 144 2332487 11184 141 2296012 10178 1
1459947782436043 142 2332487 11184 138 2296012 10178 1
1459947782439703 140 2332487 11184 138 2296012 10178 1
1459947782443467 145 2332487 11184 142 2296012 10178 1
1459947782447183 140 2329461 13099 140 2295836 9544 0
1459947782450956 139 2329461 13099 135 2295836 9544 1
1459947782455218 148 2329461 13099 147 2295836 9544 1
1459947782459121 141 2329461 13099 139 2295836 9544 1
1459947782463379 151 2329461 13099 147 2295836 9544 1
1459947782467623 146 2329461 13099 144 2295836 9544 1
1459947782471744 146 2329461 13099 144 2295836 9544 1
1459947782475769 145 2329461 13099 144 2295836 9544 1
1459947782479551 142 2329231 12286 141 2296953 9828 0
1459947782483422 144 2329231 12286 141 2296953 9828 1
1459947782486954 139 2329231 12286 137 2296953 9828 1
1459947782490548 141 2329231 12286 138 2296953 9828 1
1459947782494328 145 2329231 12286 143 2296953 9828 1
1459947782498041 146 2329231 12286 142 2296953 9828 1
1459947782502117 147 2329231 12286 144 2296953 9828 1
1459947782505985 145 2329231 12286 143 2296953 9828 1
1459947782509845 146 2329231 12286 142 2296953 9828 1
1459947782513487 139 2329231 12286 135 2296953 9828 1
1459947782517260 140 2329231 12286 138 2296953 9828 1
1459947782521072 145 2329231 12286 143 2296953 9828 1
1459947782524839 141 2329231 12286 136 2296953 9828 1
1459947782528699 145 2329231 12286 139 2296953 9828 1
1459947782532271 141 2329231 12286 139 2296953 9828 1
1459947782535849 142 2329231 12286 139 2296953 9828 1
1459947782539725 149 2329231 12286 147 2296953 9828 1
1459947782543371 143 2330299 12311 141 2297983 10010 0
1459947782547322 144 2330299 12311 142 2297983 10010 1
1459947782550985 141 2330299 12311 139 2297983 10010 1
1459947782554714 144 2330299 12311 141 2297983 10010 1
1459947782558779 148 2330299 12311 146 2297983 10010 1
1459947782562140 137 2330299 12311 135 2297983 10010 1
1459947782566162 146 2330299 12311 143 2297983 10010 1
1459947782569763 140 2330299 12311 136 2297983 10010 1
1459947782572991 136 2330299 12311 130 2297983 10010 1
1459947782576967 147 2330299 12311 144 2297983 10010 1
1459947782580196 139 2330299 12311 138 2297983 10010 1
1459947782583863 141 2330299 12311 138 2297983 10010 1
1459947782587164 139 2330299 12311 137 2297983 10010 1
1459947782590426 139 2330299 12311 136 2297983 10010 1
1459947782593706 138 2330299 12311 136 2297983 10010 1
1459947782597367 141 2330299 12311 139 2297983 10010 1
1459947782600686 138 2330299 12311 136 2297983 10010 1
1459947782604092 140 2330299 12311 139 2297983 10010 1
1459947782607557 141 2330299 12311 139 2297983 10010 1
1459947782611151 142 2330004 11620 140 2297653 9531 0
1459947782614567 145 2330004 11620 142 2297653 9531 1
1459947782618424 140 2330004 11620 136 2297653 9531 1
1459947782622180 144 2330004 11620 141 2297653 9531 1
1459947782626003 142 2330004 11620 139 2297653 9531 1
1459947782629734 142 2330004 11620 139 2297653 9531 1
1459947782633914 149 2330004 11620 145 2297653 9531 1
1459947782637525 141 2330004 11620 138 2297653 9531 1
1459947782641029 139 2330004 11620 137 2297653 9531 1
1459947782644184 136 2330004 11620 134 2297653 9531 1
1459947782647896 143 2330004 11620 139 2297653 9531 1
1459947782651629 145 2330004 11620 142 2297653 9531 1
1459947782655448 143 2330004 11620 139 2297653 9531 1
1459947782659185 143 2331012 11641 140 2297348 9066 0
1459947782662863 143 2331012 11641 139 2297348 9066 1
1459947782666916 145 2331012 11641 143 2297348 9066 1
1459947782671233 151 2331012 11641 148 2297348 9066 1
1459947782674985 142 2331012 11641 139 2297348 9066 1
1459947782678260 141 2331012 11641 138 2297348 9066 1
1459947782681912 141 2331012 11641 138 2297348 9066 1
1459947782686005 145 2331012 11641 145 2297348 9066 1
1459947782689503 135 2331012 11641 133 2297348 9066 1
1459947782693080 143 2331941 11588 141 2298347 9278 0
1459947782696755 141 2331941 11588 138 2298347 9278 1
1459947782700749 143 2332798 11472 140 2297988 8883 0
