1459947780002004 130 2129920 0 129 2113536 0 0
1459947780003832 131 2131200 1180 129 2113536 0 0
1459947780005786 134 2136220 5714 134 2119936 5900 0
1459947780007845 137 2144687 13073 136 2128396 13238 0
1459947780009828 135 2149933 16887 133 2132355 15852 0
1459947780011808 133 2152209 17665 131 2133444 15617 0
1459947780013766 135 2156867 20578 133 2137008 17682 0
1459947780015588 127 2150921 24450 126 2131334 21530 0
1459947780017369 128 2146720 26411 127 2127383 23488 0
1459947780019128 132 2147967 25497 131 2128861 23015 0
1459947780020973 133 2150397 25745 130 2128943 21292 0
1459947780022646 125 2142397 31107 124 2121339 26637 0
1459947780024342 131 2142702 28957 128 2119449 26296 0
1459947780026073 129 2140423 28794 126 2115147 28206 0
1459947780027868 129 2138322 28480 128 2113741 27298 0
1459947780029788 133 2141505 29189 131 2116284 27510 0
1459947780031708 134 2145719 30793 132 2119909 28702 0
1459947780033568 134 2149604 31969 132 2123251 29540 0
1459947780035551 135 2154466 33953 131 2125052 28892 0
1459947780037241 131 2153828 31887 125 2119032 32183 0
1459947780038912 129 2150680 32296 125 2113482 34783 0
1459947780040491 130 2149058 31267 127 2110926 34421 0
1459947780042314 135 2153962 33345 132 2114969 35459 0
1459947780044149 134 2157203 33727 132 2118697 36124 0
1459947780045814 129 2153791 34236 127 2115733 36032 0
1459947780047416 129 2150646 34460 128 2114281 34555 0
1459947780049259 133 2152866 33814 130 2115502 32981 0
1459947780050805 128 2148513 35184 124 2108948 36445 0
1459947780052682 133 2150900 34635 130 2110586 35107 0
1459947780054465 130 2149260 33439 128 2109536 33331 0
1459947780056265 130 2147749 32218 129 2109848 31015 0
1459947780058037 133 2150196 31955 131 2112696 31216 0
1459947780059747 132 2151171 30357 130 2114041 30017 0
1459947780061681 139 2161030 37074 138 2125521 38254 0
1459947780063639 134 2163719 36656 133 2129704 39121 0
1459947780065323 129 2159798 37406 127 2125880 39588 0
1459947780067277 133 2161303 35871 132 2128755 39146 0
1459947780069149 132 2161411 33167 128 2126286 38363 0
1459947780070971 135 2165350 34207 130 2126569 35626 0
1459947780072978 135 2168982 34882 133 2130670 36623 0
1459947780074706 132 2168490 32609 127 2126771 37354 0
1459947780076634 134 2170596 32003 132 2129577 37021 0
1459947780078504 134 2172538 31292 133 2133443 37692 0
1459947780080486 140 2182008 37577 136 2140847 41573 0
1459947780082401 132 2180498 36032 130 2139993 39111 0
1459947780084213 133 2180386 33319 131 2140486 36509 0
1459947780085872 132 2179003 31989 130 2139660 34416 0
1459947780087841 132 2177728 30664 130 2138899 32428 0
1459947780089651 132 2176553 29351 129 2136917 31720 0
1459947780091443 129 2171629 31595 127 2132530 33284 0
1459947780093244 132 2170930 29769 131 2133606 31675 0
1459947780094807 128 2165166 32756 125 2126918 35365 0
1459947780096559 129 2161132 33914 128 2124592 34745 0
1459947780098374 133 2162533 32556 131 2126288 33593 0
1459947780100341 135 2166385 33563 132 2129131 33589 0
1459947780102413 137 2172496 36573 136 2136872 38100 0
1459947780104293 130 2169169 36781 129 2135048 36803 0
1459947780106235 130 2166102 36733 129 2133367 35476 0
1459947780108017 127 2159435 40008 126 2127977 37672 0
1459947780109584 128 2154569 41367 125 2121728 40488 0
1459947780111417 131 2153923 38730 128 2119808 39094 0
1459947780113042 129 2150767 38612 127 2116758 38850 0
1459947780114739 130 2149138 37096 129 2116506 36046 0
1459947780116397 127 2143796 39121 126 2112433 36982 0
1459947780118169 133 2146551 38604 132 2116359 37711 0
1459947780119907 132 2147811 36750 131 2118698 36920 0
1459947780121643 132 2148973 34949 128 2117014 35586 0
1459947780123591 132 2150044 33205 131 2119302 34914 0
1459947780125582 134 2153591 33880 132 2122691 35310 0
1459947780127460 129 2150461 34117 126 2118135 36750 0
1459947780129150 131 2150136 31750 127 2115215 36569 0
1459947780130671 127 2144716 34264 125 2109963 38552 0
1459947780132255 129 2142280 33832 126 2106402 38822 0
1459947780133950 131 2142594 31477 128 2105679 36455 0
1459947780135473 124 2133923 37009 122 2097332 41300 0
1459947780137366 135 2140010 39728 133 2103717 43960 0
1459947780139428 138 2149461 45337 136 2113444 49492 0
1459947780141549 138 2158174 49827 136 2122411 53891 0
1459947780143534 135 2162366 49799 134 2128117 54940 0
1459947780145488 135 2166231 49471 132 2130817 53136 0
1459947780147158 130 2163394 48221 130 2130746 49048 0
1459947780149017 135 2167178 47942 134 2135801 49876 0
1459947780150980 138 2174507 50952 135 2141741 51455 0
1459947780153039 136 2178703 50839 132 2143377 48943 0
1459947780154969 134 2180011 48073 131 2143605 45329 0
1459947780157119 142 2191457 54869 139 2154055 51421 0
1459947780159042 135 2193049 52050 133 2156009 49204 0
1459947780160834 129 2186837 53709 128 2151410 49597 0
1459947780162688 133 2186230 50071 131 2151011 46089 0
1459947780164401 128 2179270 52574 125 2142963 49906 0
1459947780166216 132 2177974 49660 130 2141944 46946 0
1459947780168150 135 2180619 48219 131 2142284 43592 0
1459947780170127 136 2184338 47879 133 2145158 42835 0
1459947780172055 133 2183926 44517 130 2143967 40585 0
1459947780174117 134 2184826 41869 132 2145429 38762 0
1459947780176066 134 2185656 39362 132 2146777 36976 0
1459947780177778 124 2173621 47380 123 2136500 43561 0
1459947780179718 135 2176606 46430 132 2138545 42043 0
1459947780181342 127 2169118 49704 125 2131471 45279 0
1459947780183115 128 2163495 51003 126 2126229 46572 0
1459947780184809 131 2162151 48256 128 2123957 45027 0
1459947780186467 119 2145552 59787 119 2110342 54059 0
1459947780188517 131 2145610 55170 130 2111871 51245 0
1459947780190499 136 2152064 56809 132 2115841 50900 0
1459947780192278 133 2154174 54315 132 2119500 50297 0
1459947780194309 138 2162519 57764 138 2130554 56557 0
1459947780196104 133 2163812 54443 130 2130504 52183 0
1459947780197909 133 2165004 51288 130 2130458 48148 0
1459947780199634 133 2166103 48294 130 2130415 44424 0
1459947780201763 135 2169676 47815 132 2132936 43277 0
1459947780203703 134 2171690 45935 132 2135260 42037 0
1459947780205468 131 2169706 44174 130 2134842 39136 0
1459947780207185 129 2165317 44767 126 2129337 41152 0
1459947780209346 137 2171511 46979 134 2134502 42699 0
1459947780211121 133 2172101 43852 131 2135424 40213 0
1459947780213216 135 2175205 43288 133 2138834 40214 0
1459947780215357 138 2181907 46084 137 2147097 44690 0
1459947780217424 136 2185525 45818 134 2150875 44680 0
1459947780219359 135 2187580 44133 134 2154357 44399 0
1459947780221153 132 2185635 42477 131 2153727 41509 0
1459947780222982 130 2181282 43170 129 2150587 41160 0
1459947780225023 134 2182389 40817 132 2151532 38815 0
1459947780226830 130 2178289 41406 126 2144723 42058 0
1459947780228895 134 2179630 39407 132 2146126 40065 0
1459947780230863 134 2180866 37467 132 2147419 38126 0
1459947780232912 141 2190965 43849 139 2157571 44506 0
1459947780234794 135 2192595 41926 134 2160530 43756 0
1459947780236776 133 2191538 39623 131 2159418 41361 0
1459947780238792 131 2188004 39784 130 2157113 40253 0
1459947780240907 137 2192426 40751 135 2161388 41049 0
1459947780242840 132 2190102 39708 127 2155089 43648 0
1459947780244924 137 2194360 40530 134 2158242 43145 0
1459947780246437 121 2177805 52624 120 2143229 53613 0
1459947780248223 130 2174063 51960 127 2138349 53922 0
1459947780250134 133 2174454 48260 130 2137690 50316 0
1459947780251858 132 2173534 45336 130 2137082 46944 0
1459947780253668 130 2170126 44935 127 2132682 47331 0
1459947780255383 129 2165704 45499 128 2129906 46191 0
1459947780257141 128 2160348 46881 127 2126067 46120 0
1459947780258957 133 2161810 44566 131 2127648 43973 0
1459947780260666 133 2163158 42327 132 2130385 43060 0
1459947780262655 132 2163121 39053 132 2132908 42021 0
1459947780264455 132 2163087 36032 132 2135234 40882 0
1459947780266326 132 2163055 33245 128 2132258 40430 0
1459947780268247 132 2163026 30673 128 2129515 39799 0
1459947780270292 138 2170679 35331 136 2137226 43798 0
1459947780272169 131 2168774 34325 130 2136655 40902 0
1459947780273885 124 2158058 41521 123 2127168 46451 0
1459947780275720 133 2159699 39790 131 2128663 44200 0
1459947780277645 137 2166332 42796 136 2136441 47916 0
1459947780279427 133 2167327 40369 132 2138491 46062 0
1459947780281222 126 2159284 44629 124 2130141 50160 0
1459947780282819 116 2139069 59776 114 2109643 65136 0
1459947780284582 129 2137074 56944 127 2107387 62126 0
1459947780286510 131 2137795 53159 130 2109147 58894 0
1459947780288475 135 2143579 54337 133 2114609 59328 0
1459947780290342 136 2150191 56187 132 2118365 58155 0
1459947780292284 135 2155007 56237 133 2123107 57983 0
1459947780293879 124 2145367 60729 123 2114679 61222 0
1459947780295438 126 2139040 61816 124 2108189 62421 0
1459947780297275 133 2142167 59869 131 2111166 60289 0
1459947780299081 131 2142490 55488 131 2113911 58108 0
1459947780300906 123 2132547 60318 121 2103641 63034 0
1459947780302956 133 2136181 58955 132 2108254 62361 0
1459947780304680 126 2130571 59519 127 2106106 59468 0
1459947780306785 139 2142040 65442 137 2116926 64797 0
1459947780308696 132 2143653 61816 130 2117941 60669 0
1459947780310437 129 2141300 59155 128 2116316 57426 0
1459947780312320 137 2149370 61973 134 2122498 58638 0
1459947780314055 131 2149130 57351 127 2119237 57061 0
1459947780316049 134 2152749 56206 129 2118791 53013 0
1459947780317732 125 2144565 59358 123 2110700 56329 0
1459947780319474 127 2139580 59314 124 2104521 57623 0
1459947780321311 131 2140105 55164 130 2106505 54950 0
1459947780323131 129 2138029 52767 128 2105774 51330 0
1459947780325082 137 2146355 56320 135 2114060 54958 0
1459947780327161 131 2146351 51923 127 2111459 53061 0
1459947780329090 130 2145067 49049 127 2109061 51125 0
1459947780331087 133 2147723 47666 131 2111970 49812 0
1459947780333003 130 2146332 45224 130 2113372 47212 0
1459947780335007 134 2150169 45228 132 2117224 47074 0
1459947780336885 131 2149867 41972 127 2114375 46021 0
1459947780338684 127 2144468 43668 126 2110469 46025 0
1459947780340640 130 2143331 41303 130 2111988 43829 0
1459947780342385 126 2137163 43761 125 2106988 45012 0
1459947780344371 133 2140437 43360 133 2112619 46686 0
1459947780346467 136 2147295 46294 134 2119090 49004 0
1459947780348429 137 2154897 49685 135 2126336 51855 0
1459947780350211 134 2158065 48724 131 2127896 49241 0
1459947780351684 122 2145626 56384 121 2116534 55868 0
1459947780353286 124 2136718 60190 122 2107339 59978 0
1459947780355029 130 2136186 55976 128 2106543 56025 0
1459947780357028 132 2138256 53510 130 2108369 53331 0
1459947780358874 129 2136324 51109 126 2104932 52331 0
1459947780360754 131 2137103 47834 130 2106884 50041 0
1459947780362930 140 2149341 55378 137 2117643 56050 0
1459947780364594 127 2143983 55989 127 2114762 54326 0
1459947780366604 135 2149284 56501 133 2119786 54712 0
1459947780368224 128 2145211 55840 125 2114177 55607 0
1459947780369869 129 2142736 53758 128 2112846 52488 0
1459947780371374 123 2132774 58740 121 2102659 57777 0
1459947780373067 128 2129991 56715 128 2102228 53659 0
1459947780374964 131 2131265 53458 130 2104391 51460 0
1459947780376625 131 2132439 50364 127 2102545 49140 0
1459947780378379 131 2133522 47427 129 2103403 46091 0
1459947780380329 133 2137080 47001 130 2105474 44399 0
1459947780382343 131 2137800 43993 130 2107383 42690 0
1459947780384290 133 2141024 43528 131 2110423 42157 0
1459947780386327 135 2146556 45227 134 2117066 44987 0
1459947780388228 134 2150376 45214 133 2121910 45937 0
1459947780390242 137 2157737 48467 135 2128935 48824 0
1459947780391947 130 2155563 46683 128 2126451 47297 0
1459947780393860 132 2156119 43548 130 2126722 43850 0
1459947780395738 137 2163032 46518 134 2132091 45374 0
1459947780397696 137 2169405 48758 136 2139601 48752 0
1459947780399387 131 2167600 46611 130 2138844 45640 0
1459947780401207 132 2167216 43322 128 2135586 45076 0
1459947780402658 119 2150222 55603 118 2119783 56122 0
1459947780404416 130 2148635 52721 129 2119294 52186 0
1459947780406076 128 2144612 52309 126 2115004 52062 0
1459947780407970 130 2143464 49280 129 2114889 48099 0
1459947780409723 129 2141125 47585 128 2113503 45618 0
1459947780411353 126 2135129 49393 126 2109665 45591 0
1459947780412878 123 2125762 54169 121 2099727 51190 0
1459947780414584 125 2119686 55537 124 2094405 52095 0
1459947780416217 127 2116645 54000 125 2090779 51367 0
1459947780418266 138 2127922 60177 135 2100236 56072 0
1459947780420058 132 2130638 57978 130 2102555 53828 0
1459947780421906 132 2133141 55756 127 2100852 51191 0
1459947780423868 135 2139289 57068 133 2106962 52824 0
1459947780425680 134 2143677 56654 129 2107475 49170 0
1459947780427610 133 2146442 54776 130 2109228 46944 0
1459947780429593 136 2152831 56386 133 2114684 48306 0
1459947780431336 134 2156161 55049 132 2118434 47989 0
1459947780433085 130 2154110 52637 128 2116771 45771 0
1459947780434925 130 2152220 50266 129 2116518 42427 0
1459947780437200 140 2163277 56531 139 2129085 50697 0
1459947780439377 136 2168350 56791 133 2132990 50336 0
1459947780441248 133 2169187 53126 130 2132750 46624 0
1459947780443221 137 2175079 54406 133 2136368 46317 0
1459947780445324 137 2180510 55162 133 2139704 45773 0
1459947780447258 133 2180397 50955 131 2140219 42671 0
1459947780449226 135 2182853 49238 134 2144534 43315 0
1459947780450828 131 2179997 48023 128 2140832 43343 0
1459947780452533 125 2169684 53777 122 2129739 50181 0
1459947780454374 134 2171697 51431 132 2132313 48633 0
1459947780456263 133 2172273 47943 132 2134686 47020 0
1459947780458195 134 2174084 45866 132 2136873 45362 0
1459947780459973 132 2173193 43102 130 2136329 42318 0
1459947780461698 133 2173652 40157 130 2135828 39472 0
1459947780463697 136 2177915 40949 134 2140486 40682 0
1459947780465606 133 2178005 37832 131 2140940 37922 0
1459947780467466 126 2169128 43059 123 2131119 44012 0
1459947780469529 136 2173744 43951 133 2134865 44026 0
1459947780471158 130 2170320 43673 127 2130638 44482 0
1459947780472744 128 2164603 45530 127 2126741 44597 0
1459947780474639 134 2167013 44194 133 2130829 44880 0
1459947780476592 135 2170515 43969 133 2134597 44847 0
1459947780478337 135 2173743 43509 133 2138071 44546 0
1459947780480378 136 2177999 44032 134 2142554 45197 0
1459947780482221 133 2178082 40669 131 2142846 41935 0
1459947780484090 133 2178159 37562 131 2143116 38907 0
1459947780486052 134 2179510 35872 133 2145925 38456 0
1459947780487975 131 2176915 35460 129 2143394 37783 0
1459947780489893 133 2177083 32844 131 2143621 35040 0
1459947780491552 127 2169558 37214 126 2137430 38008 0
1459947780493130 123 2157501 45420 122 2126603 45018 0
1459947780494854 126 2150226 48577 126 2121742 45981 0
1459947780496636 124 2140959 53323 124 2114700 48878 0
1459947780498362 126 2134976 54672 123 2106929 52222 0
1459947780500270 132 2137141 52395 130 2108725 49797 0
1459947780501804 116 2118656 65341 114 2089900 63259 0
1459947780503765 127 2115696 62964 125 2086626 61333 0
1459947780505593 129 2115527 58199 126 2084888 58142 0
1459947780507437 131 2117931 55868 130 2088406 56842 0
1459947780509280 131 2120147 53546 129 2090369 54210 0
1459947780511126 134 2126030 54785 134 2098578 57542 0
1459947780512924 132 2128893 53144 129 2099746 54123 0
1459947780514660 129 2127693 50098 128 2099543 50080 0
1459947780516529 132 2130426 48704 130 2101916 48354 0
1459947780518152 125 2123986 50835 125 2097703 48459 0
1459947780520038 134 2129569 52010 131 2101499 48173 0
1459947780521820 130 2129596 47971 128 2101159 44722 0
1459947780523727 135 2136021 50146 133 2107245 46839 0
1459947780525289 117 2118904 62007 116 2091096 58065 0
1459947780526753 116 2101844 72888 114 2073649 69611 0
1459947780528740 138 2114277 78655 135 2084445 74124 0
1459947780530469 134 2120619 78356 132 2090557 73968 0
1459947780532252 133 2125185 76443 130 2093632 71024 0
1459947780534004 132 2128114 73171 132 2099027 70448 0
1459947780535771 133 2132095 71124 132 2104000 69529 0
1459947780537453 133 2135765 68950 133 2109865 69503 0
1459947780539283 134 2140428 67862 130 2111431 65517 0
1459947780541380 135 2146007 67703 134 2117995 66449 0
1459947780543294 133 2148590 64794 132 2121486 64475 0
1459947780545136 130 2147131 61075 128 2119584 61189 0
1459947780546855 128 2143226 59902 126 2115271 60383 0
1459947780548836 136 2149866 61343 134 2121535 61440 0
1459947780550618 133 2152147 58653 132 2124750 59603 0
1459947780552505 131 2151690 54490 129 2123873 55753 0
1459947780554306 125 2143589 57699 122 2114105 60401 0
1459947780555988 128 2139961 56535 125 2108940 60442 0
1459947780557838 132 2141736 53754 129 2109299 56050 0
1459947780559593 130 2140812 50404 129 2109630 51976 0
1459947780561924 137 2148921 53941 134 2116335 54096 0
1459947780564039 138 2157676 57797 137 2126356 59107 0
1459947780565682 128 2152947 57639 127 2122794 57772 0
1459947780567307 133 2154988 55016 130 2123350 53771 0
1459947780569004 132 2155589 51271 127 2120023 52636 0
1459947780570690 132 2156143 47776 129 2119516 48990 0
1459947780572696 134 2159214 46874 132 2122888 48271 0
1459947780574506 135 2163325 47001 132 2125997 47365 0
1459947780576362 133 2164555 44463 131 2127583 45126 0
1459947780578018 131 2163129 42303 129 2126485 42611 0
1459947780579815 133 2164374 40146 131 2128033 40709 0
1459947780581707 132 2164242 37130 129 2126900 38572 0
1459947780583617 133 2165400 35297 131 2128415 36955 0
1459947780585325 129 2161348 36274 127 2124692 37498 0
1459947780587030 130 2158892 35703 127 2121260 37731 0
1459947780588764 126 2151508 39719 124 2114256 41239 0
1459947780590662 132 2152381 37420 129 2114199 38068 0
1459947780592365 126 2145506 40833 124 2107747 41040 0
1459947780594093 130 2144288 38764 125 2103079 42136 0
1459947780595764 130 2143165 36769 128 2102615 39270 0
1459947780597519 132 2144690 35302 128 2102188 36595 0
1459947780599290 134 2148656 36200 132 2106914 38093 0
1459947780601373 136 2154872 39101 131 2109991 37952 0
1459947780603382 137 2161882 42508 136 2119227 43502 0
1459947780605325 131 2160664 40308 128 2117502 41692 0
1459947780607203 135 2164662 40843 132 2121032 41688 0
1459947780609009 128 2159387 42514 126 2116606 42510 0
1459947780610570 127 2153244 44854 127 2113806 41769 0
1459947780612173 124 2143741 50108 121 2103544 47964 0
1459947780614010 128 2140101 49548 125 2099204 48216 0
1459947780616018 137 2148265 53203 133 2105443 50201 0
1459947780618036 133 2150671 51264 131 2108635 49221 0
1459947780619933 132 2151609 48124 130 2110297 46908 0
1459947780621648 132 2152474 45161 130 2111830 44656 0
1459947780623312 129 2149431 44436 127 2109403 43404 0
1459947780625043 129 2146626 43549 127 2107165 42075 0
1459947780627023 135 2151720 44842 132 2111502 42785 0
1459947780628613 127 2146176 46448 126 2107820 42835 0
1459947780630643 134 2150026 46368 131 2110826 42259 0
1459947780632194 125 2142055 50093 123 2103357 45841 0
1459947780633781 127 2137266 50592 125 2099032 46245 0
1459947780635503 131 2137972 47289 129 2100165 43676 0
1459947780637316 130 2137342 44173 128 2099929 40479 0
1459947780639223 134 2141882 44906 132 2104832 41836 0
1459947780641146 131 2142227 41715 130 2106792 40373 0
1459947780643065 131 2142545 38749 131 2109878 40063 0
1459947780644876 129 2140278 37810 126 2106323 40209 0
1459947780646661 131 2140748 35290 128 2105606 37727 0
1459947780648256 129 2138622 34491 127 2103665 36567 0
1459947780649818 126 2132822 37142 125 2099316 37719 0
1459947780651520 127 2128755 37988 126 2096586 37287 0
1459947780653081 128 2126286 37296 125 2092790 37872 0
1459947780654963 132 2129129 37003 129 2094410 36407 0
1459947780656471 123 2120230 42314 122 2086944 40444 0
1459947780658290 132 2123547 42065 130 2090301 40379 0
1459947780660159 135 2130444 45137 133 2097236 43617 0
1459947780662122 133 2134243 45112 130 2099789 42562 0
1459947780663987 136 2141585 48355 134 2107262 46126 0
1459947780665891 133 2144513 47276 130 2109032 44153 0
1459947780667670 132 2145932 44891 128 2108103 41558 0
1459947780669327 125 2138281 48436 124 2102127 43819 0
1459947780671040 132 2140187 46408 130 2104298 42396 0
1459947780672928 132 2141944 44402 128 2103739 39597 0
1459947780674926 138 2151244 49507 133 2109624 41928 0
1459947780676637 131 2150858 45994 130 2111209 40113 0
1459947780678487 132 2151782 43252 130 2112670 38326 0
1459947780680353 128 2147514 43806 128 2111457 36448 0
1459947780682410 136 2153819 46195 134 2118019 39649 0
1459947780684243 136 2159631 47944 133 2122788 40948 0
1459947780685936 130 2157309 46337 129 2122065 38414 0
1459947780687737 129 2153889 45868 127 2118838 38386 0
1459947780689607 133 2155856 44097 131 2120983 37365 0
1459947780691396 133 2157669 42323 129 2120401 34981 0
1459947780693517 137 2164461 45277 134 2126264 37653 0
1459947780695377 133 2165602 42791 129 2125269 35627 0
1459947780697083 132 2165374 39656 129 2124352 33688 0
1459947780698944 135 2169004 39903 134 2129907 36177 0
1459947780700994 135 2172350 39870 132 2132468 35710 0
1459947780702768 131 2170315 38630 130 2132268 33103 0
1459947780704450 128 2164599 40881 128 2129524 33045 0
1459947780706231 127 2158049 43724 124 2121874 37514 0
1459947780708083 131 2157131 41153 128 2119942 36363 0
1459947780710183 136 2162685 43057 134 2125841 38960 0
1459947780711896 134 2165245 42053 132 2128719 38569 0
1459947780713682 134 2167605 40942 132 2131372 38001 0
1459947780715519 125 2158260 46357 123 2122298 43396 0
1459947780717331 126 2150925 49496 124 2115213 46536 0
1459947780719011 129 2148003 48321 129 2115081 43020 0
1459947780720876 134 2151710 47962 133 2120080 44267 0
1459947780723018 139 2161527 53264 138 2131088 50956 0
1459947780724828 132 2161617 49185 128 2128436 49419 0
1459947780726681 128 2156580 49984 125 2122151 51351 0
1459947780728340 132 2157057 46518 129 2121477 47959 0
1459947780730171 131 2156216 43657 128 2119576 45963 0
1459947780731798 127 2150321 45679 124 2112704 48707 0
1459947780733478 127 2144887 47119 125 2107649 49561 0
1459947780735401 133 2147557 45899 131 2110668 48473 0
1459947780737243 131 2147459 42403 129 2110892 44892 0
1459947780739065 129 2144808 41533 127 2108538 43553 0
1459947780741166 136 2151324 44295 133 2114048 45230 0
1459947780742929 130 2149651 42375 129 2114008 41732 0
1459947780744742 133 2151949 41182 132 2117811 41977 0
1459947780746554 131 2151507 38370 128 2116197 40184 0
1459947780748257 129 2148540 38106 124 2109589 43135 0
1459947780750151 134 2152205 38506 131 2112457 42409 0
1459947780752069 135 2156863 39792 133 2117661 43892 0
1459947780754086 136 2162438 41822 134 2123738 46064 0
1459947780755784 122 2149657 50335 120 2111420 53819 0
1459947780757742 134 2153235 49700 131 2114145 52126 0
1459947780759580 133 2155253 47677 132 2117937 51549 0
1459947780761434 136 2160953 49207 135 2125273 54284 0
1459947780763067 129 2157248 48777 128 2123076 52068 0
1459947780765067 135 2161513 48897 131 2124890 49672 0
1459947780766789 129 2157764 48531 125 2118882 51328 0
1459947780768538 127 2151748 50284 125 2113344 52423 0
1459947780770263 130 2150042 47927 127 2110799 50673 0
1459947780772092 133 2152309 46272 129 2111012 46911 0
1459947780774059 132 2153119 43404 128 2109929 44244 0
1459947780775744 129 2150026 42863 126 2106370 44067 0
1459947780777425 129 2147175 42142 128 2105649 41287 0
1459947780779269 135 2152226 43506 131 2108825 40989 0
1459947780781402 137 2159443 46760 134 2115593 44025 0
1459947780783180 129 2155856 46412 125 2110312 45453 0
1459947780785186 134 2158949 45638 132 2114403 45673 0
1459947780787056 134 2161801 44701 130 2115615 43221 0
1459947780788744 125 2152910 49404 122 2106492 48253 0
1459947780790655 132 2153673 46248 131 2109602 47350 0
1459947780792507 131 2153097 43164 130 2111189 45113 0
1459947780794351 132 2153846 40481 130 2112652 42937 0
1459947780796524 139 2163496 46214 138 2124241 50265 0
1459947780798436 133 2164712 43724 131 2125964 47927 0
1459947780800553 136 2169673 44882 133 2130113 48006 0
1459947780802450 135 2172967 44411 134 2135217 48961 0
1459947780804204 131 2170883 42861 129 2133523 46696 0
1459947780806246 133 2171522 40101 131 2134521 43967 0
1459947780808249 133 2172111 37511 131 2135441 41380 0
1459947780810193 135 2175214 37441 133 2138849 41289 0
1459947780812098 133 2175515 34792 131 2139431 38599 0
1459947780813825 127 2168112 38896 124 2131007 43347 0
1459947780815929 140 2177928 44906 136 2138602 46961 0
1459947780818007 136 2181857 45019 135 2144323 48566 0
1459947780819900 133 2181639 41701 132 2145757 46093 0
1459947780821770 129 2176318 43347 127 2140679 47171 0
1459947780823625 131 2173973 42121 127 2135998 47799 0
1459947780825616 134 2175651 40377 132 2138083 45986 0
1459947780827209 128 2169518 42875 125 2131045 48880 0
1459947780829036 132 2168984 40016 130 2130957 45142 0
1459947780830843 135 2172332 39975 130 2130875 41689 0
1459947780832526 128 2166458 42265 125 2124400 44400 0
1459947780834321 132 2166163 39234 128 2122271 42893 0
1459947780836292 138 2173571 42997 135 2129268 45991 0
1459947780838176 132 2172720 40420 131 2130598 43624 0
1459947780840161 135 2175776 40079 133 2134385 43706 0
1459947780842086 134 2177313 38364 131 2135316 41149 0
1459947780844100 134 2178730 36672 131 2136174 38725 0
1459947780845886 133 2178756 33831 131 2136965 36428 0
1459947780847784 133 2178780 31209 131 2137694 34254 0
1459947780849665 132 2177522 29928 131 2138366 32197 0
1459947780851340 130 2173803 31017 128 2135146 32649 0
1459947780853193 131 2171654 30573 130 2134737 30474 0
1459947780855000 130 2168393 31189 128 2131800 30799 0
1459947780856377 111 2141067 53942 110 2106053 52127 0
1459947780858592 135 2146596 54824 133 2111757 53312 0
1459947780860537 135 2151693 55238 134 2118295 55175 0
1459947780862475 135 2156391 55253 133 2123043 55241 0
1459947780864577 136 2162002 56109 134 2128700 56140 0
1459947780866429 127 2155655 57575 125 2122395 57566 0
1459947780868327 127 2149804 58469 125 2116582 58425 0
1459947780870096 129 2146970 56513 127 2113784 56439 0
1459947780871947 133 2149477 54409 130 2115044 53191 0
1459947780873981 138 2158189 58189 135 2122606 56006 0
1459947780875752 129 2154700 56857 126 2118057 55823 0
1459947780877110 94 2106684 96679 93 2071623 94266 0
1459947780878734 133 2112339 94338 129 2074897 89919 0
1459947780880776 133 2117552 91773 130 2079195 86856 0
1459947780882628 129 2117238 84892 123 2074197 84676 0
1459947780884612 131 2119508 80352 130 2078550 82073 0
1459947780886724 135 2126721 80723 134 2087683 84080 0
1459947780888710 136 2134650 81726 132 2093542 82913 0
1459947780890545 132 2136840 77360 132 2098944 81415 0
1459947780892485 139 2147819 81437 137 2110324 85544 0
1459947780894205 133 2150260 77324 131 2113134 81451 0
1459947780895988 132 2151230 72178 129 2113165 75115 0
1459947780897957 130 2149565 68073 128 2111913 70399 0
1459947780899548 129 2146750 65348 126 2108199 68322 0
1459947780901171 127 2141595 64994 125 2103495 67319 0
1459947780902812 125 2134282 66656 125 2099159 66055 0
1459947780904526 127 2130101 65302 126 2096442 63398 0
1459947780906558 134 2135206 64907 132 2101617 63216 0
1459947780908468 136 2142473 66535 133 2107668 63855 0
1459947780910246 133 2145332 63971 130 2109406 60468 0
1459947780912058 135 2150527 63763 134 2116128 61940 0
1459947780914195 136 2156597 64376 135 2123605 63993 0
1459947780916137 135 2160912 63324 131 2125378 60627 0
1459947780918135 136 2166170 63223 133 2129572 59757 0
1459947780919970 132 2165897 58533 129 2128319 56242 0
1459947780921948 134 2168206 56088 132 2131004 54323 0
1459947780923587 128 2162654 56823 128 2128359 52517 0
1459947780925430 129 2158816 55920 129 2127200 49481 0
1459947780927267 130 2156558 53632 128 2124852 47779 0
1459947780929191 137 2163436 55783 134 2130367 49131 0
1459947780931102 133 2164657 52550 130 2130332 45324 0
1459947780933022 134 2167063 50662 131 2131579 42933 0
1459947780934870 134 2169281 48748 130 2131449 39697 0
1459947780936816 136 2173885 49184 134 2136449 41204 0
1459947780938526 127 2166610 52047 126 2130818 43174 0
1459947780940403 134 2168863 50057 131 2132027 40916 0
1459947780942317 132 2168380 46590 130 2131862 37870 0
1459947780944070 128 2162815 48079 128 2129150 37410 0
1459947780946061 134 2165365 46672 132 2131770 36902 0
1459947780948098 134 2167715 45192 132 2134185 36245 0
1459947780949834 132 2167322 42023 131 2135131 34285 0
1459947780951622 131 2165679 40252 129 2133443 33161 0
1459947780953564 127 2159045 43222 127 2129327 34363 0
1459947780955426 130 2156769 41942 128 2126813 33995 0
1459947780957278 131 2155951 39418 128 2124495 33475 0
1459947780959057 133 2157757 38003 131 2126198 32429 0
1459947780960702 129 2154302 38218 127 2122648 33166 0
1459947780962554 130 2152397 36988 129 2121936 31230 0
1459947780964629 137 2152397 36988 136 2121936 31230 1
1459947780966651 135 2157040 38379 132 2125119 31725 0
1459947780968774 139 2157040 38379 136 2125119 31725 1
1459947780970646 134 2160041 38146 132 2128054 31951 0
1459947780972491 131 2158967 36154 130 2128199 29588 0
1459947780974359 130 2156697 35420 126 2123213 31872 0
1459947780976479 137 2156697 35420 135 2123213 31872 1
1459947780978496 132 2157165 33083 131 2125016 31045 0
1459947780980509 134 2160156 33255 132 2127959 31332 0
1459947780982493 133 2161633 32018 131 2129392 30205 0
1459947780984444 133 2162995 30772 131 2130713 29063 0
1459947780986757 140 2162995 30772 139 2130713 29063 1
1459947780988738 134 2165531 30704 133 2134491 30274 0
1459947780990686 132 2165308 28509 129 2132853 29417 0
1459947780992796 137 2165308 28509 136 2132853 29417 1
1459947780994734 130 2162543 28829 132 2135183 29266 0
1459947780996757 137 2162543 28829 134 2135183 29266 1
1459947780998702 135 2166394 30126 133 2138611 30140 0
1459947781000524 131 2164824 29218 130 2137932 28410 0
1459947781002406 132 2164657 27088 131 2138586 26792 0
1459947781004466 137 2164657 27088 135 2138586 26792 1
1459947781006533 136 2169623 29549 134 2143028 28793 0
1459947781008424 133 2170361 27920 130 2142003 27486 0
1459947781010324 136 2174881 29905 132 2143619 26827 0
1459947781011933 130 2171368 30806 130 2142548 25717 0
1459947781013782 132 2170689 29024 129 2140281 25796 0
1459947781015650 134 2172623 28539 130 2139471 24526 0
1459947781017224 128 2172623 28539 122 2139471 24526 1
1459947781019142 132 2171846 27024 131 2140004 23101 0
1459947781021052 134 2173690 26612 131 2140496 21749 0
1459947781022701 125 2173690 26612 125 2140496 21749 1
1459947781024895 140 2173690 26612 138 2140496 21749 1
1459947781026862 137 2173690 26612 134 2140496 21749 1
1459947781028740 135 2176670 27279 134 2144789 24007 0
1459947781030498 132 2175577 26153 131 2144907 22240 0
1459947781032403 135 2178410 26720 132 2146296 21782 0
1459947781034109 130 2178410 26720 127 2146296 21782 1
1459947781036052 136 2182301 28219 133 2148856 22440 0
1459947781037918 132 2180768 27426 130 2147376 22049 0
1459947781039764 131 2178075 27765 130 2146012 21583 0
1459947781041889 137 2178075 27765 136 2146012 21583 1
1459947781043920 136 2181992 29206 135 2151154 24637 0
1459947781046166 137 2186883 31433 136 2157175 28262 0
1459947781048134 132 2184992 30719 130 2155045 28016 0
1459947781050035 132 2183249 29925 130 2153082 27636 0
1459947781051886 136 2186762 30826 134 2156392 28527 0
1459947781053836 134 2187441 29043 134 2159443 29111 0
1459947781055686 131 2184227 29736 129 2155856 30142 0
1459947781057686 133 2183824 27783 131 2155109 28474 0
1459947781059457 133 2183452 25954 130 2153141 28063 0
1459947781061430 140 2183452 25954 140 2153141 28063 1
1459947781063332 136 2186949 27150 132 2153886 26557 0
1459947781065088 135 2188893 26820 134 2157133 27475 0
1459947781066885 134 2189405 25196 129 2153726 28467 0
1459947781068719 134 2189877 23662 129 2150586 29137 0
1459947781070696 135 2191592 23394 131 2150251 27168 0
1459947781072671 136 2194453 24204 134 2153782 28300 0
1459947781074538 133 2193251 23420 131 2153197 26627 0
1459947781076518 135 2194703 22928 133 2155218 26409 0
1459947781078397 135 2196041 22370 134 2158361 27243 0
1459947781080541 138 2196041 22370 134 2158361 27243 1
1459947781082644 138 2196041 22370 136 2158361 27243 1
1459947781084455 132 2193435 23024 131 2157419 25982 0
1459947781086176 134 2193592 21370 131 2156550 24752 0
1459947781088061 137 2193592 21370 134 2156550 24752 1
1459947781089817 128 2193592 21370 126 2156550 24752 1
1459947781091619 132 2191177 21925 129 2153189 25915 0
1459947781093522 132 2188951 22263 130 2151371 25565 0
1459947781095429 133 2188179 21234 131 2150975 23931 0
1459947781097502 138 2188179 21234 135 2150975 23931 1
1459947781099633 137 2188179 21234 135 2150975 23931 1
1459947781101829 139 2188179 21234 136 2150975 23931 1
1459947781103617 128 2188179 21234 127 2150975 23931 1
1459947781105260 124 2188179 21234 122 2150975 23931 1
1459947781107077 128 2188179 21234 124 2150975 23931 1
1459947781108830 133 2187467 20230 132 2151890 22904 0
1459947781110385 128 2187467 20230 126 2151890 22904 1
1459947781112125 131 2184251 21613 129 2148893 23876 0
1459947781114049 133 2183846 20296 131 2148690 22196 0
1459947781115906 131 2180913 21413 128 2144663 24172 0
1459947781118109 139 2180913 21413 138 2144663 24172 1
1459947781119983 133 2180769 19872 132 2146071 23581 0
1459947781121883 131 2178076 20801 130 2144809 22901 0
1459947781123617 131 2175593 21463 129 2142365 23363 0
1459947781125360 130 2172024 23075 128 2138832 24793 0
1459947781127255 135 2175134 24139 130 2138135 23497 0
1459947781129179 136 2179281 26076 132 2140053 23429 0
1459947781131234 135 2181824 26383 130 2139261 22327 0
1459947781133308 133 2181609 24519 131 2139811 21089 0
1459947781135076 129 2181609 24519 127 2139811 21089 1
1459947781136878 133 2181410 22785 131 2140318 19908 0
1459947781138746 134 2182507 22015 132 2142065 19963 0
1459947781140583 128 2182507 22015 127 2142065 19963 1
1459947781142393 132 2180958 21722 129 2139836 20457 0
1459947781144224 134 2182090 21068 131 2140341 19323 0
1459947781146074 133 2181854 19639 131 2140806 18242 0
1459947781147900 131 2179076 20664 130 2139955 17599 0
1459947781149795 134 2180355 20228 133 2143011 19041 0
1459947781151737 136 2184094 22094 131 2143268 17790 0
1459947781153537 132 2182421 21908 131 2143505 16618 0
1459947781155232 124 2182421 21908 124 2143505 16618 1
1459947781157224 135 2184719 22314 131 2143723 15520 0
1459947781158952 131 2181717 23336 129 2141364 16481 0
1459947781160710 128 2181717 23336 126 2141364 16481 1
1459947781162441 132 2181717 23336 128 2141364 16481 1
1459947781164109 130 2177670 25242 129 2139189 17197 0
1459947781165807 131 2175219 25527 129 2137184 17700 0
1459947781167624 134 2176800 24989 132 2139176 18153 0
1459947781169567 132 2175697 24052 130 2138452 17400 0
1459947781171554 132 2174680 23108 130 2137785 16654 0
1459947781173342 129 2174680 23108 126 2137785 16654 1
1459947781175227 132 2173743 22165 131 2138450 15965 0
1459947781177154 133 2174159 20816 130 2137783 15331 0
1459947781178825 130 2174159 20816 126 2137783 15331 1
1459947781180541 129 2174159 20816 128 2137783 15331 1
1459947781182279 128 2174159 20816 127 2137783 15331 1
1459947781184105 134 2175822 20722 132 2139728 15926 0
1459947781186105 137 2175822 20722 135 2139728 15926 1
1459947781188008 133 2176075 19337 131 2140241 15154 0
1459947781189895 132 2175029 18790 129 2138154 15893 0
1459947781191752 135 2177904 19973 132 2140070 16418 0
1459947781193357 129 2177904 19973 127 2140070 16418 1
1459947781195026 128 2177904 19973 125 2140070 16418 1
1459947781196832 131 2175435 20687 129 2137997 17046 0
1459947781198353 126 2175435 20687 124 2137997 17046 1
1459947781200062 127 2175435 20687 125 2137997 17046 1
1459947781201586 123 2175435 20687 119 2137997 17046 1
1459947781203379 133 2175719 19331 130 2137365 16295 0
1459947781205496 132 2174700 18758 130 2136783 15557 0
1459947781207380 130 2174700 18758 127 2136783 15557 1
1459947781209315 129 2174700 18758 128 2136783 15557 1
1459947781211145 128 2174700 18758 128 2136783 15557 1
1459947781213113 133 2175041 17606 132 2138806 16206 0
1459947781215351 140 2175041 17606 136 2138806 16206 1
1459947781217178 130 2175041 17606 127 2138806 16206 1
1459947781219031 129 2175041 17606 128 2138806 16206 1
1459947781220820 131 2175041 17606 127 2138806 16206 1
1459947781222842 136 2175041 17606 134 2138806 16206 1
1459947781224610 130 2171515 19479 129 2136831 16758 0
1459947781226383 130 2168265 20952 129 2135011 17125 0
1459947781227983 129 2168265 20952 126 2135011 17125 1
1459947781229862 134 2170389 21273 131 2135893 16600 0
1459947781231857 135 2173627 22596 132 2137986 17232 0
1459947781233951 137 2173627 22596 135 2137986 17232 1
1459947781235819 135 2176612 23582 131 2138635 16484 0
1459947781238040 137 2176612 23582 134 2138635 16484 1
1459947781240174 135 2179364 24276 130 2137954 15823 0
1459947781242075 134 2180621 23537 134 2142446 18727 0
1459947781244012 132 2179219 22989 129 2140187 19345 0
1459947781245751 130 2179219 22989 127 2140187 19345 1
1459947781247678 133 2179207 21202 129 2138104 19752 0
1459947781249741 137 2179207 21202 136 2138104 19752 1
1459947781251873 142 2179207 21202 138 2138104 19752 1
1459947781253731 134 2180476 20715 133 2141304 21158 0
1459947781255593 135 2182926 21354 132 2142974 21045 0
1459947781257733 139 2182926 21354 136 2142974 21045 1
1459947781259576 130 2182926 21354 126 2142974 21045 1
1459947781261371 132 2181344 21142 130 2141954 20340 0
1459947781263011 129 2176046 24373 128 2138453 21976 0
1459947781264667 129 2176046 24373 127 2138453 21976 1
1459947781266471 134 2177562 23865 133 2141626 23184 0
1459947781268316 133 2177679 22108 132 2143271 22888 0
1459947781270556 142 2177679 22108 138 2143271 22888 1
1459947781272436 135 2180347 22840 132 2144787 22497 0
1459947781274206 130 2180347 22840 127 2144787 22497 1
1459947781276125 132 2178967 22326 130 2143625 21809 0
1459947781277845 128 2178967 22326 126 2143625 21809 1
1459947781279725 135 2181535 22948 132 2145114 21477 0
1459947781281603 135 2183902 23337 133 2147766 22244 0
1459947781283496 132 2182244 23040 129 2145091 22971 0
1459947781285387 134 2183276 22191 133 2147745 23623 0
1459947781287420 135 2185507 22514 132 2148912 22853 0
1459947781289563 139 2185507 22514 136 2148912 22853 1
1459947781291531 136 2188844 23831 134 2152548 24419 0
1459947781293773 138 2188844 23831 136 2152548 24419 1
1459947781295647 133 2188080 22672 130 2150780 24140 0
1459947781297670 136 2191216 23791 134 2154270 25471 0
1459947781299693 139 2191216 23791 135 2154270 25471 1
1459947781301655 138 2191216 23791 136 2154270 25471 1
1459947781303355 129 2191216 23791 127 2154270 25471 1
1459947781305065 130 2186427 26346 129 2151087 26414 0
1459947781306945 133 2185852 24816 131 2150713 24694 0
1459947781308972 141 2185852 24816 140 2150713 24694 1
1459947781310891 134 2186602 23568 131 2150368 23081 0
1459947781312850 135 2188573 23543 133 2152610 23344 0
1459947781314647 133 2187830 22387 132 2153397 22245 0
1459947781316519 134 2188425 21187 133 2155402 22356 0
1459947781318543 137 2188425 21187 135 2155402 22356 1
1459947781320588 137 2188425 21187 135 2155402 22356 1
1459947781322567 135 2190254 21217 133 2157251 22313 0
1459947781324778 141 2190254 21217 139 2157251 22313 1
1459947781326769 138 2190254 21217 136 2157251 22313 1
1459947781328663 134 2190660 19933 132 2157675 20960 0
1459947781330498 132 2188474 20389 130 2155506 21320 0
1459947781332362 133 2187739 19473 130 2153507 21496 0
1459947781334259 130 2187739 19473 128 2153507 21496 1
1459947781335958 126 2187739 19473 124 2153507 21496 1
1459947781338006 134 2188341 18506 132 2154224 20477 0
1459947781339927 135 2190176 18752 133 2156165 20666 0
1459947781342139 135 2191868 18847 132 2156674 19520 0
1459947781344445 143 2191868 18847 141 2156674 19520 1
1459947781346361 136 2194708 19992 136 2162263 23148 0
1459947781348014 127 2194708 19992 125 2162263 23148 1
1459947781349941 135 2196046 19663 134 2164856 23729 0
1459947781351784 136 2198559 20443 134 2167246 24078 0
1459947781353461 130 2193196 23788 129 2163049 26064 0
1459947781355289 134 2193372 22091 131 2161740 25232 0
1459947781357352 135 2194814 21695 133 2163094 24508 0
1459947781359189 132 2192304 22313 131 2161782 23802 0
1459947781361068 127 2192304 22313 126 2161782 23802 1
1459947781362594 124 2192304 22313 122 2161782 23802 1
1459947781364467 132 2189990 22701 131 2160572 23056 0
1459947781366350 137 2189990 22701 133 2160572 23056 1
1459947781367924 123 2189990 22701 121 2160572 23056 1
1459947781369615 125 2189990 22701 122 2160572 23056 1
1459947781371153 121 2189990 22701 119 2160572 23056 1
1459947781372709 128 2189990 22701 125 2160572 23056 1
1459947781374432 128 2189990 22701 126 2160572 23056 1
1459947781376251 130 2185297 25253 129 2156897 24641 0
1459947781378090 132 2183530 24908 130 2154789 24657 0
1459947781379911 132 2181901 24463 130 2152846 24521 0
1459947781381971 136 2185519 25887 135 2157454 26853 0
1459947781384137 142 2185519 25887 141 2157454 26853 1
1459947781386007 131 2182455 26688 129 2154022 27917 0
1459947781387853 128 2182455 26688 126 2154022 27917 1
1459947781389642 133 2182190 24846 130 2152139 27470 0
1459947781391052 122 2182190 24846 121 2152139 27470 1
1459947781392604 128 2182190 24846 126 2152139 27470 1
1459947781394634 137 2182190 24846 132 2152139 27470 1
1459947781396605 137 2182190 24846 133 2152139 27470 1
1459947781398689 136 2185786 26219 133 2154243 27262 0
1459947781400711 135 2187821 26046 135 2158742 29280 0
1459947781402894 141 2187821 26046 138 2158742 29280 1
1459947781404888 136 2190977 26920 134 2161610 29636 0
1459947781406724 134 2191326 25138 131 2160414 28422 0
1459947781408648 131 2187808 26416 129 2156751 29577 0
1459947781410634 134 2188405 24902 133 2158494 28873 0
1459947781412471 130 2183835 27168 129 2154981 29854 0
1459947781414249 130 2183835 27168 127 2154981 29854 1
1459947781416074 129 2183835 27168 127 2154981 29854 1
1459947781417881 128 2177062 31287 128 2150463 31685 0
1459947781419623 130 2177062 31287 126 2150463 31685 1
1459947781421209 129 2172099 33417 127 2145018 34228 0
1459947781422913 133 2172643 31308 130 2143838 32640 0
1459947781424639 131 2170585 30758 129 2141470 32272 0
1459947781426139 124 2170585 30758 116 2141470 32272 1
1459947781427496 123 2170585 30758 114 2141470 32272 1
1459947781428945 125 2170585 30758 117 2141470 32272 1
1459947781430446 125 2170585 30758 116 2141470 32272 1
1459947781431934 125 2170585 30758 115 2141470 32272 1
1459947781433491 127 2170585 30758 116 2141470 32272 1
1459947781434924 123 2170585 30758 112 2141470 32272 1
1459947781436365 123 2170585 30758 114 2141470 32272 1
1459947781438082 129 2170585 30758 122 2141470 32272 1
1459947781439493 124 2170585 30758 115 2141470 32272 1
1459947781441115 127 2170585 30758 117 2141470 32272 1
1459947781442736 124 2170585 30758 116 2141470 32272 1
1459947781444245 124 2170585 30758 114 2141470 32272 1
1459947781445608 121 2170585 30758 113 2141470 32272 1
1459947781447031 124 2170585 30758 113 2141470 32272 1
1459947781448535 124 2170585 30758 115 2141470 32272 1
1459947781449963 124 2170585 30758 115 2141470 32272 1
1459947781451367 122 2170585 30758 112 2141470 32272 1
1459947781452809 124 2170585 30758 115 2141470 32272 1
1459947781454558 128 2170585 30758 119 2141470 32272 1
1459947781456296 130 2170585 30758 121 2141470 32272 1
1459947781457873 128 2170585 30758 119 2141470 32272 1
1459947781459413 129 2170585 30758 120 2141470 32272 1
1459947781460869 123 2170585 30758 115 2141470 32272 1
1459947781462113 119 2170585 30758 110 2141470 32272 1
1459947781463531 121 2170585 30758 112 2141470 32272 1
1459947781465026 122 2170585 30758 112 2141470 32272 1
1459947781466360 124 2170585 30758 115 2141470 32272 1
1459947781467690 125 2170585 30758 117 2141470 32272 1
1459947781469327 126 2170585 30758 120 2141470 32272 1
1459947781470665 125 2170585 30758 119 2141470 32272 1
1459947781472184 130 2170585 30758 124 2141470 32272 1
1459947781473458 123 2170585 30758 117 2141470 32272 1
1459947781474982 127 2170585 30758 122 2141470 32272 1
1459947781476731 133 2171248 28966 128 2138007 32941 0
1459947781478332 132 2171248 28966 125 2138007 32941 1
1459947781479976 125 2171248 28966 118 2138007 32941 1
1459947781481576 128 2171248 28966 123 2138007 32941 1
1459947781482961 125 2171248 28966 119 2138007 32941 1
1459947781484625 128 2171248 28966 121 2138007 32941 1
1459947781485948 121 2171248 28966 116 2138007 32941 1
1459947781487499 124 2171248 28966 120 2138007 32941 1
1459947781489084 126 2171248 28966 123 2138007 32941 1
1459947781490521 124 2171248 28966 117 2138007 32941 1
1459947781492040 127 2171248 28966 121 2138007 32941 1
1459947781493089 105 2171248 28966 101 2138007 32941 1
1459947781494687 129 2171248 28966 124 2138007 32941 1
1459947781496608 137 2171248 28966 131 2138007 32941 1
1459947781498124 129 2171248 28966 123 2138007 32941 1
1459947781499686 127 2171248 28966 123 2138007 32941 1
1459947781501168 126 2171248 28966 120 2138007 32941 1
1459947781502711 131 2171248 28966 125 2138007 32941 1
1459947781504216 123 2171248 28966 117 2138007 32941 1
1459947781505619 124 2171248 28966 117 2138007 32941 1
1459947781507098 126 2171248 28966 121 2138007 32941 1
1459947781508509 122 2171248 28966 117 2138007 32941 1
1459947781509905 126 2171248 28966 121 2138007 32941 1
1459947781511271 126 2171248 28966 121 2138007 32941 1
1459947781512808 125 2171248 28966 118 2138007 32941 1
1459947781514536 133 2171859 27266 127 2133535 34489 0
1459947781516185 133 2172422 25654 126 2128132 36774 0
1459947781517657 127 2172422 25654 120 2128132 36774 1
1459947781519178 128 2172422 25654 122 2128132 36774 1
1459947781520757 127 2172422 25654 120 2128132 36774 1
1459947781522252 126 2172422 25654 120 2128132 36774 1
1459947781523674 124 2172422 25654 119 2128132 36774 1
1459947781525204 126 2172422 25654 123 2128132 36774 1
1459947781526749 128 2172422 25654 122 2128132 36774 1
1459947781528064 120 2172422 25654 112 2128132 36774 1
1459947781529423 120 2172422 25654 114 2128132 36774 1
1459947781530631 120 2172422 25654 113 2128132 36774 1
1459947781532100 126 2172422 25654 121 2128132 36774 1
1459947781533407 123 2172422 25654 119 2128132 36774 1
1459947781535072 130 2172422 25654 124 2128132 36774 1
1459947781536436 126 2172422 25654 121 2128132 36774 1
1459947781537835 123 2172422 25654 117 2128132 36774 1
1459947781539186 121 2172422 25654 117 2128132 36774 1
1459947781540674 123 2172422 25654 118 2128132 36774 1
1459947781542165 123 2172422 25654 117 2128132 36774 1
1459947781543920 128 2172422 25654 121 2128132 36774 1
1459947781545456 127 2172422 25654 121 2128132 36774 1
1459947781546819 115 2172422 25654 109 2128132 36774 1
1459947781548329 126 2172422 25654 122 2128132 36774 1
1459947781549705 123 2172422 25654 119 2128132 36774 1
1459947781551118 124 2172422 25654 121 2128132 36774 1
1459947781552524 122 2172422 25654 116 2128132 36774 1
1459947781553950 126 2172422 25654 121 2128132 36774 1
1459947781555308 124 2172422 25654 119 2128132 36774 1
1459947781556523 118 2172422 25654 114 2128132 36774 1
1459947781557725 119 2172422 25654 116 2128132 36774 1
1459947781559226 126 2172422 25654 120 2128132 36774 1
1459947781560533 123 2172422 25654 118 2128132 36774 1
1459947781561989 126 2172422 25654 120 2128132 36774 1
1459947781563425 126 2172422 25654 120 2128132 36774 1
1459947781564776 119 2172422 25654 113 2128132 36774 1
1459947781566287 125 2172422 25654 119 2128132 36774 1
1459947781567838 127 2172422 25654 122 2128132 36774 1
1459947781569147 122 2172422 25654 116 2128132 36774 1
1459947781570739 126 2172422 25654 121 2128132 36774 1
1459947781572310 126 2172422 25654 121 2128132 36774 1
1459947781573809 125 2172422 25654 121 2128132 36774 1
1459947781575288 123 2172422 25654 119 2128132 36774 1
1459947781576763 124 2172422 25654 121 2128132 36774 1
1459947781578198 126 2172422 25654 121 2128132 36774 1
1459947781579708 128 2172422 25654 123 2128132 36774 1
1459947781581308 126 2172422 25654 121 2128132 36774 1
1459947781582986 129 2167821 27890 126 2123151 38492 0
1459947781584677 129 2163579 29620 125 2117279 40896 0
1459947781586137 124 2163579 29620 121 2117279 40896 1
1459947781587486 125 2163579 29620 120 2117279 40896 1
1459947781589081 126 2163579 29620 120 2117279 40896 1
1459947781590776 127 2163579 29620 122 2117279 40896 1
1459947781592178 128 2163579 29620 123 2117279 40896 1
1459947781593540 125 2163579 29620 120 2117279 40896 1
1459947781594841 124 2163579 29620 117 2117279 40896 1
1459947781596029 117 2163579 29620 113 2117279 40896 1
1459947781597357 123 2163579 29620 119 2117279 40896 1
1459947781599108 132 2163509 27369 124 2110586 43870 0
1459947781600688 126 2163509 27369 120 2110586 43870 1
1459947781602300 127 2163509 27369 122 2110586 43870 1
1459947781603861 130 2160884 27649 125 2105696 44949 0
1459947781605501 128 2155904 30078 123 2098628 47952 0
1459947781606987 127 2155904 30078 121 2098628 47952 1
1459947781608730 131 2155154 28419 125 2094672 47851 0
1459947781610266 128 2150622 30375 124 2089745 48653 0
1459947781611806 126 2150622 30375 119 2089745 48653 1
1459947781613288 128 2146444 31851 123 2083923 50217 0
1459947781614519 120 2146444 31851 117 2083923 50217 1
1459947781615805 121 2146444 31851 117 2083923 50217 1
1459947781617418 129 2143873 31732 123 2078556 51240 0
1459947781618969 124 2135102 37336 121 2071048 54156 0
1459947781620547 124 2127017 41872 119 2061567 58664 0
1459947781621926 120 2127017 41872 116 2061567 58664 1
1459947781623151 120 2127017 41872 114 2061567 58664 1
1459947781624617 125 2120843 44290 120 2054107 60957 0
1459947781626298 129 2120272 41355 124 2052349 57813 0
1459947781627973 130 2121025 38818 125 2052009 53609 0
1459947781629513 129 2120439 36324 124 2050415 50888 0
1459947781631188 129 2119899 33983 124 2048946 48265 0
1459947781632612 125 2114281 36506 120 2042472 50462 0
1459947781634139 126 2110382 37246 121 2037783 50840 0
1459947781635742 129 2110628 34563 123 2036021 48492 0
1459947781637245 127 2108295 34012 121 2031836 48560 0
1459947781638808 128 2107424 32156 122 2029258 47141 0
1459947781640462 130 2109181 31263 123 2028162 44468 0
1459947781642031 123 2109181 31263 116 2028162 44468 1
1459947781643348 121 2109181 31263 117 2028162 44468 1
1459947781644774 123 2101841 35586 118 2020751 47824 0
1459947781646045 119 2101841 35586 113 2020751 47824 1
1459947781647527 126 2098914 35502 121 2017759 46844 0
1459947781649142 130 2101336 34961 124 2018841 44182 0
1459947781650603 123 2094609 38430 118 2012159 46889 0
1459947781651897 121 2094609 38430 115 2012159 46889 1
1459947781653278 121 2094609 38430 116 2012159 46889 1
1459947781654378 117 2094609 38430 112 2012159 46889 1
1459947781655798 125 2090967 38783 118 2005999 48903 0
1459947781657095 122 2083770 42387 117 1999040 51497 0
1459947781658736 126 2082255 40471 121 1997745 48666 0
1459947781660172 126 2080858 38596 120 1995271 47143 0
1459947781661847 131 2085970 40293 127 2001950 49616 0
1459947781663523 130 2089403 40310 125 2005547 49055 0
1459947781664777 125 2086168 40141 119 2001183 49244 0
1459947781666289 125 2083186 39752 119 1997160 49104 0
1459947781667820 128 2084277 37651 123 1998571 46568 0
1459947781669324 124 2080162 38501 119 1994752 46449 0
1459947781670711 124 2076369 38989 119 1991232 46065 0
1459947781672250 127 2076712 36258 122 1991827 43014 0
1459947781673683 124 2073188 36672 117 1985975 45047 0
1459947781675208 126 2072500 34441 119 1983140 44139 0
1459947781676705 127 2073145 32345 119 1980527 43098 0
1459947781678263 129 2076300 32727 123 1983238 42229 0
1459947781679731 121 2068969 36928 115 1975497 46064 0
1459947781681137 126 2068610 34373 119 1973481 44323 0
1459947781682797 127 2069559 32562 117 1969062 44932 0
1459947781684404 127 2070434 30825 116 1963709 46355 0
1459947781685748 128 2072521 30340 115 1957494 48462 0
1459947781687188 132 2072521 30340 118 1957494 48462 1
1459947781688626 128 2074445 29742 116 1953044 48776 0
1459947781690069 132 2074445 29742 117 1953044 48776 1
1459947781691583 135 2074445 29742 121 1953044 48776 1
1459947781693214 136 2074445 29742 123 1953044 48776 1
1459947781694833 138 2074445 29742 123 1953044 48776 1
1459947781696196 130 2078778 31413 115 1947662 49926 0
1459947781697648 128 2080213 30281 112 1938860 54138 0
1459947781698855 129 2082816 30315 112 1930746 57387 0
1459947781700459 135 2082816 30315 120 1930746 57387 1
1459947781701892 131 2087776 32518 113 1924546 58618 0
1459947781703457 136 2087776 32518 120 1924546 58618 1
1459947781704938 132 2093628 35372 116 1922670 55766 0
1459947781706220 127 2092623 33534 112 1915821 57722 0
1459947781707705 134 2092623 33534 115 1915821 57722 1
1459947781709378 140 2092623 33534 126 1915821 57722 1
1459947781710871 134 2092623 33534 120 1915821 57722 1
1459947781712257 134 2092623 33534 118 1915821 57722 1
1459947781713603 130 2095536 33600 111 1908227 60212 0
1459947781715282 137 2095536 33600 120 1908227 60212 1
1459947781716925 136 2095536 33600 119 1908227 60212 1
1459947781718565 138 2095536 33600 121 1908227 60212 1
1459947781720092 137 2095536 33600 120 1908227 60212 1
1459947781721608 134 2095536 33600 114 1908227 60212 1
1459947781723049 135 2095536 33600 116 1908227 60212 1
1459947781724654 137 2095536 33600 118 1908227 60212 1
1459947781726232 137 2095536 33600 118 1908227 60212 1
1459947781727877 136 2095536 33600 118 1908227 60212 1
1459947781729273 131 2099502 34631 116 1907626 56060 0
1459947781730626 134 2099502 34631 117 1907626 56060 1
1459947781731912 129 2100598 32935 113 1903232 55730 0
1459947781733399 133 2100598 32935 116 1903232 55730 1
1459947781734864 137 2100598 32935 116 1903232 55730 1
1459947781736302 133 2100598 32935 116 1903232 55730 1
1459947781737803 134 2100598 32935 116 1903232 55730 1
1459947781739494 142 2100598 32935 124 1903232 55730 1
1459947781741110 137 2100598 32935 120 1903232 55730 1
1459947781742570 136 2100598 32935 117 1903232 55730 1
1459947781744055 133 2100598 32935 117 1903232 55730 1
1459947781745431 136 2100598 32935 115 1903232 55730 1
1459947781747067 140 2100598 32935 121 1903232 55730 1
1459947781748382 129 2101608 31292 113 1899182 55109 0
1459947781749705 132 2106379 33246 114 1896728 53064 0
1459947781751143 135 2106379 33246 115 1896728 53064 1
1459947781752620 135 2106379 33246 116 1896728 53064 1
1459947781754256 139 2106379 33246 119 1896728 53064 1
1459947781755828 138 2106379 33246 123 1896728 53064 1
1459947781757246 137 2106379 33246 116 1896728 53064 1
1459947781758735 139 2106379 33246 121 1896728 53064 1
1459947781760195 137 2106379 33246 118 1896728 53064 1
1459947781761826 140 2106379 33246 122 1896728 53064 1
1459947781763555 141 2106379 33246 121 1896728 53064 1
1459947781765147 137 2106379 33246 118 1896728 53064 1
1459947781766578 132 2110778 34703 113 1893186 52183 0
1459947781768062 138 2110778 34703 117 1893186 52183 1
1459947781769554 133 2116113 36909 114 1891200 49936 0
1459947781771132 133 2121031 38559 115 1890650 46541 0
1459947781772473 132 2124285 38546 111 1885022 48091 0
1459947781773806 133 2128565 39479 116 1886234 45450 0
1459947781775549 141 2128565 39479 123 1886234 45450 1
1459947781777096 139 2128565 39479 116 1886234 45450 1
1459947781778633 136 2128565 39479 116 1886234 45450 1
1459947781780132 137 2128565 39479 117 1886234 45450 1
1459947781781820 139 2128565 39479 122 1886234 45450 1
1459947781783587 142 2128565 39479 120 1886234 45450 1
1459947781785115 135 2135070 42391 115 1886071 42048 0
1459947781786433 129 2135070 42391 108 1886071 42048 1
1459947781787631 127 2130827 42989 110 1879521 44800 0
1459947781789155 135 2137156 45464 118 1883723 45174 0
1459947781790708 136 2144270 48470 116 1885037 42855 0
1459947781792454 141 2144270 48470 121 1885037 42855 1
1459947781793957 134 2148268 48369 118 1888808 42982 0
1459947781828510 138 2157074 52708 116 1889724 40469 0
1459947781829919 136 2162632 53714 114 1888009 38887 0
1459947781831239 133 2163916 50701 111 1882588 40845 0
1459947781832732 140 2163916 50701 118 1882588 40845 1
1459947781834346 135 2167660 50190 115 1882710 37766 0
1459947781835754 135 2171111 49449 115 1882823 34919 0
1459947781837495 138 2178132 52058 115 1882927 32286 0
1459947781838953 137 2183325 52777 114 1881743 30854 0
1459947781840413 136 2186832 51886 116 1883211 29797 0
1459947781842031 137 2191345 51993 118 1887125 31077 0
1459947781843729 140 2199346 55307 118 1890733 31975 0
1459947781845319 139 2205442 56605 118 1894059 32542 0
1459947781847036 140 2212341 58542 119 1898405 34006 0
1459947781848656 139 2217421 58651 119 1902412 35043 0
1459947781850254 142 2225944 61926 119 1906106 35710 0
1459947781851896 141 2232522 63152 116 1905671 33320 0
1459947781853529 138 2234746 60268 115 1903990 32265 0
1459947781855291 139 2238076 58629 117 1905000 30675 0
1459947781857086 146 2238076 58629 122 1905000 30675 1
1459947781858616 140 2242426 58058 117 1905931 29137 0
1459947781859959 134 2242426 58058 111 1905931 29137 1
1459947781861604 137 2242596 53679 119 1909350 30012 0
1459947781863245 137 2242753 49629 117 1909942 28212 0
1459947781864756 138 2244177 47064 116 1909207 26683 0
1459947781866368 140 2248050 46958 118 1911090 26334 0
1459947781867793 134 2248050 46958 111 1911090 26334 1
1459947781869349 136 2246501 44716 114 1907706 27395 0
1459947781870902 138 2247633 42265 116 1907146 25769 0
1459947781872243 135 2247633 42265 112 1907146 25769 1
1459947781873933 141 2252516 43465 119 1910470 26819 0
1459947781875621 141 2257018 44219 118 1912254 26368 0
1459947781877061 137 2256048 41657 114 1908779 27511 0
1459947781878668 143 2262834 44658 120 1913255 29487 0
1459947781880059 135 2258850 44841 113 1908421 31638 0
1459947781881087 116 2258850 44841 94 1908421 31638 1
1459947781882489 137 2257737 42362 116 1907805 29733 0
1459947781884150 142 2263111 44006 120 1912357 31607 0
1459947781885832 142 2268065 45135 120 1916554 33006 0
1459947781887348 137 2266232 43297 115 1914023 32760 0
1459947781888728 134 2266232 43297 112 1914023 32760 1
1459947781890356 138 2265822 40291 116 1912969 31170 0
1459947781891996 141 2269284 40335 119 1915838 31379 0
1459947781893783 146 2269284 40335 122 1915838 31379 1
1459947781895234 138 2268636 37780 118 1917203 30185 0
1459947781896496 130 2268636 37780 111 1917203 30185 1
1459947781898033 138 2268038 35378 116 1915901 29025 0
1459947781899751 139 2268767 33286 118 1917261 28010 0
1459947781901417 140 2270719 32485 118 1918514 26977 0
1459947781902785 138 2269959 30647 116 1917110 26163 0
1459947781904281 137 2267978 30077 117 1917095 24132 0
1459947781905924 139 2268712 28403 119 1919641 24594 0
1459947781907476 139 2269388 26808 118 1920709 23656 0
1459947781909042 143 2269388 26808 120 1920709 23656 1
1459947781910475 140 2271292 26468 115 1917853 24439 0
1459947781911912 134 2271292 26468 111 1917853 24439 1
1459947781913161 135 2266647 28681 114 1913940 26135 0
1459947781914546 134 2266647 28681 111 1913940 26135 1
1459947781916007 138 2266205 26847 116 1912893 25057 0
1459947781917587 139 2267077 25553 116 1911928 23988 0
1459947781918929 136 2267077 25553 112 1911928 23988 1
1459947781920317 137 2265321 25174 115 1909758 24112 0
1459947781922002 139 2266262 24075 116 1909038 22891 0
1459947781923562 141 2269690 25354 116 1908374 21713 0
1459947781925221 137 2267730 25179 117 1909042 20632 0
1459947781926697 136 2264643 26056 115 1907098 20812 0
1459947781928280 143 2264643 26056 119 1907098 20812 1
1459947781929798 138 2264643 26056 113 1907098 20812 1
1459947781931283 140 2266917 26117 118 1909145 21074 0
1459947781932723 135 2266917 26117 112 1909145 21074 1
1459947781934172 135 2266917 26117 113 1909145 21074 1
1459947781935670 136 2263894 26862 117 1909753 19987 0
1459947781937263 140 2266227 26914 117 1910313 18941 0
1459947781938832 142 2270938 29153 118 1912109 19117 0
1459947781939918 118 2270938 29153 94 1912109 19117 1
1459947781941308 139 2271440 27338 114 1908645 20815 0
1459947781942764 136 2268063 28314 115 1906732 20951 0
1459947781944298 142 2272630 30311 117 1907528 20048 0
1459947781945746 136 2272630 30311 112 1907528 20048 1
1459947781947367 137 2270440 29960 114 1904422 21343 0
1459947781948807 133 2270440 29960 110 1904422 21343 1
1459947781950245 134 2270440 29960 111 1904422 21343 1
1459947781951677 136 2267141 30659 115 1902839 21134 0
1459947781953137 135 2267141 30659 112 1902839 21134 1
1459947781954669 140 2269220 30180 115 1901379 20827 0
1459947781956116 138 2268577 28414 116 1901313 19259 0
1459947781957838 146 2268577 28414 122 1901313 19259 1
1459947781959473 141 2271824 29187 118 1903812 20058 0
1459947781960833 136 2268417 30046 114 1900996 21085 0
1459947781962011 133 2268417 30046 108 1900996 21085 1
1459947781963651 140 2270396 29523 117 1902240 20584 0
1459947781965091 140 2272221 28898 116 1902107 19097 0
1459947781966364 136 2272221 28898 113 1902107 19097 1
1459947781967810 139 2272623 27011 115 1900704 18897 0
1459947781969261 136 2272623 27011 113 1900704 18897 1
1459947781970416 129 2272623 27011 107 1900704 18897 1
1459947781971895 139 2272994 25242 114 1898131 19791 0
1459947781973520 142 2277176 27124 119 1902159 21957 0
1459947781975147 139 2277191 25018 116 1902032 20357 0
1459947781976682 139 2277205 23076 114 1899355 21233 0
1459947781978275 139 2277218 21285 116 1899447 19659 0
1459947781979834 136 2273390 23150 114 1896972 20403 0
1459947781981410 139 2273701 21628 116 1897251 19066 0
1459947781982876 133 2273701 21628 110 1897251 19066 1
1459947781984197 133 2273701 21628 110 1897251 19066 1
1459947781985566 130 2273701 21628 108 1897251 19066 1
1459947781987197 138 2272708 20853 116 1897508 17813 0
1459947781988944 142 2272708 20853 119 1897508 17813 1
1459947781990482 141 2275632 21919 118 1900305 18999 0
1459947781991726 134 2275632 21919 109 1900305 18999 1
1459947781993106 138 2275632 21919 110 1900305 18999 1
1459947781994500 137 2275632 21919 113 1900305 18999 1
1459947781995846 138 2275632 21919 112 1900305 18999 1
1459947781997380 141 2278328 22691 118 1902883 19891 0
1459947781998852 137 2275693 23346 114 1900140 20865 0
1459947782000468 142 2279664 25183 117 1901451 20443 0
1459947782001976 137 2276925 25739 114 1898820 21270 0
1459947782003333 137 2276925 25739 110 1898820 21270 1
1459947782004664 134 2276925 25739 112 1898820 21270 1
1459947782006301 143 2276925 25739 118 1898820 21270 1
1459947782007786 137 2274400 26055 113 1895114 23023 0
1459947782009329 140 2275912 25413 115 1894258 22012 0
1459947782010901 142 2279866 27072 121 1901149 26644 0
1459947782012304 138 2278391 26316 116 1901101 24605 0
1459947782013552 133 2278391 26316 110 1901101 24605 1
1459947782015200 142 2282151 27726 120 1906177 27361 0
1459947782016653 137 2282151 27726 112 1906177 27361 1
1459947782018171 138 2280497 27082 114 1903176 27988 0
1459947782019631 139 2280253 25190 117 1904250 26791 0
1459947782021182 142 2283868 26554 117 1905240 25610 0
1459947782022797 140 2284640 25191 116 1904873 23947 0
1459947782024058 136 2284640 25191 111 1904873 23947 1
1459947782025545 138 2282792 24925 114 1901974 24747 0
1459947782026740 129 2282792 24925 104 1901974 24747 1
1459947782028125 137 2279808 25727 114 1899302 25275 0
1459947782029583 139 2279808 25727 112 1899302 25275 1
1459947782030842 132 2279808 25727 110 1899302 25275 1
1459947782032158 135 2279808 25727 109 1899302 25275 1
1459947782033545 134 2279808 25727 111 1899302 25275 1
1459947782034941 137 2279808 25727 110 1899302 25275 1
1459947782036344 136 2275778 27432 113 1895559 26750 0
1459947782037861 138 2274622 26352 116 1895948 25019 0
1459947782039222 136 2274622 26352 111 1895948 25019 1
1459947782040834 137 2272277 26454 114 1893747 25092 0
1459947782042488 144 2272277 26454 120 1893747 25092 1
1459947782043922 138 2271395 25199 115 1892998 23821 0
1459947782045496 139 2271862 23660 113 1889747 24955 0
1459947782046814 135 2271862 23660 109 1889747 24955 1
1459947782048388 136 2268452 24953 113 1886750 25767 0
1459947782049898 141 2271709 26005 115 1886547 23939 0
1459947782051317 137 2269591 25924 112 1882520 25779 0
1459947782052819 139 2270199 24458 115 1882648 23883 0
1459947782054354 138 2269479 23210 114 1881486 23088 0
1459947782056007 143 2269479 23210 120 1881486 23088 1
1459947782057510 138 2268815 22007 115 1881694 21476 0
1459947782058956 140 2270763 22083 115 1881886 19975 0
1459947782060412 140 2272559 22013 114 1880783 19430 0
1459947782061882 139 2272935 20639 112 1877206 21208 0
1459947782063608 143 2272935 20639 117 1877206 21208 1
1459947782065299 143 2272935 20639 120 1877206 21208 1
1459947782066821 136 2269441 22246 114 1876469 20230 0
1459947782068247 140 2271340 22259 113 1874509 20455 0
1459947782069667 138 2270531 21265 113 1872702 20520 0
1459947782070923 136 2267225 22649 112 1869757 21630 0
1459947782072294 134 2267225 22649 109 1869757 21630 1
1459947782073859 140 2269298 22790 115 1870882 20977 0
1459947782075447 143 2269298 22790 116 1870882 20977 1
1459947782076963 141 2272489 23950 116 1873199 21474 0
1459947782078310 139 2272870 22430 114 1872775 20186 0
1459947782079769 143 2272870 22430 118 1872775 20186 1
1459947782081501 147 2272870 22430 122 1872775 20186 1
1459947782083073 143 2272870 22430 120 1872775 20186 1
1459947782084575 141 2275782 23361 118 1877504 22968 0
1459947782085986 139 2275906 21649 116 1879304 22832 0
1459947782087300 135 2275906 21649 110 1879304 22832 1
1459947782088577 134 2275906 21649 109 1879304 22832 1
1459947782090135 140 2277300 21242 115 1879683 21397 0
1459947782091389 135 2277300 21242 110 1879683 21397 1
1459947782092646 133 2277300 21242 109 1879683 21397 1
1459947782094156 139 2277305 19587 115 1880032 20047 0
1459947782095791 142 2277305 19587 120 1880032 20047 1
1459947782097351 142 2277305 19587 118 1880032 20047 1
1459947782098882 142 2277305 19587 116 1880032 20047 1
1459947782100389 141 2279870 20421 119 1885474 23497 0
1459947782102011 139 2279675 19004 118 1889211 25106 0
1459947782103210 136 2279675 19004 111 1889211 25106 1
1459947782104505 134 2279675 19004 110 1889211 25106 1
1459947782106038 136 2275655 21224 114 1887536 24687 0
1459947782107467 138 2274509 20621 112 1883432 26541 0
1459947782109201 143 2274509 20621 115 1883432 26541 1
1459947782110695 145 2274509 20621 118 1883432 26541 1
1459947782112109 139 2274732 19215 114 1882208 25594 0
1459947782113624 140 2276218 19083 118 1886200 27274 0
1459947782115141 138 2275028 18688 115 1886040 25289 0
1459947782116664 136 2271371 20598 113 1883333 25808 0
1459947782118282 138 2270560 19735 116 1884677 25030 0
1459947782119799 142 2270560 19735 118 1884677 25030 1
1459947782121235 140 2272372 19863 116 1885916 24216 0
1459947782122380 133 2272372 19863 105 1885916 24216 1
1459947782123663 135 2272372 19863 110 1885916 24216 1
1459947782124930 134 2272372 19863 110 1885916 24216 1
1459947782126269 136 2272372 19863 110 1885916 24216 1
1459947782127629 139 2272762 18671 113 1883218 24810 0
1459947782128939 132 2272762 18671 106 1883218 24810 1
1459947782130206 137 2270562 19239 113 1880731 25163 0
1459947782131549 136 2267254 20784 112 1877158 26489 0
1459947782132923 136 2264204 21970 112 1873865 27454 0
1459947782134403 140 2266513 22381 117 1877229 28410 0
1459947782135966 139 2267361 21414 117 1880330 29049 0
1459947782137518 141 2270703 22822 117 1883189 29414 0
1459947782138944 139 2271224 21519 114 1881984 28226 0
1459947782140466 139 2271704 20280 115 1882154 26176 0
1459947782141990 140 2273427 20283 115 1882310 24275 0
1459947782143571 141 2276295 21342 118 1886294 26051 0
1459947782144960 137 2273819 21956 112 1882287 27708 0
1459947782146574 141 2276656 22856 114 1881153 26588 0
1459947782148107 140 2277992 22301 113 1878827 26653 0
1459947782149676 142 2281783 24053 117 1881803 27314 0
1459947782151180 139 2281438 22490 117 1884547 27709 0
1459947782152768 143 2281438 22490 117 1884547 27709 1
1459947782154367 141 2283680 22799 116 1885796 26696 0
1459947782156216 147 2283680 22799 120 1885796 26696 1
1459947782158178 148 2283680 22799 126 1885796 26696 1
1459947782160032 145 2283680 22799 119 1885796 26696 1
1459947782161738 145 2283680 22799 121 1885796 26696 1
1459947782163333 143 2283680 22799 117 1885796 26696 1
1459947782164444 137 2283680 22799 111 1885796 26696 1
1459947782165929 137 2280627 23830 115 1885668 24727 0
1459947782167304 133 2280627 23830 111 1885668 24727 1
1459947782168999 142 2284213 25273 116 1886830 23866 0
1459947782170427 137 2284213 25273 110 1886830 23866 1
1459947782171924 142 2287518 26345 116 1887901 22988 0
1459947782173665 143 2291845 28275 118 1891448 24462 0
1459947782175161 137 2288154 29468 112 1887038 26614 0
1459947782176728 140 2288591 27568 115 1886813 24741 0
1459947782178402 143 2292834 29326 117 1889165 24976 0
1459947782179924 139 2291626 28147 115 1888773 23384 0
1459947782181437 139 2290512 26974 116 1889692 22404 0
1459947782182868 136 2290512 26974 110 1889692 22404 1
1459947782184369 138 2290512 26974 110 1889692 22404 1
1459947782186000 142 2293325 27459 118 1893099 23794 0
1459947782187675 142 2295918 27704 118 1896240 24831 0
1459947782189432 141 2297029 26563 119 1900416 26741 0
1459947782191097 144 2301893 28971 118 1902986 27020 0
1459947782192774 144 2306377 30841 118 1905355 27093 0
1459947782194270 140 2305391 29339 115 1903699 26502 0
1459947782195780 139 2303202 29063 115 1902172 25838 0
1459947782197157 138 2299904 29832 113 1898204 27476 0
1459947782198692 139 2298144 29123 115 1897106 26340 0
1459947782199903 135 2298144 29123 109 1897106 26340 1
1459947782201069 132 2298144 29123 109 1897106 26340 1
1459947782202080 123 2298144 29123 100 1897106 26340 1
1459947782203197 133 2298144 29123 108 1897106 26340 1
1459947782204497 138 2295241 29522 112 1892254 28754 0
1459947782205917 142 2297685 29468 115 1891621 27089 0
1459947782207497 140 2297378 27447 114 1889758 26689 0
1459947782208972 144 2302215 29761 118 1893160 27739 0
1459947782210430 141 2302834 28006 115 1892456 26219 0
1459947782211967 140 2302125 26471 115 1891807 24767 0
1459947782213565 142 2304031 26159 118 1895049 25821 0
1459947782215157 145 2304031 26159 121 1895049 25821 1
1459947782216801 143 2307068 26915 117 1896758 25378 0
1459947782218300 136 2307068 26915 111 1896758 25378 1
1459947782219785 142 2308588 26213 117 1898333 24847 0
1459947782221312 141 2308709 24277 116 1898505 23064 0
1459947782223381 135 2301141 29356 134 1921704 42648 0
1459947782225509 138 2298004 29953 136 1945650 61392 0
1459947782227574 137 2293832 31457 135 1966446 75766 0
1459947782229506 136 2288706 33724 133 1983057 85159 0
1459947782231235 129 2275020 43704 127 1990690 85542 0
1459947782233245 137 2272644 42479 136 2009247 95966 0
1459947782235189 135 2267893 43539 134 2023794 101879 0
1459947782236996 132 2259673 47713 127 2028245 98022 0
1459947782238772 129 2248256 54510 127 2032348 94146 0
1459947782240738 135 2245411 52873 133 2043810 97357 0
1459947782242728 130 2236388 57059 127 2046697 92411 0
1459947782244750 133 2231910 56728 132 2055758 93544 0
1459947782246615 132 2226502 57281 131 2062831 92756 0
1459947782248480 133 2222796 56220 133 2071912 93880 0
1459947782250471 136 2223220 52217 133 2080283 94262 0
1459947782252425 134 2221050 50136 131 2085440 91652 0
1459947782254515 136 2221610 46735 134 2094035 92414 0
1459947782256515 136 2222126 43559 134 2101958 92498 0
1459947782258426 136 2222602 40594 133 2107982 90824 0
1459947782260306 133 2219201 40557 131 2110975 86488 0
1459947782262156 131 2213505 42638 128 2109895 80726 0
1459947782264065 133 2210814 41785 130 2111459 75861 0
1459947782265975 130 2204494 44346 128 2110341 70964 0
1459947782267785 128 2196107 48611 126 2106750 68728 0
1459947782269549 131 2192216 48399 130 2108560 65026 0
1459947782271492 136 2195029 47210 132 2112788 63843 0
1459947782273213 132 2192502 45850 129 2112846 58908 0
1459947782274792 123 2178652 55034 121 2102659 63695 0
1459947782276280 123 2165884 62503 121 2093268 67374 0
1459947782278218 135 2169474 60928 133 2099971 68289 0
1459947782280287 136 2174063 60399 135 2108710 71010 0
1459947782282374 137 2179574 60760 136 2118047 74069 0
1459947782284416 136 2183374 59516 136 2126654 76217 0
1459947782286479 133 2183037 55175 132 2129469 72857 0
1459947782288434 135 2185287 52938 133 2133344 70737 0
1459947782290086 133 2184801 49249 130 2133076 65456 0
1459947782291927 134 2185633 46168 131 2134109 61294 0
1459947782293679 133 2185120 43033 130 2133781 56806 0
1459947782295684 132 2183367 41286 131 2134759 53269 0
1459947782297317 123 2170231 50169 123 2125420 57715 0
1459947782299131 136 2174761 50425 134 2130891 58250 0
1459947782301069 136 2178937 50335 133 2134655 57169 0
1459947782303103 138 2185347 52311 136 2141965 59440 0
1459947782305166 138 2191256 53672 136 2148703 61008 0
1459947782307105 132 2189024 51535 129 2145955 58773 0
1459947782308939 135 2190806 49151 131 2145982 54206 0
1459947782310778 136 2193729 48005 132 2147287 51174 0
1459947782312539 133 2192583 45309 131 2147210 47246 0
1459947782314343 133 2191527 42742 131 2147139 43619 0
1459947782316118 132 2189273 41478 129 2144513 42631 0
1459947782318045 138 2194876 43402 134 2148492 42969 0
1459947782319687 129 2188521 45869 127 2143201 44489 0
1459947782321293 129 2182662 47685 127 2138323 45509 0
1459947782323067 133 2182381 44217 130 2137666 42558 0
1459947782324852 128 2175722 46900 127 2133220 43330 0
1459947782326566 131 2173423 45353 128 2130402 42541 0
1459947782328503 135 2176424 44575 131 2131644 40362 0
1459947782330191 122 2176424 44575 119 2131644 40362 1
1459947782331952 133 2176630 41282 131 2132789 38263 0
1459947782333898 133 2176820 38231 134 2137684 39786 0
1459947782335839 134 2178275 36586 132 2139637 38477 0
1459947782337637 133 2178337 33784 130 2138877 36169 0
1459947782339473 131 2175834 33451 129 2136897 35168 0
1459947782341473 130 2172246 34143 129 2135071 34102 0
1459947782343444 136 2176619 35506 134 2139788 35786 0
1459947782345400 132 2175530 33735 129 2137737 34880 0
1459947782347485 138 2175530 33735 135 2137737 34880 1
1459947782349437 136 2179646 34894 134 2142246 36312 0
1459947782351479 137 2184721 36845 136 2148963 39667 0
1459947782353416 134 2185559 34739 133 2151315 38736 0
1459947782355288 135 2187612 33917 130 2149643 37249 0
1459947782357091 134 2188224 31832 134 2153222 37637 0
1459947782358980 136 2191349 32225 133 2155241 36557 0
1459947782360978 134 2191669 30002 132 2155822 34236 0
1459947782362761 132 2189404 29745 132 2156358 32055 0
1459947782364728 131 2186036 30525 129 2153012 32634 0
1459947782366599 132 2184211 29821 130 2151207 31747 0
1459947782368592 135 2186369 29480 133 2153383 31272 0
1459947782370316 130 2181958 31241 128 2148989 32877 0
1459947782371868 125 2181958 31241 124 2148989 32877 1
1459947782373588 132 2180452 30187 129 2146219 32861 0
1459947782375331 132 2179064 29107 130 2144945 31466 0
1459947782377133 130 2175224 30372 128 2141211 32449 0
1459947782378995 135 2178084 30636 132 2142888 31459 0
1459947782380769 131 2175601 30530 130 2141874 29934 0
1459947782382630 134 2177152 29574 133 2144780 30274 0
1459947782384812 137 2182422 32121 136 2151299 33917 0
1459947782386840 139 2182422 32121 137 2151299 33917 1
1459947782388873 133 2182160 29852 132 2152188 32087 0
1459947782390723 135 2184478 29656 133 2154288 31516 0
1459947782392571 130 2180215 31268 127 2148544 34348 0
1459947782394548 131 2177565 31267 128 2144529 35365 0
1459947782396426 129 2177565 31267 125 2144529 35365 1
1459947782398316 133 2177682 28932 130 2143387 33654 0
1459947782400277 134 2179070 27951 132 2144894 32414 0
1459947782402173 128 2172670 31666 127 2139884 34499 0
1459947782404064 132 2171890 29910 133 2142945 34625 0
1459947782405703 129 2167331 31775 127 2138087 36397 0
1459947782407752 136 2172088 33677 134 2142568 37684 0
1459947782409638 133 2172633 31548 133 2145419 37368 0
1459947782411480 134 2174416 30726 132 2146768 35691 0
1459947782413371 134 2176059 29840 133 2149291 35228 0
1459947782415208 134 2177574 28905 132 2150337 33439 0
1459947782417180 134 2178971 27933 133 2152581 32895 0
1459947782419283 138 2178971 27933 136 2152581 32895 1
1459947782421132 134 2180258 26937 133 2154650 32232 0
1459947782422990 138 2180258 26937 136 2154650 32232 1
1459947782424881 138 2180258 26937 135 2154650 32232 1
1459947782426830 137 2180258 26937 135 2154650 32232 1
1459947782428583 130 2180258 26937 126 2154650 32232 1
1459947782430439 132 2178885 26097 129 2151437 32674 0
1459947782432360 136 2182739 27611 133 2153595 32111 0
1459947782434269 135 2185012 27548 132 2154305 30256 0
1459947782436043 129 2185012 27548 125 2154305 30256 1
1459947782437742 130 2180707 29362 128 2149839 32008 0
1459947782439703 132 2179299 28365 131 2149562 29761 0
1459947782441451 130 2175441 29704 128 2145467 31209 0
1459947782443467 138 2175441 29704 136 2145467 31209 1
1459947782445355 129 2170604 31841 129 2142972 31069 0
1459947782447183 132 2169985 29923 130 2141952 29581 0
1459947782449382 137 2169985 29923 133 2141952 29581 1
1459947782450956 119 2169985 29923 117 2141952 29581 1
1459947782453188 139 2169985 29923 138 2141952 29581 1
1459947782455218 136 2174534 31779 135 2147412 32302 0
1459947782457185 133 2174888 29622 132 2148605 30878 0
1459947782459121 126 2174888 29622 125 2148605 30878 1
1459947782461222 138 2174888 29622 135 2148605 30878 1
1459947782463379 140 2174888 29622 138 2148605 30878 1
1459947782465496 136 2179054 31148 133 2150985 30659 0
1459947782467623 138 2179054 31148 136 2150985 30659 1
1459947782469711 135 2181615 31075 134 2154459 31465 0
1459947782471744 136 2185256 32003 134 2157661 31958 0
1459947782473666 133 2184772 29947 133 2159333 31003 0
1459947782475769 138 2184772 29947 135 2159333 31003 1
1459947782477737 134 2185606 28376 132 2159595 28821 0
1459947782479551 132 2183815 27809 131 2158556 27526 0
1459947782481361 134 2184724 26474 131 2157598 26257 0
1459947782483422 133 2184282 24812 131 2156715 25018 0
1459947782485264 129 2184282 24812 127 2156715 25018 1
1459947782486954 130 2184282 24812 128 2156715 25018 1
1459947782488764 133 2183874 23248 132 2157181 23493 0
1459947782490548 128 2183874 23248 124 2157181 23493 1
1459947782492426 136 2187338 24625 135 2161451 25593 0
1459947782494328 133 2186692 23296 133 2162827 24862 0
1459947782496148 134 2187376 22107 130 2160256 25289 0
1459947782498041 138 2187376 22107 136 2160256 25289 1
1459947782500171 140 2187376 22107 136 2160256 25289 1
1459947782502117 133 2186727 20977 132 2160446 23488 0
1459947782504055 135 2188688 21146 134 2163181 24174 0
1459947782505985 133 2187936 20185 131 2161862 23500 0
1459947782508090 139 2187936 20185 136 2161862 23500 1
1459947782509845 132 2187936 20185 128 2161862 23500 1
1459947782511678 131 2187936 20185 126 2161862 23500 1
1459947782513487 130 2187936 20185 127 2161862 23500 1
1459947782515381 132 2185963 20426 130 2159366 23964 0
1459947782517260 129 2185963 20426 128 2159366 23964 1
1459947782519216 138 2185963 20426 137 2159366 23964 1
1459947782521072 131 2185963 20426 128 2159366 23964 1
1459947782522903 129 2185963 20426 124 2159366 23964 1
1459947782524839 135 2187984 20693 130 2157065 24211 0
1459947782526771 135 2189847 20794 130 2154944 24274 0
1459947782528699 134 2190285 19572 130 2152989 24179 0
1459947782530454 132 2188128 20029 129 2149906 25131 0
1459947782532271 130 2183580 22656 128 2145784 26966 0
1459947782534160 135 2185787 22921 134 2149664 28436 0
1459947782535849 130 2185787 22921 127 2149664 28436 1
1459947782537926 142 2185787 22921 139 2149664 28436 1
1459947782539725 134 2186542 21826 134 2153241 29512 0
1459947782541456 131 2183398 23017 131 2152699 27705 0
1459947782543371 133 2183060 21529 130 2150919 27180 0
1459947782545413 135 2185308 21919 133 2153118 27083 0
1459947782547322 130 2180980 24195 128 2148745 28997 0
1459947782549083 129 2175710 27161 128 2144714 30446 0
1459947782550985 132 2174692 25976 130 2143558 29132 0
1459947782552691 129 2169914 28350 127 2138652 31378 0
1459947782554714 137 2169914 28350 134 2138652 31378 1
1459947782556861 139 2169914 28350 137 2138652 31378 1
1459947782558779 137 2169914 28350 135 2138652 31378 1
1459947782560457 124 2169914 28350 122 2138652 31378 1
1459947782562140 131 2168069 27835 129 2136689 30734 0
1459947782564124 137 2168069 27835 134 2136689 30734 1
1459947782566162 133 2168928 26452 131 2137440 29024 0
1459947782568105 133 2169720 25115 131 2138132 27394 0
1459947782569763 128 2169720 25115 123 2138132 27394 1
1459947782571295 125 2169720 25115 122 2138132 27394 1
1459947782572991 127 2169720 25115 120 2138132 27394 1
1459947782574942 134 2171730 25005 132 2140050 27021 0
1459947782576967 137 2171730 25005 134 2140050 27021 1
1459947782578675 132 2171023 23702 131 2140538 25359 0
1459947782580196 128 2171023 23702 126 2140538 25359 1
1459947782581905 127 2171023 23702 125 2140538 25359 1
1459947782583863 135 2174211 24789 134 2144828 27332 0
1459947782585681 132 2173310 23681 130 2143663 26269 0
1459947782587164 127 2173310 23681 125 2143663 26269 1
1459947782588774 128 2173310 23681 126 2143663 26269 1
1459947782590426 130 2173310 23681 126 2143663 26269 1
1459947782592086 129 2173310 23681 127 2143663 26269 1
1459947782593706 125 2173310 23681 124 2143663 26269 1
1459947782595554 134 2175040 23425 133 2146429 26766 0
1459947782597367 128 2175040 23425 127 2146429 26766 1
1459947782598999 132 2174075 22483 129 2143859 27042 0
1459947782600686 125 2174075 22483 124 2143859 27042 1
1459947782602177 126 2174075 22483 124 2143859 27042 1
1459947782604092 135 2177025 23445 135 2149170 29825 0
1459947782605703 130 2173344 25005 128 2145106 31240 0
1459947782607557 134 2175071 24643 132 2146479 30065 0
1459947782609439 134 2176663 24185 131 2146465 27728 0
1459947782611151 130 2173011 25661 128 2142612 29112 0
1459947782612704 131 2170924 25579 129 2140340 28931 0
1459947782614567 137 2170924 25579 134 2140340 28931 1
1459947782616390 124 2170924 25579 122 2140340 28931 1
1459947782618424 134 2172840 25346 130 2139525 27420 0
1459947782620433 134 2174606 24993 132 2141334 26945 0
1459947782622180 132 2173674 23898 131 2141722 25196 0
1459947782624087 132 2172815 22821 131 2142079 23557 0
1459947782626003 131 2170743 22947 128 2138569 24951 0
1459947782627992 133 2171393 21753 131 2139173 23558 0
1459947782629734 132 2170712 20679 128 2135890 24743 0
1459947782631626 134 2172645 20845 130 2135423 23238 0
1459947782633914 142 2172645 20845 140 2135423 23238 1
1459947782635739 131 2170587 21113 129 2133713 22998 0
1459947782637525 131 2168689 21211 129 2132136 22654 0
1459947782639296 130 2165660 22345 129 2130682 22223 0
1459947782641029 129 2165660 22345 126 2130682 22223 1
1459947782642706 127 2165660 22345 125 2130682 22223 1
1459947782644184 126 2165660 22345 125 2130682 22223 1
1459947782645927 130 2162867 23172 128 2128062 22900 0
1459947782647896 135 2166693 24888 131 2129487 22423 0
1459947782649642 130 2163820 25591 127 2125680 24179 0
1459947782651629 139 2163820 25591 135 2125680 24179 1
1459947782653693 135 2167571 27049 132 2128571 24955 0
1459947782655448 130 2164629 27646 128 2126116 25267 0
1459947782657301 132 2164477 25625 130 2126413 23566 0
1459947782659185 133 2165617 24674 131 2127966 23156 0
1459947782661022 132 2165388 22956 130 2128118 21486 0
1459947782662863 134 2167737 23327 131 2129538 21116 0
1459947782665040 137 2167737 23327 137 2129538 21116 1
1459947782666916 133 2168622 22320 131 2130847 20673 0
1459947782669069 140 2168622 22320 138 2130847 20673 1
1459947782671233 140 2168622 22320 137 2130847 20673 1
1459947782673100 131 2166878 22183 129 2129494 20303 0
1459947782674985 133 2167830 21327 129 2128247 19865 0
1459947782676705 133 2168708 20469 130 2128377 18433 0
1459947782678260 128 2168708 20469 126 2128377 18433 1
1459947782680053 131 2166957 20482 128 2125937 19240 0
1459947782681912 132 2166623 19188 131 2127528 19202 0
1459947782684024 136 2166623 19188 135 2127528 19202 1
1459947782686005 136 2166623 19188 136 2127528 19202 1
1459947782687847 130 2163755 20331 128 2125154 19888 0
1459947782689503 121 2163755 20331 119 2125154 19888 1
1459947782691378 133 2164951 19845 132 2128086 21037 0
1459947782693080 132 2164774 18456 130 2128229 19525 0
1459947782694825 129 2160771 20704 128 2125801 20237 0
1459947782696755 132 2160920 19224 128 2123562 20718 0
1459947782698747 134 2163618 20209 133 2127898 23096 0
1459947782700749 133 2164825 19743 130 2128055 21436 0
