1459947780003832 140 2293760 0 138 2260992 0 0
1459947780007845 146 2301440 7080 146 2271232 9440 0
1459947780011808 144 2305960 10692 142 2275552 12684 0
1459947780015588 141 2306286 10157 139 2275694 11824 0
1459947780019128 141 2306587 9640 139 2275825 11021 0
1459947780022646 139 2304304 10989 137 2273386 12407 0
1459947780026073 141 2304760 10550 137 2271137 13509 0
1459947780029788 142 2306460 11292 139 2271624 12902 0
1459947780033568 144 2310587 14214 142 2275913 15848 0
1459947780037241 144 2314392 16611 137 2273467 16863 0
1459947780040491 139 2311500 17978 135 2268652 19983 0
1459947780044149 146 2317794 22375 142 2273173 22589 0
1459947780047416 138 2313356 24716 137 2270941 22881 0
1459947780050805 141 2313105 23016 137 2268883 22989 0
1459947780054465 141 2312873 21430 139 2269546 21803 0
1459947780058037 141 2312659 19951 140 2271437 21842 0
1459947780061681 146 2318862 24110 144 2278300 26462 0
1459947780065323 140 2316900 24033 139 2278227 24460 0
1459947780069149 142 2317652 22848 140 2279440 23667 0
1459947780072978 145 2322185 25242 141 2281838 24029 0
1459947780076634 144 2325084 25941 141 2284049 24189 0
1459947780080486 147 2331596 29918 145 2291207 28898 0
1459947780084213 144 2333760 29575 141 2292686 28003 0
1459947780087841 143 2334475 27923 140 2292769 25892 0
1459947780091443 141 2332574 27493 138 2290286 26157 0
1459947780094807 140 2329541 28140 137 2286717 27402 0
1459947780098374 142 2329305 26157 139 2285987 25933 0
1459947780102413 148 2336768 30993 145 2292994 30365 0
1459947780106235 140 2333408 31668 138 2290493 30296 0
1459947780109584 138 2327750 34408 135 2284348 33593 0
1459947780113042 140 2325094 34166 137 2281243 33830 0
1459947780116397 137 2318806 37292 136 2277100 35005 0
1459947780119907 143 2320689 36114 141 2279681 34649 0
1459947780123591 142 2321145 33712 139 2279500 32107 0
1459947780127460 142 2321565 31465 139 2279334 29750 0
1459947780130671 139 2318112 32188 135 2274061 32286 0
1459947780133950 140 2316209 31426 136 2270479 33064 0
1459947780137366 141 2315735 29406 139 2271017 30976 0
1459947780141549 148 2324258 34965 145 2279193 36094 0
1459947780145488 146 2329555 37116 143 2284171 37863 0
1459947780149017 143 2330598 35178 142 2287480 37954 0
1459947780153039 147 2336680 38035 143 2291810 38980 0
1459947780157119 149 2344846 42591 146 2299642 43154 0
1459947780160834 142 2343414 40582 140 2299182 40205 0
1459947780164401 140 2339534 40987 137 2294918 40993 0
1459947780168150 143 2339797 38027 140 2294827 37873 0
1459947780172055 146 2343880 38820 143 2298583 38377 0
1459947780176066 145 2346364 38077 142 2300766 37390 0
1459947780179718 140 2342254 38890 137 2296378 38512 0
1459947780183115 137 2334625 42883 134 2288493 42771 0
1459947780186467 135 2325032 48375 133 2279944 47309 0
1459947780190499 144 2327708 47062 141 2282303 45787 0
1459947780194309 146 2332735 48020 144 2288318 47754 0
1459947780197909 143 2333530 45000 140 2288743 44414 0
1459947780201763 144 2335542 43339 141 2290414 42485 0
1459947780205468 142 2334837 40602 140 2290675 39406 0
1459947780209346 143 2335467 38010 140 2290916 36549 0
1459947780213216 144 2337328 36756 142 2293698 36257 0
1459947780217424 147 2342884 39006 145 2300102 39328 0
1459947780221153 143 2342886 35960 142 2302166 38158 0
1459947780225023 143 2342888 33151 141 2302789 35750 0
1459947780228895 143 2342889 30562 139 2300803 34787 0
1459947780232912 148 2349290 34075 147 2309212 39821 0
1459947780236776 144 2350071 32132 141 2309284 36776 0
1459947780240907 145 2352071 31465 142 2310631 35143 0
1459947780244924 145 2353915 30706 141 2310592 32432 0
1459947780248223 135 2342815 38539 132 2299037 40550 0
1459947780251858 142 2341542 36700 139 2297344 38942 0
1459947780255383 139 2336529 38453 136 2291944 40877 0
1459947780258957 142 2335747 36168 139 2290805 38732 0
1459947780262655 143 2336306 33858 142 2293595 38278 0
1459947780266326 142 2335542 31916 139 2292327 36455 0
1459947780270292 145 2338677 32312 142 2294998 36069 0
1459947780273885 137 2331327 36561 135 2288501 39240 0
1459947780277645 145 2334792 36898 143 2292751 40092 0
1459947780281222 139 2330306 38150 137 2288989 40426 0
1459947780284582 133 2318490 46061 129 2275281 49903 0
1459947780288475 143 2320397 44220 141 2278004 48514 0
1459947780292284 146 2325995 45926 142 2281794 48217 0
1459947780295438 134 2315796 51739 132 2272488 53028 0
1459947780299081 142 2316634 48468 141 2275429 51597 0
1459947780302956 139 2313566 47508 137 2273021 49784 0
1459947780306785 143 2315858 45909 143 2278481 50927 0
1459947780310437 141 2315411 42733 139 2278394 47027 0
1459947780314055 144 2318839 42554 140 2279594 44459 0
1459947780317732 140 2316879 41035 136 2275580 44684 0
1459947780321311 139 2313792 40674 137 2273160 43423 0
1459947780325082 145 2318627 41953 142 2277329 43873 0
1459947780329090 140 2316684 40465 136 2273492 43981 0
1459947780333003 142 2317453 38011 140 2275075 42003 0
1459947780336885 143 2319441 36874 139 2275254 38886 0
1459947780340640 138 2314874 38202 137 2272859 38055 0
1459947780344371 140 2313224 36737 139 2273211 35406 0
1459947780348429 147 2320663 40724 144 2279936 38839 0
1459947780351684 138 2316001 41839 135 2274616 40708 0
1459947780355029 136 2309143 44891 135 2269711 42048 0
1459947780358874 140 2307941 42490 137 2267749 40570 0
1459947780362930 146 2314513 45228 143 2273621 42813 0
1459947780366604 141 2314171 42008 140 2275194 40918 0
1459947780369869 140 2312576 40196 137 2272804 39923 0
1459947780373067 137 2307266 41950 135 2268041 41194 0
1459947780376625 141 2307490 38879 138 2267490 38482 0
1459947780380329 143 2310257 38392 140 2269542 37367 0
1459947780384290 142 2311528 36563 140 2271434 36191 0
1459947780388228 145 2316539 38326 143 2277018 38510 0
1459947780391947 144 2319879 38410 142 2280885 39066 0
1459947780395738 144 2322958 38247 142 2284450 39300 0
1459947780399387 145 2327076 39055 143 2289017 40439 0
1459947780402658 136 2319353 43122 133 2280427 45197 0
1459947780406076 138 2314793 43956 137 2277628 44244 0
1459947780409723 139 2311869 43215 137 2275048 43165 0
1459947780412878 134 2302774 48222 132 2266269 47884 0
1459947780416217 135 2295669 51003 134 2260736 49243 0
1459947780420058 146 2303199 53960 142 2265876 50133 0
1459947780423868 144 2307581 53784 140 2268054 48224 0
1459947780427610 143 2310341 52126 139 2268782 45127 0
1459947780431336 145 2315445 52758 142 2273293 45759 0
1459947780434925 141 2315030 49017 139 2273611 42478 0
1459947780439377 149 2324888 54275 147 2284145 48870 0
1459947780443221 145 2328856 53692 141 2286176 46924 0
1459947780447258 145 2332514 52869 142 2289328 46164 0
1459947780450828 143 2333326 49486 140 2289674 42876 0
1459947780454374 139 2328954 49648 137 2286153 42771 0
1459947780458195 145 2332604 49134 142 2289307 42336 0
1459947780461698 142 2332129 45732 139 2288374 39887 0
1459947780465606 145 2335531 45295 142 2291354 39517 0
1459947780469529 142 2334827 42404 138 2288981 38615 0
1459947780472744 139 2330338 43228 136 2284234 39973 0
1459947780476592 146 2335160 44295 144 2290098 42256 0
1459947780480378 146 2339605 44932 144 2295504 43937 0
1459947780484090 143 2339863 41659 140 2295367 40629 0
1459947780487975 143 2340101 38623 141 2296521 38518 0
1459947780491552 140 2336480 38942 137 2292465 39246 0
1459947780494854 134 2325462 46055 134 2284886 43165 0
1459947780498362 134 2315305 51819 132 2275339 48592 0
1459947780501804 135 2307221 55221 133 2267818 51728 0
1459947780505593 138 2303609 54235 136 2264724 50537 0
1459947780509280 141 2304119 50467 139 2265712 47499 0
1459947780512924 144 2308429 50497 141 2269183 46988 0
1459947780516529 141 2308562 46674 139 2269823 43907 0
1459947780520038 140 2307405 44093 137 2267853 42292 0
1459947780523727 143 2310178 43205 141 2271156 42032 0
1459947780526753 127 2292255 56351 125 2253721 54819 0
1459947780530469 147 2301332 60316 144 2261969 58139 0
1459947780534004 142 2303300 57417 140 2264452 55885 0
1459947780537453 143 2306394 55783 141 2268021 54808 0
1459947780541380 145 2311806 56414 141 2271311 53559 0
1459947780545136 141 2311676 52125 139 2271784 49810 0
1459947780548836 142 2312836 49121 140 2273500 47500 0
1459947780552505 143 2315185 47449 140 2275082 45248 0
1459947780555988 136 2308391 50005 133 2267581 48627 0
1459947780559593 141 2308527 46224 138 2267066 45302 0
1459947780564039 148 2317613 50988 145 2275551 49584 0
1459947780567307 141 2317029 47541 139 2275693 45841 0
1459947780570690 142 2317771 44510 138 2274544 43317 0
1459947780574506 144 2321015 44022 142 2278605 43675 0
1459947780578018 142 2321445 40979 140 2279788 41353 0
1459947780581707 142 2321842 38143 140 2280879 39128 0
1459947780585325 140 2319648 37185 138 2279325 37503 0
1459947780588764 138 2315065 38503 135 2274052 39433 0
1459947780592365 139 2312120 38208 136 2270471 39652 0
1459947780595764 140 2310685 36545 136 2267170 39596 0
1459947780599290 143 2313202 36010 139 2267967 37237 0
1459947780603382 146 2319363 38875 143 2273822 39724 0
1459947780607203 144 2322482 38713 141 2276659 39236 0
1459947780610570 137 2316398 41296 135 2271595 40838 0
1459947780614010 137 2310789 43239 132 2263086 45490 0
1459947780618036 144 2314578 43353 141 2266762 45325 0
1459947780621648 141 2314231 40285 138 2266311 42198 0
1459947780625043 139 2311351 39791 137 2264615 40464 0
1459947780628613 140 2309976 37948 138 2264331 37562 0
1459947780632194 140 2308709 36150 137 2262790 36047 0
1459947780635503 138 2304981 36761 136 2260089 35719 0
1459947780639223 141 2305384 34260 139 2261439 34173 0
1459947780643065 141 2305755 31925 140 2263964 33830 0
1459947780646661 140 2304817 30293 137 2262451 32580 0
1459947780649818 136 2298833 33442 135 2258497 33679 0
1459947780653081 137 2294596 34734 136 2256131 33227 0
1459947780656471 137 2290690 35620 135 2252670 33820 0
1459947780660159 145 2297329 38958 141 2257160 35316 0
1459947780663987 145 2303450 41556 142 2262579 37552 0
1459947780667670 142 2305252 39971 138 2262455 34732 0
1459947780671040 139 2303074 38855 136 2259780 34483 0
1459947780674926 145 2308746 41048 140 2262434 34236 0
1459947780678487 141 2308855 37941 140 2264881 33817 0
1459947780682410 143 2311515 37428 141 2268417 34434 0
1459947780685936 144 2315247 37944 142 2272956 35928 0
1459947780689607 141 2314848 35346 139 2273301 33439 0
1459947780693517 145 2319600 36965 142 2277459 34659 0
1459947780697083 143 2321421 35755 139 2277452 31956 0
1459947780700994 145 2325659 36868 143 2282566 34173 0
1459947780704450 139 2321886 37464 139 2282160 31876 0
1459947780708083 139 2318408 37742 136 2277946 33269 0
1459947780711896 145 2322882 38917 143 2283021 35347 0
1459947780715519 139 2319326 39153 137 2280019 35351 0
1459947780719011 137 2313488 41475 135 2274692 37499 0
1459947780723018 147 2320906 45073 145 2282581 41842 0
1459947780726681 139 2317505 44686 135 2277054 43667 0
1459947780730171 143 2319489 43023 139 2277079 40278 0
1459947780733478 136 2312358 46233 134 2270702 43009 0
1459947780737243 141 2312185 42780 139 2271223 40128 0
1459947780741166 143 2314585 41650 140 2272983 38616 0
1459947780744742 141 2314238 38715 140 2274606 37095 0
1459947780748257 140 2312638 37164 136 2270982 37536 0
1459947780752069 144 2316283 37620 142 2275321 38603 0
1459947780755784 139 2313243 37482 136 2271641 38978 0
1459947780759580 145 2318120 39049 143 2277209 41065 0
1459947780763067 143 2320056 37783 141 2279782 40228 0
1459947780766789 142 2320561 35297 138 2278314 38438 0
1459947780770263 139 2317187 35649 135 2273120 40222 0
1459947780774059 144 2320476 35895 138 2272172 37952 0
1459947780777425 139 2317108 36194 136 2268738 38152 0
1459947780781402 147 2324243 39944 144 2275812 41693 0
1459947780785186 142 2324421 36987 138 2274654 39502 0
1459947780788744 139 2320745 37485 135 2269746 40938 0
1459947780792507 142 2321196 34972 141 2272902 40648 0
1459947780796524 147 2328012 38523 144 2279651 43694 0
1459947780800553 145 2331736 38946 142 2283313 43656 0
1459947780804204 143 2332609 36707 141 2285409 42177 0
1459947780808249 143 2333413 34581 140 2286061 39482 0
1459947780812098 144 2335435 33743 142 2289222 39311 0
1459947780815929 144 2337299 32824 140 2289576 36565 0
1459947780819900 145 2340297 33023 144 2295022 38729 0
1459947780823625 140 2336661 33794 136 2289803 40513 0
1459947780827209 142 2335869 31882 138 2287552 39422 0
1459947780830843 144 2337699 31078 140 2288037 36789 0
1459947780834321 140 2334266 31814 137 2284644 37041 0
1459947780838176 146 2338781 33490 144 2290476 39523 0
1459947780842086 145 2341663 33530 143 2294572 40211 0
1459947780845886 144 2343040 32180 141 2295788 38190 0
1459947780849665 144 2344310 30835 141 2296909 36239 0
1459947780853193 141 2341640 30886 139 2295382 34813 0
1459947780856377 130 2325099 43721 128 2279895 46369 0
1459947780860537 145 2329050 43947 143 2284818 47284 0
1459947780864577 145 2332692 43871 143 2289356 47773 0
1459947780868327 136 2324530 47966 134 2282020 50802 0
1459947780871947 141 2323406 45254 138 2280377 48347 0
1459947780875752 144 2326209 44302 140 2281422 45532 0
1459947780878734 124 2303193 62056 121 2258065 63505 0
1459947780882628 141 2303736 57707 136 2255733 60692 0
1459947780886724 144 2308076 57199 141 2259983 59868 0
1459947780890545 144 2312077 56418 142 2265181 59982 0
1459947780894205 146 2318325 57770 144 2272533 62073 0
1459947780897957 142 2318965 53846 139 2272911 57571 0
1459947780901171 138 2314435 53814 136 2269419 56291 0
1459947780904526 136 2307699 55817 134 2263640 57219 0
1459947780908468 146 2314290 57532 142 2268553 57277 0
1459947780912058 145 2319086 57458 142 2273082 56977 0
1459947780916137 146 2324787 58225 143 2278537 57554 0
1459947780919970 145 2328763 57341 141 2281006 55333 0
1459947780923587 142 2328588 53021 139 2280722 51271 0
1459947780927267 140 2325867 51386 139 2280460 47505 0
1459947780931102 145 2329758 50958 141 2282779 45930 0
1459947780934870 144 2332065 49103 140 2283636 43131 0
1459947780938526 141 2330352 46844 140 2284426 40490 0
1459947780942317 143 2331333 44088 140 2285155 37998 0
1459947780946061 141 2329677 42169 139 2284547 35589 0
1459947780949834 143 2330710 39827 141 2286546 34651 0
1459947780953564 140 2327823 39376 138 2284549 33783 0
1459947780957278 141 2326441 37572 137 2281428 34019 0
1459947780960702 140 2323887 36989 138 2279831 32832 0
1459947780964629 143 2325373 35469 142 2283479 33630 0
1459947780968774 147 2331863 38680 144 2289402 36462 0
1459947780972491 144 2334006 37633 141 2291022 35106 0
1459947780976479 144 2335981 36513 140 2291235 32560 0
1459947780980509 144 2337802 35339 142 2293992 32557 0
1459947780984444 143 2338201 32946 142 2296533 32356 0
1459947780988738 149 2338201 32946 147 2296533 32356 1
1459947780992796 145 2341129 33071 142 2298876 31988 0
1459947780996757 143 2341268 30615 143 2302316 32659 0
1459947781000524 143 2341396 28341 141 2302927 30670 0
1459947781004466 145 2344074 28595 143 2306050 31152 0
1459947781008424 145 2346543 28637 142 2307649 30192 0
1459947781011933 144 2347539 27317 141 2307843 28012 0
1459947781015650 144 2348457 26028 140 2306742 26837 0
1459947781019142 141 2348457 26028 136 2306742 26837 1
1459947781022701 140 2344183 27933 137 2301887 29214 0
1459947781026862 149 2344183 27933 147 2301887 29214 1
1459947781030498 143 2344083 25841 142 2303812 28705 0
1459947781034109 143 2343991 23906 139 2301746 28365 0
1459947781037918 145 2346466 24320 142 2303682 27932 0
1459947781041889 145 2348748 24524 143 2306746 28574 0
1459947781046166 147 2353412 26907 146 2313411 32485 0
1459947781050035 142 2351311 26740 139 2310595 32542 0
1459947781053836 146 2354494 27585 144 2314399 33506 0
1459947781057686 143 2353589 26263 141 2314066 31194 0
1459947781061430 147 2357874 28162 145 2318879 33193 0
1459947781065088 145 2359265 27243 143 2320756 32329 0
1459947781068719 145 2360547 26296 139 2317366 32927 0
1459947781072671 145 2361729 25330 142 2318081 31013 0
1459947781076518 145 2362818 24355 142 2318740 29198 0
1459947781080541 148 2367662 26918 145 2323188 31016 0
1459947781084455 146 2369568 26572 144 2326008 31192 0
1459947781088061 146 2371325 26116 143 2327328 29972 0
1459947781091619 141 2371325 26116 137 2327328 29972 1
1459947781095429 142 2367825 27301 139 2323425 31227 0
1459947781099633 149 2367825 27301 146 2323425 31227 1
1459947781103617 144 2367158 25782 141 2322387 29743 0
1459947781107077 135 2367158 25782 132 2322387 29743 1
1459947781110385 141 2362703 27873 140 2320150 29480 0
1459947781114049 142 2359876 28300 139 2316808 30256 0
1459947781118109 146 2362390 28407 143 2318847 29772 0
1459947781121883 141 2358308 29949 140 2316887 29252 0
1459947781125360 140 2353265 32257 138 2312520 30991 0
1459947781129179 146 2356296 32530 141 2312334 28740 0
1459947781133308 143 2355250 30951 139 2309602 29011 0
1459947781136878 141 2351726 31780 139 2307084 29064 0
1459947781140583 142 2349757 31111 140 2306043 27752 0
1459947781144224 144 2350502 29367 140 2305083 26467 0
1459947781147900 142 2348629 28798 140 2304198 25214 0
1459947781151737 145 2350742 28496 141 2304662 23672 0
1459947781155232 139 2345010 31552 137 2299970 26147 0
1459947781158952 143 2344846 29238 139 2298204 25731 0
1459947781162441 140 2344846 29238 136 2298204 25731 1
1459947781165807 140 2340854 30632 138 2295296 26400 0
1459947781169567 144 2342294 29566 141 2296456 25406 0
1459947781173342 140 2338502 30751 137 2292405 27155 0
1459947781177154 144 2340126 29845 142 2295070 27490 0
1459947781180541 139 2335223 32032 136 2289847 30156 0
1459947781184105 141 2333263 31335 139 2288872 28698 0
1459947781188008 146 2337856 33121 143 2293093 30347 0
1459947781191752 144 2339531 32077 141 2294425 29204 0
1459947781195026 140 2335955 32866 137 2290533 30509 0
1459947781198353 139 2331378 34516 136 2285665 32612 0
1459947781201586 134 2331378 34516 131 2285665 32612 1
1459947781205496 143 2332279 32649 140 2286297 30647 0
1459947781209315 140 2329269 32872 137 2283040 31254 0
1459947781213113 142 2329054 30500 141 2285157 30764 0
1459947781217178 146 2333976 32655 141 2287109 30159 0
1459947781220820 139 2329554 34179 137 2283788 30862 0
1459947781224610 144 2331877 33650 141 2285847 30348 0
1459947781227983 139 2327619 34946 137 2282625 30947 0
1459947781231857 145 2331373 35676 141 2284774 30511 0
1459947781235819 147 2337394 38439 144 2290596 33494 0
1459947781240174 146 2341665 39372 142 2293403 33464 0
1459947781244012 143 2341762 36385 142 2295990 33234 0
1459947781247678 143 2341851 33624 138 2293255 33157 0
1459947781251873 150 2341851 33624 148 2293255 33157 1
1459947781255593 146 2345773 34613 143 2297134 34142 0
1459947781259576 145 2348109 34061 141 2298150 32411 0
1459947781263011 141 2345142 34133 139 2296527 31374 0
1459947781266471 142 2343687 32806 139 2295030 30301 0
1459947781270556 148 2350026 36087 145 2301330 33741 0
1459947781274206 142 2348190 34959 138 2298178 34009 0
1459947781277845 139 2342657 37327 138 2295272 34030 0
1459947781281603 146 2346516 37968 142 2297713 33622 0
1459947781285387 143 2346234 35260 140 2297404 31279 0
1459947781289563 148 2352374 38165 144 2302239 33292 0
1459947781293773 148 2358034 40401 145 2307976 35980 0
1459947781297670 144 2358132 37334 141 2308145 33325 0
1459947781301655 149 2364622 40400 145 2313421 35584 0
1459947781305065 140 2359085 42346 137 2308044 37759 0
1459947781308972 147 2362941 42592 145 2313328 39680 0
1459947781312850 144 2362656 39526 141 2313079 36809 0
1459947781316519 143 2361113 37859 142 2314129 34901 0
1459947781320588 147 2364811 38310 145 2318937 36607 0
1459947781324778 148 2369500 39639 145 2323370 37833 0
1459947781328663 146 2371262 38167 144 2326176 37464 0
1459947781332362 142 2367767 38406 139 2322363 38051 0
1459947781335958 138 2367767 38406 135 2322363 38051 1
1459947781339927 144 2367105 36015 142 2322688 35378 0
1459947781344445 150 2374174 39718 146 2328108 37610 0
1459947781348014 141 2369171 41226 140 2325424 37144 0
1459947781351784 145 2369679 38473 144 2328070 36681 0
1459947781355289 142 2366307 38574 140 2325389 36286 0
1459947781359189 144 2365759 36064 142 2325477 33533 0
1459947781362594 135 2365759 36064 134 2325477 33533 1
1459947781366350 145 2366534 33960 142 2325559 30988 0
1459947781369615 133 2366534 33960 131 2325559 30988 1
1459947781372709 134 2366534 33960 131 2325559 30988 1
1459947781376251 139 2359568 37727 138 2320514 33217 0
1459947781379911 142 2356986 37158 139 2317143 33727 0
1459947781384137 150 2356986 37158 148 2317143 33727 1
1459947781387853 140 2352046 38808 137 2311476 36316 0
1459947781391052 137 2352046 38808 134 2311476 36316 1
1459947781394634 142 2350052 37613 139 2308811 35933 0
1459947781398689 146 2353334 37699 143 2311475 35581 0
1459947781402894 149 2360199 41082 148 2320331 40965 0
1459947781406724 145 2361408 38987 143 2322095 39390 0
1459947781410634 144 2361243 36093 141 2321161 37172 0
1459947781414249 141 2357250 36953 138 2316460 38600 0
1459947781417881 138 2349729 40998 136 2309566 41938 0
1459947781421209 141 2346636 40645 137 2304491 43339 0
1459947781424639 142 2345065 38917 140 2303652 40725 0
1459947781427496 131 2345065 38917 123 2303652 40725 1
1459947781430446 134 2345065 38917 125 2303652 40725 1
1459947781433491 135 2345065 38917 124 2303652 40725 1
1459947781436365 132 2345065 38917 121 2303652 40725 1
1459947781439493 136 2345065 38917 127 2303652 40725 1
1459947781442736 134 2345065 38917 125 2303652 40725 1
1459947781445608 131 2345065 38917 122 2303652 40725 1
1459947781448535 132 2345065 38917 122 2303652 40725 1
1459947781451367 131 2345065 38917 121 2303652 40725 1
1459947781454558 134 2345065 38917 125 2303652 40725 1
1459947781457873 138 2345065 38917 129 2303652 40725 1
1459947781460869 136 2345065 38917 126 2303652 40725 1
1459947781463531 128 2345065 38917 118 2303652 40725 1
1459947781466360 130 2345065 38917 121 2303652 40725 1
1459947781469327 135 2345065 38917 127 2303652 40725 1
1459947781472184 136 2345065 38917 129 2303652 40725 1
1459947781474982 134 2345065 38917 128 2303652 40725 1
1459947781478332 141 2342336 38391 135 2296479 44155 0
1459947781481576 135 2342336 38391 128 2296479 44155 1
1459947781484625 135 2342336 38391 128 2296479 44155 1
1459947781487499 130 2342336 38391 125 2296479 44155 1
1459947781490521 134 2342336 38391 128 2296479 44155 1
1459947781493089 126 2342336 38391 119 2296479 44155 1
1459947781496608 143 2342381 35432 137 2292426 44440 0
1459947781499686 136 2342381 35432 131 2292426 44440 1
1459947781502711 137 2342381 35432 130 2292426 44440 1
1459947781505619 132 2342381 35432 125 2292426 44440 1
1459947781508509 133 2342381 35432 127 2292426 44440 1
1459947781511271 134 2342381 35432 129 2292426 44440 1
1459947781514536 138 2342381 35432 132 2292426 44440 1
1459947781517657 138 2342381 35432 131 2292426 44440 1
1459947781520757 135 2342381 35432 130 2292426 44440 1
1459947781523674 134 2342381 35432 127 2292426 44440 1
1459947781526749 135 2342381 35432 130 2292426 44440 1
1459947781529423 128 2342381 35432 121 2292426 44440 1
1459947781532100 132 2342381 35432 125 2292426 44440 1
1459947781535072 134 2342381 35432 130 2292426 44440 1
1459947781537835 133 2342381 35432 127 2292426 44440 1
1459947781540674 131 2342381 35432 126 2292426 44440 1
1459947781543920 134 2342381 35432 128 2292426 44440 1
1459947781546819 128 2342381 35432 122 2292426 44440 1
1459947781549705 133 2342381 35432 128 2292426 44440 1
1459947781552524 133 2342381 35432 128 2292426 44440 1
1459947781555308 133 2342381 35432 128 2292426 44440 1
1459947781557725 126 2342381 35432 122 2292426 44440 1
1459947781560533 133 2342381 35432 127 2292426 44440 1
1459947781563425 134 2342381 35432 127 2292426 44440 1
1459947781566287 131 2342381 35432 125 2292426 44440 1
1459947781569147 133 2342381 35432 127 2292426 44440 1
1459947781572310 135 2342381 35432 130 2292426 44440 1
1459947781575288 133 2342381 35432 128 2292426 44440 1
1459947781578198 134 2342381 35432 129 2292426 44440 1
1459947781581308 135 2342381 35432 130 2292426 44440 1
1459947781584677 138 2336022 38524 134 2284850 47951 0
1459947781587486 133 2336022 38524 128 2284850 47951 1
1459947781590776 137 2336022 38524 130 2284850 47951 1
1459947781593540 135 2336022 38524 130 2284850 47951 1
1459947781596029 129 2336022 38524 123 2284850 47951 1
1459947781599108 137 2336022 38524 130 2284850 47951 1
1459947781602300 135 2336022 38524 129 2284850 47951 1
1459947781605501 137 2328880 42097 132 2275306 53002 0
1459947781608730 138 2323576 43697 132 2266507 56971 0
1459947781611806 136 2316126 47150 130 2255836 62357 0
1459947781614519 133 2305418 53336 128 2243438 68913 0
1459947781617418 133 2295547 58268 127 2230729 75244 0
1459947781620547 132 2285167 63283 128 2220293 78985 0
1459947781623151 127 2285167 63283 122 2220293 78985 1
1459947781626298 136 2280718 62440 131 2214512 78142 0
1459947781629513 138 2279176 58981 133 2211743 74589 0
1459947781632612 135 2273915 59222 130 2205350 74653 0
1459947781635742 136 2270345 57885 131 2200737 73072 0
1459947781638808 136 2267054 56395 130 2195204 72463 0
1459947781642031 135 2262740 55965 128 2187543 73862 0
1459947781644774 130 2252363 61157 125 2176641 78141 0
1459947781647527 131 2244077 64017 126 2167870 80120 0
1459947781650603 135 2241558 61336 128 2162345 78953 0
1459947781653278 129 2231556 65764 124 2152131 82199 0
1459947781655798 129 2222335 69125 123 2141435 85636 0
1459947781658736 133 2218955 66839 127 2136695 83314 0
1459947781661847 138 2222239 64644 131 2137445 77497 0
1459947781664777 136 2222706 60024 130 2136857 71983 0
1459947781667820 136 2223137 55731 129 2135035 68038 0
1459947781670711 131 2217134 56910 126 2129515 67810 0
1459947781673683 134 2215440 54024 127 2125706 66022 0
1459947781676705 135 2215158 50062 127 2122195 64100 0
1459947781679731 133 2212338 48748 127 2118958 62075 0
1459947781682797 135 2212299 44974 126 2114694 61155 0
1459947781685748 136 2213543 42606 124 2108203 62360 0
1459947781688626 138 2217249 42694 124 2102219 63003 0
1459947781691583 141 2224506 46048 127 2100543 59624 0
1459947781694833 146 2224506 46048 131 2100543 59624 1
1459947781697648 138 2227356 45077 122 2092598 62289 0
1459947781700459 142 2235103 48697 125 2089113 60633 0
1459947781703457 141 2240965 50296 125 2085901 58857 0
1459947781706220 139 2243809 48988 123 2080379 59347 0
1459947781709378 146 2243809 48988 129 2080379 59347 1
1459947781712257 144 2252831 53477 128 2081689 55918 0
1459947781715282 142 2258588 54606 124 2077777 55155 0
1459947781718565 146 2269015 59952 128 2079290 52241 0
1459947781721608 144 2276068 61770 124 2075565 51592 0
1459947781724654 145 2283850 64118 125 2073411 49546 0
1459947781727877 144 2289744 64541 126 2072705 46325 0
1459947781730626 140 2290057 59787 124 2069494 45664 0
1459947781733399 139 2289066 56029 121 2062694 48363 0
1459947781736302 144 2294552 56709 124 2060266 46822 0
1459947781739494 147 2303450 60480 128 2063147 45820 0
1459947781742570 145 2309092 60957 126 2063243 42329 0
1459947781745431 143 2311734 58629 124 2060772 41299 0
1459947781748382 144 2315449 57473 126 2061054 38332 0
1459947781751143 142 2316314 53779 123 2057474 38637 0
1459947781754256 145 2320951 53852 125 2056733 36300 0
1459947781757246 146 2326506 54765 128 2059890 36375 0
1459947781760195 147 2332907 56387 128 2062801 36216 0
1459947781763555 149 2341368 59781 130 2068044 38220 0
1459947781766578 143 2341488 55221 124 2065198 37857 0
1459947781769554 144 2342879 52188 124 2062574 37317 0
1459947781772473 141 2340321 50467 121 2056315 40170 0
1459947781775549 147 2345643 51430 129 2060785 41152 0
1459947781778633 146 2349269 50755 124 2058506 40037 0
1459947781781820 147 2353892 51051 128 2061525 39692 0
1459947781785115 148 2359434 52171 127 2063028 37976 0
1459947781787631 136 2359434 52171 116 2063028 37976 1
1459947781790708 144 2359423 48104 125 2061853 36091 0
1459947781793957 146 2361973 46695 127 2063330 34633 0
1459947781829919 146 2364323 45213 124 2060852 34211 0
1459947781832732 146 2366490 43677 123 2057287 34823 0
1459947781835754 144 2365927 40782 123 2054001 35130 0
1459947781838953 146 2367968 39477 123 2050972 35177 0
1459947781842031 146 2369850 38127 125 2050739 32641 0
1459947781845319 148 2374145 39107 126 2051805 31072 0
1459947781848656 149 2379384 40881 128 2055347 31910 0
1459947781851896 151 2386774 44500 126 2056053 30067 0
1459947781855291 148 2389747 43764 124 2054143 29477 0
1459947781858616 152 2397608 47590 128 2057503 30271 0
1459947781861604 145 2395894 45451 123 2054200 30950 0
1459947781864756 147 2396874 42804 125 2053715 28978 0
1459947781867793 146 2396498 39805 122 2049428 30665 0
1459947781870902 144 2393591 39374 123 2046756 30731 0
1459947781873933 146 2393471 36406 123 2044293 30600 0
1459947781877061 147 2394641 34639 124 2043302 29121 0
1459947781880059 147 2395719 32926 124 2042389 27686 0
1459947781882489 136 2395719 32926 113 2042389 27686 1
1459947781885832 151 2401833 35989 128 2046667 29467 0
1459947781888728 144 2398509 36240 122 2042931 30607 0
1459947781891996 149 2401845 36483 126 2044607 29760 0
1459947781895234 151 2407480 38827 128 2048712 31219 0
1459947781898033 142 2401155 41623 121 2043536 33551 0
1459947781901417 148 2403004 40076 126 2045164 32430 0
1459947781904281 146 2402149 37732 124 2044105 30871 0
1459947781907476 148 2403921 36417 126 2045689 29919 0
1459947781910475 150 2408114 37437 125 2045869 27747 0
1459947781913161 143 2403020 39207 121 2040915 30145 0
1459947781916007 145 2400884 38112 122 2037628 30818 0
1459947781918929 146 2400194 35769 122 2034598 31202 0
1459947781922002 147 2400838 33568 124 2034365 28978 0
1459947781925221 148 2402712 32673 125 2035430 27696 0
1459947781928280 149 2405720 32893 126 2037692 27617 0
1459947781931283 148 2407213 31699 124 2037217 25896 0
1459947781934172 143 2407213 31699 120 2037217 25896 1
1459947781937263 146 2406029 30313 126 2039339 25828 0
1459947781939918 139 2406029 30313 115 2039339 25828 1
1459947781942764 146 2404937 28949 122 2036175 26726 0
1459947781945746 148 2406491 28119 123 2034538 26146 0
1459947781948807 143 2406491 28119 119 2034538 26146 1
1459947781951677 143 2401523 30500 120 2029189 29033 0
1459947781954669 146 2400784 28798 122 2026818 28949 0
1459947781957838 151 2406502 31820 127 2031032 30572 0
1459947781960833 148 2407934 30654 124 2031077 28225 0
1459947781963651 145 2405414 30581 121 2027279 29520 0
1459947781966364 147 2405651 28409 123 2026337 28080 0
1459947781969261 147 2405869 26390 122 2024189 27865 0
1459947781971895 143 2405869 26390 119 2024189 27865 1
1459947781975147 150 2409910 28053 126 2027329 28582 0
1459947781978275 148 2411075 26935 123 2026383 27220 0
1459947781981410 147 2410869 25019 124 2026791 25469 0
1459947781984197 142 2410869 25019 118 2026791 25469 1
1459947781987197 143 2405559 27958 120 2022047 27851 0
1459947781990482 151 2410904 30701 126 2025354 28724 0
1459947781993106 144 2410904 30701 117 2025354 28724 1
1459947781995846 148 2411992 29305 122 2023283 28387 0
1459947781998852 148 2412995 27939 125 2025214 27949 0
1459947782001976 148 2413919 26608 123 2024434 26483 0
1459947782004664 145 2410931 27282 120 2019875 28616 0
1459947782007786 149 2413297 27331 124 2020792 27225 0
1459947782010901 150 2416758 28385 125 2022917 27057 0
1459947782013552 145 2413548 29125 121 2019756 27856 0
1459947782016653 149 2415709 28841 124 2020682 26533 0
1459947782019631 146 2413861 28289 123 2020256 24852 0
1459947782022797 150 2417278 29228 124 2021143 23728 0
1459947782025545 146 2415308 28759 121 2018121 24659 0
1459947782028125 141 2415308 28759 117 2018121 24659 1
1459947782030842 145 2415308 28759 119 2018121 24659 1
1459947782033545 142 2415308 28759 117 2018121 24659 1
1459947782036344 145 2415308 28759 118 2018121 24659 1
1459947782039222 146 2413492 28186 121 2015335 25300 0
1459947782042488 151 2418217 30339 126 2019166 26855 0
1459947782045496 148 2418733 28444 121 2016298 27399 0
1459947782048388 145 2415369 29321 120 2012374 28874 0
1459947782051317 147 2414828 27528 121 2010037 28772 0
1459947782054354 147 2414329 25836 123 2010442 26898 0
1459947782057510 150 2417709 26933 126 2014656 28681 0
1459947782060412 149 2419545 26521 122 2013421 27578 0
1459947782063608 151 2423798 28369 123 2013562 25553 0
1459947782066821 149 2425158 27406 126 2017532 27216 0
1459947782069667 147 2423852 26467 121 2014792 27614 0
1459947782072294 144 2423852 26467 118 2014792 27614 1
1459947782075447 150 2426488 26829 124 2016106 26667 0
1459947782078310 149 2427638 25792 123 2016037 24645 0
1459947782081501 154 2427638 25792 129 2016037 24645 1
1459947782084575 151 2431258 27114 127 2021094 27381 0
1459947782087300 145 2426915 28997 121 2018076 28023 0
1459947782090135 146 2424192 29241 120 2014013 29577 0
1459947782092646 142 2424192 29241 117 2014013 29577 1
1459947782095791 150 2426802 29362 126 2017948 30893 0
1459947782098882 151 2430488 30466 125 2020295 30643 0
1459947782102011 149 2431326 28857 127 2025019 32604 0
1459947782104505 144 2431326 28857 118 2025019 32604 1
1459947782107467 146 2428258 29429 122 2022974 31940 0
1459947782110695 152 2433110 31602 124 2023649 30066 0
1459947782113624 149 2433743 29716 124 2024271 28290 0
1459947782116664 147 2431766 29215 123 2023564 26729 0
1459947782119799 149 2432504 27612 125 2025473 26399 0
1459947782122380 146 2432504 27612 119 2025473 26399 1
1459947782124930 143 2432504 27612 117 2025473 26399 1
1459947782127629 146 2432504 27612 119 2025473 26399 1
1459947782130206 144 2432504 27612 116 2025473 26399 1
1459947782132923 144 2432504 27612 119 2025473 26399 1
1459947782135966 148 2431904 26006 125 2027232 25958 0
1459947782138944 149 2432631 24644 124 2027574 24245 0
1459947782141990 148 2432021 23279 123 2026609 23238 0
1459947782144960 147 2430179 23157 123 2025720 22241 0
1459947782148107 149 2431041 22141 121 2022340 23618 0
1459947782151180 150 2433115 22323 126 2025624 24800 0
1459947782154367 150 2435027 22342 124 2026092 23293 0
1459947782158178 156 2435027 22342 132 2026092 23293 1
1459947782161738 154 2435027 22342 128 2026092 23293 1
1459947782164444 148 2434230 21330 122 2023963 23435 0
1459947782167304 145 2429655 23879 121 2020720 24592 0
1459947782170427 149 2430558 22845 121 2017731 25425 0
1459947782173665 151 2433950 24187 125 2020095 25618 0
1459947782176728 146 2430677 25313 122 2018435 25146 0
1459947782179924 150 2432780 25274 124 2019464 24130 0
1459947782182868 146 2429599 26231 121 2016573 24908 0
1459947782186000 149 2430506 25017 121 2013908 25418 0
1459947782189432 152 2435182 27373 126 2017851 27067 0
1459947782192774 153 2440773 30388 126 2021486 28303 0
1459947782195780 148 2439527 29161 123 2020997 26541 0
1459947782198692 148 2438378 27940 122 2019266 26062 0
1459947782201069 142 2438378 27940 116 2019266 26062 1
1459947782203197 136 2438378 27940 111 2019266 26062 1
1459947782205917 149 2438599 25961 121 2016390 26675 0
1459947782208972 151 2441363 26480 124 2017579 25687 0
1459947782211967 149 2441351 24421 123 2017395 23848 0
1459947782215157 153 2441351 24421 128 2017395 23848 1
1459947782218300 148 2440060 23702 122 2015946 23319 0
1459947782221312 150 2441430 23113 125 2018450 23805 0
1459947782225509 148 2440133 22502 145 2046358 47673 0
1459947782229506 147 2437657 23025 144 2070806 66486 0
1459947782233245 144 2431535 26869 141 2089504 78528 0
1459947782236996 145 2427171 28791 142 2108021 89463 0
1459947782240738 143 2420588 32609 140 2122531 95850 0
1459947782244750 142 2413239 36835 139 2134628 99513 0
1459947782248480 144 2409024 37842 142 2149620 105558 0
1459947782252425 145 2406419 37286 142 2163440 110052 0
1459947782256515 147 2406577 34519 145 2180021 116739 0
1459947782260306 144 2402883 35227 141 2190186 116989 0
1459947782264065 141 2395637 39153 138 2195717 112948 0
1459947782267785 138 2385117 45791 136 2198256 106464 0
1459947782271492 143 2381819 45252 140 2205717 105024 0
1459947782274792 137 2371099 51598 134 2204915 97557 0
1459947782278218 139 2363776 54316 137 2208016 92793 0
1459947782282374 147 2367266 53289 145 2221114 97618 0
1459947782286479 145 2367923 49731 144 2231909 99943 0
1459947782290086 145 2368529 46403 141 2238021 97768 0
1459947782293679 144 2367807 43441 141 2243655 95323 0
1459947782297317 137 2358182 48919 136 2242449 88986 0
1459947782301069 145 2359549 46357 143 2250297 89268 0
1459947782305166 148 2364649 47436 146 2261372 92503 0
1459947782308939 145 2365510 44524 140 2263902 87608 0
1459947782312539 144 2365024 41492 142 2268794 85273 0
1459947782316118 142 2362016 41022 139 2269464 79229 0
1459947782319687 144 2361803 38012 141 2272642 75968 0
1459947782323067 142 2359047 37582 139 2273011 70374 0
1459947782326566 140 2353946 39347 137 2270792 66921 0
1459947782330191 140 2349243 40607 136 2267466 64757 0
1459947782333898 144 2350028 38158 143 2273360 65130 0
1459947782337637 144 2350752 35843 141 2276233 62690 0
1459947782341473 141 2347579 35966 139 2276322 57874 0
1459947782345400 144 2348494 33999 141 2278964 55787 0
1459947782349437 148 2354457 36840 146 2287799 59573 0
1459947782353416 146 2357395 36669 144 2293384 60067 0
1459947782357091 145 2358823 35120 141 2294693 56581 0
1459947782360978 144 2358859 32410 141 2295900 53272 0
1459947782364728 142 2356333 32205 141 2297012 50135 0
1459947782368592 144 2356564 29901 141 2298037 47163 0
1459947782371868 138 2349097 34447 137 2293862 47325 0
1459947782375331 142 2347333 33380 139 2292574 44814 0
1459947782378995 143 2346987 31090 140 2292666 41397 0
1459947782382630 143 2346668 28954 141 2294031 39420 0
1459947782386840 149 2346668 28954 148 2294031 39420 1
1459947782390723 145 2348934 28780 143 2297849 39860 0
1459947782394548 141 2345903 29324 138 2294969 39399 0
1459947782398316 141 2343109 29608 137 2291034 39947 0
1459947782402173 141 2340533 29668 139 2289966 37809 0
1459947782405703 142 2339438 28358 140 2290262 35128 0
1459947782409638 145 2342269 28752 143 2294375 36174 0
1459947782413371 144 2343599 27731 142 2296886 35662 0
1459947782417180 144 2344825 26694 142 2299201 35009 0
1459947782421132 146 2348515 28010 144 2303895 36601 0
1459947782424881 148 2348515 28010 145 2303895 36601 1
1459947782428583 143 2348077 26224 139 2301823 35650 0
1459947782432360 144 2348953 24983 141 2302473 33463 0
1459947782436043 142 2347201 24646 138 2299232 33835 0
1459947782439703 140 2343025 26568 138 2296244 33945 0
1459947782443467 145 2345576 26843 142 2298609 33474 0
1459947782447183 140 2341527 28476 140 2298230 31207 0
1459947782450956 139 2341527 28476 135 2298230 31207 1
1459947782455218 148 2341527 28476 147 2298230 31207 1
1459947782459121 141 2339075 28511 139 2296600 30269 0
1459947782463379 151 2339075 28511 147 2296600 30269 1
1459947782467623 146 2343214 30099 144 2301498 32419 0
1459947782471744 146 2347030 31265 144 2306013 34048 0
1459947782475769 145 2349268 30885 144 2310175 35225 0
1459947782479551 142 2347491 30109 141 2310172 32475 0
1459947782483422 144 2348413 28606 141 2310169 29938 0
1459947782486954 139 2342863 31487 137 2305047 32320 0
1459947782490548 141 2340306 31383 138 2301605 32967 0
1459947782494328 145 2343069 31478 143 2304832 33366 0
1459947782498041 146 2346896 32546 142 2306527 32321 0
1459947782502117 147 2351704 34436 144 2310649 33595 0
1459947782505985 145 2353577 33471 143 2313169 33293 0
1459947782509845 146 2356583 33627 142 2314212 31653 0
1459947782513487 139 2356583 33627 135 2314212 31653 1
1459947782517260 140 2351674 35523 138 2310054 33012 0
1459947782521072 145 2353549 34475 143 2312621 32798 0
1459947782524839 141 2350157 34907 136 2306027 36313 0
1459947782528699 145 2352150 34017 139 2303788 35539 0
1459947782532271 141 2348868 34384 139 2301724 34664 0
1459947782535849 142 2347122 33305 139 2299821 33708 0
1459947782539725 149 2347122 33305 147 2299821 33708 1
1459947782543371 143 2346793 31006 141 2300627 31817 0
1459947782547322 144 2347769 29483 142 2302650 31196 0
1459947782550985 141 2344829 29888 139 2300675 30578 0
1459947782554714 144 2345959 28594 141 2301414 28871 0
1459947782558779 148 2345959 28594 146 2301414 28871 1
1459947782562140 137 2345959 28594 135 2301414 28871 1
1459947782566162 146 2349560 29680 143 2304656 29603 0
1459947782569763 140 2345200 31379 136 2298684 32794 0
1459947782572991 136 2345200 31379 130 2298684 32794 1
1459947782576967 147 2350141 33482 144 2303419 34596 0
1459947782580196 139 2344456 36106 138 2300104 34948 0
1459947782583863 141 2341775 35756 138 2297048 35033 0
1459947782587164 139 2336743 37600 137 2292951 36072 0
1459947782590426 139 2332104 38937 136 2287894 37914 0
1459947782593706 138 2326548 41016 136 2283232 39248 0
1459947782597367 141 2325266 38992 139 2282774 36602 0
1459947782600686 138 2320244 40574 136 2278512 37670 0
1459947782604092 140 2318174 39311 139 2278423 34808 0
1459947782607557 141 2317546 36817 139 2278341 32163 0
1459947782611151 142 2318247 34586 140 2279545 30760 0
1459947782614567 145 2322733 36019 142 2283215 31739 0
1459947782618424 140 2320469 35291 136 2278918 33219 0
1459947782622180 144 2323502 35329 141 2281357 32871 0
1459947782626003 142 2323738 32785 139 2281045 30588 0
1459947782629734 142 2323955 30424 139 2280758 28462 0
1459947782633914 149 2323955 30424 145 2280758 28462 1
1459947782637525 141 2322876 29041 138 2279213 27661 0
1459947782641029 139 2319321 30048 137 2276509 27991 0
1459947782644184 136 2319321 30048 134 2276509 27991 1
1459947782647896 143 2321164 29399 139 2276576 25866 0
1459947782651629 145 2325423 31028 142 2280478 27442 0
1459947782655448 143 2326789 29862 139 2280235 25521 0
1459947782659185 143 2328048 28690 140 2281291 24501 0
1459947782662863 143 2329209 27518 139 2280985 22867 0
1459947782666916 145 2332839 28714 143 2285823 25540 0
1459947782671233 151 2332839 28714 148 2285823 25540 1
1459947782674985 142 2332345 26924 139 2285163 24152 0
1459947782678260 141 2330610 26418 138 2283274 24005 0
1459947782681912 141 2329011 25827 138 2281533 23733 0
1459947782686005 145 2332657 27170 145 2288888 28658 0
1459947782689503 135 2332657 27170 133 2288888 28658 1
1459947782693080 143 2333458 25785 141 2290548 27949 0
1459947782696755 141 2331636 25449 138 2288238 27893 0
1459947782700749 143 2332516 24272 140 2288669 26110 0
