1459947780002004 130 2129920 0 129 2113536 0 0
1459947780003832 131 2131200 1180 129 2113536 0 0
1459947780005786 134 2136220 5714 134 2119936 5900 0
1459947780007845 137 2144687 13073 136 2128396 13238 0
1459947780009828 135 2149933 16887 133 2132355 15852 0
1459947780011808 133 2152209 17665 131 2133444 15617 0
1459947780013766 135 2156867 20578 133 2137008 17682 0
1459947780015588 127 2150921 24450 126 2131334 21530 0
1459947780017369 128 2146720 26411 127 2127383 23488 0
1459947780019128 132 2147967 25497 131 2128861 23015 0
1459947780020973 133 2150397 25745 130 2128943 21292 0
1459947780022646 125 2142397 31107 124 2121339 26637 0
1459947780024342 131 2142702 28957 128 2119449 26296 0
1459947780026073 129 2140423 28794 126 2115147 28206 0
1459947780027868 129 2138322 28480 128 2113741 27298 0
1459947780029788 133 2141505 29189 131 2116284 27510 0
1459947780031708 134 2145719 30793 132 2119909 28702 0
1459947780033568 134 2149604 31969 132 2123251 29540 0
1459947780035551 135 2154466 33953 131 2125052 28892 0
1459947780037241 131 2153828 31887 125 2119032 32183 0
1459947780038912 129 2150680 32296 125 2113482 34783 0
1459947780040491 130 2149058 31267 127 2110926 34421 0
1459947780042314 135 2153962 33345 132 2114969 35459 0
1459947780044149 134 2157203 33727 132 2118697 36124 0
1459947780045814 129 2153791 34236 127 2115733 36032 0
1459947780047416 129 2150646 34460 128 2114281 34555 0
1459947780049259 133 2152866 33814 130 2115502 32981 0
1459947780050805 128 2148513 35184 124 2108948 36445 0
1459947780052682 133 2150900 34635 130 2110586 35107 0
1459947780054465 130 2149260 33439 128 2109536 33331 0
1459947780056265 130 2147749 32218 129 2109848 31015 0
1459947780058037 133 2150196 31955 131 2112696 31216 0
1459947780059747 132 2151171 30357 130 2114041 30017 0
1459947780061681 139 2161030 37074 138 2125521 38254 0
1459947780063639 134 2163719 36656 133 2129704 39121 0
1459947780065323 129 2159798 37406 127 2125880 39588 0
1459947780067277 133 2161303 35871 132 2128755 39146 0
1459947780069149 132 2161411 33167 128 2126286 38363 0
1459947780070971 135 2165350 34207 130 2126569 35626 0
1459947780072978 135 2168982 34882 133 2130670 36623 0
1459947780074706 132 2168490 32609 127 2126771 37354 0
1459947780076634 134 2170596 32003 132 2129577 37021 0
1459947780078504 134 2172538 31292 133 2133443 37692 0
1459947780080486 140 2182008 37577 136 2140847 41573 0
1459947780082401 132 2180498 36032 130 2139993 39111 0
1459947780084213 133 2180386 33319 131 2140486 36509 0
1459947780085872 132 2179003 31989 130 2139660 34416 0
1459947780087841 132 2177728 30664 130 2138899 32428 0
1459947780089651 132 2176553 29351 129 2136917 31720 0
1459947780091443 129 2171629 31595 127 2132530 33284 0
1459947780093244 132 2170930 29769 131 2133606 31675 0
1459947780094807 128 2165166 32756 125 2126918 35365 0
1459947780096559 129 2161132 33914 128 2124592 34745 0
1459947780098374 133 2162533 32556 131 2126288 33593 0
1459947780100341 135 2166385 33563 132 2129131 33589 0
1459947780102413 137 2172496 36573 136 2136872 38100 0
1459947780104293 130 2169169 36781 129 2135048 36803 0
1459947780106235 130 2166102 36733 129 2133367 35476 0
1459947780108017 127 2159435 40008 126 2127977 37672 0
1459947780109584 128 2154569 41367 125 2121728 40488 0
1459947780111417 131 2153923 38730 128 2119808 39094 0
1459947780113042 129 2150767 38612 127 2116758 38850 0
1459947780114739 130 2149138 37096 129 2116506 36046 0
1459947780116397 127 2143796 39121 126 2112433 36982 0
1459947780118169 133 2146551 38604 132 2116359 37711 0
1459947780119907 132 2147811 36750 131 2118698 36920 0
1459947780121643 132 2148973 34949 128 2117014 35586 0
1459947780123591 132 2150044 33205 131 2119302 34914 0
1459947780125582 134 2153591 33880 132 2122691 35310 0
1459947780127460 129 2150461 34117 126 2118135 36750 0
1459947780129150 131 2150136 31750 127 2115215 36569 0
1459947780130671 127 2144716 34264 125 2109963 38552 0
1459947780132255 129 2142280 33832 126 2106402 38822 0
1459947780133950 131 2142594 31477 128 2105679 36455 0
1459947780135473 124 2133923 37009 122 2097332 41300 0
1459947780137366 135 2140010 39728 133 2103717 43960 0
1459947780139428 138 2149461 45337 136 2113444 49492 0
1459947780141549 138 2158174 49827 136 2122411 53891 0
1459947780143534 135 2162366 49799 134 2128117 54940 0
1459947780145488 135 2166231 49471 132 2130817 53136 0
1459947780147158 130 2163394 48221 130 2130746 49048 0
1459947780149017 135 2167178 47942 134 2135801 49876 0
1459947780150980 138 2174507 50952 135 2141741 51455 0
1459947780153039 136 2178703 50839 132 2143377 48943 0
1459947780154969 134 2180011 48073 131 2143605 45329 0
1459947780157119 142 2191457 54869 139 2154055 51421 0
1459947780159042 135 2193049 52050 133 2156009 49204 0
1459947780160834 129 2186837 53709 128 2151410 49597 0
1459947780162688 133 2186230 50071 131 2151011 46089 0
1459947780164401 128 2179270 52574 125 2142963 49906 0
1459947780166216 132 2177974 49660 130 2141944 46946 0
1459947780168150 135 2180619 48219 131 2142284 43592 0
1459947780170127 136 2184338 47879 133 2145158 42835 0
1459947780172055 133 2183926 44517 130 2143967 40585 0
1459947780174117 134 2184826 41869 132 2145429 38762 0
1459947780176066 134 2185656 39362 132 2146777 36976 0
1459947780177778 124 2173621 47380 123 2136500 43561 0
1459947780179718 135 2176606 46430 132 2138545 42043 0
1459947780181342 127 2169118 49704 125 2131471 45279 0
1459947780183115 128 2163495 51003 126 2126229 46572 0
1459947780184809 131 2162151 48256 128 2123957 45027 0
1459947780186467 119 2145552 59787 119 2110342 54059 0
1459947780188517 131 2145610 55170 130 2111871 51245 0
1459947780190499 136 2152064 56809 132 2115841 50900 0
1459947780192278 133 2154174 54315 132 2119500 50297 0
1459947780194309 138 2162519 57764 138 2130554 56557 0
1459947780196104 133 2163812 54443 130 2130504 52183 0
1459947780197909 133 2165004 51288 130 2130458 48148 0
1459947780199634 133 2166103 48294 130 2130415 44424 0
1459947780201763 135 2169676 47815 132 2132936 43277 0
1459947780203703 134 2171690 45935 132 2135260 42037 0
1459947780205468 131 2169706 44174 130 2134842 39136 0
1459947780207185 129 2165317 44767 126 2129337 41152 0
1459947780209346 137 2171511 46979 134 2134502 42699 0
1459947780211121 133 2172101 43852 131 2135424 40213 0
1459947780213216 135 2175205 43288 133 2138834 40214 0
1459947780215357 138 2181907 46084 137 2147097 44690 0
1459947780217424 136 2185525 45818 134 2150875 44680 0
1459947780219359 135 2187580 44133 134 2154357 44399 0
1459947780221153 132 2185635 42477 131 2153727 41509 0
1459947780222982 130 2181282 43170 129 2150587 41160 0
1459947780225023 134 2182389 40817 132 2151532 38815 0
1459947780226830 130 2178289 41406 126 2144723 42058 0
1459947780228895 134 2179630 39407 132 2146126 40065 0
1459947780230863 134 2180866 37467 132 2147419 38126 0
1459947780232912 141 2190965 43849 139 2157571 44506 0
1459947780234794 135 2192595 41926 134 2160530 43756 0
1459947780236776 133 2191538 39623 131 2159418 41361 0
1459947780238792 131 2188004 39784 130 2157113 40253 0
1459947780240907 137 2192426 40751 135 2161388 41049 0
1459947780242840 132 2190102 39708 127 2155089 43648 0
1459947780244924 137 2194360 40530 134 2158242 43145 0
1459947780246437 121 2177805 52624 120 2143229 53613 0
1459947780248223 130 2174063 51960 127 2138349 53922 0
1459947780250134 133 2174454 48260 130 2137690 50316 0
1459947780251858 132 2173534 45336 130 2137082 46944 0
1459947780253668 130 2170126 44935 127 2132682 47331 0
1459947780255383 129 2165704 45499 128 2129906 46191 0
1459947780257141 128 2160348 46881 127 2126067 46120 0
1459947780258957 133 2161810 44566 131 2127648 43973 0
1459947780260666 133 2163158 42327 132 2130385 43060 0
1459947780262655 132 2163121 39053 132 2132908 42021 0
1459947780264455 132 2163087 36032 132 2135234 40882 0
1459947780266326 132 2163055 33245 128 2132258 40430 0
1459947780268247 132 2163026 30673 128 2129515 39799 0
1459947780270292 138 2170679 35331 136 2137226 43798 0
1459947780272169 131 2168774 34325 130 2136655 40902 0
1459947780273885 124 2158058 41521 123 2127168 46451 0
1459947780275720 133 2159699 39790 131 2128663 44200 0
1459947780277645 137 2166332 42796 136 2136441 47916 0
1459947780279427 133 2167327 40369 132 2138491 46062 0
1459947780281222 126 2159284 44629 124 2130141 50160 0
1459947780282819 116 2139069 59776 114 2109643 65136 0
1459947780284582 129 2137074 56944 127 2107387 62126 0
1459947780286510 131 2137795 53159 130 2109147 58894 0
1459947780288475 135 2143579 54337 133 2114609 59328 0
1459947780290342 136 2150191 56187 132 2118365 58155 0
1459947780292284 135 2155007 56237 133 2123107 57983 0
1459947780293879 124 2145367 60729 123 2114679 61222 0
1459947780295438 126 2139040 61816 124 2108189 62421 0
1459947780297275 133 2142167 59869 131 2111166 60289 0
1459947780299081 131 2142490 55488 131 2113911 58108 0
1459947780300906 123 2132547 60318 121 2103641 63034 0
1459947780302956 133 2136181 58955 132 2108254 62361 0
1459947780304680 126 2130571 59519 127 2106106 59468 0
1459947780306785 139 2142040 65442 137 2116926 64797 0
1459947780308696 132 2143653 61816 130 2117941 60669 0
1459947780310437 129 2141300 59155 128 2116316 57426 0
1459947780312320 137 2149370 61973 134 2122498 58638 0
1459947780314055 131 2149130 57351 127 2119237 57061 0
1459947780316049 134 2152749 56206 129 2118791 53013 0
1459947780317732 125 2144565 59358 123 2110700 56329 0
1459947780319474 127 2139580 59314 124 2104521 57623 0
1459947780321311 131 2140105 55164 130 2106505 54950 0
1459947780323131 129 2138029 52767 128 2105774 51330 0
1459947780325082 137 2146355 56320 135 2114060 54958 0
1459947780327161 131 2146351 51923 127 2111459 53061 0
1459947780329090 130 2145067 49049 127 2109061 51125 0
1459947780331087 133 2147723 47666 131 2111970 49812 0
1459947780333003 130 2146332 45224 130 2113372 47212 0
1459947780335007 134 2150169 45228 132 2117224 47074 0
1459947780336885 131 2149867 41972 127 2114375 46021 0
1459947780338684 127 2144468 43668 126 2110469 46025 0
1459947780340640 130 2143331 41303 130 2111988 43829 0
1459947780342385 126 2137163 43761 125 2106988 45012 0
1459947780344371 133 2140437 43360 133 2112619 46686 0
1459947780346467 136 2147295 46294 134 2119090 49004 0
1459947780348429 137 2154897 49685 135 2126336 51855 0
1459947780350211 134 2158065 48724 131 2127896 49241 0
1459947780351684 122 2145626 56384 121 2116534 55868 0
1459947780353286 124 2136718 60190 122 2107339 59978 0
1459947780355029 130 2136186 55976 128 2106543 56025 0
1459947780357028 132 2138256 53510 130 2108369 53331 0
1459947780358874 129 2136324 51109 126 2104932 52331 0
1459947780360754 131 2137103 47834 130 2106884 50041 0
1459947780362930 140 2149341 55378 137 2117643 56050 0
1459947780364594 127 2143983 55989 127 2114762 54326 0
1459947780366604 135 2149284 56501 133 2119786 54712 0
1459947780368224 128 2145211 55840 125 2114177 55607 0
1459947780369869 129 2142736 53758 128 2112846 52488 0
1459947780371374 123 2132774 58740 121 2102659 57777 0
1459947780373067 128 2129991 56715 128 2102228 53659 0
1459947780374964 131 2131265 53458 130 2104391 51460 0
1459947780376625 131 2132439 50364 127 2102545 49140 0
1459947780378379 131 2133522 47427 129 2103403 46091 0
1459947780380329 133 2137080 47001 130 2105474 44399 0
1459947780382343 131 2137800 43993 130 2107383 42690 0
1459947780384290 133 2141024 43528 131 2110423 42157 0
1459947780386327 135 2146556 45227 134 2117066 44987 0
1459947780388228 134 2150376 45214 133 2121910 45937 0
1459947780390242 137 2157737 48467 135 2128935 48824 0
1459947780391947 130 2155563 46683 128 2126451 47297 0
1459947780393860 132 2156119 43548 130 2126722 43850 0
1459947780395738 137 2163032 46518 134 2132091 45374 0
1459947780397696 137 2169405 48758 136 2139601 48752 0
1459947780399387 131 2167600 46611 130 2138844 45640 0
1459947780401207 132 2167216 43322 128 2135586 45076 0
1459947780402658 119 2150222 55603 118 2119783 56122 0
1459947780404416 130 2148635 52721 129 2119294 52186 0
1459947780406076 128 2144612 52309 126 2115004 52062 0
1459947780407970 130 2143464 49280 129 2114889 48099 0
1459947780409723 129 2141125 47585 128 2113503 45618 0
1459947780411353 126 2135129 49393 126 2109665 45591 0
1459947780412878 123 2125762 54169 121 2099727 51190 0
1459947780414584 125 2119686 55537 124 2094405 52095 0
1459947780416217 127 2116645 54000 125 2090779 51367 0
1459947780418266 138 2127922 60177 135 2100236 56072 0
1459947780420058 132 2130638 57978 130 2102555 53828 0
1459947780421906 132 2133141 55756 127 2100852 51191 0
1459947780423868 135 2139289 57068 133 2106962 52824 0
1459947780425680 134 2143677 56654 129 2107475 49170 0
1459947780427610 133 2146442 54776 130 2109228 46944 0
1459947780429593 136 2152831 56386 133 2114684 48306 0
1459947780431336 134 2156161 55049 132 2118434 47989 0
1459947780433085 130 2154110 52637 128 2116771 45771 0
1459947780434925 130 2152220 50266 129 2116518 42427 0
1459947780437200 140 2163277 56531 139 2129085 50697 0
1459947780439377 136 2168350 56791 133 2132990 50336 0
1459947780441248 133 2169187 53126 130 2132750 46624 0
1459947780443221 137 2175079 54406 133 2136368 46317 0
1459947780445324 137 2180510 55162 133 2139704 45773 0
1459947780447258 133 2180397 50955 131 2140219 42671 0
1459947780449226 135 2182853 49238 134 2144534 43315 0
1459947780450828 131 2179997 48023 128 2140832 43343 0
1459947780452533 125 2169684 53777 122 2129739 50181 0
1459947780454374 134 2171697 51431 132 2132313 48633 0
1459947780456263 133 2172273 47943 132 2134686 47020 0
1459947780458195 134 2174084 45866 132 2136873 45362 0
1459947780459973 132 2173193 43102 130 2136329 42318 0
1459947780461698 133 2173652 40157 130 2135828 39472 0
1459947780463697 136 2177915 40949 134 2140486 40682 0
1459947780465606 133 2178005 37832 131 2140940 37922 0
1459947780467466 126 2169128 43059 123 2131119 44012 0
1459947780469529 136 2173744 43951 133 2134865 44026 0
1459947780471158 130 2170320 43673 127 2130638 44482 0
1459947780472744 128 2164603 45530 127 2126741 44597 0
1459947780474639 134 2167013 44194 133 2130829 44880 0
1459947780476592 135 2170515 43969 133 2134597 44847 0
1459947780478337 135 2173743 43509 133 2138071 44546 0
1459947780480378 136 2177999 44032 134 2142554 45197 0
1459947780482221 133 2178082 40669 131 2142846 41935 0
1459947780484090 133 2178159 37562 131 2143116 38907 0
1459947780486052 134 2179510 35872 133 2145925 38456 0
1459947780487975 131 2176915 35460 129 2143394 37783 0
1459947780489893 133 2177083 32844 131 2143621 35040 0
1459947780491552 127 2169558 37214 126 2137430 38008 0
1459947780493130 123 2157501 45420 122 2126603 45018 0
1459947780494854 126 2150226 48577 126 2121742 45981 0
1459947780496636 124 2140959 53323 124 2114700 48878 0
1459947780498362 126 2134976 54672 123 2106929 52222 0
1459947780500270 132 2137141 52395 130 2108725 49797 0
1459947780501804 116 2118656 65341 114 2089900 63259 0
1459947780503765 127 2115696 62964 125 2086626 61333 0
1459947780505593 129 2115527 58199 126 2084888 58142 0
1459947780507437 131 2117931 55868 130 2088406 56842 0
1459947780509280 131 2120147 53546 129 2090369 54210 0
1459947780511126 134 2126030 54785 134 2098578 57542 0
1459947780512924 132 2128893 53144 129 2099746 54123 0
1459947780514660 129 2127693 50098 128 2099543 50080 0
1459947780516529 132 2130426 48704 130 2101916 48354 0
1459947780518152 125 2123986 50835 125 2097703 48459 0
1459947780520038 134 2129569 52010 131 2101499 48173 0
1459947780521820 130 2129596 47971 128 2101159 44722 0
1459947780523727 135 2136021 50146 133 2107245 46839 0
1459947780525289 117 2118904 62007 116 2091096 58065 0
1459947780526753 116 2101844 72888 114 2073649 69611 0
1459947780528740 138 2114277 78655 135 2084445 74124 0
1459947780530469 134 2120619 78356 132 2090557 73968 0
1459947780532252 133 2125185 76443 130 2093632 71024 0
1459947780534004 132 2128114 73171 132 2099027 70448 0
1459947780535771 133 2132095 71124 132 2104000 69529 0
1459947780537453 133 2135765 68950 133 2109865 69503 0
1459947780539283 134 2140428 67862 130 2111431 65517 0
1459947780541380 135 2146007 67703 134 2117995 66449 0
1459947780543294 133 2148590 64794 132 2121486 64475 0
1459947780545136 130 2147131 61075 128 2119584 61189 0
1459947780546855 128 2143226 59902 126 2115271 60383 0
1459947780548836 136 2149866 61343 134 2121535 61440 0
1459947780550618 133 2152147 58653 132 2124750 59603 0
1459947780552505 131 2151690 54490 129 2123873 55753 0
1459947780554306 125 2143589 57699 122 2114105 60401 0
1459947780555988 128 2139961 56535 125 2108940 60442 0
1459947780557838 132 2141736 53754 129 2109299 56050 0
1459947780559593 130 2140812 50404 129 2109630 51976 0
1459947780561924 137 2148921 53941 134 2116335 54096 0
1459947780564039 138 2157676 57797 137 2126356 59107 0
1459947780565682 128 2152947 57639 127 2122794 57772 0
1459947780567307 133 2154988 55016 130 2123350 53771 0
1459947780569004 132 2155589 51271 127 2120023 52636 0
1459947780570690 132 2156143 47776 129 2119516 48990 0
1459947780572696 134 2159214 46874 132 2122888 48271 0
1459947780574506 135 2163325 47001 132 2125997 47365 0
1459947780576362 133 2164555 44463 131 2127583 45126 0
1459947780578018 131 2163129 42303 129 2126485 42611 0
1459947780579815 133 2164374 40146 131 2128033 40709 0
1459947780581707 132 2164242 37130 129 2126900 38572 0
1459947780583617 133 2165400 35297 131 2128415 36955 0
1459947780585325 129 2161348 36274 127 2124692 37498 0
1459947780587030 130 2158892 35703 127 2121260 37731 0
1459947780588764 126 2151508 39719 124 2114256 41239 0
1459947780590662 132 2152381 37420 129 2114199 38068 0
1459947780592365 126 2145506 40833 124 2107747 41040 0
1459947780594093 130 2144288 38764 125 2103079 42136 0
1459947780595764 130 2143165 36769 128 2102615 39270 0
1459947780597519 132 2144690 35302 128 2102188 36595 0
1459947780599290 134 2148656 36200 132 2106914 38093 0
1459947780601373 136 2154872 39101 131 2109991 37952 0
1459947780603382 137 2161882 42508 136 2119227 43502 0
1459947780605325 131 2160664 40308 128 2117502 41692 0
1459947780607203 135 2164662 40843 132 2121032 41688 0
1459947780609009 128 2159387 42514 126 2116606 42510 0
1459947780610570 127 2153244 44854 127 2113806 41769 0
1459947780612173 124 2143741 50108 121 2103544 47964 0
1459947780614010 128 2140101 49548 125 2099204 48216 0
1459947780616018 137 2148265 53203 133 2105443 50201 0
1459947780618036 133 2150671 51264 131 2108635 49221 0
1459947780619933 132 2151609 48124 130 2110297 46908 0
1459947780621648 132 2152474 45161 130 2111830 44656 0
1459947780623312 129 2149431 44436 127 2109403 43404 0
1459947780625043 129 2146626 43549 127 2107165 42075 0
1459947780627023 135 2151720 44842 132 2111502 42785 0
1459947780628613 127 2146176 46448 126 2107820 42835 0
1459947780630643 134 2150026 46368 131 2110826 42259 0
1459947780632194 125 2142055 50093 123 2103357 45841 0
1459947780633781 127 2137266 50592 125 2099032 46245 0
1459947780635503 131 2137972 47289 129 2100165 43676 0
1459947780637316 130 2137342 44173 128 2099929 40479 0
1459947780639223 134 2141882 44906 132 2104832 41836 0
1459947780641146 131 2142227 41715 130 2106792 40373 0
1459947780643065 131 2142545 38749 131 2109878 40063 0
1459947780644876 129 2140278 37810 126 2106323 40209 0
1459947780646661 131 2140748 35290 128 2105606 37727 0
1459947780648256 129 2138622 34491 127 2103665 36567 0
1459947780649818 126 2132822 37142 125 2099316 37719 0
1459947780651520 127 2128755 37988 126 2096586 37287 0
1459947780653081 128 2126286 37296 125 2092790 37872 0
1459947780654963 132 2129129 37003 129 2094410 36407 0
1459947780656471 123 2120230 42314 122 2086944 40444 0
1459947780658290 132 2123547 42065 130 2090301 40379 0
1459947780660159 135 2130444 45137 133 2097236 43617 0
1459947780662122 133 2134243 45112 130 2099789 42562 0
1459947780663987 136 2141585 48355 134 2107262 46126 0
1459947780665891 133 2144513 47276 130 2109032 44153 0
1459947780667670 132 2145932 44891 128 2108103 41558 0
1459947780669327 125 2138281 48436 124 2102127 43819 0
1459947780671040 132 2140187 46408 130 2104298 42396 0
1459947780672928 132 2141944 44402 128 2103739 39597 0
1459947780674926 138 2151244 49507 133 2109624 41928 0
1459947780676637 131 2150858 45994 130 2111209 40113 0
1459947780678487 132 2151782 43252 130 2112670 38326 0
1459947780680353 128 2147514 43806 128 2111457 36448 0
1459947780682410 136 2153819 46195 134 2118019 39649 0
1459947780684243 136 2159631 47944 133 2122788 40948 0
1459947780685936 130 2157309 46337 129 2122065 38414 0
1459947780687737 129 2153889 45868 127 2118838 38386 0
1459947780689607 133 2155856 44097 131 2120983 37365 0
1459947780691396 133 2157669 42323 129 2120401 34981 0
1459947780693517 137 2164461 45277 134 2126264 37653 0
1459947780695377 133 2165602 42791 129 2125269 35627 0
1459947780697083 132 2165374 39656 129 2124352 33688 0
1459947780698944 135 2169004 39903 134 2129907 36177 0
1459947780700994 135 2172350 39870 132 2132468 35710 0
1459947780702768 131 2170315 38630 130 2132268 33103 0
1459947780704450 128 2164599 40881 128 2129524 33045 0
1459947780706231 127 2158049 43724 124 2121874 37514 0
1459947780708083 131 2157131 41153 128 2119942 36363 0
1459947780710183 136 2162685 43057 134 2125841 38960 0
1459947780711896 134 2165245 42053 132 2128719 38569 0
1459947780713682 134 2167605 40942 132 2131372 38001 0
1459947780715519 125 2158260 46357 123 2122298 43396 0
1459947780717331 126 2150925 49496 124 2115213 46536 0
1459947780719011 129 2148003 48321 129 2115081 43020 0
1459947780720876 134 2151710 47962 133 2120080 44267 0
1459947780723018 139 2161527 53264 138 2131088 50956 0
1459947780724828 132 2161617 49185 128 2128436 49419 0
1459947780726681 128 2156580 49984 125 2122151 51351 0
1459947780728340 132 2157057 46518 129 2121477 47959 0
1459947780730171 131 2156216 43657 128 2119576 45963 0
1459947780731798 127 2150321 45679 124 2112704 48707 0
1459947780733478 127 2144887 47119 125 2107649 49561 0
1459947780735401 133 2147557 45899 131 2110668 48473 0
1459947780737243 131 2147459 42403 129 2110892 44892 0
1459947780739065 129 2144808 41533 127 2108538 43553 0
1459947780741166 136 2151324 44295 133 2114048 45230 0
1459947780742929 130 2149651 42375 129 2114008 41732 0
1459947780744742 133 2151949 41182 132 2117811 41977 0
1459947780746554 131 2151507 38370 128 2116197 40184 0
1459947780748257 129 2148540 38106 124 2109589 43135 0
1459947780750151 134 2152205 38506 131 2112457 42409 0
1459947780752069 135 2156863 39792 133 2117661 43892 0
1459947780754086 136 2162438 41822 134 2123738 46064 0
1459947780755784 122 2149657 50335 120 2111420 53819 0
1459947780757742 134 2153235 49700 131 2114145 52126 0
1459947780759580 133 2155253 47677 132 2117937 51549 0
1459947780761434 136 2160953 49207 135 2125273 54284 0
1459947780763067 129 2157248 48777 128 2123076 52068 0
1459947780765067 135 2161513 48897 131 2124890 49672 0
1459947780766789 129 2157764 48531 125 2118882 51328 0
1459947780768538 127 2151748 50284 125 2113344 52423 0
1459947780770263 130 2150042 47927 127 2110799 50673 0
1459947780772092 133 2152309 46272 129 2111012 46911 0
1459947780774059 132 2153119 43404 128 2109929 44244 0
1459947780775744 129 2150026 42863 126 2106370 44067 0
1459947780777425 129 2147175 42142 128 2105649 41287 0
1459947780779269 135 2152226 43506 131 2108825 40989 0
1459947780781402 137 2159443 46760 134 2115593 44025 0
1459947780783180 129 2155856 46412 125 2110312 45453 0
1459947780785186 134 2158949 45638 132 2114403 45673 0
1459947780787056 134 2161801 44701 130 2115615 43221 0
1459947780788744 125 2152910 49404 122 2106492 48253 0
1459947780790655 132 2153673 46248 131 2109602 47350 0
1459947780792507 131 2153097 43164 130 2111189 45113 0
1459947780794351 132 2153846 40481 130 2112652 42937 0
1459947780796524 139 2163496 46214 138 2124241 50265 0
1459947780798436 133 2164712 43724 131 2125964 47927 0
1459947780800553 136 2169673 44882 133 2130113 48006 0
1459947780802450 135 2172967 44411 134 2135217 48961 0
1459947780804204 131 2170883 42861 129 2133523 46696 0
1459947780806246 133 2171522 40101 131 2134521 43967 0
1459947780808249 133 2172111 37511 131 2135441 41380 0
1459947780810193 135 2175214 37441 133 2138849 41289 0
1459947780812098 133 2175515 34792 131 2139431 38599 0
1459947780813825 127 2168112 38896 124 2131007 43347 0
1459947780815929 140 2177928 44906 136 2138602 46961 0
1459947780818007 136 2181857 45019 135 2144323 48566 0
1459947780819900 133 2181639 41701 132 2145757 46093 0
1459947780821770 129 2176318 43347 127 2140679 47171 0
1459947780823625 131 2173973 42121 127 2135998 47799 0
1459947780825616 134 2175651 40377 132 2138083 45986 0
1459947780827209 128 2169518 42875 125 2131045 48880 0
1459947780829036 132 2168984 40016 130 2130957 45142 0
1459947780830843 135 2172332 39975 130 2130875 41689 0
1459947780832526 128 2166458 42265 125 2124400 44400 0
1459947780834321 132 2166163 39234 128 2122271 42893 0
1459947780836292 138 2173571 42997 135 2129268 45991 0
1459947780838176 132 2172720 40420 131 2130598 43624 0
1459947780840161 135 2175776 40079 133 2134385 43706 0
1459947780842086 134 2177313 38364 131 2135316 41149 0
1459947780844100 134 2178730 36672 131 2136174 38725 0
1459947780845886 133 2178756 33831 131 2136965 36428 0
1459947780847784 133 2178780 31209 131 2137694 34254 0
1459947780849665 132 2177522 29928 131 2138366 32197 0
1459947780851340 130 2173803 31017 128 2135146 32649 0
1459947780853193 131 2171654 30573 130 2134737 30474 0
1459947780855000 130 2168393 31189 128 2131800 30799 0
1459947780856377 111 2141067 53942 110 2106053 52127 0
1459947780858592 135 2146596 54824 133 2111757 53312 0
1459947780860537 135 2151693 55238 134 2118295 55175 0
1459947780862475 135 2156391 55253 133 2123043 55241 0
1459947780864577 136 2162002 56109 134 2128700 56140 0
1459947780866429 127 2155655 57575 125 2122395 57566 0
1459947780868327 127 2149804 58469 125 2116582 58425 0
1459947780870096 129 2146970 56513 127 2113784 56439 0
1459947780871947 133 2149477 54409 130 2115044 53191 0
1459947780873981 138 2158189 58189 135 2122606 56006 0
1459947780875752 129 2154700 56857 126 2118057 55823 0
1459947780877110 94 2106684 96679 93 2071623 94266 0
1459947780878734 133 2112339 94338 129 2074897 89919 0
1459947780880776 133 2117552 91773 130 2079195 86856 0
1459947780882628 129 2117238 84892 123 2074197 84676 0
1459947780884612 131 2119508 80352 130 2078550 82073 0
1459947780886724 135 2126721 80723 134 2087683 84080 0
1459947780888710 136 2134650 81726 132 2093542 82913 0
1459947780890545 132 2136840 77360 132 2098944 81415 0
1459947780892485 139 2147819 81437 137 2110324 85544 0
1459947780894205 133 2150260 77324 131 2113134 81451 0
1459947780895988 132 2151230 72178 129 2113165 75115 0
1459947780897957 130 2149565 68073 128 2111913 70399 0
1459947780899548 129 2146750 65348 126 2108199 68322 0
1459947780901171 127 2141595 64994 125 2103495 67319 0
1459947780902812 125 2134282 66656 125 2099159 66055 0
1459947780904526 127 2130101 65302 126 2096442 63398 0
1459947780906558 134 2135206 64907 132 2101617 63216 0
1459947780908468 136 2142473 66535 133 2107668 63855 0
1459947780910246 133 2145332 63971 130 2109406 60468 0
1459947780912058 135 2150527 63763 134 2116128 61940 0
1459947780914195 136 2156597 64376 135 2123605 63993 0
1459947780916137 135 2160912 63324 131 2125378 60627 0
1459947780918135 136 2166170 63223 133 2129572 59757 0
1459947780919970 132 2165897 58533 129 2128319 56242 0
1459947780921948 134 2168206 56088 132 2131004 54323 0
1459947780923587 128 2162654 56823 128 2128359 52517 0
1459947780925430 129 2158816 55920 129 2127200 49481 0
1459947780927267 130 2156558 53632 128 2124852 47779 0
1459947780929191 137 2163436 55783 134 2130367 49131 0
1459947780931102 133 2164657 52550 130 2130332 45324 0
1459947780933022 134 2167063 50662 131 2131579 42933 0
1459947780934870 134 2169281 48748 130 2131449 39697 0
1459947780936816 136 2173885 49184 134 2136449 41204 0
1459947780938526 127 2166610 52047 126 2130818 43174 0
1459947780940403 134 2168863 50057 131 2132027 40916 0
1459947780942317 132 2168380 46590 130 2131862 37870 0
1459947780944070 128 2162815 48079 128 2129150 37410 0
1459947780946061 134 2165365 46672 132 2131770 36902 0
1459947780948098 134 2167715 45192 132 2134185 36245 0
1459947780949834 132 2167322 42023 131 2135131 34285 0
1459947780951622 131 2165679 40252 129 2133443 33161 0
1459947780953564 127 2159045 43222 127 2129327 34363 0
1459947780955426 130 2156769 41942 128 2126813 33995 0
1459947780957278 131 2155951 39418 128 2124495 33475 0
1459947780959057 133 2157757 38003 131 2126198 32429 0
1459947780960702 129 2154302 38218 127 2122648 33166 0
1459947780962554 130 2152397 36988 129 2121936 31230 0
1459947780964629 137 2159600 40739 136 2130239 36445 0
1459947780966651 135 2163681 41318 132 2132774 35934 0
1459947780968774 139 2172563 46278 136 2140231 40000 0
1459947780970646 134 2174351 44310 132 2141985 38492 0
1459947780972491 131 2172159 42867 130 2141042 36352 0
1459947780974359 130 2168859 42560 126 2135053 39033 0
1459947780976479 137 2174776 44690 135 2141051 41513 0
1459947780978496 132 2173831 42068 131 2141461 38647 0
1459947780980509 134 2175520 40338 132 2143119 37155 0
1459947780982493 133 2175797 37441 131 2143367 34481 0
1459947780984444 133 2176052 34750 131 2143596 31998 0
1459947780986757 140 2185247 40512 139 2154047 39133 0
1459947780988738 134 2186044 38082 133 2156002 37877 0
1459947780990686 132 2184219 36788 129 2152684 37975 0
1459947780992796 137 2188936 38262 136 2158585 40448 0
1459947780994734 130 2184325 39522 132 2158905 37583 0
1459947780996757 137 2189034 40775 134 2161760 37278 0
1459947780998702 135 2190815 39231 133 2163112 35611 0
1459947781000524 131 2187337 39371 130 2160518 35218 0
1459947781002406 132 2185411 38070 131 2159407 33489 0
1459947781004466 137 2190035 39358 135 2163503 34648 0
1459947781006533 136 2193018 39033 134 2165999 34242 0
1459947781008424 133 2191928 36987 130 2163180 34164 0
1459947781010324 136 2194763 36711 132 2163141 31529 0
1459947781011933 130 2189697 38512 130 2160545 31457 0
1459947781013782 132 2187586 37448 129 2156872 32384 0
1459947781015650 134 2188200 35088 130 2154766 31795 0
1459947781017224 128 2188200 35088 122 2154766 31795 1
1459947781019142 132 2186206 34183 131 2154104 29920 0
1459947781021052 134 2186928 32178 131 2153494 28143 0
1459947781022701 125 2176074 39669 125 2145252 33541 0
1459947781024895 140 2185268 45044 138 2154294 39255 0
1459947781026862 137 2189903 45797 134 2157509 39152 0
1459947781028740 135 2191616 43799 134 2160473 38826 0
1459947781030498 132 2189356 42460 131 2159366 36812 0
1459947781032403 135 2191112 40761 132 2159625 34175 0
1459947781034109 130 2186331 41983 127 2153464 37184 0
1459947781036052 136 2189603 41720 133 2155464 36123 0
1459947781037918 132 2187500 40398 130 2153468 35139 0
1459947781039764 131 2184281 40207 130 2151628 34088 0
1459947781041889 137 2188994 41409 136 2157612 36940 0
1459947781043920 136 2192058 40998 135 2161848 37959 0
1459947781046166 137 2196163 41579 136 2167033 39773 0
1459947781048134 132 2193547 40740 130 2164133 39337 0
1459947781050035 132 2191136 39779 130 2161460 38727 0
1459947781051886 136 2194033 39342 134 2164115 38149 0
1459947781053836 134 2194144 36370 134 2166563 37425 0
1459947781055686 131 2190406 36973 129 2162420 38320 0
1459947781057686 133 2189520 34900 131 2161160 36486 0
1459947781059457 133 2188703 32925 130 2158719 35884 0
1459947781061430 140 2196910 37918 140 2169269 42805 0
1459947781063332 136 2199356 37210 132 2168754 39933 0
1459947781065088 135 2200331 35201 134 2170840 38736 0
1459947781066885 134 2199950 32801 129 2166363 39836 0
1459947781068719 134 2199598 30561 129 2162235 40527 0
1459947781070696 135 2200554 29054 131 2160990 38507 0
1459947781072671 136 2202715 28776 134 2163682 37980 0
1459947781074538 133 2200867 28229 131 2162324 36263 0
1459947781076518 135 2201724 26813 133 2163632 34635 0
1459947781078397 135 2202514 25446 134 2166118 34221 0
1459947781080541 138 2207082 27669 134 2168410 33659 0
1459947781082644 138 2211293 29389 136 2173082 35336 0
1459947781084455 132 2207495 30592 131 2170989 34503 0
1459947781086176 134 2206554 29069 131 2169060 33584 0
1459947781088061 137 2209526 29537 134 2171122 32861 0
1459947781089817 128 2200746 35322 126 2162783 37980 0
1459947781091619 132 2197772 35302 129 2158935 38558 0
1459947781093522 132 2195031 35070 130 2156668 37634 0
1459947781095429 133 2193784 33479 131 2155858 35439 0
1459947781097502 138 2199034 35703 135 2160231 36701 0
1459947781099633 137 2202594 36195 135 2164262 37550 0
1459947781101829 139 2208436 38752 136 2169259 39222 0
1459947781103617 128 2199741 43738 127 2162345 42530 0
1459947781105260 124 2186606 52428 122 2149571 50982 0
1459947781107077 128 2179617 54774 124 2140355 55494 0
1459947781108830 133 2179574 50533 132 2142099 52766 0
1459947781110385 128 2173134 52521 126 2136027 54240 0
1459947781112125 131 2171037 50349 129 2134269 51621 0
1459947781114049 133 2171664 46993 131 2135209 48454 0
1459947781115906 131 2169682 45147 128 2132235 47408 0
1459947781118109 139 2178095 49375 138 2142294 52977 0
1459947781119983 133 2178171 45587 132 2143887 50306 0
1459947781121883 131 2175681 44320 130 2142795 47380 0
1459947781123617 131 2173385 42972 129 2140509 45785 0
1459947781125360 130 2169989 42744 128 2137121 45330 0
1459947781127255 135 2173258 42418 130 2136558 42306 0
1459947781129179 136 2177552 43062 132 2138599 40881 0
1459947781131234 135 2180230 42166 130 2137920 38312 0
1459947781133308 133 2180139 38954 131 2138575 35921 0
1459947781135076 129 2174935 40706 127 2134058 37277 0
1459947781136878 133 2175258 37822 131 2135014 35246 0
1459947781138746 134 2176835 36321 132 2137176 34485 0
1459947781140583 128 2170609 39221 127 2132769 35852 0
1459947781142393 132 2169990 36726 129 2131266 34436 0
1459947781144224 134 2171979 35690 131 2132440 32828 0
1459947781146074 133 2172533 33411 131 2133523 31261 0
1459947781147900 131 2170483 32688 130 2133241 29077 0
1459947781149795 134 2172434 31932 133 2136821 30105 0
1459947781151737 136 2176792 33455 131 2137561 28436 0
1459947781153537 132 2175690 31856 131 2138244 26843 0
1459947781155232 124 2164434 39743 124 2129913 32424 0
1459947781157224 135 2168137 40052 131 2131193 31070 0
1459947781158952 131 2166431 38494 129 2129813 29913 0
1459947781160710 128 2161018 40475 126 2124701 32288 0
1459947781162441 132 2161148 37432 128 2122548 31749 0
1459947781164109 130 2158708 36756 129 2121843 29916 0
1459947781165807 131 2157738 34777 129 2121194 28176 0
1459947781167624 134 2160684 34776 132 2124435 28962 0
1459947781169567 132 2160840 32203 130 2124863 27094 0
1459947781171554 132 2160984 29820 130 2125258 25341 0
1459947781173342 129 2157277 30907 126 2120502 27745 0
1459947781175227 132 2157699 28881 131 2122517 27435 0
1459947781177154 133 2159368 28163 130 2123095 25824 0
1459947781178825 130 2157067 28082 126 2118508 28034 0
1459947781180541 129 2153666 29023 128 2116839 27381 0
1459947781182279 128 2149250 30825 127 2114020 27838 0
1459947781184105 134 2152859 31743 132 2117822 29168 0
1459947781186105 137 2160026 35870 135 2125167 33660 0
1459947781188008 133 2161513 34438 131 2126818 32552 0
1459947781189895 132 2161604 31831 129 2125780 30964 0
1459947781191752 135 2165528 32962 132 2128663 31202 0
1459947781193357 129 2161466 34130 127 2124921 32213 0
1459947781195026 128 2156441 36094 125 2118911 35235 0
1459947781196832 131 2155649 34004 129 2118491 32869 0
1459947781198353 126 2148518 37919 124 2111703 36557 0
1459947781200062 127 2143225 39835 125 2106726 38287 0
1459947781201586 123 2133225 45940 119 2094458 46604 0
1459947781203379 133 2136806 45652 130 2097228 45517 0
1459947781205496 132 2138828 43949 130 2099782 44314 0
1459947781207380 130 2138132 41156 127 2098296 42220 0
1459947781209315 129 2136210 39711 128 2098206 39003 0
1459947781211145 128 2133158 39420 128 2098123 36030 0
1459947781213113 133 2136745 39646 132 2103167 37865 0
1459947781215351 140 2149011 47856 136 2112937 43912 0
1459947781217178 130 2147519 45491 127 2110423 42797 0
1459947781219031 129 2144864 44384 128 2109386 40408 0
1459947781220820 131 2144976 41019 127 2107150 39312 0
1459947781222842 136 2151479 43809 134 2114048 42600 0
1459947781224610 130 2149794 41938 129 2114008 39307 0
1459947781226383 130 2148241 40092 129 2113971 36269 0
1459947781227983 129 2145529 39458 126 2110097 37006 0
1459947781229862 134 2149429 39970 131 2112925 36721 0
1459947781231857 135 2154304 41342 132 2116812 37436 0
1459947781233951 137 2161359 44615 135 2124236 41355 0
1459947781235819 135 2165302 44764 131 2125960 39713 0
1459947781238040 137 2171497 46977 134 2131389 41615 0
1459947781240174 135 2174648 46211 130 2131274 38468 0
1459947781242075 134 2176273 44098 134 2136288 40084 0
1459947781244012 132 2175211 41630 129 2134510 38590 0
1459947781245751 130 2171672 41638 127 2130311 39445 0
1459947781247678 133 2172250 38917 129 2129000 37571 0
1459947781249741 137 2177902 41087 136 2136751 41781 0
1459947781251873 142 2189513 48581 138 2146457 47464 0
1459947781253731 134 2189977 45213 133 2149005 46103 0
1459947781255593 135 2191685 43254 132 2150073 43486 0
1459947781257733 139 2198379 46045 136 2156178 45716 0
1459947781259576 130 2193030 47377 126 2149006 48755 0
1459947781261371 132 2190659 45860 130 2147514 46320 0
1459947781263011 129 2184633 47831 128 2143579 46328 0
1459947781264667 129 2179078 49214 127 2138671 47231 0
1459947781266471 134 2180357 46548 133 2141827 46450 0
1459947781268316 133 2180256 43003 132 2143456 44323 0
1459947781270556 142 2191683 50177 138 2152638 49325 0
1459947781272436 135 2193257 47707 132 2153423 46194 0
1459947781274206 130 2188308 48540 127 2147746 47817 0
1459947781276125 132 2186306 46592 130 2146353 45364 0
1459947781277845 128 2179340 49372 126 2139949 47722 0
1459947781279725 135 2181879 47854 132 2141725 45630 0
1459947781281603 135 2184219 46272 133 2144642 44754 0
1459947781283496 132 2182536 44207 129 2142211 43497 0
1459947781285387 134 2183545 41683 133 2145090 42752 0
1459947781287420 135 2185755 40463 132 2146464 40679 0
1459947781289563 139 2192912 43899 136 2152851 43388 0
1459947781291531 136 2195670 43012 134 2156179 43066 0
1459947781293773 138 2200773 44355 136 2161807 44889 0
1459947781295647 133 2199077 42451 130 2159315 43678 0
1459947781297670 136 2201354 41233 134 2162138 42867 0
1459947781299693 139 2207293 43486 135 2166020 43097 0
1459947781301655 138 2211488 43955 136 2170879 44210 0
1459947781303355 129 2203835 47575 127 2163839 47245 0
1459947781305065 130 2198060 49181 129 2159909 47175 0
1459947781306945 133 2196576 46705 131 2158846 44468 0
1459947781308972 141 2205448 51235 140 2169386 50709 0
1459947781310891 134 2204667 47951 131 2167582 48409 0
1459947781312850 135 2205227 44720 133 2168479 45454 0
1459947781314647 133 2203183 43109 132 2168026 42319 0
1459947781316519 134 2202579 40297 133 2168888 39807 0
1459947781318543 137 2205862 40175 135 2172243 39790 0
1459947781320588 137 2208889 39826 135 2175336 39532 0
1459947781322567 135 2209119 36926 133 2175627 36712 0
1459947781324778 141 2217011 41317 139 2183576 41171 0
1459947781326769 138 2220447 41256 136 2187064 41169 0
1459947781328663 134 2218494 39831 132 2185159 39707 0
1459947781330498 132 2214134 40738 130 2180843 40582 0
1459947781332362 133 2211394 40080 130 2176864 41078 0
1459947781334259 130 2205028 42815 128 2170636 43608 0
1459947781335958 126 2194040 49599 124 2159775 50213 0
1459947781338006 134 2194150 45826 132 2160002 46499 0
1459947781339927 135 2195532 43519 133 2161491 44239 0
1459947781342139 135 2196806 41293 132 2161584 40868 0
1459947781344445 143 2208220 48588 141 2173190 48374 0
1459947781346361 136 2209782 46232 136 2177489 48557 0
1459947781348014 127 2199702 51911 125 2167372 54088 0
1459947781349941 135 2200650 48729 134 2169566 51884 0
1459947781351784 136 2202804 46907 134 2171588 49694 0
1459947781353461 130 2197109 48491 129 2167052 49991 0
1459947781355289 134 2196979 44820 131 2165431 47579 0
1459947781357352 135 2198140 42388 133 2166496 44843 0
1459947781359189 132 2195370 41629 131 2164918 42793 0
1459947781361068 127 2186416 46629 126 2157063 46689 0
1459947781362594 124 2174322 54134 122 2144702 54435 0
1459947781364467 132 2173413 50741 131 2144827 50297 0
1459947781366350 137 2178975 51903 133 2147502 48833 0
1459947781367924 123 2166182 59640 121 2134608 56903 0
1459947781369615 125 2156949 63491 122 2124001 62234 0
1459947781371153 121 2143317 71096 119 2110383 69924 0
1459947781372709 128 2139710 68865 125 2105509 68953 0
1459947781374432 128 2136385 66549 126 2102296 66527 0
1459947781376251 130 2135879 61814 129 2103174 62138 0
1459947781378090 132 2137973 58914 130 2105263 59209 0
1459947781379911 132 2139903 56091 130 2107189 56358 0
1459947781381971 136 2146803 58069 135 2115364 59492 0
1459947781384137 142 2160844 66476 141 2130581 68872 0
1459947781386007 131 2159708 62329 129 2129249 64718 0
1459947781387853 128 2154820 61964 126 2124181 64332 0
1459947781389642 133 2156714 58869 130 2124629 59719 0
1459947781391052 122 2144380 65638 121 2113522 65291 0
1459947781392604 128 2140690 63911 126 2109683 63728 0
1459947781394634 137 2148808 66401 132 2113824 62566 0
1459947781396605 137 2156292 68112 133 2118921 62377 0
1459947781398689 136 2161911 67970 133 2123620 61835 0
1459947781400711 135 2165811 66255 135 2130512 63357 0
1459947781402894 141 2177087 71473 138 2140705 67804 0
1459947781404888 136 2181082 69571 134 2144982 66449 0
1459947781406724 134 2182204 65170 131 2145085 61352 0
1459947781408648 131 2179399 62663 129 2142620 58830 0
1459947781410634 134 2180653 58923 133 2145467 56858 0
1459947781412471 130 2176689 57972 129 2142972 54714 0
1459947781414249 130 2173035 56810 127 2138112 54919 0
1459947781416074 129 2168386 56656 127 2133632 54758 0
1459947781417881 128 2162820 57359 128 2130782 53107 0
1459947781419623 130 2160249 55246 126 2125594 53740 0
1459947781421209 129 2156599 54293 127 2122091 52769 0
1459947781422913 133 2158354 51669 130 2122702 49209 0
1459947781424639 131 2157412 48499 129 2121985 46024 0
1459947781426139 124 2157412 48499 116 2121985 46024 1
1459947781427496 123 2157412 48499 114 2121985 46024 1
1459947781428945 125 2157412 48499 117 2121985 46024 1
1459947781430446 125 2157412 48499 116 2121985 46024 1
1459947781431934 125 2157412 48499 115 2121985 46024 1
1459947781433491 127 2157412 48499 116 2121985 46024 1
1459947781434924 123 2157412 48499 112 2121985 46024 1
1459947781436365 123 2157412 48499 114 2121985 46024 1
1459947781438082 129 2153984 47870 122 2112364 51296 0
1459947781439493 124 2153984 47870 115 2112364 51296 1
1459947781441115 127 2148264 49403 117 2097095 61363 0
1459947781442736 124 2139150 53944 116 2081739 70724 0
1459947781444245 124 2130748 57473 114 2065023 80607 0
1459947781445608 121 2119163 63661 113 2048333 89695 0
1459947781447031 124 2112323 64992 113 2032946 96870 0
1459947781448535 124 2106017 65726 115 2021322 100017 0
1459947781449963 124 2100204 65949 115 2010606 102081 0
1459947781451367 122 2092285 68095 112 1996887 106751 0
1459947781452809 124 2087545 67144 115 1988080 106529 0
1459947781454558 128 2088295 62589 119 1985081 100970 0
1459947781456296 130 2091546 60696 121 1984876 93269 0
1459947781457873 128 2091983 56357 119 1982127 88515 0
1459947781459413 129 2093666 53506 120 1980873 82754 0
1459947781460869 123 2087538 54973 115 1973317 83253 0
1459947781462113 119 2076769 60605 110 1959951 89069 0
1459947781463531 121 2069401 62661 112 1950189 91108 0
1459947781465026 122 2063889 62846 112 1941190 92285 0
1459947781466360 124 2061367 60260 115 1936734 89182 0
1459947781467690 125 2060322 56514 117 1935186 83640 0
1459947781469327 126 2060639 52390 120 1937599 79330 0
1459947781470665 125 2059651 49207 119 1938544 74003 0
1459947781472184 130 2065140 50422 124 1945815 74924 0
1459947781473458 123 2061240 50076 117 1943558 71150 0
1459947781474982 127 2062765 47569 122 1947877 69573 0
1459947781476731 133 2071851 52228 128 1959539 74888 0
1459947781478332 132 2078947 54689 125 1966450 75408 0
1459947781479976 125 2076529 52644 118 1963861 71902 0
1459947781481576 128 2078140 50016 123 1967874 69983 0
1459947781482961 125 2075785 48278 119 1966453 65824 0
1459947781484625 128 2077454 46044 121 1967703 61834 0
1459947781485948 121 2070032 49287 116 1962456 61839 0
1459947781487499 124 2067030 48202 120 1962739 57268 0
1459947781489084 126 2066823 44626 123 1966840 56573 0
1459947781490521 124 2064072 43674 117 1962940 55747 0
1459947781492040 127 2065376 41463 121 1964465 52797 0
1459947781493089 105 2065376 41463 101 1964465 52797 1
1459947781494687 129 2069138 41691 124 1969711 53508 0
1459947781496608 137 2069138 41691 131 1969711 53508 1
1459947781498124 129 2072606 41630 123 1973267 52605 0
1459947781499686 127 2073243 38964 123 1976545 51517 0
1459947781501168 126 2072550 36556 120 1975727 48245 0
1459947781502711 131 2078312 39011 125 1981373 49680 0
1459947781504216 123 2073383 40506 117 1976338 50439 0
1459947781505619 124 2070119 40349 117 1971696 50776 0
1459947781507098 126 2069670 37608 121 1972537 47584 0
1459947781508509 122 2064137 39769 117 1968192 47871 0
1459947781509905 126 2064156 36679 121 1969307 45158 0
1459947781511271 126 2064173 33829 121 1970334 42577 0
1459947781512808 125 2062909 32350 118 1967441 41916 0
1459947781514536 133 2071984 38188 127 1976294 46803 0
1459947781516185 133 2080350 42916 126 1983176 49490 0
1459947781517657 127 2080382 39593 120 1981840 46854 0
1459947781519178 128 2081692 37706 122 1983168 44418 0
1459947781520757 127 2081619 34826 120 1981833 42177 0
1459947781522252 126 2080272 33346 120 1980602 40015 0
1459947781523674 124 2076470 34244 119 1978187 39113 0
1459947781525204 126 2075525 32438 123 1981081 38725 0
1459947781526749 128 2077214 31460 122 1982469 36978 0
1459947781528064 120 2068531 37005 112 1970948 44709 0
1459947781529423 120 2060527 41491 114 1962887 48646 0
1459947781530631 120 2053148 45051 113 1954176 52875 0
1459947781532100 126 2054025 42340 121 1956386 50781 0
1459947781533407 123 2050994 41825 119 1955863 47294 0
1459947781535072 130 2057160 44241 124 1961781 49054 0
1459947781536436 126 2057724 41304 121 1963396 46710 0
1459947781537835 123 2054404 41137 117 1959765 46406 0
1459947781539186 121 2048783 43104 117 1956418 45865 0
1459947781540674 123 2046161 42152 118 1954612 43945 0
1459947781542165 123 2043744 41085 117 1951667 43224 0
1459947781543920 128 2047916 41721 121 1954073 42065 0
1459947781545456 127 2050482 40827 121 1956291 40822 0
1459947781546819 115 2050482 40827 109 1956291 40822 1
1459947781548329 126 2051568 38638 122 1959615 40697 0
1459947781549705 123 2048729 38235 119 1958840 38231 0
1459947781551118 124 2047392 36479 121 1960685 36945 0
1459947781552524 122 2043599 37125 116 1955986 38389 0
1459947781553950 126 2045222 35721 121 1958054 37296 0
1459947781555308 124 2044159 33909 119 1957401 34983 0
1459947781556523 118 2035499 39242 114 1950399 38703 0
1459947781557725 119 2028795 42355 116 1946504 39269 0
1459947781559226 126 2031575 41609 120 1948033 37610 0
1459947781560533 123 2030298 39535 118 1946882 35731 0
1459947781561989 126 2032960 38901 120 1948381 34321 0
1459947781563425 126 2035415 38124 120 1949763 32913 0
1459947781564776 119 2028718 41318 113 1942077 37425 0
1459947781566287 125 2030224 39478 119 1942672 35049 0
1459947781567838 127 2034172 40033 122 1947060 36355 0
1459947781569147 122 2031412 39449 116 1943425 36864 0
1459947781570739 126 2033987 38741 121 1946474 36795 0
1459947781572310 126 2036361 37903 121 1949285 36512 0
1459947781573809 125 2037270 35779 121 1951877 36048 0
1459947781575288 123 2035548 34570 119 1951706 33388 0
1459947781576763 124 2035240 32152 121 1954108 32994 0
1459947781578198 126 2037516 31739 121 1956323 32458 0
1459947781579708 128 2042175 33554 123 1960925 34164 0
1459947781581308 126 2043910 32531 121 1962607 33045 0
1459947781582986 129 2049349 35003 126 1970558 37793 0
1459947781584677 129 2054363 36890 125 1976608 40417 0
1459947781586137 124 2052585 35645 121 1977065 37680 0
1459947781587486 125 2052226 33190 120 1976206 35527 0
1459947781589081 126 2053175 31472 120 1975414 33480 0
1459947781590776 127 2055330 31000 122 1977244 32551 0
1459947781592178 128 2058597 31590 123 1980211 32743 0
1459947781593540 125 2057769 29885 120 1979107 31201 0
1459947781594841 124 2055725 29433 117 1974249 33241 0
1459947781596029 117 2044881 37129 113 1964650 39492 0
1459947781597357 123 2042564 36363 119 1963481 37482 0
1459947781599108 132 2051948 42173 124 1968804 39460 0
1459947781600688 126 2052919 39773 120 1968591 36573 0
1459947781602300 127 2055094 38670 122 1970954 35894 0
1459947781603861 130 2060939 41037 125 1976973 38637 0
1459947781605501 128 2063768 40438 123 1979961 38373 0
1459947781606987 127 2065096 38502 121 1980156 35555 0
1459947781608730 131 2071440 41342 125 1985456 37663 0
1459947781610266 128 2073448 39963 124 1989062 38044 0
1459947781611806 126 2072739 37492 119 1985986 37906 0
1459947781613288 128 2074646 36320 123 1988270 37050 0
1459947781614519 120 2066164 41301 117 1982696 39293 0
1459947781615805 121 2059624 44102 117 1977557 40959 0
1459947781617418 129 2063835 44538 123 1980500 40472 0
1459947781618969 124 2061317 43378 121 1980653 37451 0
1459947781620547 124 2058996 42128 119 1978234 36754 0
1459947781621926 120 2051736 45527 116 1972164 39477 0
1459947781623151 120 2045044 48139 114 1964008 43910 0
1459947781624617 125 2045274 44590 120 1964169 40628 0
1459947781626298 129 2050606 46022 124 1969438 42310 0
1459947781627973 130 2056802 48138 125 1975575 44662 0
1459947781629513 129 2061234 48463 124 1979953 45208 0
1459947781631188 129 2065320 48442 124 1983989 45396 0
1459947781632612 125 2063966 45904 120 1982589 43138 0
1459947781634139 126 2063998 42347 121 1982579 39775 0
1459947781635742 129 2067868 42605 123 1985130 39018 0
1459947781637245 127 2068875 40205 121 1984921 36160 0
1459947781638808 128 2071084 39099 122 1986009 34338 0
1459947781640462 130 2075680 40281 123 1988292 33759 0
1459947781642031 123 2070957 41487 116 1981436 37440 0
1459947781643348 121 2064043 44618 117 1976396 39160 0
1459947781644774 123 2060229 44647 118 1973030 39202 0
1459947781646045 119 2051593 49118 113 1963527 44899 0
1459947781647527 126 2052592 46201 121 1965006 42754 0
1459947781649142 130 2058633 48160 124 1970209 44210 0
1459947781650603 123 2055242 47522 118 1967326 43413 0
1459947781651897 121 2049556 49050 115 1960828 46010 0
1459947781653278 121 2044314 50049 116 1956118 46756 0
1459947781654378 117 2034361 55312 112 1946656 51825 0
1459947781655798 125 2035426 51972 118 1945613 48737 0
1459947781657095 122 2032568 50545 117 1943371 46994 0
1459947781658736 126 2035053 48887 121 1946425 46137 0
1459947781660172 126 2037344 47179 120 1947960 43947 0
1459947781661847 131 2045856 51340 127 1958335 50078 0
1459947781663523 130 2052423 53383 125 1965340 52622 0
1459947781664777 125 2052077 49530 119 1964117 49636 0
1459947781666289 125 2051758 45953 119 1962990 46796 0
1459947781667820 128 2055304 45631 123 1967071 46902 0
1459947781669324 124 2053453 43772 119 1965713 44488 0
1459947781670711 124 2051746 41924 119 1964461 42165 0
1459947781672250 127 2054013 40738 122 1967147 41346 0
1459947781673683 124 2052263 39168 117 1963223 41731 0
1459947781675208 126 2053209 36981 119 1962166 39444 0
1459947781676705 127 2055362 36075 119 1961191 37260 0
1459947781678263 129 2059906 37445 123 1965412 38241 0
1459947781679731 121 2053855 40096 115 1959064 41104 0
1459947781681137 126 2054677 37721 119 1958332 38566 0
1459947781682797 127 2056715 36653 117 1955097 38534 0
1459947781684404 127 2058594 35521 116 1950835 39451 0
1459947781685748 128 2061606 35522 115 1945626 41170 0
1459947781687188 132 2069503 40026 118 1944663 38839 0
1459947781688626 128 2071663 38889 116 1941216 38981 0
1459947781690069 132 2078774 42405 117 1939318 37684 0
1459947781691583 135 2089169 48675 121 1942688 37846 0
1459947781693214 136 2100032 54887 123 1948355 40113 0
1459947781694833 138 2112607 62190 123 1953579 41795 0
1459947781696196 130 2113959 58577 115 1948155 43528 0
1459947781697648 128 2112645 55210 112 1939315 48275 0
1459947781698855 129 2112714 50960 112 1931166 52015 0
1459947781700459 135 2120458 54117 120 1933893 50465 0
1459947781701892 131 2122477 51750 113 1927447 52463 0
1459947781703457 136 2130738 55323 120 1930465 51146 0
1459947781704938 132 2133234 53301 116 1928127 49304 0
1459947781706220 127 2129135 52914 112 1920852 52158 0
1459947781707705 134 2134316 53556 115 1917985 50725 0
1459947781709378 140 2146772 60854 126 1929422 57305 0
1459947781710871 134 2150575 59605 120 1932285 55468 0
1459947781712257 134 2154081 58180 118 1932365 51207 0
1459947781713603 130 2152193 55374 111 1923478 55397 0
1459947781715282 137 2159412 57702 120 1926806 54137 0
1459947781716925 136 2164787 58150 119 1928594 51555 0
1459947781718565 138 2172303 60535 121 1932802 51406 0
1459947781720092 137 2177951 61012 120 1935401 49785 0
1459947781721608 134 2179318 57505 114 1930117 50765 0
1459947781723049 135 2181858 55354 116 1927806 48927 0
1459947781724654 137 2186760 55548 118 1928236 45500 0
1459947781726232 137 2191279 55374 118 1928632 42310 0
1459947781727877 136 2194165 53707 118 1928997 39341 0
1459947781729273 131 2190425 52957 116 1926774 38316 0
1459947781730626 134 2190818 49181 117 1926004 36031 0
1459947781731912 129 2184780 50903 113 1920174 38589 0
1459947781733399 133 2184334 47337 116 1918640 36987 0
1459947781734864 137 2189042 47979 116 1917226 35400 0
1459947781736302 133 2188263 44948 116 1915922 33835 0
1459947781737803 134 2188824 41954 116 1914720 32298 0
1459947781739494 142 2199582 48593 124 1923852 38193 0
1459947781741110 137 2203099 48038 120 1927151 38250 0
1459947781742570 136 2205061 46094 117 1926352 35997 0
1459947781744055 133 2203030 44363 117 1925615 33862 0
1459947781745431 136 2204998 42711 115 1922376 34201 0
1459947781747067 140 2211932 45766 121 1927070 35856 0
1459947781748382 129 2204244 49276 113 1921157 38504 0
1459947781749705 132 2200997 48418 114 1916986 39339 0
1459947781751143 135 2201844 45415 115 1914421 38629 0
1459947781752620 135 2202624 42586 116 1913336 36610 0
1459947781754256 139 2208464 44641 119 1916176 36367 0
1459947781755828 138 2212567 44936 123 1923914 40659 0
1459947781757246 137 2215070 43732 116 1922088 39165 0
1459947781758735 139 2219937 44802 121 1926804 40453 0
1459947781760195 137 2221864 43077 118 1927312 37760 0
1459947781761826 140 2227480 44889 122 1932900 39962 0
1459947781763555 141 2233938 47335 121 1936772 40408 0
1459947781765147 137 2234771 44404 118 1936501 37500 0
1459947781766578 132 2229139 46125 113 1929851 40699 0
1459947781768062 138 2231627 44815 117 1928841 38449 0
1459947781769554 133 2227521 45098 114 1924070 39842 0
1459947781771132 133 2223735 45063 115 1920952 39603 0
1459947781772473 132 2218965 45938 111 1912957 43878 0
1459947781773806 133 2215848 45222 116 1911987 41343 0
1459947781775549 141 2223214 48480 123 1920053 45548 0
1459947781777096 139 2227445 48592 116 1918528 43394 0
1459947781778633 136 2227505 44851 116 1917123 41298 0
1459947781780132 137 2228841 42578 117 1917107 38084 0
1459947781781820 139 2232632 42746 122 1923493 40995 0
1459947781783587 142 2239967 46168 120 1926820 40859 0
1459947781785115 135 2237769 44586 115 1923487 40738 0
1459947781786433 129 2228063 50049 108 1911454 48647 0
1459947781787631 127 2216555 56746 110 1902921 52711 0
1459947781789155 135 2216186 52651 118 1905295 50780 0
1459947781790708 136 2217126 49404 116 1904923 47154 0
1459947781792454 141 2224393 52243 121 1910980 49054 0
1459947781793957 134 2222132 50245 118 1912724 46829 0
1459947781828510 138 2225167 49117 116 1911772 44047 0
1459947781829919 136 2225405 45499 114 1908334 43773 0
1459947781831239 133 2221785 45280 111 1901325 46814 0
1459947781832732 140 2227408 46925 118 1903823 45459 0
1459947781834346 135 2226191 44379 115 1902286 43323 0
1459947781835754 135 2225069 41944 115 1900869 41243 0
1459947781837495 138 2227875 41254 115 1899563 39223 0
1459947781838953 137 2229182 39236 114 1897079 38447 0
1459947781840413 136 2229107 36238 116 1897349 35692 0
1459947781842031 137 2230318 34522 118 1900158 35493 0
1459947781843729 140 2235274 36393 118 1902748 35107 0
1459947781845319 139 2238563 36581 118 1905135 34565 0
1459947781847036 140 2242875 37698 119 1908616 35073 0
1459947781848656 139 2245570 37236 119 1911825 35290 0
1459947781850254 142 2251894 40156 119 1914783 35259 0
1459947781851896 141 2256444 41213 116 1913670 33529 0
1459947781853529 138 2256799 38320 115 1911364 33034 0
1459947781855291 139 2258406 36808 117 1911798 30853 0
1459947781857086 146 2268848 43558 122 1918598 34711 0
1459947781858616 140 2270794 41949 117 1918467 32119 0
1459947781859959 134 2264908 44096 111 1910666 36799 0
1459947781861604 137 2263322 42113 119 1913715 36735 0
1459947781863245 137 2261859 40169 117 1913966 34096 0
1459947781864756 138 2261791 37092 116 1912917 32398 0
1459947781866368 140 2264288 36496 118 1914510 31334 0
1459947781867793 134 2258910 38601 111 1907018 35791 0
1459947781869349 136 2256512 37795 114 1903952 35820 0
1459947781870902 138 2256862 35164 116 1903685 33266 0
1459947781872243 135 2253344 35658 112 1898319 35613 0
1459947781873933 141 2257781 36962 119 1902332 36530 0
1459947781875621 141 2261871 37845 118 1904752 35907 0
1459947781877061 137 2260522 36131 114 1901863 35764 0
1459947781878668 143 2266958 39241 120 1906879 37594 0
1459947781880059 135 2262651 40144 113 1902544 38652 0
1459947781881087 116 2262651 40144 94 1902544 38652 1
1459947781882489 137 2261241 38306 116 1902387 35775 0
1459947781884150 142 2266341 40015 120 1907363 37567 0
1459947781885832 142 2271043 41222 120 1911950 38860 0
1459947781887348 137 2268977 39904 115 1909778 37825 0
1459947781888728 134 2263233 42081 112 1903936 40254 0
1459947781890356 138 2263057 38954 116 1903671 37353 0
1459947781891996 141 2266735 39301 119 1907266 37748 0
1459947781893783 146 2276526 45256 122 1914420 41393 0
1459947781895234 138 2275312 42838 118 1915895 39519 0
1459947781896496 130 2263953 49962 111 1908295 43436 0
1459947781898033 138 2263721 46271 116 1907689 40600 0
1459947781899751 139 2264787 43639 118 1909690 39273 0
1459947781901417 140 2267050 42315 118 1911535 37905 0
1459947781902785 138 2266576 39445 116 1910676 35734 0
1459947781904281 137 2264859 37945 117 1911164 33392 0
1459947781905924 139 2265836 35881 119 1914174 33558 0
1459947781907476 139 2266737 33908 118 1915669 32314 0
1459947781909042 143 2272688 36744 120 1919607 33419 0
1459947781910475 140 2274334 35390 115 1916837 33360 0
1459947781911912 134 2268171 38305 111 1909164 37826 0
1459947781913161 135 2263770 39369 114 1905930 37850 0
1459947781914546 134 2258432 41213 111 1899109 41179 0
1459947781916007 138 2258632 38177 116 1899221 38064 0
1459947781917587 139 2260096 36544 116 1899324 35185 0
1459947781918929 136 2257606 35984 112 1894299 37068 0
1459947781920317 137 2256590 34108 115 1893506 34902 0
1459947781922002 139 2258213 32940 116 1894055 32681 0
1459947781923562 141 2262270 34106 116 1894561 30594 0
1459947781925221 137 2260890 32713 117 1896308 29813 0
1459947781926697 136 2258337 32509 115 1895358 28357 0
1459947781928280 143 2264944 36060 119 1899603 30054 0
1459947781929798 138 2264635 33526 113 1895836 31178 0
1459947781931283 140 2266910 33003 118 1898763 31441 0
1459947781932723 135 2262607 34390 112 1893782 33575 0
1459947781934172 135 2258640 35359 113 1890470 34003 0
1459947781935670 136 2256263 34786 117 1892537 33251 0
1459947781937263 140 2259192 34768 117 1894442 32409 0
1459947781938832 142 2264452 36900 118 1897478 32676 0
1459947781939918 118 2264452 36900 94 1897478 32676 1
1459947781941308 139 2265461 34947 114 1895157 32262 0
1459947781942764 136 2262551 34897 115 1894297 30532 0
1459947781944298 142 2267549 36777 117 1896065 29775 0
1459947781945746 136 2264476 36735 112 1891294 31845 0
1459947781947367 137 2262923 35295 114 1889456 31050 0
1459947781948807 133 2256372 38576 110 1882642 34905 0
1459947781950245 134 2251612 39949 111 1877640 36788 0
1459947781951677 136 2249784 38511 115 1878149 34382 0
1459947781953137 135 2246819 38234 112 1874778 34802 0
1459947781954669 140 2250486 38626 115 1875510 32758 0
1459947781956116 138 2251306 36364 116 1877465 32001 0
1459947781957838 146 2262302 43660 122 1886948 38242 0
1459947781959473 141 2266039 43694 118 1890570 38593 0
1459947781960833 136 2263084 43003 114 1888789 37218 0
1459947781962011 133 2256520 45693 108 1879467 42903 0
1459947781963651 140 2259429 44805 117 1882393 42249 0
1459947781965091 140 2262111 43776 116 1883811 40255 0
1459947781966364 136 2259463 42796 113 1881278 39444 0
1459947781967810 139 2260862 40742 115 1881503 36569 0
1459947781969261 136 2258312 39909 113 1879150 35880 0
1459947781970416 129 2247001 47217 107 1869301 42155 0
1459947781971895 139 2249374 45715 114 1869181 38970 0
1459947781973520 142 2255401 47699 119 1875471 41723 0
1459947781975147 139 2257117 45554 116 1877429 40268 0
1459947781976682 139 2258699 43454 114 1876674 37817 0
1459947781978275 139 2260158 41404 116 1878538 36581 0
1459947781979834 136 2257663 40468 114 1877697 34498 0
1459947781981410 139 2259203 38725 116 1879481 33447 0
1459947781982876 133 2252942 41470 110 1873446 36395 0
1459947781984197 133 2247170 43550 110 1867883 38679 0
1459947781985566 130 2238009 48591 108 1860194 42744 0
1459947781987197 138 2239804 46449 116 1863346 42310 0
1459947781988944 142 2246579 49066 119 1870092 45223 0
1459947781990482 141 2251545 49810 118 1875031 46242 0
1459947781991726 134 2247163 49957 109 1868064 49051 0
1459947781993106 138 2248243 47050 110 1862921 49958 0
1459947781994500 137 2247959 43635 113 1862020 46885 0
1459947781995846 138 2248977 41164 112 1859909 45167 0
1459947781997380 141 2253755 42353 118 1865643 46924 0
1459947781998852 137 2253040 39702 114 1865809 43411 0
1459947782000468 142 2258781 41892 117 1869802 43700 0
1459947782001976 137 2257673 39639 114 1869643 40430 0
1459947782003333 137 2256652 37482 110 1864377 42125 0
1459947782004664 134 2251871 38960 112 1862082 40948 0
1459947782006301 143 2258983 42472 118 1867646 42878 0
1459947782007786 137 2257859 40188 113 1866376 40698 0
1459947782009329 140 2260663 39633 115 1867765 38798 0
1459947782010901 142 2265808 41279 121 1876725 44026 0
1459947782012304 138 2265431 38400 116 1878585 42301 0
1459947782013552 133 2258684 41619 110 1872620 44494 0
1459947782015200 142 2263984 43253 120 1879921 47748 0
1459947782016653 137 2262470 41268 112 1876412 47251 0
1459947782018171 138 2262354 38149 114 1875737 44180 0
1459947782019631 139 2263527 36249 117 1878955 43694 0
1459947782021182 142 2268448 37954 117 1881921 43014 0
1459947782022797 140 2270425 36811 116 1883375 40994 0
1459947782024058 136 2267128 36974 111 1878316 42454 0
1459947782025545 138 2266648 34526 114 1877492 39896 0
1459947782026740 129 2266648 34526 104 1877492 39896 1
1459947782028125 137 2264926 33415 114 1876732 37478 0
1459947782029583 139 2265898 31700 112 1873472 37555 0
1459947782030842 132 2257834 36656 110 1867907 39751 0
1459947782032158 135 2254240 37104 109 1861496 42554 0
1459947782033545 134 2249647 38438 111 1858146 42316 0
1459947782034941 137 2249253 35797 110 1853778 43036 0
1459947782036344 136 2247610 34514 113 1853591 39844 0
1459947782037861 138 2248655 32780 116 1857259 40112 0
1459947782039222 136 2247058 31690 111 1854240 39760 0
1459947782040834 137 2246866 29390 114 1855297 37627 0
1459947782042488 144 2255649 35190 120 1863951 42665 0
1459947782043922 138 2256066 32824 115 1865529 40786 0
1459947782045496 139 2257730 31793 113 1864424 38617 0
1459947782046814 135 2254144 32614 109 1858285 41258 0
1459947782048388 136 2252119 31932 113 1857746 38530 0
1459947782049898 141 2256652 33616 115 1859809 37421 0
1459947782051317 137 2255711 31856 112 1857871 36283 0
1459947782052819 139 2257403 30927 115 1859924 35341 0
1459947782054354 138 2257683 28768 114 1860537 33144 0
1459947782056007 143 2264341 32658 120 1868782 38155 0
1459947782057510 138 2264079 30347 115 1869983 36281 0
1459947782058956 140 2266397 30113 115 1871090 34467 0
1459947782060412 140 2268534 29730 114 1870831 32012 0
1459947782061882 139 2269224 28043 112 1868032 32091 0
1459947782063608 143 2274980 31159 117 1871852 33104 0
1459947782065299 143 2280287 33616 120 1879213 37303 0
1459947782066821 136 2276219 34738 114 1878319 35211 0
1459947782068247 140 2277589 33287 113 1876215 34399 0
1459947782069667 138 2276292 31881 113 1874275 33498 0
1459947782070923 136 2272536 32851 112 1871207 33708 0
1459947782072294 134 2266514 35835 109 1864538 37221 0
1459947782073859 140 2268642 34997 115 1866070 35726 0
1459947782075447 143 2274444 37611 116 1868763 35416 0
1459947782076963 141 2277233 37243 116 1871245 34937 0
1459947782078310 139 2277244 34343 114 1870973 32456 0
1459947782079769 143 2282374 36388 118 1875843 34409 0
1459947782081501 147 2292223 42625 122 1885452 40579 0
1459947782083073 143 2296183 42944 120 1891751 43214 0
1459947782084575 141 2297273 40594 118 1894997 42830 0
1459947782085986 139 2295718 38854 116 1895430 39882 0
1459947782087300 135 2289165 41859 110 1888149 43477 0
1459947782088577 134 2281843 45336 109 1880157 47447 0
1459947782090135 140 2282774 42652 115 1880469 44028 0
1459947782091389 135 2277232 44427 110 1874357 46222 0
1459947782092646 133 2269563 48025 109 1867442 48983 0
1459947782094156 139 2270173 44835 115 1868748 46360 0
1459947782095791 142 2274575 45390 120 1876352 49748 0
1459947782097351 142 2278633 45584 118 1880802 49963 0
1459947782098882 142 2282374 45471 116 1882344 47480 0
1459947782100389 141 2284543 43918 119 1887605 48620 0
1459947782102011 139 2283983 41002 118 1891175 48112 0
1459947782103210 136 2279626 41813 111 1885506 49578 0
1459947782104505 134 2273050 44608 110 1879000 51700 0
1459947782106038 136 2269547 44351 114 1878123 48468 0
1459947782107467 138 2268878 41502 112 1874754 47786 0
1459947782109201 143 2274661 43591 115 1875488 44729 0
1459947782110695 145 2282553 47460 118 1880005 45398 0
1459947782112109 139 2282148 44124 114 1879049 42731 0
1459947782113624 140 2283055 41512 118 1883288 43300 0
1459947782115141 138 2281331 39856 115 1883356 39979 0
1459947782116664 136 2277182 40566 113 1880858 39157 0
1459947782118282 138 2275917 38562 116 1882395 37514 0
1459947782119799 142 2279870 39194 118 1886372 38250 0
1459947782121235 140 2280955 37131 116 1887479 36281 0
1459947782122380 133 2280955 37131 105 1887479 36281 1
1459947782123663 135 2275555 39207 110 1880819 39584 0
1459947782124930 134 2269297 41911 110 1874680 42150 0
1459947782126269 136 2266088 41594 110 1869020 44074 0
1459947782127629 139 2266969 39157 113 1867642 41899 0
1459947782128939 132 2258822 43607 106 1857412 48055 0
1459947782130206 137 2257711 41223 113 1856941 44733 0
1459947782131549 136 2255407 40125 112 1855227 42817 0
1459947782132923 136 2253283 38947 112 1853647 40927 0
1459947782134403 140 2256445 38819 117 1858590 42286 0
1459947782135966 139 2258080 37293 117 1863147 43183 0
1459947782137518 141 2262147 38128 117 1867348 43682 0
1459947782138944 139 2263336 36245 114 1867381 40299 0
1459947782140466 139 2264432 34424 115 1868691 38358 0
1459947782141990 140 2266723 33846 115 1869899 36475 0
1459947782143571 141 2270115 34328 118 1874853 38192 0
1459947782144960 137 2268122 33483 112 1871740 38077 0
1459947782146574 141 2271404 33893 114 1871430 35387 0
1459947782148107 140 2273150 32855 113 1869864 34065 0
1459947782149676 142 2277320 34132 117 1873540 34792 0
1459947782151180 139 2277324 31469 117 1876929 35197 0
1459947782152768 143 2282448 33733 117 1880053 35327 0
1459947782154367 141 2284611 33091 116 1881653 34042 0
1459947782156216 147 2294285 39423 120 1888248 37462 0
1459947782158178 148 2304483 45745 126 1902008 47220 0
1459947782160032 145 2310045 47298 119 1905733 46964 0
1459947782161738 145 2315172 48329 121 1911727 48820 0
1459947782163333 143 2317339 46550 117 1912133 45379 0
1459947782164444 137 2311656 48151 111 1904827 48567 0
1459947782165929 137 2306417 49217 115 1903212 46260 0
1459947782167304 133 2296468 54542 111 1896603 48737 0
1459947782168999 142 2298816 52445 116 1896910 45212 0
1459947782170427 137 2294581 52251 110 1889513 48497 0
1459947782171924 142 2297076 50468 116 1890374 45502 0
1459947782173665 143 2300656 49826 118 1893728 45039 0
1459947782175161 137 2296277 49969 112 1889140 45749 0
1459947782176728 140 2296080 46246 115 1888750 42532 0
1459947782178402 143 2299738 46005 117 1890951 41238 0
1459947782179924 139 2297990 44020 115 1890420 38505 0
1459947782181437 139 2296379 42064 116 1891210 36225 0
1459947782182868 136 2291054 43685 110 1884259 39801 0
1459947782184369 138 2288705 42437 110 1877851 42598 0
1459947782186000 142 2291659 41845 118 1882183 43264 0
1459947782187675 142 2294383 41086 118 1886177 43566 0
1459947782189432 141 2295614 39011 119 1891139 44736 0
1459947782191097 144 2300589 40549 118 1894433 44278 0
1459947782192774 144 2305175 41609 118 1897470 43618 0
1459947782194270 140 2304283 39180 115 1896430 41168 0
1459947782195780 139 2302180 38056 115 1895471 38834 0
1459947782197157 138 2298962 38048 113 1892027 38974 0
1459947782198692 139 2297275 36629 115 1891412 36495 0
1459947782199903 135 2290600 39920 109 1883165 41245 0
1459947782201069 132 2280606 46013 109 1875562 45030 0
1459947782202080 123 2280606 46013 100 1875562 45030 1
1459947782203197 133 2272673 49730 108 1867273 49152 0
1459947782204497 138 2271760 46685 112 1864752 47635 0
1459947782205917 142 2276038 46981 115 1866268 45310 0
1459947782207497 140 2277422 44586 114 1866385 41878 0
1459947782208972 144 2283818 46998 118 1871613 43426 0
1459947782210430 141 2285874 45222 115 1872593 40936 0
1459947782211967 140 2286490 42256 115 1873496 38570 0
1459947782213565 142 2289617 41837 118 1878169 39864 0
1459947782215157 145 2296340 44766 121 1886317 44260 0
1459947782216801 143 2299978 44622 117 1888708 43006 0
1459947782218300 136 2294372 46302 111 1883232 44693 0
1459947782219785 142 2296884 44999 117 1885864 43627 0
1459947782221312 141 2297919 42438 116 1887010 41275 0
1459947782223381 135 2291194 45321 134 1911107 60264 0
1459947782225509 138 2288834 43955 136 1935881 78394 0
1459947782227574 137 2285378 43706 135 1957440 92144 0
1459947782229506 136 2280912 44407 133 1974755 100907 0
1459947782231235 129 2267835 52991 127 1983037 100658 0
1459947782233245 137 2266020 50523 136 2002192 110452 0
1459947782235189 135 2261787 50477 134 2017290 115741 0
1459947782236996 132 2254044 53670 127 2022249 111269 0
1459947782238772 129 2243066 59596 127 2026820 106790 0
1459947782240738 135 2240626 57188 133 2038714 109412 0
1459947782242728 130 2231977 60693 127 2041999 103892 0
1459947782244750 133 2227843 59761 132 2051427 104467 0
1459947782246615 132 2222752 59784 131 2058839 103138 0
1459947782248480 133 2219339 58258 133 2068232 103739 0
1459947782250471 136 2220033 54345 133 2076891 103616 0
1459947782252425 134 2218112 51869 131 2082313 100520 0
1459947782254515 136 2218902 48544 134 2091152 100814 0
1459947782256515 136 2219630 45422 134 2099300 100449 0
1459947782258426 136 2220301 42491 133 2105532 98346 0
1459947782260306 133 2217079 42140 131 2108717 93598 0
1459947782262156 131 2211549 43944 128 2107813 87117 0
1459947782264065 133 2209011 42848 130 2109540 81902 0
1459947782265975 130 2202832 45196 128 2108572 76395 0
1459947782267785 128 2194575 49276 126 2105119 73608 0
1459947782269549 131 2190803 48902 130 2107056 69643 0
1459947782271492 136 2193726 47776 132 2111402 68208 0
1459947782273213 132 2191301 46278 129 2111568 63032 0
1459947782274792 123 2177545 55342 121 2101481 67405 0
1459947782276280 123 2164864 62708 121 2092182 70709 0
1459947782278218 135 2168534 61191 133 2098970 71441 0
1459947782280287 136 2173197 60708 135 2107787 73988 0
1459947782282374 137 2178775 61108 136 2117196 76881 0
1459947782284416 136 2182638 59894 136 2125870 78870 0
1459947782286479 133 2182359 55470 132 2128746 75359 0
1459947782288434 135 2184662 53259 133 2132677 73095 0
1459947782290086 133 2184225 49500 130 2132461 67582 0
1459947782291927 134 2185102 46440 131 2133542 63299 0
1459947782293679 133 2184630 43245 130 2133259 58613 0
1459947782295684 132 2182915 41446 131 2134278 54972 0
1459947782297317 123 2169814 50284 123 2124977 59250 0
1459947782299131 136 2174377 50561 134 2130483 59697 0
1459947782301069 136 2178583 50488 133 2134279 58532 0
1459947782303103 138 2185021 52478 136 2141618 60725 0
1459947782305166 138 2190956 53849 136 2148384 62217 0
1459947782307105 132 2188747 51677 129 2145661 59865 0
1459947782308939 135 2190551 49302 131 2145711 55234 0
1459947782310778 136 2193494 48163 132 2147037 52140 0
1459947782312539 133 2192367 45438 131 2146979 48118 0
1459947782314343 133 2191328 42845 131 2146926 44406 0
1459947782316118 132 2189090 41559 129 2144317 43340 0
1459947782318045 138 2194707 43490 134 2148312 43637 0
1459947782319687 129 2188365 45938 127 2143035 45091 0
1459947782321293 129 2182518 47738 127 2138170 46052 0
1459947782323067 133 2182248 44256 130 2137525 43048 0
1459947782324852 128 2175599 46926 127 2133090 43771 0
1459947782326566 131 2173310 45368 128 2130282 42939 0
1459947782328503 135 2176320 44598 131 2131533 40737 0
1459947782330191 122 2176320 44598 119 2131533 40737 1
1459947782331952 133 2176535 41311 131 2132686 38617 0
1459947782333898 133 2176733 38265 134 2137589 40120 0
1459947782335839 134 2178195 36623 132 2139549 38792 0
1459947782337637 133 2178263 33824 130 2138796 36454 0
1459947782339473 131 2175766 33482 129 2136822 35425 0
1459947782341473 130 2172184 34167 129 2135002 34334 0
1459947782343444 136 2176562 35533 134 2139724 36005 0
1459947782345400 132 2175478 33755 129 2137678 35078 0
1459947782347485 138 2182158 37275 135 2143471 37678 0
1459947782349437 136 2185756 37679 134 2147532 38478 0
1459947782351479 137 2190353 38973 136 2153836 41282 0
1459947782353416 134 2190751 36295 133 2155807 39873 0
1459947782355288 135 2192398 34977 130 2153784 38621 0
1459947782357091 134 2192636 32464 134 2157039 38604 0
1459947782358980 136 2195416 32490 133 2158760 37174 0
1459947782360978 134 2195419 29953 132 2159066 34551 0
1459947782362761 132 2192861 29969 132 2159348 32111 0
1459947782364728 131 2189223 30980 129 2155768 32901 0
1459947782366599 132 2187149 30470 130 2153748 32191 0
1459947782368592 135 2189077 29867 133 2155726 31499 0
1459947782370316 130 2184455 31793 128 2151149 33256 0
1459947782371868 125 2173794 39136 124 2141810 39265 0
1459947782373588 132 2172926 36877 129 2139601 38233 0
1459947782375331 132 2172126 34732 130 2138844 35943 0
1459947782377133 130 2168828 35057 128 2135586 36136 0
1459947782378995 135 2172188 35415 132 2137703 35263 0
1459947782380769 131 2170165 34512 130 2137094 33068 0
1459947782382630 134 2172140 33636 133 2140373 33507 0
1459947782384812 137 2177801 36227 136 2147236 37216 0
1459947782386840 139 2185580 40567 137 2154843 41320 0
1459947782388873 133 2185071 37865 132 2155455 38656 0
1459947782390723 135 2187162 36833 133 2157300 37336 0
1459947782392571 130 2182689 38077 127 2151320 39930 0
1459947782394548 131 2179846 37722 128 2147088 40711 0
1459947782396426 129 2174665 39549 125 2139346 44666 0
1459947782398316 133 2175009 36776 130 2138609 41854 0
1459947782400277 134 2176606 35374 132 2140490 40318 0
1459947782402173 128 2170398 38332 127 2135824 41469 0
1459947782404064 132 2169795 35892 133 2139202 41343 0
1459947782405703 129 2165399 37138 127 2134636 42321 0
1459947782407752 136 2170307 38760 134 2139387 43394 0
1459947782409638 133 2170991 36362 133 2142487 42861 0
1459947782411480 134 2172902 35283 132 2144065 40966 0
1459947782413371 134 2174664 34150 133 2146799 40286 0
1459947782415208 134 2176288 32979 132 2148040 38282 0
1459947782417180 134 2177785 31782 133 2150464 37526 0
1459947782419283 138 2184285 35291 136 2156539 40194 0
1459947782421132 134 2185157 33337 133 2158299 38675 0
1459947782422990 138 2191081 36193 136 2163761 40689 0
1459947782424881 138 2196542 38400 135 2167517 40972 0
1459947782426830 137 2200297 38861 135 2170979 40963 0
1459947782428583 130 2194798 40892 126 2162651 45439 0
1459947782430439 132 2192289 40009 129 2158813 45426 0
1459947782432360 136 2195096 39471 133 2160395 43336 0
1459947782434269 135 2196404 37592 132 2160574 40115 0
1459947782436043 129 2189929 40623 125 2151779 45088 0
1459947782437742 130 2185240 41770 128 2147511 45499 0
1459947782439703 132 2183478 40130 131 2147416 42030 0
1459947782441451 130 2179293 40851 128 2143489 42366 0
1459947782443467 138 2185675 43543 136 2150108 45158 0
1459947782445355 129 2180039 45336 129 2147250 44263 0
1459947782447183 132 2178683 43043 130 2145896 42052 0
1459947782449382 137 2183833 44428 133 2148487 41155 0
1459947782450956 119 2183833 44428 117 2148487 41155 1
1459947782453188 139 2191141 47694 138 2157276 46041 0
1459947782455218 136 2194038 46637 135 2161538 46373 0
1459947782457185 133 2192868 44070 132 2161627 42832 0
1459947782459121 126 2182830 49880 125 2152749 47668 0
1459947782461222 138 2188936 51612 135 2157365 48198 0
1459947782463379 140 2197125 55128 138 2165460 51895 0
1459947782465496 136 2199554 53060 133 2166523 48820 0
1459947782467623 138 2204353 53338 136 2171343 49448 0
1459947782469711 135 2204937 49709 134 2173226 47320 0
1459947782471744 136 2206756 47502 134 2174962 45224 0
1459947782473666 133 2204593 45783 133 2175283 41986 0
1459947782475769 138 2208999 46267 135 2178139 41337 0
1459947782477737 134 2207940 43627 132 2176931 39219 0
1459947782479551 132 2204404 43477 131 2174538 38360 0
1459947782481361 134 2203704 40724 131 2172332 37396 0
1459947782483422 133 2201779 39315 131 2170298 36348 0
1459947782485264 129 2194885 42598 127 2163303 39956 0
1459947782486954 130 2189809 43948 128 2158134 41598 0
1459947782488764 133 2188970 41287 132 2158489 38676 0
1459947782490548 128 2181796 44673 124 2148577 44791 0
1459947782492426 136 2185423 44525 135 2153519 45847 0
1459947782494328 133 2184926 41503 133 2155515 44105 0
1459947782496148 134 2185748 39018 130 2153515 42502 0
1459947782498041 138 2191626 41388 136 2159351 44561 0
1459947782500171 140 2199605 45509 136 2164731 46039 0
1459947782502117 133 2198000 43431 132 2164571 42589 0
1459947782504055 135 2199081 41033 134 2166983 41485 0
1459947782505985 133 2197517 39268 131 2165367 39732 0
1459947782508090 139 2203755 41951 136 2170277 41154 0
1459947782509845 132 2200546 41630 128 2164564 43204 0
1459947782511678 131 2196308 42283 126 2156737 47043 0
1459947782513487 130 2191121 43760 127 2150801 48838 0
1459947782515381 132 2188899 42388 130 2149169 46525 0
1459947782517260 129 2183011 44503 128 2145105 46636 0
1459947782519216 138 2189103 46642 137 2152878 50158 0
1459947782521072 131 2185759 46080 128 2148524 50252 0
1459947782522903 129 2180116 47681 124 2139390 54745 0
1459947782524839 135 2182594 46239 130 2138650 51150 0
1459947782526771 135 2184878 44732 130 2137967 47781 0
1459947782528699 134 2185704 41998 130 2137338 44627 0
1459947782530454 132 2183905 40373 129 2135478 42854 0
1459947782532271 130 2179687 41106 128 2132483 42266 0
1459947782534160 135 2182198 40209 134 2137402 43498 0
1459947782535849 130 2178113 40832 127 2132977 44177 0
1459947782537926 142 2189707 48331 139 2144258 51124 0
1459947782539725 134 2190156 44969 134 2148257 50816 0
1459947782541456 131 2186730 44613 131 2148104 46986 0
1459947782543371 133 2186131 41678 130 2146683 44624 0
1459947782545413 135 2188139 40272 133 2149213 43469 0
1459947782547322 130 2183590 41317 128 2145145 43821 0
1459947782549083 129 2178117 43134 128 2141395 43853 0
1459947782550985 132 2176911 40875 130 2140498 41252 0
1459947782552691 129 2171959 42245 127 2135831 42330 0
1459947782554714 137 2177634 44176 134 2140489 43316 0
1459947782556861 139 2185426 47907 137 2148623 47429 0
1459947782558779 137 2190049 48426 135 2153561 48276 0
1459947782560457 124 2177671 56052 122 2141474 55646 0
1459947782562140 131 2175220 53931 129 2139291 53310 0
1459947782564124 137 2180640 54714 134 2143678 53190 0
1459947782566162 133 2180517 50551 131 2143883 49223 0
1459947782568105 133 2180404 46705 131 2144072 45551 0
1459947782569763 128 2173899 49051 123 2134006 51271 0
1459947782571295 125 2164063 54285 122 2123446 56999 0
1459947782572991 127 2157555 56041 120 2111151 63878 0
1459947782574942 134 2160516 54391 132 2115177 62598 0
1459947782576967 137 2167085 56197 134 2121448 63488 0
1459947782578675 132 2166741 52122 131 2123389 60318 0
1459947782580196 128 2161304 53060 126 2118779 59854 0
1459947782581905 127 2155012 54714 125 2113249 60274 0
1459947782583863 135 2159451 54531 134 2119671 61485 0
1459947782585681 132 2159703 50503 130 2120471 57419 0
1459947782587164 127 2153536 52242 125 2114809 58152 0
1459947782588774 128 2149131 52220 126 2110869 57239 0
1459947782590426 130 2147630 49523 126 2107237 56114 0
1459947782592086 129 2144966 48109 127 2105169 53636 0
1459947782593706 125 2137390 51333 124 2099422 54742 0
1459947782595554 134 2141926 51504 133 2105644 56201 0
1459947782597367 128 2138428 50704 127 2103700 53601 0
1459947782598999 132 2140323 48489 129 2104468 50121 0
1459947782600686 125 2133110 51349 124 2098776 51451 0
1459947782602177 126 2127740 52286 124 2093529 52267 0
1459947782604092 135 2134310 54258 135 2102772 56703 0
1459947782605703 130 2133967 50335 128 2102332 52677 0
1459947782607557 134 2138770 50830 132 2107047 52907 0
1459947782609439 134 2143198 50940 131 2110113 51600 0
1459947782611151 130 2142160 47916 128 2109100 48501 0
1459947782612704 131 2142483 44470 129 2109446 45030 0
1459947782614567 137 2150461 48350 134 2116165 47706 0
1459947782616390 124 2141176 53131 122 2106999 52427 0
1459947782618424 134 2145416 52889 130 2108789 49981 0
1459947782620433 134 2149325 52360 132 2112999 49957 0
1459947782622180 132 2150368 49231 131 2115600 48452 0
1459947782624087 132 2151330 46271 131 2117998 46877 0
1459947782626003 131 2150937 43017 128 2116369 44715 0
1459947782627992 133 2153135 41682 131 2118707 43377 0
1459947782629734 132 2153881 39113 128 2117023 41540 0
1459947782631626 134 2157129 39051 130 2118030 39222 0
1459947782633914 142 2157129 39051 140 2118030 39222 1
1459947782635739 131 2156283 36779 129 2117678 36480 0
1459947782637525 131 2155503 34623 129 2117354 33928 0
1459947782639296 130 2153504 33760 129 2117055 31551 0
1459947782641029 129 2150381 34000 126 2112940 32879 0
1459947782642706 127 2144942 36356 125 2107866 34987 0
1459947782644184 126 2138648 39316 125 2103188 36564 0
1459947782645927 130 2137966 36872 128 2102716 34141 0
1459947782647896 135 2143737 39311 131 2106121 34612 0
1459947782649642 130 2142657 37234 127 2104140 33732 0
1459947782651629 139 2153181 44027 135 2112554 38852 0
1459947782653693 135 2157763 44811 132 2116470 39426 0
1459947782655448 130 2155587 43315 128 2114960 37736 0
1459947782657301 132 2156141 40442 130 2116128 35864 0
1459947782659185 133 2157932 38933 131 2118485 35235 0
1459947782661022 132 2158303 36233 130 2119378 33305 0
1459947782662863 134 2161205 36077 131 2121481 32642 0
1459947782665040 137 2167720 39264 137 2131100 38958 0
1459947782666916 133 2168606 37013 131 2132287 37009 0
1459947782669069 140 2178383 43134 138 2142342 43386 0
1459947782671233 140 2187396 48073 137 2150331 47361 0
1459947782673100 131 2184185 47276 129 2147456 46310 0
1459947782674985 133 2183785 43950 129 2144806 45134 0
1459947782676705 133 2183416 40855 130 2143643 42679 0
1459947782678260 128 2176676 43875 126 2137450 45052 0
1459947782680053 131 2174303 42634 128 2134301 44434 0
1459947782681912 132 2173395 40139 131 2135238 41826 0
1459947782684024 136 2177678 40951 135 2141222 44075 0
1459947782686005 136 2181626 41391 136 2148019 46897 0
1459947782687847 130 2177586 41880 128 2144045 46896 0
1459947782689503 121 2177586 41880 119 2144045 46896 1
1459947782691378 133 2177702 38715 132 2145501 44574 0
1459947782693080 132 2176529 36771 130 2144283 42213 0
1459947782694825 129 2171607 38434 128 2140600 42309 0
1459947782696755 132 2170910 36073 128 2137205 42132 0
1459947782698747 134 2172827 35021 133 2140475 41855 0
1459947782700749 133 2173314 32733 130 2139650 39345 0
