1459947780003832 140 2293760 0 138 2260992 0 0
1459947780007845 146 2301440 7080 146 2271232 9440 0
1459947780011808 144 2305960 10692 142 2275552 12684 0
1459947780015588 141 2306286 10157 139 2275694 11824 0
1459947780019128 141 2306587 9640 140 2277105 12201 0
1459947780022646 139 2304304 10989 137 2274566 13587 0
1459947780026073 140 2303480 10889 137 2272225 14682 0
1459947780029788 142 2305280 11698 139 2272627 13905 0
1459947780033568 144 2309500 14674 142 2276838 16700 0
1459947780037241 143 2312110 15933 138 2275600 16536 0
1459947780040491 139 2309396 17189 135 2270618 19836 0
1459947780044149 146 2315854 21799 143 2276265 23492 0
1459947780047416 138 2311567 24046 137 2273791 23935 0
1459947780050805 141 2311455 22269 137 2271511 24166 0
1459947780054465 141 2311352 20623 139 2271969 22700 0
1459947780058037 141 2311257 19097 140 2273671 22495 0
1459947780061681 146 2317570 23424 145 2281640 28083 0
1459947780065323 140 2315709 23308 139 2281306 26196 0
1459947780069149 142 2316554 22266 140 2282278 25046 0
1459947780072978 145 2321173 24784 142 2285735 26275 0
1459947780076634 144 2324151 25592 140 2286361 24800 0
1459947780080486 147 2330736 29663 145 2293339 29294 0
1459947780084213 144 2332967 29401 141 2294651 28215 0
1459947780087841 142 2332463 27567 140 2294581 26074 0
1459947780091443 141 2330719 27020 138 2291956 26455 0
1459947780094807 140 2327831 27570 137 2288256 27798 0
1459947780098374 141 2326449 26689 139 2287406 26409 0
1459947780102413 147 2332855 30508 145 2294302 30702 0
1459947780106235 140 2329800 30939 139 2292979 29521 0
1459947780109584 138 2324424 33476 135 2286640 33057 0
1459947780113042 140 2322028 33068 137 2283356 33501 0
1459947780116397 137 2315979 36059 136 2279048 34853 0
1459947780119907 143 2318083 35180 141 2281477 34369 0
1459947780123591 141 2317462 33002 139 2281156 31978 0
1459947780127460 142 2318170 31075 139 2280860 29751 0
1459947780130671 139 2314982 31584 136 2276747 31216 0
1459947780133950 140 2313324 30644 136 2272956 32271 0
1459947780137366 141 2313075 28477 138 2272021 30610 0
1459947780141549 148 2321806 34300 146 2281399 36863 0
1459947780145488 145 2326014 35500 143 2286204 38413 0
1459947780149017 143 2327334 33943 142 2289354 38315 0
1459947780153039 147 2333671 37132 143 2293538 39178 0
1459947780157119 149 2342072 41976 145 2299955 42033 0
1459947780160834 142 2340857 39815 141 2300751 39482 0
1459947780164401 140 2337177 40095 137 2296364 40440 0
1459947780168150 143 2337625 37375 140 2296160 37467 0
1459947780172055 146 2341878 38375 142 2298532 36726 0
1459947780176066 145 2344518 37810 142 2300719 35872 0
1459947780179718 140 2340552 38511 137 2296335 37110 0
1459947780183115 137 2333056 42412 134 2288453 41475 0
1459947780186467 135 2323586 47828 133 2279907 46111 0
1459947780190499 144 2326375 46662 141 2282269 44685 0
1459947780194309 145 2330226 46567 145 2289566 47920 0
1459947780197909 143 2331217 43841 140 2289893 44478 0
1459947780201763 143 2332130 41257 141 2291475 42461 0
1459947780205468 142 2331692 38436 140 2291653 39307 0
1459947780209346 143 2332568 36241 140 2291817 36387 0
1459947780213216 144 2334656 35334 142 2294528 36044 0
1459947780217424 147 2340421 37887 146 2302148 40252 0
1459947780221153 143 2340615 35106 142 2304052 38862 0
1459947780225023 142 2339514 33377 141 2304527 36263 0
1459947780228895 143 2339779 31013 139 2302405 35384 0
1459947780232912 149 2347703 35895 147 2310689 40256 0
1459947780236776 144 2348608 33925 142 2311926 38251 0
1459947780240907 144 2349443 32043 142 2313066 36313 0
1459947780244924 145 2351492 31428 141 2312837 33686 0
1459947780248223 135 2340581 39029 132 2301106 41867 0
1459947780251858 142 2339483 36991 139 2299252 40305 0
1459947780255383 139 2334630 38573 137 2294982 41091 0
1459947780258957 141 2332717 37322 139 2293606 39147 0
1459947780262655 143 2333513 35140 142 2296178 38459 0
1459947780266326 142 2332967 32897 139 2294709 36808 0
1459947780270292 145 2336303 33402 142 2297194 36223 0
1459947780273885 137 2329139 37395 135 2290525 39540 0
1459947780277645 145 2332775 37824 143 2294617 40223 0
1459947780281222 139 2328446 38858 137 2290710 40681 0
1459947780284582 132 2315496 47760 129 2276868 50262 0
1459947780288475 143 2317637 46002 141 2279467 48731 0
1459947780292284 146 2323451 47768 143 2284423 49492 0
1459947780295438 134 2313451 53254 132 2274912 54392 0
1459947780299081 143 2315752 51214 141 2277664 52679 0
1459947780302956 139 2312753 49975 137 2275081 50943 0
1459947780306785 143 2315109 48242 143 2280380 51848 0
1459947780310437 141 2314721 44830 139 2280145 48013 0
1459947780314055 144 2318203 44537 140 2281208 45241 0
1459947780317732 140 2316293 42817 136 2277068 45521 0
1459947780321311 139 2313252 42273 137 2274532 44301 0
1459947780325082 145 2318129 43466 142 2278594 44583 0
1459947780329090 140 2316225 41825 136 2274658 44726 0
1459947780333003 142 2317029 39299 141 2277430 43786 0
1459947780336885 142 2317771 36912 139 2277425 40368 0
1459947780340640 138 2313335 38117 138 2276141 38397 0
1459947780344371 140 2311805 36548 139 2276237 35485 0
1459947780348429 147 2319355 40652 144 2282725 38694 0
1459947780351684 138 2314795 41679 135 2277187 40776 0
1459947780355029 137 2309311 43476 135 2272081 42296 0
1459947780358874 140 2308096 41199 137 2269934 40969 0
1459947780362930 146 2314656 44027 143 2275635 43024 0
1459947780366604 141 2314303 40911 140 2277051 40967 0
1459947780369869 139 2311418 40373 137 2274516 40102 0
1459947780373067 136 2304918 43209 136 2270899 40302 0
1459947780376625 141 2305326 40209 138 2270125 37866 0
1459947780380329 143 2308262 39774 140 2271971 36609 0
1459947780384290 141 2308409 36801 140 2273673 35317 0
1459947780388228 145 2313664 38770 143 2279082 37543 0
1459947780391947 144 2317229 39027 142 2282788 38026 0
1459947780395738 144 2320515 39007 142 2286205 38205 0
1459947780399387 144 2323544 38752 143 2290635 39304 0
1459947780402658 136 2316097 42589 133 2281919 44267 0
1459947780406076 139 2313071 42049 137 2279004 43495 0
1459947780409723 139 2310282 41333 137 2276316 42573 0
1459947780412878 133 2300031 47552 132 2267438 47429 0
1459947780416217 135 2293141 50188 134 2261814 48907 0
1459947780420058 146 2300869 53391 142 2266869 49746 0
1459947780423868 144 2305433 53427 140 2268969 47795 0
1459947780427610 143 2308361 51952 139 2269625 44666 0
1459947780431336 145 2313620 52741 142 2274070 45274 0
1459947780434925 140 2312068 50050 139 2274328 41974 0
1459947780439377 149 2322157 55440 147 2284806 48353 0
1459947780443221 145 2326338 54962 141 2286785 46399 0
1459947780447258 145 2330192 54221 142 2289889 45636 0
1459947780450828 143 2331185 50900 140 2290191 42348 0
1459947780454374 139 2326981 50798 137 2286629 42321 0
1459947780458195 144 2329505 49156 142 2289746 41887 0
1459947780461698 142 2329272 45529 140 2290059 38903 0
1459947780465606 144 2331617 44134 142 2292908 38489 0
1459947780469529 142 2331219 41052 138 2290414 37780 0
1459947780472744 139 2327012 41721 136 2285555 39306 0
1459947780476592 146 2332094 43146 144 2291316 41545 0
1459947780480378 146 2336779 44094 144 2296626 43195 0
1459947780484090 143 2337258 41090 140 2296402 40026 0
1459947780487975 143 2337699 38286 141 2297475 37887 0
1459947780491552 140 2334266 38458 137 2293344 38734 0
1459947780494854 134 2323421 45450 134 2285696 42757 0
1459947780498362 134 2313423 51115 132 2276086 48275 0
1459947780501804 135 2305486 54437 132 2267226 52670 0
1459947780505593 139 2303289 52208 136 2264178 51363 0
1459947780509280 141 2303824 48622 139 2265209 48300 0
1459947780512924 144 2308157 48818 142 2269999 48942 0
1459947780516529 141 2308312 45147 139 2270575 45649 0
1459947780520038 139 2305895 43847 138 2269826 42772 0
1459947780523727 143 2308786 43087 141 2272975 42333 0
1459947780526753 127 2290972 56142 125 2255398 55227 0
1459947780530469 147 2300149 60215 144 2263515 58394 0
1459947780534004 142 2302209 57409 140 2265877 56009 0
1459947780537453 142 2304108 54674 142 2270615 56001 0
1459947780541380 145 2309699 55556 142 2274983 55651 0
1459947780545136 141 2309733 51247 139 2275169 51475 0
1459947780548836 142 2311045 48452 140 2276621 48791 0
1459947780552505 142 2312254 45781 140 2277959 46213 0
1459947780555988 137 2306969 47075 133 2270233 49723 0
1459947780559593 140 2305937 44348 138 2269511 46503 0
1459947780564039 147 2313945 48266 145 2277805 50515 0
1459947780567307 141 2313648 44768 139 2277771 46598 0
1459947780570690 142 2314654 42197 138 2276460 44165 0
1459947780574506 143 2316861 40935 142 2280371 44320 0
1459947780578018 142 2317616 38432 140 2281417 41821 0
1459947780581707 142 2318312 36070 140 2282381 39441 0
1459947780585325 141 2317673 33840 139 2281989 36719 0
1459947780588764 138 2313244 35278 135 2276508 38902 0
1459947780592365 139 2310441 35104 136 2272735 39339 0
1459947780595764 139 2307857 34742 136 2269257 39470 0
1459947780599290 144 2311875 35731 140 2271171 38150 0
1459947780603382 146 2318139 38714 143 2276775 40335 0
1459947780607203 144 2321354 38653 141 2279381 39586 0
1459947780610570 137 2315358 41160 136 2275384 40177 0
1459947780614010 136 2308550 44219 132 2266579 45154 0
1459947780618036 145 2313794 45598 141 2269982 44763 0
1459947780621648 140 2312228 43477 138 2269279 41912 0
1459947780625043 139 2309505 42590 137 2267351 40413 0
1459947780628613 140 2308274 40395 138 2266854 37712 0
1459947780632194 139 2305860 39464 137 2265116 36367 0
1459947780635503 139 2303634 38431 136 2262233 36181 0
1459947780639223 141 2304142 35896 139 2263416 34444 0
1459947780643065 141 2304610 33523 140 2265786 33938 0
1459947780646661 140 2303762 31685 137 2264131 32811 0
1459947780649818 136 2297860 34649 134 2258765 35193 0
1459947780653081 137 2293699 35777 135 2255098 35822 0
1459947780656471 137 2289863 36516 135 2251718 36138 0
1459947780660159 144 2295287 38663 142 2257562 38701 0
1459947780663987 145 2301567 41432 142 2262949 40644 0
1459947780667670 142 2303517 39992 139 2264076 38507 0
1459947780671040 138 2300194 39929 136 2261275 38080 0
1459947780674926 145 2306091 42245 140 2263812 37444 0
1459947780678487 141 2306407 39235 140 2266151 36674 0
1459947780682410 143 2309258 38798 142 2270867 38156 0
1459947780685936 144 2313167 39369 142 2275215 39183 0
1459947780689607 141 2312930 36510 139 2275383 36276 0
1459947780693517 145 2317832 38176 141 2278098 35944 0
1459947780697083 142 2318511 35819 139 2278041 33186 0
1459947780700994 145 2322977 37137 143 2283109 35265 0
1459947780704450 140 2320694 36339 139 2282661 32921 0
1459947780708083 140 2318589 35439 136 2278408 34269 0
1459947780711896 145 2323049 36781 143 2283447 36236 0
1459947780715519 139 2319480 37196 137 2280412 36202 0
1459947780719011 137 2313630 39682 135 2275054 38311 0
1459947780723018 147 2321037 43409 145 2282915 42564 0
1459947780726681 139 2317625 43161 135 2277362 44356 0
1459947780730171 142 2318320 40430 139 2277363 40891 0
1459947780733478 137 2312561 42579 134 2270964 43595 0
1459947780737243 141 2312372 39426 139 2271464 40650 0
1459947780741166 143 2314757 38544 140 2273205 39079 0
1459947780744742 141 2314396 35864 141 2276090 38685 0
1459947780748257 140 2312783 34548 136 2272350 39109 0
1459947780752069 145 2317696 36378 142 2276582 39955 0
1459947780755784 139 2314546 36438 136 2272804 40315 0
1459947780759580 145 2319322 37993 142 2277001 41034 0
1459947780763067 143 2321164 36723 141 2279590 40215 0
1459947780766789 142 2321583 34240 138 2278137 38412 0
1459947780770263 138 2316849 35928 135 2272957 40185 0
1459947780774059 143 2318885 34998 138 2272022 37906 0
1459947780777425 139 2315642 35252 136 2268600 38098 0
1459947780781402 147 2322892 39181 143 2274405 40473 0
1459947780785186 141 2321896 37037 138 2273357 38277 0
1459947780788744 139 2318417 37349 135 2268550 39716 0
1459947780792507 142 2319050 35015 140 2270519 38428 0
1459947780796524 147 2326034 38717 144 2277454 41818 0
1459947780800553 144 2328632 38087 142 2281287 42084 0
1459947780804204 143 2329747 36139 141 2283541 40874 0
1459947780808249 143 2330775 34263 141 2285619 39596 0
1459947780812098 145 2334283 34820 142 2288815 39448 0
1459947780815929 144 2336237 33900 141 2290481 37902 0
1459947780819900 145 2339318 34091 143 2294577 38716 0
1459947780823625 140 2335758 34708 136 2289393 40469 0
1459947780827209 141 2333756 33840 138 2287174 39352 0
1459947780830843 144 2335751 33035 140 2287688 36751 0
1459947780834321 140 2332470 33478 137 2284322 36981 0
1459947780838176 146 2337125 35154 144 2290179 39490 0
1459947780842086 145 2340137 35183 142 2293018 39021 0
1459947780845886 144 2341633 33813 141 2294355 37205 0
1459947780849665 143 2341732 31263 141 2295588 35435 0
1459947780853193 141 2339264 31095 139 2294165 33977 0
1459947780856377 130 2322909 43742 128 2278773 45511 0
1459947780860537 145 2327031 44124 144 2285063 47754 0
1459947780864577 146 2332111 45359 144 2290862 49369 0
1459947780868327 136 2323994 49297 134 2283408 52383 0
1459947780871947 141 2322911 46442 138 2281656 49904 0
1459947780875752 144 2325753 45433 141 2283881 48056 0
1459947780878734 123 2301493 64247 120 2259052 67189 0
1459947780882628 141 2302168 59850 136 2256643 64159 0
1459947780886724 143 2305351 58108 142 2262102 64179 0
1459947780890545 144 2309565 57453 142 2267135 63805 0
1459947780894205 146 2316010 58905 144 2274335 65457 0
1459947780897957 142 2316831 55060 138 2273292 61303 0
1459947780901171 138 2312468 54779 136 2269771 59758 0
1459947780904526 136 2305886 56566 135 2265245 59261 0
1459947780908468 145 2311338 57172 142 2270032 59044 0
1459947780912058 145 2316364 57339 142 2274445 58499 0
1459947780916137 145 2320998 57131 143 2279793 58859 0
1459947780919970 144 2323990 55425 141 2282164 56445 0
1459947780923587 141 2322908 52091 139 2281789 52379 0
1459947780927267 140 2320630 50120 139 2281444 48603 0
1459947780931102 144 2323650 48988 141 2283686 46872 0
1459947780934870 144 2326434 47727 140 2284473 43935 0
1459947780938526 141 2325161 45171 140 2285198 41170 0
1459947780942317 143 2326547 42920 140 2285866 38569 0
1459947780946061 141 2325265 40747 140 2286482 36123 0
1459947780949834 142 2325363 37654 141 2288330 35004 0
1459947780953564 140 2322894 36988 138 2286194 34237 0
1459947780957278 140 2320617 36196 137 2282945 34557 0
1459947780960702 141 2319798 34122 138 2281229 33438 0
1459947780964629 143 2321603 33120 143 2286047 35267 0
1459947780968774 148 2329667 37966 144 2291769 37786 0
1459947780972491 143 2330701 35952 141 2293204 36156 0
1459947780976479 144 2332934 35202 140 2293247 33371 0
1459947780980509 144 2334993 34349 142 2295847 33159 0
1459947780984444 143 2335611 32235 141 2296963 31597 0
1459947780988738 148 2342581 36141 147 2305672 37157 0
1459947780992796 145 2345166 35700 142 2307301 35756 0
1459947780996757 143 2344989 33072 143 2310083 35526 0
1459947781000524 144 2346106 31518 141 2310087 32754 0
1459947781004466 145 2348416 31185 143 2312651 32559 0
1459947781008424 145 2350546 30711 142 2313735 31014 0
1459947781011933 143 2349949 28860 141 2313454 28849 0
1459947781015650 143 2349399 27111 140 2311915 28013 0
1459947781019142 141 2346332 27819 136 2305376 31851 0
1459947781022701 140 2342224 29431 138 2301908 32558 0
1459947781026862 149 2342224 29431 147 2301908 32558 1
1459947781030498 143 2342277 27180 142 2303831 31787 0
1459947781034109 143 2342326 25101 139 2301764 31208 0
1459947781037918 145 2344931 25541 142 2303698 30552 0
1459947781041889 145 2347333 25759 143 2306761 30989 0
1459947781046166 147 2352107 28147 146 2313425 34710 0
1459947781050035 142 2350108 27790 139 2310608 34594 0
1459947781053836 145 2352105 27459 144 2314411 35397 0
1459947781057686 143 2351386 25975 140 2312797 34118 0
1459947781061430 147 2355843 28054 146 2318989 37160 0
1459947781065088 146 2358672 28470 143 2320857 35979 0
1459947781068719 144 2358720 26290 139 2317460 36299 0
1459947781072671 145 2360045 25457 142 2318168 34116 0
1459947781076518 145 2361266 24594 142 2318821 32052 0
1459947781080541 148 2366232 27250 145 2323263 33642 0
1459947781084455 145 2366970 25801 144 2326078 33608 0
1459947781088061 146 2368930 25592 142 2326113 31014 0
1459947781091619 141 2364337 27825 137 2319745 34461 0
1459947781095429 142 2361383 28374 139 2316434 34819 0
1459947781099633 149 2367619 31906 146 2322342 37545 0
1459947781103617 144 2366968 30012 141 2321389 35489 0
1459947781107077 135 2366968 30012 131 2321389 35489 1
1459947781110385 141 2362528 31759 139 2317950 35885 0
1459947781114049 142 2359715 31869 140 2316060 34823 0
1459947781118109 146 2362242 31708 143 2318157 34035 0
1459947781121883 141 2358171 32982 140 2316250 33133 0
1459947781125360 140 2353138 35043 138 2311932 34523 0
1459947781129179 146 2356179 35108 141 2311792 31953 0
1459947781133308 144 2356422 32589 139 2309103 31934 0
1459947781136878 141 2352806 33374 139 2306624 31724 0
1459947781140583 142 2350753 32658 140 2305619 30171 0
1459947781144224 144 2351420 30721 140 2304692 28667 0
1459947781147900 141 2348195 31292 141 2305117 26819 0
1459947781151737 146 2351622 32006 142 2306789 26265 0
1459947781155232 138 2344541 36032 137 2301931 28691 0
1459947781158952 143 2344413 33334 139 2300012 28217 0
1459947781162441 140 2340455 34377 136 2294403 31182 0
1459947781165807 141 2338086 33873 138 2291792 31151 0
1459947781169567 144 2339743 32753 141 2293225 30038 0
1459947781173342 141 2337430 32325 137 2289426 31192 0
1459947781177154 144 2339138 31373 142 2292324 31427 0
1459947781180541 139 2334312 33369 136 2287316 33587 0
1459947781184105 140 2331143 33682 139 2286539 31678 0
1459947781188008 146 2335902 35437 143 2290943 33263 0
1459947781191752 144 2337729 34352 141 2292443 32046 0
1459947781195026 139 2333013 36014 137 2288705 32987 0
1459947781198353 139 2328666 37207 136 2283979 34764 0
1459947781201586 134 2328666 37207 131 2283979 34764 1
1459947781205496 143 2329778 35326 140 2284743 32752 0
1459947781209315 140 2326964 35160 137 2281607 33083 0
1459947781213113 142 2326929 32444 141 2283836 32553 0
1459947781217178 146 2332017 34600 141 2285891 31903 0
1459947781220820 140 2329028 34651 137 2282665 32383 0
1459947781224610 144 2331392 34123 141 2284811 31832 0
1459947781227983 139 2327172 35347 137 2281670 32240 0
1459947781231857 145 2330961 36078 141 2283894 31771 0
1459947781235819 147 2337014 38839 144 2289784 34718 0
1459947781240174 146 2341314 39768 142 2292654 34651 0
1459947781244012 143 2341438 36776 141 2294020 33202 0
1459947781247678 142 2340273 34975 138 2291439 32986 0
1459947781251873 151 2340273 34975 148 2291439 32986 1
1459947781255593 145 2343039 34792 143 2295460 34115 0
1459947781259576 145 2345589 34423 141 2296607 32506 0
1459947781263011 140 2341539 35465 139 2295104 31351 0
1459947781266471 142 2340366 33775 140 2294999 28997 0
1459947781270556 148 2346964 37219 146 2302582 33721 0
1459947781274206 141 2344087 36962 138 2299332 34081 0
1459947781277845 139 2338875 38878 138 2296336 34179 0
1459947781281603 146 2343030 39670 142 2298694 33682 0
1459947781285387 143 2343020 36578 139 2297028 32585 0
1459947781289563 147 2348131 38432 144 2301892 34523 0
1459947781293773 148 2354123 40953 146 2308936 38319 0
1459947781297670 144 2354527 38125 142 2310310 36592 0
1459947781301655 149 2361299 41389 145 2315417 38441 0
1459947781305065 139 2354742 44199 138 2311165 39356 0
1459947781308972 147 2358937 44613 145 2316205 40927 0
1459947781312850 144 2358965 41152 142 2317011 38472 0
1459947781316519 143 2357710 39093 141 2316474 35960 0
1459947781320588 147 2361673 39692 145 2321099 37414 0
1459947781324778 148 2366607 41139 145 2325363 38422 0
1459947781328663 146 2368595 39758 144 2328014 37863 0
1459947781332362 142 2365308 39680 138 2322777 39730 0
1459947781335958 138 2357158 44092 135 2314110 44615 0
1459947781339927 144 2357325 40800 142 2315080 42023 0
1459947781344445 150 2365158 44834 146 2321094 44283 0
1459947781348014 141 2360860 45293 140 2318958 42791 0
1459947781351784 146 2363297 44001 144 2322109 42352 0
1459947781355289 142 2360424 43211 140 2319894 41084 0
1459947781359189 144 2360335 39916 142 2320412 38351 0
1459947781362594 136 2360335 39916 134 2320412 38351 1
1459947781366350 145 2361533 37902 143 2322169 36974 0
1459947781369615 133 2361533 37902 131 2322169 36974 1
1459947781372709 134 2361533 37902 131 2322169 36974 1
1459947781376251 139 2354958 41001 138 2317389 38491 0
1459947781379911 142 2352736 39844 139 2314262 38364 0
1459947781384137 150 2360928 44283 148 2322900 43329 0
1459947781387853 140 2355680 45660 137 2316783 45581 0
1459947781391052 137 2347002 50091 135 2308584 49577 0
1459947781394634 142 2345402 47651 139 2306145 47950 0
1459947781398689 146 2349047 47288 143 2309017 46851 0
1459947781402894 148 2354967 49051 147 2316785 50351 0
1459947781406724 145 2356585 46709 143 2318826 48298 0
1459947781410634 144 2356796 43254 141 2318147 45149 0
1459947781414249 140 2351871 44413 138 2313681 45737 0
1459947781417881 138 2344771 47488 136 2307004 48317 0
1459947781421209 141 2342065 46271 136 2300849 50215 0
1459947781424639 142 2340851 43774 139 2299015 47981 0
1459947781427496 131 2340851 43774 123 2299015 47981 1
1459947781430446 134 2340851 43774 125 2299015 47981 1
1459947781433491 135 2340851 43774 124 2299015 47981 1
1459947781436365 132 2340851 43774 121 2299015 47981 1
1459947781439493 136 2340851 43774 127 2299015 47981 1
1459947781442736 134 2340851 43774 125 2299015 47981 1
1459947781445608 131 2340851 43774 122 2299015 47981 1
1459947781448535 132 2340851 43774 122 2299015 47981 1
1459947781451367 131 2340851 43774 121 2299015 47981 1
1459947781454558 134 2340851 43774 124 2299015 47981 1
1459947781457873 138 2340851 43774 129 2299015 47981 1
1459947781460869 135 2340851 43774 126 2299015 47981 1
1459947781463531 128 2340851 43774 119 2299015 47981 1
1459947781466360 130 2340851 43774 121 2299015 47981 1
1459947781469327 134 2340851 43774 127 2299015 47981 1
1459947781472184 136 2340851 43774 129 2299015 47981 1
1459947781474982 134 2340851 43774 128 2299015 47981 1
1459947781478332 142 2339732 41385 135 2292204 50510 0
1459947781481576 135 2339732 41385 128 2292204 50510 1
1459947781484625 134 2339732 41385 128 2292204 50510 1
1459947781487499 130 2339732 41385 125 2292204 50510 1
1459947781490521 134 2339732 41385 128 2292204 50510 1
1459947781493089 125 2339732 41385 120 2292204 50510 1
1459947781496608 143 2339980 38380 136 2287205 51170 0
1459947781499686 136 2331249 43429 131 2276197 57319 0
1459947781502711 137 2324480 46276 130 2264769 63375 0
1459947781505619 132 2324480 46276 125 2264769 63375 1
1459947781508509 133 2313120 53132 127 2250393 71674 0
1459947781511271 135 2305207 56275 129 2239701 75930 0
1459947781514536 138 2301752 55062 132 2233684 75543 0
1459947781517657 139 2299847 52515 131 2226857 75934 0
1459947781520757 136 2294251 53570 129 2218003 78162 0
1459947781523674 133 2285252 57679 127 2207281 81938 0
1459947781526749 135 2279516 58459 130 2201237 81107 0
1459947781529423 128 2265268 67025 121 2184145 90526 0
1459947781532100 132 2257253 69175 125 2173508 93258 0
1459947781535072 135 2253705 67040 130 2170102 89111 0
1459947781537835 133 2247874 67177 127 2163122 88582 0
1459947781540674 130 2238658 70423 126 2155408 88772 0
1459947781543920 134 2235282 68032 128 2150856 86031 0
1459947781546819 128 2224490 72665 122 2138980 90256 0
1459947781549705 132 2219661 71439 128 2135712 86216 0
1459947781552524 133 2216489 68780 128 2132699 82257 0
1459947781555308 133 2213565 66100 128 2129921 78390 0
1459947781557725 127 2203190 70499 122 2119680 81705 0
1459947781560533 133 2201305 66727 127 2116640 78123 0
1459947781563425 134 2200848 61934 128 2115117 73422 0
1459947781566287 131 2196586 61023 125 2109873 72518 0
1459947781569147 133 2195217 57516 127 2107599 68948 0
1459947781572310 135 2196515 54219 130 2109342 65168 0
1459947781575288 133 2195152 51239 128 2108389 60953 0
1459947781578198 133 2193895 48393 129 2108791 56561 0
1459947781581308 135 2195296 45904 130 2110441 53663 0
1459947781584677 138 2200428 47048 134 2117082 55592 0
1459947781587486 133 2198759 44910 128 2115524 52683 0
1459947781590776 137 2202340 44703 130 2116648 49603 0
1459947781593540 135 2203082 41894 130 2117684 46682 0
1459947781596029 129 2196086 45070 123 2109679 50412 0
1459947781599108 137 2199876 45042 130 2111260 47930 0
1459947781602300 135 2200810 42384 129 2111437 44348 0
1459947781605501 137 2204231 42226 132 2115440 44574 0
1459947781608730 138 2208665 43015 132 2119131 44493 0
1459947781611806 136 2210193 41062 130 2119973 41793 0
1459947781614519 132 2206481 41275 128 2118190 40170 0
1459947781617418 133 2204339 40023 127 2115266 39726 0
1459947781620547 132 2201085 39895 128 2113850 37926 0
1459947781623151 127 2191685 45443 122 2104865 43245 0
1459947781626298 136 2194539 44523 131 2108102 42850 0
1459947781629513 139 2201010 47010 133 2113646 44613 0
1459947781632612 135 2201856 44117 130 2114917 42299 0
1459947781635742 136 2203916 42569 131 2117369 41254 0
1459947781638808 136 2205815 40993 130 2118349 38934 0
1459947781642031 135 2206285 38223 127 2115412 38598 0
1459947781644774 130 2200318 40735 125 2110145 40437 0
1459947781647527 131 2196098 41442 126 2106569 40572 0
1459947781650603 135 2197327 39337 128 2105833 38080 0
1459947781653278 130 2192060 41117 124 2100034 40450 0
1459947781655798 129 2185925 43559 123 2093408 43396 0
1459947781658736 133 2185389 40648 128 2093700 40274 0
1459947781661847 137 2190015 41737 132 2099089 42095 0
1459947781664777 136 2193000 41227 130 2101497 41026 0
1459947781667820 135 2194471 39362 129 2102437 38687 0
1459947781670711 132 2191987 38574 126 2099464 38404 0
1459947781673683 134 2192258 35809 127 2098003 36749 0
1459947781676705 135 2193787 34421 127 2096656 35118 0
1459947781679731 134 2193917 31851 127 2095414 33518 0
1459947781682797 135 2195317 30652 126 2092989 33133 0
1459947781685748 136 2197887 30627 124 2088194 34964 0
1459947781688626 138 2202817 32778 125 2085053 35126 0
1459947781691583 141 2202817 32778 127 2085053 35126 1
1459947781694833 146 2202817 32778 132 2085053 35126 1
1459947781697648 138 2207361 34406 122 2078318 38589 0
1459947781700459 142 2207361 34406 125 2078318 38589 1
1459947781703457 141 2215390 39120 124 2074669 38937 0
1459947781706220 139 2220232 40527 123 2070025 40175 0
1459947781709378 146 2220232 40527 129 2070025 40175 1
1459947781712257 144 2220232 40527 127 2070025 40175 1
1459947781715282 142 2228536 45015 124 2067024 39802 0
1459947781718565 146 2228536 45015 129 2067024 39802 1
1459947781721608 143 2237471 49735 124 2064257 39242 0
1459947781724654 145 2248268 55803 125 2062986 37346 0
1459947781727877 145 2258222 60619 126 2063095 34528 0
1459947781730626 140 2260998 58442 124 2060635 34097 0
1459947781733399 138 2260997 53876 121 2054527 37062 0
1459947781736302 144 2268676 56745 124 2052737 35816 0
1459947781739494 147 2279595 62377 128 2056206 36215 0
1459947781742570 145 2287101 64423 126 2056844 33974 0
1459947781745431 143 2291461 63408 124 2054873 33135 0
1459947781748382 144 2296760 63339 126 2055616 31231 0
1459947781751143 142 2299085 60533 123 2052461 31699 0
1459947781754256 145 2305068 61319 125 2052112 29543 0
1459947781757246 146 2311864 62793 128 2055630 30477 0
1459947781760195 147 2319409 64843 128 2058873 31085 0
1459947781763555 149 2328925 68549 130 2064423 33772 0
1459947781766578 143 2330017 64200 123 2060579 34675 0
1459947781769554 145 2333584 62472 124 2058316 34051 0
1459947781772473 141 2331752 59279 121 2052390 36852 0
1459947781775549 147 2337743 60170 129 2057167 38375 0
1459947781778633 146 2341986 59381 125 2056450 36036 0
1459947781781820 147 2347178 59527 128 2059629 36151 0
1459947781785115 147 2351964 59288 127 2061280 34848 0
1459947781787631 136 2351964 59288 117 2061280 34848 1
1459947781790708 144 2352536 55184 125 2060242 33081 0
1459947781793957 146 2355624 53718 127 2061845 31974 0
1459947781829919 145 2357190 50965 124 2059483 31653 0
1459947781832732 146 2359914 49494 123 2056025 32366 0
1459947781835754 144 2359865 45671 123 2052838 32774 0
1459947781838953 146 2362380 44421 123 2049900 32921 0
1459947781842031 146 2364699 43087 126 2051031 31392 0
1459947781845319 148 2369396 44050 126 2052074 29900 0
1459947781848656 149 2375006 45780 128 2055595 30810 0
1459947781851896 151 2382738 49331 126 2056281 29035 0
1459947781855291 148 2386026 48508 125 2055634 27362 0
1459947781858616 152 2394177 52232 128 2058877 28214 0
1459947781861604 145 2392731 49483 123 2055467 29152 0
1459947781864756 146 2392678 45664 125 2054883 27411 0
1459947781867793 146 2392630 42140 122 2050505 29304 0
1459947781870902 145 2391305 40067 123 2047749 29554 0
1459947781873933 146 2391364 36990 123 2045208 29586 0
1459947781877061 148 2393978 36510 124 2044146 28252 0
1459947781880059 148 2396388 35879 124 2043167 26946 0
1459947781882489 136 2396388 35879 114 2043167 26946 1
1459947781885832 150 2401170 37483 128 2047384 28728 0
1459947781888728 144 2397898 37569 122 2043592 29978 0
1459947781891996 149 2401282 37752 126 2045216 29132 0
1459947781895234 151 2406961 40038 128 2049273 30596 0
1459947781898033 142 2400677 42702 121 2044053 33016 0
1459947781901417 148 2402564 41104 126 2045641 31900 0
1459947781904281 145 2400463 39828 124 2044545 30417 0
1459947781907476 148 2402366 38471 126 2046094 29468 0
1459947781910475 150 2406681 39443 125 2046242 27302 0
1459947781913161 143 2401699 40953 121 2041259 29762 0
1459947781916007 144 2398386 40806 122 2037945 30490 0
1459947781918929 146 2397892 38073 122 2034890 30922 0
1459947781922002 146 2397436 35517 124 2034634 28741 0
1459947781925221 148 2399576 34715 125 2035678 27457 0
1459947781928280 150 2404109 36180 126 2037920 27378 0
1459947781931283 148 2405727 34845 124 2037427 25692 0
1459947781934172 143 2400819 36645 121 2033133 27642 0
1459947781937263 147 2401415 34331 125 2034294 26552 0
1459947781939918 139 2401415 34331 115 2034294 26552 1
1459947781942764 145 2399404 33501 122 2031524 27029 0
1459947781945746 148 2401390 32714 123 2030251 26090 0
1459947781948807 143 2396821 34369 119 2023957 29852 0
1459947781951677 143 2392609 35565 120 2019435 31687 0
1459947781954669 146 2392566 32825 122 2017826 30693 0
1459947781957838 151 2398926 36123 127 2022743 32828 0
1459947781960833 148 2400949 35165 124 2023436 30902 0
1459947781963651 145 2398974 34236 121 2020235 31437 0
1459947781966364 147 2399714 32243 123 2019844 29340 0
1459947781969261 146 2399116 30274 123 2019483 27379 0
1459947781971895 143 2394725 31955 119 2014030 30266 0
1459947781975147 149 2398357 32806 126 2017963 31527 0
1459947781978275 148 2400425 32149 123 2017749 29259 0
1459947781981410 147 2401051 30214 124 2018832 27971 0
1459947781984197 141 2393948 34400 118 2012150 31944 0
1459947781987197 143 2389960 35387 120 2008550 32765 0
1459947781990482 150 2395244 37493 126 2012912 34226 0
1459947781993106 144 2392435 37151 117 2005413 38464 0
1459947781995846 147 2393686 35401 122 2004900 35931 0
1459947781998852 148 2396119 34878 125 2008267 36227 0
1459947782001976 148 2398362 34220 123 2008811 33897 0
1459947782004664 145 2396589 33179 119 2004192 35505 0
1459947782007786 149 2400075 33800 124 2006334 34706 0
1459947782010901 149 2403289 34122 125 2009589 34994 0
1459947782013552 144 2399852 34624 121 2007469 34213 0
1459947782016653 149 2403083 34898 124 2009355 33279 0
1459947782019631 147 2403502 32557 123 2009814 31102 0
1459947782022797 150 2407728 33909 124 2011517 30242 0
1459947782025545 146 2406504 32387 121 2009247 29971 0
1459947782028125 141 2398975 36795 117 2002034 34277 0
1459947782030842 145 2397155 35597 119 1997945 35368 0
1459947782033545 142 2391637 37901 117 1991615 38438 0
1459947782036344 145 2390390 36088 119 1988340 38454 0
1459947782039222 146 2390520 33388 121 1987880 35872 0
1459947782042488 150 2395760 35610 126 1993856 38579 0
1459947782045496 148 2398031 34920 121 1992966 36385 0
1459947782048388 145 2396284 33800 120 1990865 35478 0
1459947782051317 147 2397234 32035 121 1990208 33311 0
1459947782054354 148 2399390 31519 123 1992163 32510 0
1459947782057510 149 2402657 32068 126 1997805 35171 0
1459947782060412 149 2405669 32339 123 1999166 33678 0
1459947782063608 150 2409726 33552 123 2000421 32203 0
1459947782066821 149 2412186 33197 125 2004138 33113 0
1459947782069667 148 2413173 31513 121 2002444 32086 0
1459947782072294 145 2410243 31751 118 1997043 34557 0
1459947782075447 150 2413942 32680 124 1999744 34347 0
1459947782078310 148 2414792 30910 123 2000954 32778 0
1459947782081501 155 2414792 30910 129 2000954 32778 1
1459947782084575 151 2419416 32758 127 2007189 35965 0
1459947782087300 145 2415999 33347 121 2005257 34935 0
1459947782090135 146 2414129 32464 120 2002196 35026 0
1459947782092646 142 2407285 36236 117 1995534 38430 0
1459947782095791 150 2411215 37028 126 2000912 40385 0
1459947782098882 151 2416118 38655 125 2004590 40620 0
1459947782102011 150 2419358 38622 127 2010541 42932 0
1459947782104505 144 2414665 39929 118 2004507 45139 0
1459947782107467 146 2412899 38436 121 2002784 43199 0
1459947782110695 152 2418951 41012 124 2005036 41900 0
1459947782113624 149 2420690 39410 125 2008392 41720 0
1459947782116664 147 2419733 37212 123 2008926 38952 0
1459947782119799 149 2421411 35851 125 2011978 38722 0
1459947782122380 146 2419118 35163 119 2007112 40181 0
1459947782124930 143 2413164 37903 118 2001346 42356 0
1459947782127629 146 2411515 36460 119 1997310 42765 0
1459947782130206 144 2407435 37371 117 1991030 45212 0
1459947782132923 144 2403674 37918 120 1989080 43475 0
1459947782135966 148 2405326 36478 125 1993683 44321 0
1459947782138944 149 2408129 36212 124 1996646 43590 0
1459947782141990 148 2409433 34585 123 1998098 41522 0
1459947782144960 147 2409356 31953 123 1999436 39512 0
1459947782148107 149 2411845 31750 121 1998110 37647 0
1459947782151180 150 2415419 32564 126 2003287 39478 0
1459947782154367 150 2418714 33056 124 2005500 38433 0
1459947782158178 157 2418714 33056 132 2005500 38433 1
1459947782161738 153 2425591 36813 128 2012660 42030 0
1459947782164444 148 2425531 33990 122 2011580 39740 0
1459947782167304 145 2421636 34924 121 2009305 38731 0
1459947782170427 149 2423165 33605 121 2007208 37638 0
1459947782173665 151 2427135 34639 125 2010394 37634 0
1459947782176728 147 2425675 33277 121 2008211 36704 0
1459947782179924 150 2428169 32976 124 2010039 35521 0
1459947782182868 147 2426628 31819 121 2007884 34730 0
1459947782186000 149 2427767 30383 121 2005898 33846 0
1459947782189432 151 2431377 31337 127 2011747 36593 0
1459947782192774 153 2437265 34316 126 2015859 37525 0
1459947782195780 148 2436293 32530 123 2015810 34638 0
1459947782198692 147 2434117 31993 122 2014484 33152 0
1459947782201069 142 2434117 31993 116 2014484 33152 1
1459947782203197 136 2434117 31993 111 2014484 33152 1
1459947782205917 149 2434671 30004 122 2013262 31688 0
1459947782208972 151 2437742 30490 124 2014695 30533 0
1459947782211967 149 2438013 28357 123 2014736 28185 0
1459947782215157 153 2443383 31091 128 2021174 31918 0
1459947782218300 149 2443213 28818 122 2019429 31031 0
1459947782221312 150 2444336 27602 125 2021661 30663 0
1459947782225509 147 2441532 28029 145 2049318 53764 0
1459947782229506 147 2438947 28221 144 2073535 71888 0
1459947782233245 144 2432724 31752 141 2092020 83311 0
1459947782236996 145 2428267 33379 141 2109060 92511 0
1459947782240738 142 2420318 38098 140 2123489 98585 0
1459947782244750 142 2412990 41875 140 2136791 103146 0
1459947782248480 143 2407515 43650 142 2151614 108752 0
1459947782252425 145 2405027 42531 142 2165279 112852 0
1459947782256515 146 2404014 40141 145 2181716 119188 0
1459947782260306 144 2400520 40224 141 2191749 119125 0
1459947782264065 141 2393459 43589 138 2197158 114805 0
1459947782267785 138 2383110 49723 136 2199585 108072 0
1459947782271492 143 2379969 48733 140 2206942 106410 0
1459947782274792 137 2369393 54673 134 2206044 98923 0
1459947782278218 139 2362204 57028 137 2209056 93971 0
1459947782282374 147 2365816 55902 146 2223353 99809 0
1459947782286479 144 2365306 52003 144 2233973 101801 0
1459947782290086 145 2366116 48687 141 2239923 99333 0
1459947782293679 144 2365583 45374 141 2245409 96629 0
1459947782297317 137 2356131 50541 136 2244066 90316 0
1459947782301069 145 2357658 47999 143 2251788 90379 0
1459947782305166 148 2362905 49087 146 2262747 93420 0
1459947782308939 144 2362623 45511 140 2265169 88354 0
1459947782312539 144 2362363 42194 142 2269962 85870 0
1459947782316118 142 2359563 41477 140 2271821 80874 0
1459947782319687 144 2359542 38255 140 2273534 76135 0
1459947782323067 142 2356962 37643 139 2273834 70462 0
1459947782326566 140 2352024 39253 138 2272830 65881 0
1459947782330191 140 2347472 40382 136 2269345 63946 0
1459947782333898 144 2348395 38078 143 2275092 64248 0
1459947782337637 144 2349246 35888 141 2277830 61752 0
1459947782341473 141 2346191 35900 139 2277794 56959 0
1459947782345400 144 2347214 34038 141 2280321 54838 0
1459947782349437 148 2353277 36968 146 2289050 58600 0
1459947782353416 145 2355027 35692 144 2294537 59080 0
1459947782357091 144 2355360 33210 141 2295756 55588 0
1459947782360978 144 2355667 30898 142 2298160 53461 0
1459947782364728 142 2353390 30582 140 2297816 49600 0
1459947782368592 143 2352571 28946 141 2298779 46612 0
1459947782371868 137 2344136 34459 137 2294546 46871 0
1459947782375331 142 2342760 33034 139 2293204 44445 0
1459947782378995 143 2342771 30464 140 2293247 41012 0
1459947782382630 143 2342782 28094 141 2294567 39023 0
1459947782386840 149 2342782 28094 147 2294567 39023 1
1459947782390723 144 2344072 27088 143 2298343 39455 0
1459947782394548 141 2341421 27414 138 2295424 39062 0
1459947782398316 141 2338977 27524 137 2291454 39669 0
1459947782402173 141 2336724 27449 139 2290354 37582 0
1459947782405703 141 2334647 27218 140 2290620 34890 0
1459947782409638 145 2337852 28046 143 2294705 35930 0
1459947782413371 144 2339527 27398 142 2297191 35413 0
1459947782417180 144 2341071 26680 142 2299482 34758 0
1459947782421132 146 2345054 28267 144 2304154 36349 0
1459947782424881 148 2351286 31803 145 2309741 38660 0
1459947782428583 143 2350631 29921 140 2308492 36789 0
1459947782432360 144 2351307 28207 141 2308621 34032 0
1459947782436043 142 2349371 27787 137 2303619 35983 0
1459947782439703 140 2345026 29621 138 2300288 36241 0
1459947782443467 145 2347420 29513 142 2302338 35298 0
1459947782447183 140 2343227 31071 139 2300387 34337 0
1459947782450956 139 2338082 33385 135 2293469 38031 0
1459947782455218 148 2344859 37023 147 2302451 43340 0
1459947782459121 141 2342146 36630 138 2299212 42939 0
1459947782463379 150 2351165 42083 147 2307746 47451 0
1459947782467623 146 2354360 41740 144 2311773 47455 0
1459947782471744 146 2357305 41194 144 2315485 47169 0
1459947782475769 146 2360020 40478 144 2318907 46638 0
1459947782479551 142 2357403 39727 141 2318222 43625 0
1459947782483422 144 2357550 36759 141 2317590 40797 0
1459947782486954 140 2352566 38481 137 2311888 42865 0
1459947782490548 141 2349251 38529 138 2307911 43181 0
1459947782494328 144 2350035 36241 144 2311925 43507 0
1459947782498041 146 2353318 36436 142 2313065 41159 0
1459947782502117 147 2357625 37559 144 2316676 41272 0
1459947782505985 145 2359035 35924 143 2318725 39936 0
1459947782509845 146 2361615 35495 142 2319334 37378 0
1459947782513487 139 2355033 38787 135 2310936 42198 0
1459947782517260 140 2350246 40168 138 2307034 42498 0
1459947782521072 145 2352233 38860 143 2309836 41761 0
1459947782524839 141 2348944 38855 136 2303460 44375 0
1459947782528699 144 2349752 36564 139 2301422 42786 0
1459947782532271 141 2346657 36559 139 2299543 41174 0
1459947782535849 142 2345084 35151 140 2299091 38373 0
1459947782539725 149 2352594 39327 147 2307634 43251 0
1459947782543371 143 2351837 36951 141 2307830 40052 0
1459947782547322 144 2352419 34601 141 2308010 37088 0
1459947782550985 141 2349116 34941 139 2305616 36396 0
1459947782554714 144 2349911 32944 141 2305969 33878 0
1459947782558779 148 2355764 35765 146 2312695 37431 0
1459947782562140 137 2347079 40975 135 2304815 41769 0
1459947782566162 145 2349313 39832 143 2307791 41248 0
1459947782569763 140 2344972 40720 136 2301574 43755 0
1459947782572991 136 2344972 40720 130 2301574 43755 1
1459947782576967 147 2349931 42109 144 2306083 44493 0
1459947782580196 139 2344262 44044 138 2302560 44263 0
1459947782583863 141 2341596 43060 139 2300592 42617 0
1459947782587164 138 2335298 45500 137 2296218 43319 0
1459947782590426 139 2330772 46116 136 2290905 44830 0
1459947782593706 138 2325320 47538 136 2286008 45841 0
1459947782597367 141 2324134 44916 139 2285333 42880 0
1459947782600686 138 2319201 45953 136 2280871 43643 0
1459947782604092 140 2317213 44194 139 2280597 40484 0
1459947782607557 142 2317940 41411 139 2280345 37552 0
1459947782611151 142 2318610 38793 140 2281393 35584 0
1459947782614567 145 2323068 39872 142 2284919 36054 0
1459947782618424 140 2320778 38867 136 2280489 37320 0
1459947782622180 144 2323787 38604 141 2282805 36539 0
1459947782626003 142 2324001 35785 138 2281100 35254 0
1459947782629734 142 2324198 33171 139 2280809 32767 0
1459947782633914 149 2324198 33171 145 2280809 32767 1
1459947782637525 141 2323100 31591 139 2280540 30454 0
1459947782641029 140 2320807 31235 136 2276452 31841 0
1459947782644184 136 2313573 35461 133 2268844 36366 0
1459947782647896 142 2314585 33623 139 2269510 34138 0
1459947782651629 145 2319358 35396 142 2273964 35576 0
1459947782655448 144 2322478 35506 139 2274230 33041 0
1459947782659185 143 2324074 34203 140 2275755 31865 0
1459947782662863 143 2325545 32886 139 2275881 29491 0
1459947782666916 144 2328181 32746 143 2281117 32014 0
1459947782671233 152 2328181 32746 148 2281117 32014 1
1459947782674985 142 2328051 30305 138 2279544 30961 0
1459947782678260 141 2326652 29226 139 2279374 28698 0
1459947782681912 141 2325362 28130 139 2279217 26598 0
1459947782686005 146 2330573 30735 145 2286753 31467 0
1459947782689503 135 2330573 30735 133 2286753 31467 1
1459947782693080 143 2331536 29221 141 2288580 30692 0
1459947782696755 141 2329864 28478 138 2286424 30280 0
1459947782700749 143 2330883 27192 140 2286997 28442 0
