1459947780003832 140 2293760 0 138 2260992 0 0
1459947780007845 146 2301440 7080 146 2271232 9440 0
1459947780011808 144 2305960 10692 142 2275552 12684 0
1459947780015588 141 2306286 10157 139 2275694 11824 0
1459947780019128 141 2306587 9640 140 2277105 12201 0
1459947780022646 139 2304304 10989 137 2274566 13587 0
1459947780026073 140 2303480 10889 137 2272225 14682 0
1459947780029788 142 2305280 11698 139 2272627 13905 0
1459947780033568 144 2309500 14674 142 2276838 16700 0
1459947780037241 143 2312110 15933 138 2275600 16536 0
1459947780040491 139 2309396 17189 135 2270618 19836 0
1459947780044149 146 2315854 21799 143 2276265 23492 0
1459947780047416 138 2311567 24046 137 2273791 23935 0
1459947780050805 141 2311455 22269 137 2271511 24166 0
1459947780054465 141 2311352 20623 139 2271969 22700 0
1459947780058037 141 2311257 19097 140 2273671 22495 0
1459947780061681 146 2317570 23424 145 2281640 28083 0
1459947780065323 140 2315709 23308 139 2281306 26196 0
1459947780069149 142 2316554 22266 140 2282278 25046 0
1459947780072978 145 2321173 24784 142 2285735 26275 0
1459947780076634 144 2324151 25592 140 2286361 24800 0
1459947780080486 147 2330736 29663 145 2293339 29294 0
1459947780084213 144 2332967 29401 141 2294651 28215 0
1459947780087841 142 2332463 27567 140 2294581 26074 0
1459947780091443 141 2330719 27020 138 2291956 26455 0
1459947780094807 140 2327831 27570 137 2288256 27798 0
1459947780098374 141 2326449 26689 139 2287406 26409 0
1459947780102413 147 2332855 30508 145 2294302 30702 0
1459947780106235 140 2329800 30939 139 2292979 29521 0
1459947780109584 138 2324424 33476 135 2286640 33057 0
1459947780113042 140 2322028 33068 137 2283356 33501 0
1459947780116397 137 2315979 36059 136 2279048 34853 0
1459947780119907 143 2318083 35180 141 2281477 34369 0
1459947780123591 141 2317462 33002 139 2281156 31978 0
1459947780127460 142 2318170 31075 139 2280860 29751 0
1459947780130671 139 2314982 31584 136 2276747 31216 0
1459947780133950 140 2313324 30644 136 2272956 32271 0
1459947780137366 141 2313075 28477 138 2272021 30610 0
1459947780141549 148 2321806 34300 146 2281399 36863 0
1459947780145488 145 2326014 35500 143 2286204 38413 0
1459947780149017 143 2327334 33943 142 2289354 38315 0
1459947780153039 147 2333671 37132 143 2293538 39178 0
1459947780157119 149 2342072 41976 145 2299955 42033 0
1459947780160834 142 2340857 39815 141 2300751 39482 0
1459947780164401 140 2337177 40095 137 2296364 40440 0
1459947780168150 143 2337625 37375 140 2296160 37467 0
1459947780172055 146 2341878 38375 142 2298532 36726 0
1459947780176066 145 2344518 37810 142 2300719 35872 0
1459947780179718 140 2340552 38511 137 2296335 37110 0
1459947780183115 137 2333056 42412 134 2288453 41475 0
1459947780186467 135 2323586 47828 133 2279907 46111 0
1459947780190499 144 2326375 46662 141 2282269 44685 0
1459947780194309 145 2330226 46567 145 2289566 47920 0
1459947780197909 143 2331217 43841 140 2289893 44478 0
1459947780201763 143 2332130 41257 141 2291475 42461 0
1459947780205468 142 2331692 38436 140 2291653 39307 0
1459947780209346 143 2332568 36241 140 2291817 36387 0
1459947780213216 144 2334656 35334 142 2294528 36044 0
1459947780217424 147 2340421 37887 146 2302148 40252 0
1459947780221153 143 2340615 35106 142 2304052 38862 0
1459947780225023 142 2339514 33377 141 2304527 36263 0
1459947780228895 143 2339779 31013 139 2302405 35384 0
1459947780232912 149 2347703 35895 147 2310689 40256 0
1459947780236776 144 2348608 33925 142 2311926 38251 0
1459947780240907 144 2349443 32043 142 2313066 36313 0
1459947780244924 145 2351492 31428 141 2312837 33686 0
1459947780248223 135 2340581 39029 132 2301106 41867 0
1459947780251858 142 2339483 36991 139 2299252 40305 0
1459947780255383 139 2334630 38573 137 2294982 41091 0
1459947780258957 141 2332717 37322 139 2293606 39147 0
1459947780262655 143 2333513 35140 142 2296178 38459 0
1459947780266326 142 2332967 32897 139 2294709 36808 0
1459947780270292 145 2336303 33402 142 2297194 36223 0
1459947780273885 137 2329139 37395 135 2290525 39540 0
1459947780277645 145 2332775 37824 143 2294617 40223 0
1459947780281222 139 2328446 38858 137 2290710 40681 0
1459947780284582 132 2315496 47760 129 2276868 50262 0
1459947780288475 143 2317637 46002 141 2279467 48731 0
1459947780292284 146 2323451 47768 143 2284423 49492 0
1459947780295438 134 2313451 53254 132 2274912 54392 0
1459947780299081 143 2315752 51214 141 2277664 52679 0
1459947780302956 139 2312753 49975 137 2275081 50943 0
1459947780306785 143 2315109 48242 143 2280380 51848 0
1459947780310437 141 2314721 44830 139 2280145 48013 0
1459947780314055 144 2318203 44537 140 2281208 45241 0
1459947780317732 140 2316293 42817 136 2277068 45521 0
1459947780321311 139 2313252 42273 137 2274532 44301 0
1459947780325082 145 2318129 43466 142 2278594 44583 0
1459947780329090 140 2316225 41825 136 2274658 44726 0
1459947780333003 142 2317029 39299 141 2277430 43786 0
1459947780336885 142 2317771 36912 139 2277425 40368 0
1459947780340640 138 2313335 38117 138 2276141 38397 0
1459947780344371 140 2311805 36548 139 2276237 35485 0
1459947780348429 147 2319355 40652 144 2282725 38694 0
1459947780351684 138 2314795 41679 135 2277187 40776 0
1459947780355029 137 2309311 43476 135 2272081 42296 0
1459947780358874 140 2308096 41199 137 2269934 40969 0
1459947780362930 146 2314656 44027 143 2275635 43024 0
1459947780366604 141 2314303 40911 140 2277051 40967 0
1459947780369869 139 2311418 40373 137 2274516 40102 0
1459947780373067 136 2304918 43209 136 2270899 40302 0
1459947780376625 141 2305326 40209 138 2270125 37866 0
1459947780380329 143 2308262 39774 140 2271971 36609 0
1459947780384290 141 2308409 36801 140 2273673 35317 0
1459947780388228 145 2313664 38770 143 2279082 37543 0
1459947780391947 144 2317229 39027 142 2282788 38026 0
1459947780395738 144 2320515 39007 142 2286205 38205 0
1459947780399387 144 2323544 38752 143 2290635 39304 0
1459947780402658 136 2316097 42589 133 2281919 44267 0
1459947780406076 139 2313071 42049 137 2279004 43495 0
1459947780409723 139 2310282 41333 137 2276316 42573 0
1459947780412878 133 2300031 47552 132 2267438 47429 0
1459947780416217 135 2293141 50188 134 2261814 48907 0
1459947780420058 146 2300869 53391 142 2266869 49746 0
1459947780423868 144 2305433 53427 140 2268969 47795 0
1459947780427610 143 2308361 51952 139 2269625 44666 0
1459947780431336 145 2313620 52741 142 2274070 45274 0
1459947780434925 140 2312068 50050 139 2274328 41974 0
1459947780439377 149 2322157 55440 147 2284806 48353 0
1459947780443221 145 2326338 54962 141 2286785 46399 0
1459947780447258 145 2330192 54221 142 2289889 45636 0
1459947780450828 143 2331185 50900 140 2290191 42348 0
1459947780454374 139 2326981 50798 137 2286629 42321 0
1459947780458195 144 2329505 49156 142 2289746 41887 0
1459947780461698 142 2329272 45529 140 2290059 38903 0
1459947780465606 144 2331617 44134 142 2292908 38489 0
1459947780469529 142 2331219 41052 138 2290414 37780 0
1459947780472744 139 2327012 41721 136 2285555 39306 0
1459947780476592 146 2332094 43146 144 2291316 41545 0
1459947780480378 146 2336779 44094 144 2296626 43195 0
1459947780484090 143 2337258 41090 140 2296402 40026 0
1459947780487975 143 2337699 38286 141 2297475 37887 0
1459947780491552 140 2334266 38458 137 2293344 38734 0
1459947780494854 134 2323421 45450 134 2285696 42757 0
1459947780498362 134 2313423 51115 132 2276086 48275 0
1459947780501804 135 2305486 54437 132 2267226 52670 0
1459947780505593 139 2303289 52208 136 2264178 51363 0
1459947780509280 141 2303824 48622 139 2265209 48300 0
1459947780512924 144 2308157 48818 142 2269999 48942 0
1459947780516529 141 2308312 45147 139 2270575 45649 0
1459947780520038 139 2305895 43847 138 2269826 42772 0
1459947780523727 143 2308786 43087 141 2272975 42333 0
1459947780526753 127 2290972 56142 125 2255398 55227 0
1459947780530469 147 2300149 60215 144 2263515 58394 0
1459947780534004 142 2302209 57409 140 2265877 56009 0
1459947780537453 142 2304108 54674 142 2270615 56001 0
1459947780541380 145 2309699 55556 142 2274983 55651 0
1459947780545136 141 2309733 51247 139 2275169 51475 0
1459947780548836 142 2311045 48452 140 2276621 48791 0
1459947780552505 142 2312254 45781 140 2277959 46213 0
1459947780555988 137 2306969 47075 133 2270233 49723 0
1459947780559593 140 2305937 44348 138 2269511 46503 0
1459947780564039 147 2313945 48266 145 2277805 50515 0
1459947780567307 141 2313648 44768 139 2277771 46598 0
1459947780570690 142 2314654 42197 138 2276460 44165 0
1459947780574506 143 2316861 40935 142 2280371 44320 0
1459947780578018 142 2317616 38432 140 2281417 41821 0
1459947780581707 142 2318312 36070 140 2282381 39441 0
1459947780585325 141 2317673 33840 139 2281989 36719 0
1459947780588764 138 2313244 35278 135 2276508 38902 0
1459947780592365 139 2310441 35104 136 2272735 39339 0
1459947780595764 139 2307857 34742 136 2269257 39470 0
1459947780599290 144 2311875 35731 140 2271171 38150 0
1459947780603382 146 2318139 38714 143 2276775 40335 0
1459947780607203 144 2321354 38653 141 2279381 39586 0
1459947780610570 137 2315358 41160 136 2275384 40177 0
1459947780614010 136 2308550 44219 132 2266579 45154 0
1459947780618036 145 2313794 45598 141 2269982 44763 0
1459947780621648 140 2312228 43477 138 2269279 41912 0
1459947780625043 139 2309505 42590 137 2267351 40413 0
1459947780628613 140 2308274 40395 138 2266854 37712 0
1459947780632194 139 2305860 39464 137 2265116 36367 0
1459947780635503 139 2303634 38431 136 2262233 36181 0
1459947780639223 141 2304142 35896 139 2263416 34444 0
1459947780643065 141 2304610 33523 140 2265786 33938 0
1459947780646661 140 2303762 31685 137 2264131 32811 0
1459947780649818 136 2297860 34649 134 2258765 35193 0
1459947780653081 137 2293699 35777 135 2255098 35822 0
1459947780656471 137 2289863 36516 135 2251718 36138 0
1459947780660159 144 2295287 38663 142 2257562 38701 0
1459947780663987 145 2301567 41432 142 2262949 40644 0
1459947780667670 142 2303517 39992 139 2264076 38507 0
1459947780671040 138 2300194 39929 136 2261275 38080 0
1459947780674926 145 2306091 42245 140 2263812 37444 0
1459947780678487 141 2306407 39235 140 2266151 36674 0
1459947780682410 143 2309258 38798 142 2270867 38156 0
1459947780685936 144 2313167 39369 142 2275215 39183 0
1459947780689607 141 2312930 36510 139 2275383 36276 0
1459947780693517 145 2317832 38176 141 2278098 35944 0
1459947780697083 142 2318511 35819 139 2278041 33186 0
1459947780700994 145 2322977 37137 143 2283109 35265 0
1459947780704450 140 2320694 36339 139 2282661 32921 0
1459947780708083 140 2318589 35439 136 2278408 34269 0
1459947780711896 145 2323049 36781 143 2283447 36236 0
1459947780715519 139 2319480 37196 137 2280412 36202 0
1459947780719011 137 2313630 39682 135 2275054 38311 0
1459947780723018 147 2321037 43409 145 2282915 42564 0
1459947780726681 139 2317625 43161 135 2277362 44356 0
1459947780730171 142 2318320 40430 139 2277363 40891 0
1459947780733478 137 2312561 42579 134 2270964 43595 0
1459947780737243 141 2312372 39426 139 2271464 40650 0
1459947780741166 143 2314757 38544 140 2273205 39079 0
1459947780744742 141 2314396 35864 141 2276090 38685 0
1459947780748257 140 2312783 34548 136 2272350 39109 0
1459947780752069 145 2317696 36378 142 2276582 39955 0
1459947780755784 139 2314546 36438 136 2272804 40315 0
1459947780759580 145 2319322 37993 142 2277001 41034 0
1459947780763067 143 2321164 36723 141 2279590 40215 0
1459947780766789 142 2321583 34240 138 2278137 38412 0
1459947780770263 138 2316849 35928 135 2272957 40185 0
1459947780774059 143 2318885 34998 138 2272022 37906 0
1459947780777425 139 2315642 35252 136 2268600 38098 0
1459947780781402 147 2322892 39181 143 2274405 40473 0
1459947780785186 141 2321896 37037 138 2273357 38277 0
1459947780788744 139 2318417 37349 135 2268550 39716 0
1459947780792507 142 2319050 35015 140 2270519 38428 0
1459947780796524 147 2326034 38717 144 2277454 41818 0
1459947780800553 144 2328632 38087 142 2281287 42084 0
1459947780804204 143 2329747 36139 141 2283541 40874 0
1459947780808249 143 2330775 34263 141 2285619 39596 0
1459947780812098 145 2334283 34820 142 2288815 39448 0
1459947780815929 144 2336237 33900 141 2290481 37902 0
1459947780819900 145 2339318 34091 143 2294577 38716 0
1459947780823625 140 2335758 34708 136 2289393 40469 0
1459947780827209 141 2333756 33840 138 2287174 39352 0
1459947780830843 144 2335751 33035 140 2287688 36751 0
1459947780834321 140 2332470 33478 137 2284322 36981 0
1459947780838176 146 2337125 35154 144 2290179 39490 0
1459947780842086 145 2340137 35183 142 2293018 39021 0
1459947780845886 144 2341633 33813 141 2294355 37205 0
1459947780849665 143 2341732 31263 141 2295588 35435 0
1459947780853193 141 2339264 31095 139 2294165 33977 0
1459947780856377 130 2322909 43742 128 2278773 45511 0
1459947780860537 145 2327031 44124 144 2285063 47754 0
1459947780864577 146 2332111 45359 144 2290862 49369 0
1459947780868327 136 2323994 49297 134 2283408 52383 0
1459947780871947 141 2322911 46442 138 2281656 49904 0
1459947780875752 144 2325753 45433 141 2283881 48056 0
1459947780878734 123 2301493 64247 120 2259052 67189 0
1459947780882628 141 2302168 59850 136 2256643 64159 0
1459947780886724 143 2305351 58108 142 2262102 64179 0
1459947780890545 144 2309565 57453 142 2267135 63805 0
1459947780894205 146 2316010 58905 144 2274335 65457 0
1459947780897957 142 2316831 55060 138 2273292 61303 0
1459947780901171 138 2312468 54779 136 2269771 59758 0
1459947780904526 136 2305886 56566 135 2265245 59261 0
1459947780908468 145 2311338 57172 142 2270032 59044 0
1459947780912058 145 2316364 57339 142 2274445 58499 0
1459947780916137 145 2320998 57131 143 2279793 58859 0
1459947780919970 144 2323990 55425 141 2282164 56445 0
1459947780923587 141 2322908 52091 139 2281789 52379 0
1459947780927267 140 2320630 50120 139 2281444 48603 0
1459947780931102 144 2323650 48988 141 2283686 46872 0
1459947780934870 144 2326434 47727 140 2284473 43935 0
1459947780938526 141 2325161 45171 140 2285198 41170 0
1459947780942317 143 2326547 42920 140 2285866 38569 0
1459947780946061 141 2325265 40747 140 2286482 36123 0
1459947780949834 142 2325363 37654 141 2288330 35004 0
1459947780953564 140 2322894 36988 138 2286194 34237 0
1459947780957278 140 2320617 36196 137 2282945 34557 0
1459947780960702 141 2319798 34122 138 2281229 33438 0
1459947780964629 143 2321603 33120 143 2286047 35267 0
1459947780968774 148 2321603 33120 144 2286047 35267 1
1459947780972491 143 2323267 32066 141 2287929 34246 0
1459947780976479 144 2326081 32154 140 2288384 31990 0
1459947780980509 144 2328675 32033 142 2291364 32237 0
1459947780984444 143 2329787 30555 141 2292831 31070 0
1459947780988738 148 2329787 30555 147 2292831 31070 1
1459947780992796 145 2333372 31472 142 2295463 31068 0
1459947780996757 143 2334117 29700 143 2299169 32057 0
1459947781000524 144 2336084 29192 141 2300026 30342 0
1459947781004466 145 2339177 29762 143 2303376 31059 0
1459947781008424 145 2342028 30065 142 2305184 30299 0
1459947781011933 143 2342097 27779 141 2305571 28288 0
1459947781015650 143 2342160 25666 140 2304648 26928 0
1459947781019142 141 2342160 25666 136 2304648 26928 1
1459947781022701 140 2338378 27145 138 2301237 27968 0
1459947781026862 149 2338378 27145 147 2301237 27968 1
1459947781030498 143 2338732 25350 142 2303212 27604 0
1459947781034109 143 2339058 23670 139 2301193 27307 0
1459947781037918 145 2341919 24457 142 2303172 26997 0
1459947781041889 145 2344556 24977 143 2306276 27749 0
1459947781046166 147 2349547 27626 146 2312978 31759 0
1459947781050035 142 2347748 27124 139 2310196 31841 0
1459947781053836 145 2349930 27015 144 2314031 32889 0
1459947781057686 143 2349381 25409 140 2312447 31778 0
1459947781061430 147 2353995 27677 146 2318667 35029 0
1459947781065088 146 2356969 28255 143 2320561 34038 0
1459947781068719 144 2357150 26214 139 2317187 34488 0
1459947781072671 145 2358597 25500 142 2317916 32465 0
1459947781076518 145 2359931 24737 142 2318588 30548 0
1459947781080541 148 2365001 27478 145 2323048 32272 0
1459947781084455 145 2365835 26100 144 2325879 32360 0
1459947781088061 146 2367884 25949 142 2325929 29877 0
1459947781091619 141 2363373 28079 137 2319575 33398 0
1459947781095429 142 2360494 28538 139 2316278 33827 0
1459947781099633 149 2360494 28538 146 2316278 33827 1
1459947781103617 144 2360400 26394 141 2315798 31625 0
1459947781107077 135 2360400 26394 131 2315798 31625 1
1459947781110385 141 2356473 27950 139 2312796 31921 0
1459947781114049 142 2354133 27922 140 2311308 30797 0
1459947781118109 146 2357096 28471 143 2313777 30666 0
1459947781121883 141 2353427 29627 140 2312213 29711 0
1459947781125360 140 2348765 31609 138 2308211 31077 0
1459947781129179 146 2352147 32257 141 2308362 28788 0
1459947781133308 144 2352705 30250 139 2305941 28769 0
1459947781136878 141 2349379 30951 139 2303709 28578 0
1459947781140583 142 2347593 30177 140 2302931 27061 0
1459947781144224 144 2348507 28661 140 2302214 25606 0
1459947781147900 141 2345509 29183 141 2302833 24176 0
1459947781151737 146 2349146 30255 142 2304684 23993 0
1459947781155232 138 2342258 34239 137 2299990 26444 0
1459947781158952 143 2342309 31611 139 2298223 26006 0
1459947781162441 140 2338516 32637 136 2292754 29015 0
1459947781165807 141 2336299 32130 138 2290272 29035 0
1459947781169567 144 2338095 31275 141 2291824 28197 0
1459947781173342 141 2335911 30844 137 2288135 29394 0
1459947781177154 144 2337737 30118 142 2291134 29862 0
1459947781180541 139 2333021 32112 136 2286219 32059 0
1459947781184105 140 2329953 32430 139 2285528 30190 0
1459947781188008 146 2334805 34369 143 2290011 31963 0
1459947781191752 144 2336718 33446 141 2291583 30915 0
1459947781195026 139 2332081 35106 137 2287913 31882 0
1459947781198353 139 2327807 36302 136 2283249 33689 0
1459947781201586 134 2327807 36302 131 2283249 33689 1
1459947781205496 143 2328987 34552 140 2284070 31814 0
1459947781209315 140 2326234 34389 137 2280987 32170 0
1459947781213113 142 2326256 31723 141 2283264 31756 0
1459947781217178 146 2331397 33983 141 2285364 31210 0
1459947781220820 140 2328456 34038 137 2282179 31706 0
1459947781224610 144 2330865 33599 141 2284363 31242 0
1459947781227983 139 2326686 34826 137 2281257 31664 0
1459947781231857 145 2330513 35633 141 2283513 31270 0
1459947781235819 147 2336601 38462 144 2289433 34285 0
1459947781240174 146 2340934 39451 142 2292331 34277 0
1459947781244012 143 2341088 36510 141 2293722 32881 0
1459947781247678 142 2339950 34705 138 2291164 32669 0
1459947781251873 151 2339950 34705 148 2291164 32669 1
1459947781255593 145 2342741 34566 143 2295206 33843 0
1459947781259576 145 2345314 34237 141 2296373 32274 0
1459947781263011 140 2341286 35274 139 2294888 31120 0
1459947781266471 142 2340133 33580 140 2294799 28769 0
1459947781270556 148 2346750 37056 146 2302397 33526 0
1459947781274206 141 2343890 36797 138 2299162 33888 0
1459947781277845 139 2338693 38712 138 2296179 33988 0
1459947781281603 146 2342862 39530 142 2298550 33517 0
1459947781285387 143 2342865 36444 139 2296895 32422 0
1459947781289563 147 2347988 38319 144 2301770 34383 0
1459947781293773 148 2353991 40859 146 2308824 38199 0
1459947781297670 144 2354405 38048 142 2310207 36489 0
1459947781301655 149 2361187 41327 145 2315322 38353 0
1459947781305065 139 2354639 44134 138 2311077 39268 0
1459947781308972 147 2358842 44561 145 2316124 40852 0
1459947781312850 144 2358877 41111 142 2316936 38409 0
1459947781316519 143 2357629 39048 141 2316405 35897 0
1459947781320588 147 2361599 39657 145 2321035 37361 0
1459947781324778 148 2366539 41112 145 2325304 38377 0
1459947781328663 146 2368533 39738 144 2327959 37826 0
1459947781332362 142 2365251 39658 138 2322727 39693 0
1459947781335958 138 2365251 39658 135 2322727 39693 1
1459947781339927 144 2364785 36987 142 2323023 36864 0
1459947781344445 150 2372036 40781 146 2328416 38956 0
1459947781348014 141 2367200 42051 140 2325708 38407 0
1459947781351784 146 2369142 40555 144 2328332 37825 0
1459947781355289 142 2365812 40455 140 2325631 37358 0
1459947781359189 144 2365302 37763 142 2325701 34503 0
1459947781362594 136 2365302 37763 134 2325701 34503 1
1459947781366350 145 2366112 35559 143 2327045 33046 0
1459947781369615 133 2366112 35559 131 2327045 33046 1
1459947781372709 134 2366112 35559 131 2327045 33046 1
1459947781376251 139 2359179 39170 138 2321884 35221 0
1459947781379911 142 2356628 38460 139 2318406 35674 0
1459947781384137 150 2364516 42727 148 2326720 40551 0
1459947781387853 140 2358988 44483 137 2320305 43295 0
1459947781391052 137 2350052 49244 135 2311831 47723 0
1459947781394634 142 2348214 47090 139 2309139 46475 0
1459947781398689 146 2351639 46569 143 2311777 45276 0
1459947781402894 148 2357357 48201 147 2319329 48700 0
1459947781406724 145 2358788 45754 143 2321171 46593 0
1459947781410634 144 2358827 42215 141 2320309 43746 0
1459947781414249 140 2353743 43602 138 2315674 44600 0
1459947781417881 138 2346496 46875 136 2308841 47413 0
1459947781421209 141 2343656 45830 136 2302542 49514 0
1459947781424639 142 2342317 43482 139 2300575 47457 0
1459947781427496 131 2342317 43482 123 2300575 47457 1
1459947781430446 134 2342317 43482 125 2300575 47457 1
1459947781433491 135 2342317 43482 124 2300575 47457 1
1459947781436365 132 2342317 43482 121 2300575 47457 1
1459947781439493 136 2342317 43482 127 2300575 47457 1
1459947781442736 134 2342317 43482 125 2300575 47457 1
1459947781445608 131 2342317 43482 122 2300575 47457 1
1459947781448535 132 2342317 43482 122 2300575 47457 1
1459947781451367 131 2342317 43482 121 2300575 47457 1
1459947781454558 134 2342317 43482 124 2300575 47457 1
1459947781457873 138 2342317 43482 129 2300575 47457 1
1459947781460869 135 2342317 43482 126 2300575 47457 1
1459947781463531 128 2342317 43482 119 2300575 47457 1
1459947781466360 130 2342317 43482 121 2300575 47457 1
1459947781469327 134 2342317 43482 127 2300575 47457 1
1459947781472184 136 2342317 43482 129 2300575 47457 1
1459947781474982 134 2342317 43482 128 2300575 47457 1
1459947781478332 142 2341083 41221 135 2293642 50139 0
1459947781481576 135 2341083 41221 128 2293642 50139 1
1459947781484625 134 2341083 41221 128 2293642 50139 1
1459947781487499 130 2341083 41221 125 2293642 50139 1
1459947781490521 134 2341083 41221 128 2293642 50139 1
1459947781493089 125 2341083 41221 120 2293642 50139 1
1459947781496608 143 2341225 38131 136 2288531 50932 0
1459947781499686 136 2341225 38131 131 2288531 50932 1
1459947781502711 137 2341225 38131 130 2288531 50932 1
1459947781505619 132 2341225 38131 125 2288531 50932 1
1459947781508509 133 2341225 38131 127 2288531 50932 1
1459947781511271 135 2341225 38131 129 2288531 50932 1
1459947781514536 138 2334956 40930 132 2278699 56015 0
1459947781517657 139 2330457 41878 131 2268355 61173 0
1459947781520757 136 2322470 45968 129 2256259 67543 0
1459947781523674 133 2311267 52703 127 2242548 74905 0
1459947781526749 135 2303499 55745 130 2233748 77164 0
1459947781529423 128 2303499 55745 121 2233748 77164 1
1459947781532100 132 2292498 61530 125 2219236 84512 0
1459947781535072 135 2286196 62531 130 2212258 84341 0
1459947781537835 133 2277826 65360 127 2201985 87221 0
1459947781540674 130 2266270 70905 126 2191234 90316 0
1459947781543920 134 2260737 70465 128 2183883 90035 0
1459947781546819 128 2247956 76740 122 2169427 96327 0
1459947781549705 132 2241294 76885 128 2163780 94006 0
1459947781552524 133 2236432 75359 128 2158574 91459 0
1459947781555308 133 2231950 73602 128 2153775 88736 0
1459947781557725 127 2220138 78739 122 2141671 92961 0
1459947781560533 133 2216929 75544 127 2136912 90084 0
1459947781563425 134 2215251 71188 128 2133805 85909 0
1459947781566287 131 2209864 70591 125 2127101 85376 0
1459947781569147 133 2207458 67293 127 2123481 82042 0
1459947781572310 135 2207800 62350 130 2123984 76095 0
1459947781575288 133 2205555 59546 128 2121887 72082 0
1459947781578198 133 2203486 56800 129 2121234 67051 0
1459947781581308 135 2204138 52963 130 2121912 62437 0
1459947781584677 138 2208579 52919 134 2127657 62855 0
1459947781587486 133 2206273 50909 128 2125273 60140 0
1459947781590776 137 2209267 49692 130 2125636 55775 0
1459947781593540 135 2209468 45994 130 2125970 51725 0
1459947781596029 129 2201973 49309 123 2117318 55658 0
1459947781599108 137 2205303 48526 130 2118302 52216 0
1459947781602300 135 2205813 45204 129 2117929 48479 0
1459947781605501 137 2208843 44466 132 2121425 47914 0
1459947781608730 138 2212917 44747 132 2124648 47141 0
1459947781611806 136 2214112 42353 130 2125059 43837 0
1459947781614519 132 2210094 42747 128 2122878 42421 0
1459947781617418 133 2207670 41641 127 2119588 42138 0
1459947781620547 132 2204155 41626 128 2117835 40460 0
1459947781623151 127 2204155 41626 122 2117835 40460 1
1459947781626298 136 2206035 40106 131 2120059 39349 0
1459947781629513 139 2211608 42110 133 2124669 40524 0
1459947781632612 135 2211626 38836 130 2125079 37736 0
1459947781635742 136 2212922 36996 131 2126737 36315 0
1459947781638808 136 2214117 35207 130 2126985 33706 0
1459947781642031 135 2213939 32619 127 2123374 34400 0
1459947781644774 130 2207375 36121 125 2117485 37140 0
1459947781647527 131 2202603 37697 126 2113336 38062 0
1459947781650603 135 2203324 35416 128 2112071 36253 0
1459947781653278 130 2197589 37935 124 2105785 39214 0
1459947781655798 129 2191022 41024 123 2098710 42671 0
1459947781658736 133 2190088 38679 128 2098588 39449 0
1459947781661847 137 2194347 39583 132 2103595 40983 0
1459947781664777 136 2196993 38929 130 2105651 39677 0
1459947781667820 135 2198152 36956 129 2106267 37144 0
1459947781670711 132 2195381 36622 126 2102994 37258 0
1459947781673683 134 2195386 33765 127 2101257 35947 0
1459947781676705 135 2196671 32312 127 2099656 34613 0
1459947781679731 134 2196576 29874 127 2098180 33268 0
1459947781682797 135 2197768 28639 126 2095539 33101 0
1459947781685748 136 2200147 28594 124 2090545 35117 0
1459947781688626 138 2204900 30742 125 2087221 35437 0
1459947781691583 141 2204900 30742 127 2087221 35437 1
1459947781694833 146 2204900 30742 132 2087221 35437 1
1459947781697648 138 2209282 32379 122 2080316 39032 0
1459947781700459 142 2209282 32379 125 2080316 39032 1
1459947781703457 141 2209282 32379 124 2080316 39032 1
1459947781706220 139 2214601 34753 123 2075231 40669 0
1459947781709378 146 2214601 34753 129 2075231 40669 1
1459947781712257 144 2214601 34753 127 2075231 40669 1
1459947781715282 142 2214601 34753 124 2075231 40669 1
1459947781718565 146 2214601 34753 129 2075231 40669 1
1459947781721608 143 2214601 34753 124 2075231 40669 1
1459947781724654 145 2214601 34753 125 2075231 40669 1
1459947781727877 145 2214601 34753 126 2075231 40669 1
1459947781730626 140 2220785 37738 124 2071823 40632 0
1459947781733399 138 2223926 37684 121 2064841 43892 0
1459947781736302 144 2223926 37684 124 2064841 43892 1
1459947781739494 147 2223926 37684 128 2064841 43892 1
1459947781742570 145 2223926 37684 126 2064841 43892 1
1459947781745431 143 2223926 37684 124 2064841 43892 1
1459947781748382 144 2223926 37684 126 2064841 43892 1
1459947781751143 142 2231941 42128 123 2060965 44034 0
1459947781754256 145 2231941 42128 125 2060965 44034 1
1459947781757246 146 2231941 42128 128 2060965 44034 1
1459947781760195 147 2231941 42128 128 2060965 44034 1
1459947781763555 149 2231941 42128 130 2060965 44034 1
1459947781766578 143 2240610 46828 123 2057392 43886 0
1459947781769554 145 2240610 46828 124 2057392 43886 1
1459947781772473 141 2246042 48176 121 2051538 45853 0
1459947781775549 147 2246042 48176 129 2051538 45853 1
1459947781778633 146 2246042 48176 125 2051538 45853 1
1459947781781820 147 2246042 48176 128 2051538 45853 1
1459947781785115 147 2246042 48176 127 2051538 45853 1
1459947781787631 136 2246042 48176 117 2051538 45853 1
1459947781790708 144 2254889 52568 125 2051261 42524 0
1459947781793957 146 2265605 58340 127 2053566 41326 0
1459947781829919 145 2274204 61709 124 2051851 39677 0
1459947781832732 146 2283411 65375 123 2048990 39214 0
1459947781835754 144 2289339 65732 123 2046352 38581 0
1459947781838953 146 2297364 67994 123 2043920 37807 0
1459947781842031 146 2304762 69501 126 2045518 36326 0
1459947781845319 148 2314142 72718 126 2046991 34846 0
1459947781848656 149 2324069 76188 128 2050909 35735 0
1459947781851896 151 2335781 81032 126 2051961 33913 0
1459947781855291 148 2342738 81114 125 2051651 31548 0
1459947781858616 152 2354271 85408 128 2055205 32360 0
1459947781861604 145 2355943 80276 123 2052082 32709 0
1459947781864756 146 2358764 76605 125 2051763 30446 0
1459947781867793 146 2361365 73018 122 2047629 31878 0
1459947781870902 145 2362483 68344 123 2045097 31720 0
1459947781873933 146 2364794 65134 123 2042763 31391 0
1459947781877061 148 2369484 64369 124 2041892 29740 0
1459947781880059 148 2373808 63326 124 2041089 28156 0
1459947781882489 136 2373808 63326 114 2041089 28156 1
1459947781885832 150 2380354 64412 128 2045468 29993 0
1459947781888728 144 2378708 60895 122 2041825 31006 0
1459947781891996 149 2383591 60638 126 2043587 30207 0
1459947781895234 151 2390652 62410 128 2047771 31704 0
1459947781898033 142 2385642 62152 121 2042668 33930 0
1459947781901417 148 2388703 60118 126 2044364 32843 0
1459947781904281 145 2387685 56358 124 2043368 31195 0
1459947781907476 148 2390587 54630 126 2045009 30270 0
1459947781910475 150 2395822 55188 125 2045242 28120 0
1459947781913161 143 2391688 54686 121 2040337 30444 0
1459947781916007 144 2389157 52745 122 2037095 31053 0
1459947781918929 146 2389384 48833 122 2034106 31380 0
1459947781922002 146 2389593 45210 124 2033911 29107 0
1459947781925221 148 2392346 44214 125 2035011 27847 0
1459947781928280 150 2397443 45458 126 2037305 27786 0
1459947781931283 148 2399582 43878 124 2036860 26024 0
1459947781934172 143 2395154 44531 121 2032610 27907 0
1459947781937263 147 2396192 42009 125 2033812 26834 0
1459947781939918 139 2396192 42009 115 2033812 26834 1
1459947781942764 145 2394589 40204 122 2031080 27255 0
1459947781945746 148 2396951 39241 123 2029841 26266 0
1459947781948807 143 2396951 39241 119 2029841 26266 1
1459947781951677 143 2392729 40066 120 2024859 28805 0
1459947781954669 146 2392677 36982 122 2022826 28427 0
1459947781957838 151 2399029 39947 127 2027352 30379 0
1459947781960833 148 2401044 38684 124 2027685 28312 0
1459947781963651 145 2399062 37487 121 2024152 29356 0
1459947781966364 147 2399795 35234 123 2023455 27704 0
1459947781969261 146 2399191 33037 123 2022812 26131 0
1459947781971895 143 2399191 33037 119 2022812 26131 1
1459947781975147 149 2402474 33481 126 2026059 27083 0
1459947781978275 148 2404220 32475 123 2025213 25746 0
1459947781981410 147 2404550 30241 124 2025713 24195 0
1459947781984197 141 2404550 30241 118 2025713 24195 1
1459947781987197 143 2399734 32317 120 2021054 26598 0
1459947781990482 150 2404254 33959 126 2024439 27640 0
1459947781993106 144 2404254 33959 117 2024439 27640 1
1459947781995846 147 2404581 31607 122 2022439 27323 0
1459947781998852 148 2406163 30595 125 2024435 27029 0
1459947782001976 148 2407621 29548 123 2023716 25579 0
1459947782004664 145 2407621 29548 119 2023716 25579 1
1459947782007786 149 2410245 29658 124 2024333 24148 0
1459947782010901 149 2412664 29570 125 2026181 23965 0
1459947782013552 144 2408494 31102 121 2022765 25240 0
1459947782016653 149 2411050 31028 124 2023456 23905 0
1459947782019631 147 2410846 28790 123 2022813 22629 0
1459947782022797 150 2414498 29907 124 2023500 21495 0
1459947782025545 146 2412745 29185 121 2020294 22770 0
1459947782028125 141 2412745 29185 117 2020294 22770 1
1459947782030842 145 2412745 29185 119 2020294 22770 1
1459947782033545 142 2412745 29185 117 2020294 22770 1
1459947782036344 145 2412745 29185 119 2020294 22770 1
1459947782039222 146 2411129 28393 121 2017338 23715 0
1459947782042488 150 2414759 29520 126 2021013 25250 0
1459947782045496 148 2415545 27938 121 2018001 26053 0
1459947782048388 145 2412430 28626 120 2013944 27756 0
1459947782051317 147 2412118 26675 121 2011484 27854 0
1459947782054354 148 2413111 25506 123 2011776 25947 0
1459947782057510 149 2415306 25537 126 2015886 27707 0
1459947782060412 149 2417330 25407 123 2015834 25589 0
1459947782063608 150 2420476 26322 123 2015786 23632 0
1459947782066821 149 2422096 25758 125 2018302 24105 0
1459947782069667 148 2422309 23942 121 2015502 24802 0
1459947782072294 145 2422309 23942 118 2015502 24802 1
1459947782075447 150 2425066 24612 124 2016760 24024 0
1459947782078310 148 2425047 22705 123 2016640 22257 0
1459947782081501 155 2425047 22705 129 2016640 22257 1
1459947782084575 151 2428870 24455 127 2021650 25136 0
1459947782087300 145 2424714 26374 121 2018588 25994 0
1459947782090135 146 2422163 26664 120 2014485 27744 0
1459947782092646 142 2422163 26664 117 2014485 27744 1
1459947782095791 150 2424931 27132 126 2018383 29169 0
1459947782098882 151 2428763 28544 125 2020696 29023 0
1459947782102011 150 2431015 28390 127 2025389 31081 0
1459947782104505 144 2431015 28390 118 2025389 31081 1
1459947782107467 146 2427971 28977 121 2022035 31743 0
1459947782110695 152 2432845 31206 124 2022783 29953 0
1459947782113624 149 2433498 29370 125 2024753 29428 0
1459947782116664 147 2431540 28879 123 2024009 27813 0
1459947782119799 149 2432295 27318 125 2025883 27367 0
1459947782122380 146 2432295 27318 119 2025883 27367 1
1459947782124930 143 2432295 27318 118 2025883 27367 1
1459947782127629 146 2432295 27318 119 2025883 27367 1
1459947782130206 144 2432295 27318 117 2025883 27367 1
1459947782132923 144 2426591 30440 120 2021210 29535 0
1459947782135966 148 2426453 28187 125 2023302 29156 0
1459947782138944 149 2427606 27047 124 2023951 27476 0
1459947782141990 148 2427389 25132 123 2023269 25956 0
1459947782144960 147 2425909 24532 123 2022641 24506 0
1459947782148107 149 2427104 23717 121 2019502 25484 0
1459947782151180 150 2429486 24060 126 2023008 26725 0
1459947782154367 150 2431682 24204 124 2023680 25257 0
1459947782158178 157 2431682 24204 132 2023680 25257 1
1459947782161738 153 2431682 24204 128 2023680 25257 1
1459947782164444 148 2431146 22806 122 2021740 25071 0
1459947782167304 145 2426812 25018 121 2018671 25940 0
1459947782170427 149 2427937 24100 121 2015842 26520 0
1459947782173665 151 2431534 25533 125 2018354 26764 0
1459947782176728 147 2429730 25200 121 2015550 27257 0
1459947782179924 150 2431907 25238 124 2016805 26284 0
1459947782182868 147 2430074 24955 121 2014122 26703 0
1459947782186000 149 2430944 23807 121 2011648 26896 0
1459947782189432 151 2434306 25046 127 2017048 29772 0
1459947782192774 153 2434306 25046 126 2017048 29772 1
1459947782195780 148 2433565 23771 123 2016906 27576 0
1459947782198692 147 2431602 23721 122 2015495 26721 0
1459947782201069 142 2431602 23721 116 2015495 26721 1
1459947782203197 136 2431602 23721 111 2015495 26721 1
1459947782205917 149 2432353 22559 122 2014194 25831 0
1459947782208972 151 2435605 23794 124 2015555 25066 0
1459947782211967 149 2436043 22339 123 2015529 23130 0
1459947782215157 153 2436043 22339 128 2015529 23130 1
1459947782218300 149 2436447 20965 122 2014225 22523 0
1459947782221312 150 2438099 20850 125 2016863 23195 0
1459947782225509 147 2435782 21356 145 2044895 47224 0
1459947782229506 147 2433646 21655 144 2069457 66177 0
1459947782233245 144 2427837 25317 141 2088260 78340 0
1459947782236996 145 2423762 27095 141 2105594 88199 0
1459947782240738 142 2416165 31980 140 2120294 94860 0
1459947782244750 142 2409162 35936 140 2133846 99942 0
1459947782248480 143 2403986 37899 142 2148899 106011 0
1459947782252425 145 2401774 36976 142 2162776 110521 0
1459947782256515 146 2401015 34786 145 2179409 117219 0
1459947782260306 144 2397755 35072 141 2189622 117476 0
1459947782264065 141 2390910 38641 138 2195197 113438 0
1459947782267785 138 2380760 44978 136 2197777 106953 0
1459947782271492 143 2377803 44189 140 2205275 105509 0
1459947782274792 137 2367397 50328 134 2204507 97973 0
1459947782278218 139 2360364 52879 137 2207639 93206 0
1459947782282374 147 2364120 52210 146 2222047 99206 0
1459947782286479 144 2363743 48478 144 2232769 101339 0
1459947782290086 145 2364675 45549 141 2238813 98993 0
1459947782293679 144 2364254 42377 141 2244385 96396 0
1459947782297317 137 2354906 47683 136 2243122 90028 0
1459947782301069 145 2356528 45453 143 2250918 90181 0
1459947782305166 148 2361864 46820 146 2261945 93300 0
1459947782308939 144 2361663 43346 140 2264430 88301 0
1459947782312539 144 2361478 40129 142 2269281 85874 0
1459947782316118 142 2358747 39510 140 2271193 80928 0
1459947782319687 144 2358789 36462 140 2272956 76230 0
1459947782323067 142 2356268 35936 139 2273301 70592 0
1459947782326566 140 2351384 37629 138 2272339 65963 0
1459947782330191 140 2346882 38839 136 2268892 63986 0
1459947782333898 144 2347851 36698 143 2274674 64318 0
1459947782337637 144 2348745 34654 141 2277445 61847 0
1459947782341473 141 2345729 34726 139 2277439 57019 0
1459947782345400 144 2346788 32990 141 2279994 54919 0
1459947782349437 148 2352885 36032 146 2288749 58699 0
1459947782353416 145 2354665 34858 144 2294260 59193 0
1459947782357091 144 2355026 32467 141 2295500 55712 0
1459947782360978 144 2355359 30237 142 2297924 53593 0
1459947782364728 142 2353106 29950 140 2297598 49705 0
1459947782368592 143 2352309 28344 141 2298578 46724 0
1459947782371868 137 2343894 33885 137 2294361 46959 0
1459947782375331 142 2342537 32487 139 2293034 44513 0
1459947782378995 143 2342566 29975 140 2293090 41087 0
1459947782382630 143 2342593 27657 141 2294422 39105 0
1459947782386840 149 2342593 27657 147 2294422 39105 1
1459947782390723 144 2343897 26699 143 2298210 39541 0
1459947782394548 141 2341260 27043 138 2295302 39131 0
1459947782398316 141 2338829 27171 137 2291341 39724 0
1459947782402173 141 2336587 27113 139 2290249 37625 0
1459947782405703 141 2334521 26898 140 2290523 34937 0
1459947782409638 145 2337736 27760 143 2294615 35980 0
1459947782413371 144 2339420 27143 142 2297108 35467 0
1459947782417180 144 2340972 26453 142 2299406 34814 0
1459947782421132 146 2344963 28065 144 2304084 36407 0
1459947782424881 148 2344963 28065 145 2304084 36407 1
1459947782428583 143 2344802 26019 140 2303277 34305 0
1459947782432360 144 2345934 25029 141 2303813 32118 0
1459947782436043 142 2344417 24470 137 2299187 33871 0
1459947782439703 140 2340459 26206 138 2296203 33974 0
1459947782443467 145 2343210 26694 142 2298572 33503 0
1459947782447183 140 2339346 28169 139 2296916 32411 0
1459947782450956 139 2334504 30431 135 2290269 36005 0
1459947782455218 148 2334504 30431 147 2290269 36005 1
1459947782459121 141 2332600 29807 138 2287981 35300 0
1459947782463379 150 2332600 29807 147 2287981 35300 1
1459947782467623 146 2337245 31760 144 2293552 37678 0
1459947782471744 146 2341527 33226 144 2298688 39469 0
1459947782475769 146 2345475 34269 144 2303423 40750 0
1459947782479551 142 2343994 32955 141 2303948 38050 0
1459947782483422 144 2345189 31482 141 2304432 35523 0
1459947782486954 140 2341171 32725 137 2299758 37055 0
1459947782490548 141 2338747 32402 138 2296729 36951 0
1459947782494328 144 2340352 31350 144 2301617 38570 0
1459947782498041 146 2344392 32624 142 2303563 37350 0
1459947782502117 147 2349396 34688 144 2307917 38445 0
1459947782505985 145 2351449 33871 143 2310650 37961 0
1459947782509845 146 2354622 34149 142 2311890 36138 0
1459947782513487 139 2354622 34149 135 2311890 36138 1
1459947782517260 140 2349867 35864 138 2307913 36979 0
1459947782521072 145 2351883 34921 143 2310647 36610 0
1459947782524839 141 2348622 35198 136 2304207 39685 0
1459947782528699 144 2349455 33216 139 2302110 38516 0
1459947782532271 141 2346383 33452 139 2300177 37287 0
1459947782535849 142 2344831 32267 140 2299675 34835 0
1459947782539725 149 2344831 32267 147 2299675 34835 1
1459947782543371 143 2344681 29884 141 2300492 32867 0
1459947782547322 144 2345822 28601 141 2301246 30994 0
1459947782550985 141 2343034 28935 139 2299381 30291 0
1459947782554714 144 2344304 27845 141 2300221 28699 0
1459947782558779 148 2344304 27845 146 2300221 28699 1
1459947782562140 137 2344304 27845 135 2300221 28699 1
1459947782566162 145 2346755 27928 143 2303556 29530 0
1459947782569763 140 2342614 29562 136 2297670 32647 0
1459947782572991 136 2342614 29562 130 2297670 32647 1
1459947782576967 147 2347757 31993 144 2302484 34534 0
1459947782580196 139 2342258 34561 138 2299242 34824 0
1459947782583863 141 2339749 34172 139 2297533 33677 0
1459947782587164 138 2333596 37174 137 2293398 34856 0
1459947782590426 139 2329203 38317 136 2288306 36825 0
1459947782593706 138 2323874 40235 136 2283612 38275 0
1459947782597367 141 2322801 38079 139 2283124 35733 0
1459947782600686 138 2317972 39555 136 2278834 36894 0
1459947782604092 140 2316080 38207 139 2278720 34116 0
1459947782607557 142 2316896 35974 139 2278615 31546 0
1459947782611151 142 2317648 33856 140 2279798 30171 0
1459947782614567 145 2322181 35390 142 2283448 31178 0
1459947782618424 140 2319960 34671 136 2279133 32719 0
1459947782622180 144 2323033 34795 141 2281555 32395 0
1459947782626003 142 2323306 32327 138 2279948 31344 0
1459947782629734 142 2323557 30033 139 2279747 29080 0
1459947782633914 149 2323557 30033 145 2279747 29080 1
1459947782637525 141 2322509 28652 139 2279561 26978 0
1459947782641029 140 2320262 28483 136 2275550 28567 0
1459947782644184 136 2320262 28483 133 2275550 28567 1
1459947782647896 142 2320751 26708 139 2275692 26466 0
1459947782651629 145 2325042 28577 142 2279663 28059 0
1459947782655448 144 2327718 28811 139 2279484 26030 0
1459947782659185 143 2328905 27654 140 2280599 25024 0
1459947782662863 143 2329999 26501 139 2280347 23301 0
1459947782666916 144 2332287 26540 143 2285234 25986 0
1459947782671233 152 2332287 26540 148 2285234 25986 1
1459947782674985 142 2331837 24880 138 2283340 25700 0
1459947782678260 141 2330142 24498 139 2282874 24121 0
1459947782681912 141 2328579 24024 139 2282444 22631 0
1459947782686005 146 2333538 26719 145 2289728 27577 0
1459947782689503 135 2333538 26719 133 2289728 27577 1
1459947782693080 143 2334270 25306 141 2291323 26892 0
1459947782696755 141 2332385 25065 138 2288953 26975 0
1459947782700749 143 2333207 23864 140 2289328 25213 0
