1459947780002004 130 2129920 0 129 2113536 0 0
1459947780003832 131 2131200 1180 129 2113536 0 0
1459947780005786 134 2136220 5714 134 2119936 5900 0
1459947780007845 137 2144687 13073 136 2128396 13238 0
1459947780009828 135 2149933 16887 133 2132355 15852 0
1459947780011808 133 2152209 17665 131 2133444 15617 0
1459947780013766 135 2156867 20578 133 2137008 17682 0
1459947780015588 127 2150921 24450 126 2131334 21530 0
1459947780017369 128 2146720 26411 127 2127383 23488 0
1459947780019128 132 2147967 25497 131 2128861 23015 0
1459947780020973 133 2150397 25745 130 2128943 21292 0
1459947780022646 125 2142397 31107 124 2121339 26637 0
1459947780024342 131 2142702 28957 128 2119449 26296 0
1459947780026073 129 2140423 28794 126 2115147 28206 0
1459947780027868 129 2138322 28480 128 2113741 27298 0
1459947780029788 133 2141505 29189 131 2116284 27510 0
1459947780031708 134 2145719 30793 132 2119909 28702 0
1459947780033568 134 2149604 31969 132 2123251 29540 0
1459947780035551 135 2154466 33953 131 2125052 28892 0
1459947780037241 131 2153828 31887 125 2119032 32183 0
1459947780038912 129 2150680 32296 125 2113482 34783 0
1459947780040491 130 2149058 31267 127 2110926 34421 0
1459947780042314 135 2153962 33345 132 2114969 35459 0
1459947780044149 134 2157203 33727 132 2118697 36124 0
1459947780045814 129 2153791 34236 127 2115733 36032 0
1459947780047416 129 2150646 34460 128 2114281 34555 0
1459947780049259 133 2152866 33814 130 2115502 32981 0
1459947780050805 128 2148513 35184 124 2108948 36445 0
1459947780052682 133 2150900 34635 130 2110586 35107 0
1459947780054465 130 2149260 33439 128 2109536 33331 0
1459947780056265 130 2147749 32218 129 2109848 31015 0
1459947780058037 133 2150196 31955 131 2112696 31216 0
1459947780059747 132 2151171 30357 130 2114041 30017 0
1459947780061681 139 2161030 37074 138 2125521 38254 0
1459947780063639 134 2163719 36656 133 2129704 39121 0
1459947780065323 129 2159798 37406 127 2125880 39588 0
1459947780067277 133 2161303 35871 132 2128755 39146 0
1459947780069149 132 2161411 33167 128 2126286 38363 0
1459947780070971 135 2165350 34207 130 2126569 35626 0
1459947780072978 135 2168982 34882 133 2130670 36623 0
1459947780074706 132 2168490 32609 127 2126771 37354 0
1459947780076634 134 2170596 32003 132 2129577 37021 0
1459947780078504 134 2172538 31292 133 2133443 37692 0
1459947780080486 140 2182008 37577 136 2140847 41573 0
1459947780082401 132 2180498 36032 130 2139993 39111 0
1459947780084213 133 2180386 33319 131 2140486 36509 0
1459947780085872 132 2179003 31989 130 2139660 34416 0
1459947780087841 132 2177728 30664 130 2138899 32428 0
1459947780089651 132 2176553 29351 129 2136917 31720 0
1459947780091443 129 2171629 31595 127 2132530 33284 0
1459947780093244 132 2170930 29769 131 2133606 31675 0
1459947780094807 128 2165166 32756 125 2126918 35365 0
1459947780096559 129 2161132 33914 128 2124592 34745 0
1459947780098374 133 2162533 32556 131 2126288 33593 0
1459947780100341 135 2166385 33563 132 2129131 33589 0
1459947780102413 137 2172496 36573 136 2136872 38100 0
1459947780104293 130 2169169 36781 129 2135048 36803 0
1459947780106235 130 2166102 36733 129 2133367 35476 0
1459947780108017 127 2159435 40008 126 2127977 37672 0
1459947780109584 128 2154569 41367 125 2121728 40488 0
1459947780111417 131 2153923 38730 128 2119808 39094 0
1459947780113042 129 2150767 38612 127 2116758 38850 0
1459947780114739 130 2149138 37096 129 2116506 36046 0
1459947780116397 127 2143796 39121 126 2112433 36982 0
1459947780118169 133 2146551 38604 132 2116359 37711 0
1459947780119907 132 2147811 36750 131 2118698 36920 0
1459947780121643 132 2148973 34949 128 2117014 35586 0
1459947780123591 132 2150044 33205 131 2119302 34914 0
1459947780125582 134 2153591 33880 132 2122691 35310 0
1459947780127460 129 2150461 34117 126 2118135 36750 0
1459947780129150 131 2150136 31750 127 2115215 36569 0
1459947780130671 127 2144716 34264 125 2109963 38552 0
1459947780132255 129 2142280 33832 126 2106402 38822 0
1459947780133950 131 2142594 31477 128 2105679 36455 0
1459947780135473 124 2133923 37009 122 2097332 41300 0
1459947780137366 135 2140010 39728 133 2103717 43960 0
1459947780139428 138 2149461 45337 136 2113444 49492 0
1459947780141549 138 2158174 49827 136 2122411 53891 0
1459947780143534 135 2162366 49799 134 2128117 54940 0
1459947780145488 135 2166231 49471 132 2130817 53136 0
1459947780147158 130 2163394 48221 130 2130746 49048 0
1459947780149017 135 2167178 47942 134 2135801 49876 0
1459947780150980 138 2174507 50952 135 2141741 51455 0
1459947780153039 136 2178703 50839 132 2143377 48943 0
1459947780154969 134 2180011 48073 131 2143605 45329 0
1459947780157119 142 2191457 54869 139 2154055 51421 0
1459947780159042 135 2193049 52050 133 2156009 49204 0
1459947780160834 129 2186837 53709 128 2151410 49597 0
1459947780162688 133 2186230 50071 131 2151011 46089 0
1459947780164401 128 2179270 52574 125 2142963 49906 0
1459947780166216 132 2177974 49660 130 2141944 46946 0
1459947780168150 135 2180619 48219 131 2142284 43592 0
1459947780170127 136 2184338 47879 133 2145158 42835 0
1459947780172055 133 2183926 44517 130 2143967 40585 0
1459947780174117 134 2184826 41869 132 2145429 38762 0
1459947780176066 134 2185656 39362 132 2146777 36976 0
1459947780177778 124 2173621 47380 123 2136500 43561 0
1459947780179718 135 2176606 46430 132 2138545 42043 0
1459947780181342 127 2169118 49704 125 2131471 45279 0
1459947780183115 128 2163495 51003 126 2126229 46572 0
1459947780184809 131 2162151 48256 128 2123957 45027 0
1459947780186467 119 2145552 59787 119 2110342 54059 0
1459947780188517 131 2145610 55170 130 2111871 51245 0
1459947780190499 136 2152064 56809 132 2115841 50900 0
1459947780192278 133 2154174 54315 132 2119500 50297 0
1459947780194309 138 2162519 57764 138 2130554 56557 0
1459947780196104 133 2163812 54443 130 2130504 52183 0
1459947780197909 133 2165004 51288 130 2130458 48148 0
1459947780199634 133 2166103 48294 130 2130415 44424 0
1459947780201763 135 2169676 47815 132 2132936 43277 0
1459947780203703 134 2171690 45935 132 2135260 42037 0
1459947780205468 131 2169706 44174 130 2134842 39136 0
1459947780207185 129 2165317 44767 126 2129337 41152 0
1459947780209346 137 2171511 46979 134 2134502 42699 0
1459947780211121 133 2172101 43852 131 2135424 40213 0
1459947780213216 135 2175205 43288 133 2138834 40214 0
1459947780215357 138 2181907 46084 137 2147097 44690 0
1459947780217424 136 2185525 45818 134 2150875 44680 0
1459947780219359 135 2187580 44133 134 2154357 44399 0
1459947780221153 132 2185635 42477 131 2153727 41509 0
1459947780222982 130 2181282 43170 129 2150587 41160 0
1459947780225023 134 2182389 40817 132 2151532 38815 0
1459947780226830 130 2178289 41406 126 2144723 42058 0
1459947780228895 134 2179630 39407 132 2146126 40065 0
1459947780230863 134 2180866 37467 132 2147419 38126 0
1459947780232912 141 2190965 43849 139 2157571 44506 0
1459947780234794 135 2192595 41926 134 2160530 43756 0
1459947780236776 133 2191538 39623 131 2159418 41361 0
1459947780238792 131 2188004 39784 130 2157113 40253 0
1459947780240907 137 2192426 40751 135 2161388 41049 0
1459947780242840 132 2190102 39708 127 2155089 43648 0
1459947780244924 137 2194360 40530 134 2158242 43145 0
1459947780246437 121 2177805 52624 120 2143229 53613 0
1459947780248223 130 2174063 51960 127 2138349 53922 0
1459947780250134 133 2174454 48260 130 2137690 50316 0
1459947780251858 132 2173534 45336 130 2137082 46944 0
1459947780253668 130 2170126 44935 127 2132682 47331 0
1459947780255383 129 2165704 45499 128 2129906 46191 0
1459947780257141 128 2160348 46881 127 2126067 46120 0
1459947780258957 133 2161810 44566 131 2127648 43973 0
1459947780260666 133 2163158 42327 132 2130385 43060 0
1459947780262655 132 2163121 39053 132 2132908 42021 0
1459947780264455 132 2163087 36032 132 2135234 40882 0
1459947780266326 132 2163055 33245 128 2132258 40430 0
1459947780268247 132 2163026 30673 128 2129515 39799 0
1459947780270292 138 2170679 35331 136 2137226 43798 0
1459947780272169 131 2168774 34325 130 2136655 40902 0
1459947780273885 124 2158058 41521 123 2127168 46451 0
1459947780275720 133 2159699 39790 131 2128663 44200 0
1459947780277645 137 2166332 42796 136 2136441 47916 0
1459947780279427 133 2167327 40369 132 2138491 46062 0
1459947780281222 126 2159284 44629 124 2130141 50160 0
1459947780282819 116 2139069 59776 114 2109643 65136 0
1459947780284582 129 2137074 56944 127 2107387 62126 0
1459947780286510 131 2137795 53159 130 2109147 58894 0
1459947780288475 135 2143579 54337 133 2114609 59328 0
1459947780290342 136 2150191 56187 132 2118365 58155 0
1459947780292284 135 2155007 56237 133 2123107 57983 0
1459947780293879 124 2145367 60729 123 2114679 61222 0
1459947780295438 126 2139040 61816 124 2108189 62421 0
1459947780297275 133 2142167 59869 131 2111166 60289 0
1459947780299081 131 2142490 55488 131 2113911 58108 0
1459947780300906 123 2132547 60318 121 2103641 63034 0
1459947780302956 133 2136181 58955 132 2108254 62361 0
1459947780304680 126 2130571 59519 127 2106106 59468 0
1459947780306785 139 2142040 65442 137 2116926 64797 0
1459947780308696 132 2143653 61816 130 2117941 60669 0
1459947780310437 129 2141300 59155 128 2116316 57426 0
1459947780312320 137 2149370 61973 134 2122498 58638 0
1459947780314055 131 2149130 57351 127 2119237 57061 0
1459947780316049 134 2152749 56206 129 2118791 53013 0
1459947780317732 125 2144565 59358 123 2110700 56329 0
1459947780319474 127 2139580 59314 124 2104521 57623 0
1459947780321311 131 2140105 55164 130 2106505 54950 0
1459947780323131 129 2138029 52767 128 2105774 51330 0
1459947780325082 137 2146355 56320 135 2114060 54958 0
1459947780327161 131 2146351 51923 127 2111459 53061 0
1459947780329090 130 2145067 49049 127 2109061 51125 0
1459947780331087 133 2147723 47666 131 2111970 49812 0
1459947780333003 130 2146332 45224 130 2113372 47212 0
1459947780335007 134 2150169 45228 132 2117224 47074 0
1459947780336885 131 2149867 41972 127 2114375 46021 0
1459947780338684 127 2144468 43668 126 2110469 46025 0
1459947780340640 130 2143331 41303 130 2111988 43829 0
1459947780342385 126 2137163 43761 125 2106988 45012 0
1459947780344371 133 2140437 43360 133 2112619 46686 0
1459947780346467 136 2147295 46294 134 2119090 49004 0
1459947780348429 137 2154897 49685 135 2126336 51855 0
1459947780350211 134 2158065 48724 131 2127896 49241 0
1459947780351684 122 2145626 56384 121 2116534 55868 0
1459947780353286 124 2136718 60190 122 2107339 59978 0
1459947780355029 130 2136186 55976 128 2106543 56025 0
1459947780357028 132 2138256 53510 130 2108369 53331 0
1459947780358874 129 2136324 51109 126 2104932 52331 0
1459947780360754 131 2137103 47834 130 2106884 50041 0
1459947780362930 140 2149341 55378 137 2117643 56050 0
1459947780364594 127 2143983 55989 127 2114762 54326 0
1459947780366604 135 2149284 56501 133 2119786 54712 0
1459947780368224 128 2145211 55840 125 2114177 55607 0
1459947780369869 129 2142736 53758 128 2112846 52488 0
1459947780371374 123 2132774 58740 121 2102659 57777 0
1459947780373067 128 2129991 56715 128 2102228 53659 0
1459947780374964 131 2131265 53458 130 2104391 51460 0
1459947780376625 131 2132439 50364 127 2102545 49140 0
1459947780378379 131 2133522 47427 129 2103403 46091 0
1459947780380329 133 2137080 47001 130 2105474 44399 0
1459947780382343 131 2137800 43993 130 2107383 42690 0
1459947780384290 133 2141024 43528 131 2110423 42157 0
1459947780386327 135 2146556 45227 134 2117066 44987 0
1459947780388228 134 2150376 45214 133 2121910 45937 0
1459947780390242 137 2157737 48467 135 2128935 48824 0
1459947780391947 130 2155563 46683 128 2126451 47297 0
1459947780393860 132 2156119 43548 130 2126722 43850 0
1459947780395738 137 2163032 46518 134 2132091 45374 0
1459947780397696 137 2169405 48758 136 2139601 48752 0
1459947780399387 131 2167600 46611 130 2138844 45640 0
1459947780401207 132 2167216 43322 128 2135586 45076 0
1459947780402658 119 2150222 55603 118 2119783 56122 0
1459947780404416 130 2148635 52721 129 2119294 52186 0
1459947780406076 128 2144612 52309 126 2115004 52062 0
1459947780407970 130 2143464 49280 129 2114889 48099 0
1459947780409723 129 2141125 47585 128 2113503 45618 0
1459947780411353 126 2135129 49393 126 2109665 45591 0
1459947780412878 123 2125762 54169 121 2099727 51190 0
1459947780414584 125 2119686 55537 124 2094405 52095 0
1459947780416217 127 2116645 54000 125 2090779 51367 0
1459947780418266 138 2127922 60177 135 2100236 56072 0
1459947780420058 132 2130638 57978 130 2102555 53828 0
1459947780421906 132 2133141 55756 127 2100852 51191 0
1459947780423868 135 2139289 57068 133 2106962 52824 0
1459947780425680 134 2143677 56654 129 2107475 49170 0
1459947780427610 133 2146442 54776 130 2109228 46944 0
1459947780429593 136 2152831 56386 133 2114684 48306 0
1459947780431336 134 2156161 55049 132 2118434 47989 0
1459947780433085 130 2154110 52637 128 2116771 45771 0
1459947780434925 130 2152220 50266 129 2116518 42427 0
1459947780437200 140 2163277 56531 139 2129085 50697 0
1459947780439377 136 2168350 56791 133 2132990 50336 0
1459947780441248 133 2169187 53126 130 2132750 46624 0
1459947780443221 137 2175079 54406 133 2136368 46317 0
1459947780445324 137 2180510 55162 133 2139704 45773 0
1459947780447258 133 2180397 50955 131 2140219 42671 0
1459947780449226 135 2182853 49238 134 2144534 43315 0
1459947780450828 131 2179997 48023 128 2140832 43343 0
1459947780452533 125 2169684 53777 122 2129739 50181 0
1459947780454374 134 2171697 51431 132 2132313 48633 0
1459947780456263 133 2172273 47943 132 2134686 47020 0
1459947780458195 134 2174084 45866 132 2136873 45362 0
1459947780459973 132 2173193 43102 130 2136329 42318 0
1459947780461698 133 2173652 40157 130 2135828 39472 0
1459947780463697 136 2177915 40949 134 2140486 40682 0
1459947780465606 133 2178005 37832 131 2140940 37922 0
1459947780467466 126 2169128 43059 123 2131119 44012 0
1459947780469529 136 2173744 43951 133 2134865 44026 0
1459947780471158 130 2170320 43673 127 2130638 44482 0
1459947780472744 128 2164603 45530 127 2126741 44597 0
1459947780474639 134 2167013 44194 133 2130829 44880 0
1459947780476592 135 2170515 43969 133 2134597 44847 0
1459947780478337 135 2173743 43509 133 2138071 44546 0
1459947780480378 136 2177999 44032 134 2142554 45197 0
1459947780482221 133 2178082 40669 131 2142846 41935 0
1459947780484090 133 2178159 37562 131 2143116 38907 0
1459947780486052 134 2179510 35872 133 2145925 38456 0
1459947780487975 131 2176915 35460 129 2143394 37783 0
1459947780489893 133 2177083 32844 131 2143621 35040 0
1459947780491552 127 2169558 37214 126 2137430 38008 0
1459947780493130 123 2157501 45420 122 2126603 45018 0
1459947780494854 126 2150226 48577 126 2121742 45981 0
1459947780496636 124 2140959 53323 124 2114700 48878 0
1459947780498362 126 2134976 54672 123 2106929 52222 0
1459947780500270 132 2137141 52395 130 2108725 49797 0
1459947780501804 116 2118656 65341 114 2089900 63259 0
1459947780503765 127 2115696 62964 125 2086626 61333 0
1459947780505593 129 2115527 58199 126 2084888 58142 0
1459947780507437 131 2117931 55868 130 2088406 56842 0
1459947780509280 131 2120147 53546 129 2090369 54210 0
1459947780511126 134 2126030 54785 134 2098578 57542 0
1459947780512924 132 2128893 53144 129 2099746 54123 0
1459947780514660 129 2127693 50098 128 2099543 50080 0
1459947780516529 132 2130426 48704 130 2101916 48354 0
1459947780518152 125 2123986 50835 125 2097703 48459 0
1459947780520038 134 2129569 52010 131 2101499 48173 0
1459947780521820 130 2129596 47971 128 2101159 44722 0
1459947780523727 135 2136021 50146 133 2107245 46839 0
1459947780525289 117 2118904 62007 116 2091096 58065 0
1459947780526753 116 2101844 72888 114 2073649 69611 0
1459947780528740 138 2114277 78655 135 2084445 74124 0
1459947780530469 134 2120619 78356 132 2090557 73968 0
1459947780532252 133 2125185 76443 130 2093632 71024 0
1459947780534004 132 2128114 73171 132 2099027 70448 0
1459947780535771 133 2132095 71124 132 2104000 69529 0
1459947780537453 133 2135765 68950 133 2109865 69503 0
1459947780539283 134 2140428 67862 130 2111431 65517 0
1459947780541380 135 2146007 67703 134 2117995 66449 0
1459947780543294 133 2148590 64794 132 2121486 64475 0
1459947780545136 130 2147131 61075 128 2119584 61189 0
1459947780546855 128 2143226 59902 126 2115271 60383 0
1459947780548836 136 2149866 61343 134 2121535 61440 0
1459947780550618 133 2152147 58653 132 2124750 59603 0
1459947780552505 131 2151690 54490 129 2123873 55753 0
1459947780554306 125 2143589 57699 122 2114105 60401 0
1459947780555988 128 2139961 56535 125 2108940 60442 0
1459947780557838 132 2141736 53754 129 2109299 56050 0
1459947780559593 130 2140812 50404 129 2109630 51976 0
1459947780561924 137 2148921 53941 134 2116335 54096 0
1459947780564039 138 2157676 57797 137 2126356 59107 0
1459947780565682 128 2152947 57639 127 2122794 57772 0
1459947780567307 133 2154988 55016 130 2123350 53771 0
1459947780569004 132 2155589 51271 127 2120023 52636 0
1459947780570690 132 2156143 47776 129 2119516 48990 0
1459947780572696 134 2159214 46874 132 2122888 48271 0
1459947780574506 135 2163325 47001 132 2125997 47365 0
1459947780576362 133 2164555 44463 131 2127583 45126 0
1459947780578018 131 2163129 42303 129 2126485 42611 0
1459947780579815 133 2164374 40146 131 2128033 40709 0
1459947780581707 132 2164242 37130 129 2126900 38572 0
1459947780583617 133 2165400 35297 131 2128415 36955 0
1459947780585325 129 2161348 36274 127 2124692 37498 0
1459947780587030 130 2158892 35703 127 2121260 37731 0
1459947780588764 126 2151508 39719 124 2114256 41239 0
1459947780590662 132 2152381 37420 129 2114199 38068 0
1459947780592365 126 2145506 40833 124 2107747 41040 0
1459947780594093 130 2144288 38764 125 2103079 42136 0
1459947780595764 130 2143165 36769 128 2102615 39270 0
1459947780597519 132 2144690 35302 128 2102188 36595 0
1459947780599290 134 2148656 36200 132 2106914 38093 0
1459947780601373 136 2154872 39101 131 2109991 37952 0
1459947780603382 137 2161882 42508 136 2119227 43502 0
1459947780605325 131 2160664 40308 128 2117502 41692 0
1459947780607203 135 2164662 40843 132 2121032 41688 0
1459947780609009 128 2159387 42514 126 2116606 42510 0
1459947780610570 127 2153244 44854 127 2113806 41769 0
1459947780612173 124 2143741 50108 121 2103544 47964 0
1459947780614010 128 2140101 49548 125 2099204 48216 0
1459947780616018 137 2148265 53203 133 2105443 50201 0
1459947780618036 133 2150671 51264 131 2108635 49221 0
1459947780619933 132 2151609 48124 130 2110297 46908 0
1459947780621648 132 2152474 45161 130 2111830 44656 0
1459947780623312 129 2149431 44436 127 2109403 43404 0
1459947780625043 129 2146626 43549 127 2107165 42075 0
1459947780627023 135 2151720 44842 132 2111502 42785 0
1459947780628613 127 2146176 46448 126 2107820 42835 0
1459947780630643 134 2150026 46368 131 2110826 42259 0
1459947780632194 125 2142055 50093 123 2103357 45841 0
1459947780633781 127 2137266 50592 125 2099032 46245 0
1459947780635503 131 2137972 47289 129 2100165 43676 0
1459947780637316 130 2137342 44173 128 2099929 40479 0
1459947780639223 134 2141882 44906 132 2104832 41836 0
1459947780641146 131 2142227 41715 130 2106792 40373 0
1459947780643065 131 2142545 38749 131 2109878 40063 0
1459947780644876 129 2140278 37810 126 2106323 40209 0
1459947780646661 131 2140748 35290 128 2105606 37727 0
1459947780648256 129 2138622 34491 127 2103665 36567 0
1459947780649818 126 2132822 37142 125 2099316 37719 0
1459947780651520 127 2128755 37988 126 2096586 37287 0
1459947780653081 128 2126286 37296 125 2092790 37872 0
1459947780654963 132 2129129 37003 129 2094410 36407 0
1459947780656471 123 2120230 42314 122 2086944 40444 0
1459947780658290 132 2123547 42065 130 2090301 40379 0
1459947780660159 135 2130444 45137 133 2097236 43617 0
1459947780662122 133 2134243 45112 130 2099789 42562 0
1459947780663987 136 2141585 48355 134 2107262 46126 0
1459947780665891 133 2144513 47276 130 2109032 44153 0
1459947780667670 132 2145932 44891 128 2108103 41558 0
1459947780669327 125 2138281 48436 124 2102127 43819 0
1459947780671040 132 2140187 46408 130 2104298 42396 0
1459947780672928 132 2141944 44402 128 2103739 39597 0
1459947780674926 138 2151244 49507 133 2109624 41928 0
1459947780676637 131 2150858 45994 130 2111209 40113 0
1459947780678487 132 2151782 43252 130 2112670 38326 0
1459947780680353 128 2147514 43806 128 2111457 36448 0
1459947780682410 136 2153819 46195 134 2118019 39649 0
1459947780684243 136 2159631 47944 133 2122788 40948 0
1459947780685936 130 2157309 46337 129 2122065 38414 0
1459947780687737 129 2153889 45868 127 2118838 38386 0
1459947780689607 133 2155856 44097 131 2120983 37365 0
1459947780691396 133 2157669 42323 129 2120401 34981 0
1459947780693517 137 2164461 45277 134 2126264 37653 0
1459947780695377 133 2165602 42791 129 2125269 35627 0
1459947780697083 132 2165374 39656 129 2124352 33688 0
1459947780698944 135 2169004 39903 134 2129907 36177 0
1459947780700994 135 2172350 39870 132 2132468 35710 0
1459947780702768 131 2170315 38630 130 2132268 33103 0
1459947780704450 128 2164599 40881 128 2129524 33045 0
1459947780706231 127 2158049 43724 124 2121874 37514 0
1459947780708083 131 2157131 41153 128 2119942 36363 0
1459947780710183 136 2162685 43057 134 2125841 38960 0
1459947780711896 134 2165245 42053 132 2128719 38569 0
1459947780713682 134 2167605 40942 132 2131372 38001 0
1459947780715519 125 2158260 46357 123 2122298 43396 0
1459947780717331 126 2150925 49496 124 2115213 46536 0
1459947780719011 129 2148003 48321 129 2115081 43020 0
1459947780720876 134 2151710 47962 133 2120080 44267 0
1459947780723018 139 2161527 53264 138 2131088 50956 0
1459947780724828 132 2161617 49185 128 2128436 49419 0
1459947780726681 128 2156580 49984 125 2122151 51351 0
1459947780728340 132 2157057 46518 129 2121477 47959 0
1459947780730171 131 2156216 43657 128 2119576 45963 0
1459947780731798 127 2150321 45679 124 2112704 48707 0
1459947780733478 127 2144887 47119 125 2107649 49561 0
1459947780735401 133 2147557 45899 131 2110668 48473 0
1459947780737243 131 2147459 42403 129 2110892 44892 0
1459947780739065 129 2144808 41533 127 2108538 43553 0
1459947780741166 136 2151324 44295 133 2114048 45230 0
1459947780742929 130 2149651 42375 129 2114008 41732 0
1459947780744742 133 2151949 41182 132 2117811 41977 0
1459947780746554 131 2151507 38370 128 2116197 40184 0
1459947780748257 129 2148540 38106 124 2109589 43135 0
1459947780750151 134 2152205 38506 131 2112457 42409 0
1459947780752069 135 2156863 39792 133 2117661 43892 0
1459947780754086 136 2162438 41822 134 2123738 46064 0
1459947780755784 122 2149657 50335 120 2111420 53819 0
1459947780757742 134 2153235 49700 131 2114145 52126 0
1459947780759580 133 2155253 47677 132 2117937 51549 0
1459947780761434 136 2160953 49207 135 2125273 54284 0
1459947780763067 129 2157248 48777 128 2123076 52068 0
1459947780765067 135 2161513 48897 131 2124890 49672 0
1459947780766789 129 2157764 48531 125 2118882 51328 0
1459947780768538 127 2151748 50284 125 2113344 52423 0
1459947780770263 130 2150042 47927 127 2110799 50673 0
1459947780772092 133 2152309 46272 129 2111012 46911 0
1459947780774059 132 2153119 43404 128 2109929 44244 0
1459947780775744 129 2150026 42863 126 2106370 44067 0
1459947780777425 129 2147175 42142 128 2105649 41287 0
1459947780779269 135 2152226 43506 131 2108825 40989 0
1459947780781402 137 2159443 46760 134 2115593 44025 0
1459947780783180 129 2155856 46412 125 2110312 45453 0
1459947780785186 134 2158949 45638 132 2114403 45673 0
1459947780787056 134 2161801 44701 130 2115615 43221 0
1459947780788744 125 2152910 49404 122 2106492 48253 0
1459947780790655 132 2153673 46248 131 2109602 47350 0
1459947780792507 131 2153097 43164 130 2111189 45113 0
1459947780794351 132 2153846 40481 130 2112652 42937 0
1459947780796524 139 2163496 46214 138 2124241 50265 0
1459947780798436 133 2164712 43724 131 2125964 47927 0
1459947780800553 136 2169673 44882 133 2130113 48006 0
1459947780802450 135 2172967 44411 134 2135217 48961 0
1459947780804204 131 2170883 42861 129 2133523 46696 0
1459947780806246 133 2171522 40101 131 2134521 43967 0
1459947780808249 133 2172111 37511 131 2135441 41380 0
1459947780810193 135 2175214 37441 133 2138849 41289 0
1459947780812098 133 2175515 34792 131 2139431 38599 0
1459947780813825 127 2168112 38896 124 2131007 43347 0
1459947780815929 140 2177928 44906 136 2138602 46961 0
1459947780818007 136 2181857 45019 135 2144323 48566 0
1459947780819900 133 2181639 41701 132 2145757 46093 0
1459947780821770 129 2176318 43347 127 2140679 47171 0
1459947780823625 131 2173973 42121 127 2135998 47799 0
1459947780825616 134 2175651 40377 132 2138083 45986 0
1459947780827209 128 2169518 42875 125 2131045 48880 0
1459947780829036 132 2168984 40016 130 2130957 45142 0
1459947780830843 135 2172332 39975 130 2130875 41689 0
1459947780832526 128 2166458 42265 125 2124400 44400 0
1459947780834321 132 2166163 39234 128 2122271 42893 0
1459947780836292 138 2173571 42997 135 2129268 45991 0
1459947780838176 132 2172720 40420 131 2130598 43624 0
1459947780840161 135 2175776 40079 133 2134385 43706 0
1459947780842086 134 2177313 38364 131 2135316 41149 0
1459947780844100 134 2178730 36672 131 2136174 38725 0
1459947780845886 133 2178756 33831 131 2136965 36428 0
1459947780847784 133 2178780 31209 131 2137694 34254 0
1459947780849665 132 2177522 29928 131 2138366 32197 0
1459947780851340 130 2173803 31017 128 2135146 32649 0
1459947780853193 131 2171654 30573 130 2134737 30474 0
1459947780855000 130 2168393 31189 128 2131800 30799 0
1459947780856377 111 2141067 53942 110 2106053 52127 0
1459947780858592 135 2146596 54824 133 2111757 53312 0
1459947780860537 135 2151693 55238 134 2118295 55175 0
1459947780862475 135 2156391 55253 133 2123043 55241 0
1459947780864577 136 2162002 56109 134 2128700 56140 0
1459947780866429 127 2155655 57575 125 2122395 57566 0
1459947780868327 127 2149804 58469 125 2116582 58425 0
1459947780870096 129 2146970 56513 127 2113784 56439 0
1459947780871947 133 2149477 54409 130 2115044 53191 0
1459947780873981 138 2158189 58189 135 2122606 56006 0
1459947780875752 129 2154700 56857 126 2118057 55823 0
1459947780877110 94 2106684 96679 93 2071623 94266 0
1459947780878734 133 2112339 94338 129 2074897 89919 0
1459947780880776 133 2117552 91773 130 2079195 86856 0
1459947780882628 129 2117238 84892 123 2074197 84676 0
1459947780884612 131 2119508 80352 130 2078550 82073 0
1459947780886724 135 2126721 80723 134 2087683 84080 0
1459947780888710 136 2134650 81726 132 2093542 82913 0
1459947780890545 132 2136840 77360 132 2098944 81415 0
1459947780892485 139 2147819 81437 137 2110324 85544 0
1459947780894205 133 2150260 77324 131 2113134 81451 0
1459947780895988 132 2151230 72178 129 2113165 75115 0
1459947780897957 130 2149565 68073 128 2111913 70399 0
1459947780899548 129 2146750 65348 126 2108199 68322 0
1459947780901171 127 2141595 64994 125 2103495 67319 0
1459947780902812 125 2134282 66656 125 2099159 66055 0
1459947780904526 127 2130101 65302 126 2096442 63398 0
1459947780906558 134 2135206 64907 132 2101617 63216 0
1459947780908468 136 2142473 66535 133 2107668 63855 0
1459947780910246 133 2145332 63971 130 2109406 60468 0
1459947780912058 135 2150527 63763 134 2116128 61940 0
1459947780914195 136 2156597 64376 135 2123605 63993 0
1459947780916137 135 2160912 63324 131 2125378 60627 0
1459947780918135 136 2166170 63223 133 2129572 59757 0
1459947780919970 132 2165897 58533 129 2128319 56242 0
1459947780921948 134 2168206 56088 132 2131004 54323 0
1459947780923587 128 2162654 56823 128 2128359 52517 0
1459947780925430 129 2158816 55920 129 2127200 49481 0
1459947780927267 130 2156558 53632 128 2124852 47779 0
1459947780929191 137 2163436 55783 134 2130367 49131 0
1459947780931102 133 2164657 52550 130 2130332 45324 0
1459947780933022 134 2167063 50662 131 2131579 42933 0
1459947780934870 134 2169281 48748 130 2131449 39697 0
1459947780936816 136 2173885 49184 134 2136449 41204 0
1459947780938526 127 2166610 52047 126 2130818 43174 0
1459947780940403 134 2168863 50057 131 2132027 40916 0
1459947780942317 132 2168380 46590 130 2131862 37870 0
1459947780944070 128 2162815 48079 128 2129150 37410 0
1459947780946061 134 2165365 46672 132 2131770 36902 0
1459947780948098 134 2167715 45192 132 2134185 36245 0
1459947780949834 132 2167322 42023 131 2135131 34285 0
1459947780951622 131 2165679 40252 129 2133443 33161 0
1459947780953564 127 2159045 43222 127 2129327 34363 0
1459947780955426 130 2156769 41942 128 2126813 33995 0
1459947780957278 131 2155951 39418 128 2124495 33475 0
1459947780959057 133 2157757 38003 131 2126198 32429 0
1459947780960702 129 2154302 38218 127 2122648 33166 0
1459947780962554 130 2152397 36988 129 2121936 31230 0
1459947780964629 137 2159600 40739 136 2130239 36445 0
1459947780966651 135 2163681 41318 132 2132774 35934 0
1459947780968774 139 2172563 46278 136 2140231 40000 0
1459947780970646 134 2174351 44310 132 2141985 38492 0
1459947780972491 131 2172159 42867 130 2141042 36352 0
1459947780974359 130 2168859 42560 126 2135053 39033 0
1459947780976479 137 2174776 44690 135 2141051 41513 0
1459947780978496 132 2173831 42068 131 2141461 38647 0
1459947780980509 134 2175520 40338 132 2143119 37155 0
1459947780982493 133 2175797 37441 131 2143367 34481 0
1459947780984444 133 2176052 34750 131 2143596 31998 0
1459947780986757 140 2176052 34750 139 2143596 31998 1
1459947780988738 134 2177567 33432 133 2146367 32053 0
1459947780990686 132 2176404 31891 129 2143802 31912 0
1459947780992796 137 2181732 34311 136 2150397 35498 0
1459947780994734 130 2177684 35361 132 2151357 33609 0
1459947780996757 137 2182912 37418 134 2154802 34159 0
1459947780998702 135 2185172 36577 133 2156698 33237 0
1459947781000524 131 2182135 36518 130 2154605 32568 0
1459947781002406 132 2180615 35065 131 2153956 30620 0
1459947781004466 137 2185614 36933 135 2158478 32395 0
1459947781006533 136 2188942 37115 134 2161366 32527 0
1459947781008424 133 2188170 34925 130 2158909 32249 0
1459947781010324 136 2191299 35080 132 2159204 30001 0
1459947781011933 130 2186503 36759 130 2156916 29766 0
1459947781013782 132 2184642 35602 129 2153526 30564 0
1459947781015650 134 2185486 33598 130 2151681 29876 0
1459947781017224 128 2185486 33598 122 2151681 29876 1
1459947781019142 132 2183704 32614 131 2151260 27928 0
1459947781021052 134 2184622 30912 131 2150872 26102 0
1459947781022701 125 2184622 30912 125 2150872 26102 1
1459947781024895 140 2184622 30912 138 2150872 26102 1
1459947781026862 137 2189308 32817 134 2154355 27273 0
1459947781028740 135 2191068 31875 134 2157566 28102 0
1459947781030498 132 2188850 31427 131 2156686 26717 0
1459947781032403 135 2190646 30626 132 2157154 25061 0
1459947781034109 130 2190646 30626 127 2157154 25061 1
1459947781036052 136 2193581 30939 133 2158866 24681 0
1459947781037918 132 2191167 30745 130 2156604 24836 0
1459947781039764 131 2187662 31574 130 2154519 24816 0
1459947781041889 137 2192110 33208 136 2160277 28185 0
1459947781043920 136 2194931 33214 135 2164305 29696 0
1459947781046166 137 2198812 34196 136 2169298 31979 0
1459947781048134 132 2195989 34125 130 2166221 32316 0
1459947781050035 132 2193387 33856 130 2163384 32405 0
1459947781051886 136 2196108 33720 134 2165889 32182 0
1459947781053836 134 2196057 31131 134 2168198 31796 0
1459947781055686 131 2192170 32281 129 2163927 33247 0
1459947781057686 133 2191146 30702 131 2162550 31918 0
1459947781059457 133 2190202 29172 130 2160000 31774 0
1459947781061430 140 2190202 29172 140 2160000 31774 1
1459947781063332 136 2193172 29630 132 2160210 29484 0
1459947781065088 135 2194630 28659 134 2162963 29718 0
1459947781066885 134 2194694 26479 129 2159101 30955 0
1459947781068719 134 2194753 24464 129 2155541 31817 0
1459947781070696 135 2196087 23782 131 2154819 29996 0
1459947781072671 136 2198597 24238 134 2157993 30578 0
1459947781074538 133 2197071 23750 131 2157079 29030 0
1459947781076518 135 2198224 22957 133 2158797 28345 0
1459947781078397 135 2199287 22143 134 2161660 28770 0
1459947781080541 138 2204107 24857 134 2164300 28956 0
1459947781082644 138 2208551 27011 136 2169294 31296 0
1459947781084455 132 2204967 28203 131 2167497 30506 0
1459947781086176 134 2204223 26683 131 2165841 29648 0
1459947781088061 137 2207378 27506 134 2168154 29463 0
1459947781089817 128 2207378 27506 126 2168154 29463 1
1459947781091619 132 2203886 28575 129 2163886 31094 0
1459947781093522 132 2200667 29309 130 2161232 31110 0
1459947781095429 133 2198979 28574 131 2160065 29754 0
1459947781097502 138 2203823 30807 135 2164109 31157 0
1459947781099633 137 2207009 31337 135 2167837 32159 0
1459947781101829 139 2212506 33955 136 2172554 33995 0
1459947781103617 128 2203493 39609 127 2165383 37949 0
1459947781105260 124 2203493 39609 122 2165383 37949 1
1459947781107077 128 2203493 39609 124 2165383 37949 1
1459947781108830 133 2201585 38272 132 2165172 35178 0
1459947781110385 128 2193426 42803 126 2157297 39687 0
1459947781112125 131 2189744 42852 129 2153878 39737 0
1459947781114049 133 2188910 40272 131 2153286 37177 0
1459947781115906 131 2185581 40193 128 2148900 38314 0
1459947781118109 139 2192752 43663 138 2157657 43393 0
1459947781119983 133 2191683 41236 132 2158050 40364 0
1459947781121883 131 2188137 41282 130 2155852 39235 0
1459947781123617 131 2184868 41068 129 2152546 39216 0
1459947781125360 130 2180575 41816 128 2148218 40141 0
1459947781127255 135 2183017 40800 130 2146788 38321 0
1459947781129179 136 2186548 40867 132 2148030 36472 0
1459947781131234 135 2188523 39495 130 2146615 34926 0
1459947781133308 133 2187784 37089 131 2146590 32219 0
1459947781135076 129 2181983 39538 127 2141447 34441 0
1459947781136878 133 2181755 36658 131 2141826 32099 0
1459947781138746 134 2182825 34780 132 2143455 31093 0
1459947781140583 128 2176131 38232 127 2138557 33177 0
1459947781142393 132 2175080 36213 129 2136602 32387 0
1459947781144224 134 2176671 34850 131 2137359 30554 0
1459947781146074 133 2176858 32299 131 2138057 28810 0
1459947781147900 131 2174470 31975 130 2137421 27145 0
1459947781149795 134 2176109 30987 133 2140674 28023 0
1459947781151737 136 2180180 32319 131 2141113 26238 0
1459947781153537 132 2178813 31053 131 2141518 24561 0
1459947781155232 124 2178813 31053 124 2141518 24561 1
1459947781157224 135 2181393 31004 131 2141891 22986 0
1459947781158952 131 2178651 31108 129 2139675 23232 0
1459947781160710 128 2178651 31108 126 2139675 23232 1
1459947781162441 132 2177403 29826 128 2136352 24479 0
1459947781164109 130 2173693 30914 129 2134569 24209 0
1459947781165807 131 2171553 30470 129 2132925 23831 0
1459947781167624 134 2173420 29810 132 2135250 24112 0
1459947781169567 132 2172581 28253 130 2134833 22611 0
1459947781171554 132 2171808 26757 130 2134449 21197 0
1459947781173342 129 2171808 26757 126 2134449 21197 1
1459947781175227 132 2171095 25322 131 2135375 20393 0
1459947781177154 133 2171718 23917 130 2134948 19191 0
1459947781178825 130 2171718 23917 126 2134948 19191 1
1459947781180541 129 2167172 26238 128 2131995 20413 0
1459947781182279 128 2161701 29230 127 2127992 22507 0
1459947781184105 134 2164338 29377 132 2130702 23246 0
1459947781186105 137 2170609 32862 135 2137040 27272 0
1459947781188008 133 2171270 30903 131 2137763 25808 0
1459947781189895 132 2170599 29106 129 2135870 25535 0
1459947781191752 135 2173820 29802 132 2137965 25471 0
1459947781193357 129 2169110 31814 127 2133496 27600 0
1459947781195026 128 2169110 31814 125 2133496 27600 1
1459947781196832 131 2167328 30970 129 2131936 26880 0
1459947781198353 126 2167328 30970 124 2131936 26880 1
1459947781200062 127 2167328 30970 125 2131936 26880 1
1459947781201586 123 2167328 30970 119 2131936 26880 1
1459947781203379 133 2168245 29395 130 2131778 24925 0
1459947781205496 132 2167810 27498 130 2131632 23110 0
1459947781207380 130 2164849 28077 127 2127658 24967 0
1459947781209315 129 2160840 29578 128 2125274 25213 0
1459947781211145 128 2155864 31853 128 2123076 25268 0
1459947781213113 133 2157677 31035 132 2126170 26145 0
1459947781215351 140 2157677 31035 136 2126170 26145 1
1459947781217178 130 2155508 30609 127 2122622 27371 0
1459947781219031 129 2152228 31239 128 2120632 27066 0
1459947781220820 131 2151765 29224 127 2117517 27822 0
1459947781222842 136 2157738 32446 134 2123605 31261 0
1459947781224610 130 2155564 31914 129 2122818 29543 0
1459947781226383 130 2153560 31266 129 2122092 27902 0
1459947781227983 129 2150433 31705 126 2117583 29878 0
1459947781229862 134 2153950 32470 131 2119826 29611 0
1459947781231857 135 2158472 34102 132 2123174 30384 0
1459947781233951 137 2165201 37640 135 2130101 34395 0
1459947781235819 135 2168844 38058 131 2131366 32874 0
1459947781238040 137 2174763 40540 134 2136373 34920 0
1459947781240174 135 2177659 40042 130 2135868 32655 0
1459947781242075 134 2179049 38194 134 2140523 34394 0
1459947781244012 132 2177770 36388 129 2138414 33649 0
1459947781245751 130 2174031 36991 127 2133910 35171 0
1459947781247678 133 2174424 34464 129 2132318 33890 0
1459947781249741 137 2179907 36825 136 2139810 38149 0
1459947781251873 142 2179907 36825 138 2139810 38149 1
1459947781253731 134 2181121 35067 133 2142877 37995 0
1459947781255593 135 2183520 34539 132 2144424 36452 0
1459947781257733 139 2190852 38599 136 2150970 39639 0
1459947781259576 130 2186091 39971 126 2144205 42778 0
1459947781261371 132 2184262 38533 130 2143088 40463 0
1459947781263011 129 2178736 40615 128 2139499 40609 0
1459947781264667 129 2173642 42136 127 2134910 41665 0
1459947781266471 134 2175346 40415 133 2138360 41589 0
1459947781268316 133 2175637 37525 132 2140260 40091 0
1459947781270556 142 2175637 37525 138 2140260 40091 1
1459947781272436 135 2178465 37200 132 2142012 38573 0
1459947781274206 130 2174672 37789 127 2137227 39969 0
1459947781276125 132 2173735 35699 130 2136656 37372 0
1459947781277845 128 2167751 38425 126 2131009 39657 0
1459947781279725 135 2171195 38598 132 2133483 38839 0
1459947781281603 135 2174370 38509 133 2137044 39087 0
1459947781283496 132 2173457 36341 129 2135207 37726 0
1459947781285387 134 2175175 35085 133 2138633 37937 0
1459947781287420 135 2178039 34983 132 2140512 36705 0
1459947781289563 139 2185799 39403 136 2147364 40154 0
1459947781291531 136 2189113 39379 134 2151121 40479 0
1459947781293773 138 2194728 41478 136 2157144 42869 0
1459947781295647 133 2193504 39364 130 2155017 41479 0
1459947781297670 136 2196216 38788 134 2158176 41150 0
1459947781299693 139 2202556 41602 135 2162368 41800 0
1459947781301655 138 2207121 42559 136 2167513 43277 0
1459947781303355 129 2199809 45974 127 2160736 46142 0
1459947781305065 130 2194348 47415 129 2157048 45936 0
1459947781306945 133 2193154 44810 131 2156208 43120 0
1459947781308972 141 2202293 49734 140 2166954 49657 0
1459947781310891 134 2201758 46340 131 2165340 47264 0
1459947781312850 135 2202545 43445 133 2166412 44560 0
1459947781314647 133 2200711 41740 132 2166121 41346 0
1459947781316519 134 2200300 38857 133 2167132 39047 0
1459947781318543 137 2203761 39012 135 2170624 39216 0
1459947781320588 137 2206952 38905 135 2173844 39120 0
1459947781322567 135 2207333 36217 133 2174252 36439 0
1459947781324778 141 2215365 40791 139 2182308 41019 0
1459947781326769 138 2218929 40890 136 2185895 41120 0
1459947781328663 134 2217095 39385 132 2184081 39578 0
1459947781330498 132 2212844 40226 130 2179849 40385 0
1459947781332362 133 2210205 39515 130 2175948 40824 0
1459947781334259 130 2203932 42209 128 2169792 43309 0
1459947781335958 126 2203932 42209 124 2169792 43309 1
1459947781338006 134 2203269 39521 132 2169237 40436 0
1459947781339927 135 2203938 37050 133 2170005 37984 0
1459947781342139 135 2204555 34724 132 2169433 35542 0
1459947781344445 143 2204555 34724 141 2169433 35542 1
1459947781346361 136 2206404 33715 136 2174026 36999 0
1459947781348014 127 2206404 33715 125 2174026 36999 1
1459947781349941 135 2206828 31472 134 2175700 35651 0
1459947781351784 136 2208499 30554 134 2177243 34287 0
1459947781353461 130 2202360 33825 129 2172265 36196 0
1459947781355289 134 2201820 31679 131 2170236 35237 0
1459947781357352 135 2202602 29925 133 2170926 33120 0
1459947781359189 132 2199483 30461 131 2169002 32305 0
1459947781361068 127 2199483 30461 126 2169002 32305 1
1459947781362594 124 2199483 30461 122 2169002 32305 1
1459947781364467 132 2196608 30731 131 2167228 31415 0
1459947781366350 137 2200358 31787 133 2168153 29813 0
1459947781367924 123 2200358 31787 121 2168153 29813 1
1459947781369615 125 2200358 31787 122 2168153 29813 1
1459947781371153 121 2200358 31787 119 2168153 29813 1
1459947781372709 128 2200358 31787 125 2168153 29813 1
1459947781374432 128 2200358 31787 126 2168153 29813 1
1459947781376251 130 2194855 34376 129 2163886 31416 0
1459947781378090 132 2192341 34006 130 2161232 31407 0
1459947781379911 132 2190024 33484 130 2158785 31208 0
1459947781381971 136 2193008 33619 135 2162929 32590 0
1459947781384137 142 2193008 33619 141 2162929 32590 1
1459947781386007 131 2189359 34355 129 2159070 33600 0
1459947781387853 128 2182155 38311 126 2151672 37794 0
1459947781389642 133 2181914 35539 130 2149972 36407 0
1459947781391052 122 2181914 35539 121 2149972 36407 1
1459947781392604 128 2175291 38866 126 2143285 39726 0
1459947781394634 137 2180706 40821 132 2144800 38019 0
1459947781396605 137 2185698 42233 133 2147477 37516 0
1459947781398689 136 2189020 41995 133 2149945 36860 0
1459947781400711 135 2190802 40357 135 2154780 38437 0
1459947781402894 141 2190802 40357 138 2154780 38437 1
1459947781404888 136 2193725 39899 134 2157957 38363 0
1459947781406724 134 2193860 36905 131 2157046 36204 0
1459947781408648 131 2190144 37446 129 2153646 36508 0
1459947781410634 134 2190559 34902 133 2155632 35486 0
1459947781412471 130 2185821 36542 129 2152343 35744 0
1459947781414249 130 2181453 37713 127 2146751 38105 0
1459947781416074 129 2176146 39657 127 2141596 39880 0
1459947781417881 128 2169974 42247 128 2138123 39964 0
1459947781419623 130 2166844 41830 126 2132362 42151 0
1459947781421209 129 2162679 42401 127 2128331 42572 0
1459947781422913 133 2163959 40268 130 2128455 39360 0
1459947781424639 131 2162579 38393 129 2127289 37359 0
1459947781426139 124 2162579 38393 116 2127289 37359 1
1459947781427496 123 2162579 38393 114 2127289 37359 1
1459947781428945 125 2162579 38393 117 2127289 37359 1
1459947781430446 125 2162579 38393 116 2127289 37359 1
1459947781431934 125 2162579 38393 115 2127289 37359 1
1459947781433491 127 2162579 38393 116 2127289 37359 1
1459947781434924 123 2162579 38393 112 2127289 37359 1
1459947781436365 123 2162579 38393 114 2127289 37359 1
1459947781438082 129 2162579 38393 122 2127289 37359 1
1459947781439493 124 2162579 38393 115 2127289 37359 1
1459947781441115 127 2162579 38393 117 2127289 37359 1
1459947781442736 124 2162579 38393 116 2127289 37359 1
1459947781444245 124 2162579 38393 114 2127289 37359 1
1459947781445608 121 2162579 38393 113 2127289 37359 1
1459947781447031 124 2162579 38393 113 2127289 37359 1
1459947781448535 124 2162579 38393 115 2127289 37359 1
1459947781449963 124 2162579 38393 115 2127289 37359 1
1459947781451367 122 2162579 38393 112 2127289 37359 1
1459947781452809 124 2162579 38393 115 2127289 37359 1
1459947781454558 128 2162579 38393 119 2127289 37359 1
1459947781456296 130 2162579 38393 121 2127289 37359 1
1459947781457873 128 2162579 38393 119 2127289 37359 1
1459947781459413 129 2162579 38393 120 2127289 37359 1
1459947781460869 123 2162579 38393 115 2127289 37359 1
1459947781462113 119 2162579 38393 110 2127289 37359 1
1459947781463531 121 2162579 38393 112 2127289 37359 1
1459947781465026 122 2162579 38393 112 2127289 37359 1
1459947781466360 124 2162579 38393 115 2127289 37359 1
1459947781467690 125 2162579 38393 117 2127289 37359 1
1459947781469327 126 2162579 38393 120 2127289 37359 1
1459947781470665 125 2162579 38393 119 2127289 37359 1
1459947781472184 130 2160027 37745 124 2119814 41330 0
1459947781473458 123 2160027 37745 117 2119814 41330 1
1459947781474982 127 2160027 37745 122 2119814 41330 1
1459947781476731 133 2161514 36167 128 2118043 39733 0
1459947781478332 132 2161605 33425 125 2112570 41672 0
1459947781479976 125 2161605 33425 118 2112570 41672 1
1459947781481576 128 2156569 35454 123 2104965 45426 0
1459947781482961 125 2156569 35454 119 2104965 45426 1
1459947781484625 128 2151927 36963 121 2095394 50699 0
1459947781485948 121 2151927 36963 116 2095394 50699 1
1459947781487499 124 2142527 42739 120 2085291 56051 0
1459947781489084 126 2136422 45027 123 2079817 56717 0
1459947781490521 124 2128234 49057 117 2067091 64016 0
1459947781492040 127 2124525 48642 121 2060479 65108 0
1459947781493089 105 2124525 48642 101 2060479 65108 1
1459947781494687 129 2123666 45632 124 2058224 62099 0
1459947781496608 137 2133114 50777 131 2065105 63590 0
1459947781498124 129 2131584 48220 123 2061208 62213 0
1459947781499686 127 2127614 48111 123 2057616 60663 0
1459947781501168 126 2122674 48905 120 2050464 62515 0
1459947781502711 131 2124520 46785 125 2050271 57808 0
1459947781504216 123 2115981 51000 117 2039853 62894 0
1459947781505619 124 2109389 53091 117 2030249 66833 0
1459947781507098 126 2105872 52184 121 2026515 65052 0
1459947781508509 122 2097510 55814 117 2017953 67861 0
1459947781509905 126 2094922 53838 121 2015180 65114 0
1459947781511271 126 2092536 51830 121 2012624 62382 0
1459947781512808 125 2089056 50987 118 2006427 63220 0
1459947781514536 133 2096088 53486 127 2012234 63634 0
1459947781516185 133 2102571 55283 126 2016308 62417 0
1459947781517657 127 2100867 52534 120 2012383 61157 0
1459947781519178 128 2100576 48696 122 2011325 57353 0
1459947781520757 127 2099028 46317 120 2007790 56130 0
1459947781522252 126 2096321 45193 120 2004531 54747 0
1459947781523674 124 2091265 46322 119 2000247 54418 0
1459947781525204 126 2089164 44638 123 2001417 51245 0
1459947781526749 128 2089788 41725 122 2001216 47426 0
1459947781528064 120 2089788 41725 112 2001216 47426 1
1459947781529423 120 2080123 47374 114 1990791 53330 0
1459947781530631 120 2071213 51885 113 1979900 59202 0
1459947781532100 126 2070679 48322 121 1980100 54760 0
1459947781533407 123 2066347 48539 119 1977724 52670 0
1459947781535072 130 2071313 49324 124 1981934 52436 0
1459947781536436 126 2070771 45968 121 1981975 48377 0
1459947781537835 123 2066432 46376 117 1976893 49281 0
1459947781539186 121 2059872 48799 117 1972208 49748 0
1459947781540674 123 2056384 48201 118 1969169 48662 0
1459947781542165 123 2053169 47398 117 1965087 48622 0
1459947781543920 128 2056605 46862 121 1966444 46074 0
1459947781545456 127 2058492 44940 121 1967695 43627 0
1459947781546819 115 2058492 44940 109 1967695 43627 1
1459947781548329 126 2058952 41853 122 1970128 42461 0
1459947781549705 123 2055536 41731 119 1968531 40614 0
1459947781551118 124 2053667 40192 121 1969619 38444 0
1459947781552524 122 2049384 41000 116 1964222 40414 0
1459947781553950 126 2050555 38876 121 1965647 38569 0
1459947781555308 124 2049075 37201 119 1964400 36703 0
1459947781556523 118 2040031 42631 114 1956851 40793 0
1459947781557725 119 2032973 45806 116 1952452 41661 0
1459947781559226 126 2035426 44489 120 1953516 39387 0
1459947781560533 123 2033848 42467 118 1951937 37764 0
1459947781561989 126 2036233 41348 120 1953041 35831 0
1459947781563425 126 2038432 40144 120 1954059 33970 0
1459947781564776 119 2038432 40144 113 1954059 33970 1
1459947781566287 125 2039179 37696 119 1953718 31630 0
1459947781567838 127 2042428 37746 122 1957243 32408 0
1459947781569147 122 2039023 37935 116 1952813 33959 0
1459947781570739 126 2041004 36797 121 1955129 33440 0
1459947781572310 126 2042830 35605 121 1957264 32795 0
1459947781573809 125 2043233 33195 121 1959232 32047 0
1459947781575288 123 2041045 32617 119 1958487 30229 0
1459947781576763 124 2040308 30747 121 1960360 29593 0
1459947781578198 126 2042188 30078 121 1962086 28873 0
1459947781579708 128 2046482 31686 123 1966238 30444 0
1459947781581308 126 2047880 30499 121 1967505 29233 0
1459947781582986 129 2053009 32844 126 1975073 33926 0
1459947781584677 129 2057737 34637 125 1980770 36527 0
1459947781586137 124 2055696 33811 121 1980902 33795 0
1459947781587486 125 2055094 31723 120 1979744 32221 0
1459947781589081 126 2055819 29913 120 1978676 30687 0
1459947781590776 127 2057768 29372 122 1980251 29741 0
1459947781592178 128 2060844 29913 123 1982983 29936 0
1459947781593540 125 2059840 28501 120 1981662 28814 0
1459947781594841 124 2057635 28306 117 1976604 31224 0
1459947781596029 117 2057635 28306 113 1976604 31224 1
1459947781597357 123 2054322 29147 119 1974501 30721 0
1459947781599108 132 2054322 29147 124 1974501 30721 1
1459947781600688 126 2055108 27593 120 1973843 28926 0
1459947781602300 127 2057112 27285 122 1975796 28466 0
1459947781603861 130 2062800 30396 125 1981436 31442 0
1459947781605501 128 2065483 30495 123 1984076 31419 0
1459947781606987 127 2066677 29212 121 1983950 29080 0
1459947781608730 131 2072897 32663 125 1988953 31421 0
1459947781610266 128 2074791 31857 124 1992286 32038 0
1459947781611806 126 2073977 30117 119 1988958 32602 0
1459947781613288 128 2075787 29433 123 1991010 31946 0
1459947781614519 120 2067216 35034 117 1985222 34785 0
1459947781615805 121 2060594 38399 117 1979886 36985 0
1459947781617418 129 2064730 39211 123 1982647 36640 0
1459947781618969 124 2062142 38531 121 1982632 33790 0
1459947781620547 124 2059757 37718 119 1980058 33522 0
1459947781621926 120 2052438 41517 116 1973845 36629 0
1459947781623151 120 2052438 41517 114 1973845 36629 1
1459947781624617 125 2052091 38592 120 1973238 34326 0
1459947781626298 129 2056891 40002 124 1977798 35848 0
1459947781627973 130 2062596 42135 125 1983282 38103 0
1459947781629513 129 2066575 42511 124 1987058 38607 0
1459947781631188 129 2070243 42571 124 1990539 38799 0
1459947781632612 125 2068505 40846 120 1988628 37528 0
1459947781634139 126 2068183 37950 121 1988146 35039 0
1459947781635742 129 2071726 38251 123 1990262 34251 0
1459947781637245 127 2072432 35913 121 1989652 32136 0
1459947781638808 128 2074363 34887 122 1990370 30287 0
1459947781640462 130 2078703 36162 123 1992312 29710 0
1459947781642031 123 2078703 36162 116 1992312 29710 1
1459947781643348 121 2071184 40267 117 1986422 32817 0
1459947781644774 123 2066812 41150 118 1982272 34078 0
1459947781646045 119 2066812 41150 113 1982272 34078 1
1459947781647527 126 2066622 38109 121 1982287 31428 0
1459947781649142 130 2071567 39689 124 1986140 32524 0
1459947781650603 123 2067165 40645 118 1982012 33787 0
1459947781651897 121 2067165 40645 115 1982012 33787 1
1459947781653278 121 2060547 43569 116 1975647 37014 0
1459947781654378 117 2060547 43569 112 1975647 37014 1
1459947781655798 125 2059566 41068 118 1972339 37170 0
1459947781657095 122 2054822 42231 117 1968010 38256 0
1459947781658736 126 2055569 39619 121 1969139 36308 0
1459947781660172 126 2056257 37157 120 1968900 33691 0
1459947781661847 131 2063291 40739 127 1977639 39114 0
1459947781663523 130 2068496 42354 125 1983135 41125 0
1459947781664777 125 2066894 40521 119 1980522 40320 0
1459947781666289 125 2065417 38715 119 1978113 39390 0
1459947781667820 128 2067896 37975 123 1981012 38985 0
1459947781669324 124 2065061 37620 119 1978565 38194 0
1459947781670711 124 2062448 37088 119 1976309 37289 0
1459947781672250 127 2063879 35509 122 1978069 35998 0
1459947781673683 124 2061358 35057 117 1973292 37588 0
1459947781675208 126 2061594 32535 119 1971448 36350 0
1459947781676705 127 2063091 31374 119 1969748 35076 0
1459947781678263 129 2067032 32555 123 1973301 35610 0
1459947781679731 121 2060425 36101 115 1966336 39247 0
1459947781681137 126 2060734 33565 119 1965036 37378 0
1459947781682797 127 2062299 32384 117 1961277 37921 0
1459947781684404 127 2063741 31184 116 1956532 39332 0
1459947781685748 128 2066351 31153 115 1950877 41471 0
1459947781687188 132 2066351 31153 118 1950877 41471 1
1459947781688626 128 2068757 30937 116 1946944 41856 0
1459947781690069 132 2068757 30937 117 1946944 41856 1
1459947781691583 135 2068757 30937 121 1946944 41856 1
1459947781693214 136 2068757 30937 123 1946944 41856 1
1459947781694833 138 2068757 30937 123 1946944 41856 1
1459947781696196 130 2073535 32925 115 1942039 43107 0
1459947781697648 128 2075380 32052 112 1933677 47447 0
1459947781698855 129 2078360 32295 112 1925968 50846 0
1459947781700459 135 2078360 32295 120 1925968 50846 1
1459947781701892 131 2083668 34664 113 1920141 52244 0
1459947781703457 136 2083668 34664 120 1920141 52244 1
1459947781704938 132 2089841 37646 116 1918609 49573 0
1459947781706220 127 2089132 35357 112 1912077 51721 0
1459947781707705 134 2089132 35357 115 1912077 51721 1
1459947781709378 140 2089132 35357 126 1912077 51721 1
1459947781710871 134 2089132 35357 120 1912077 51721 1
1459947781712257 134 2089132 35357 118 1912077 51721 1
1459947781713603 130 2092318 35531 111 1904775 54410 0
1459947781715282 137 2092318 35531 120 1904775 54410 1
1459947781716925 136 2092318 35531 119 1904775 54410 1
1459947781718565 138 2092318 35531 121 1904775 54410 1
1459947781720092 137 2092318 35531 120 1904775 54410 1
1459947781721608 134 2092318 35531 114 1904775 54410 1
1459947781723049 135 2092318 35531 116 1904775 54410 1
1459947781724654 137 2092318 35531 118 1904775 54410 1
1459947781726232 137 2092318 35531 118 1904775 54410 1
1459947781727877 136 2092318 35531 118 1904775 54410 1
1459947781729273 131 2096535 36643 116 1904444 50463 0
1459947781730626 134 2104263 40904 117 1905419 47419 0
1459947781731912 129 2104987 38375 113 1901198 47605 0
1459947781733399 133 2110774 40711 116 1901146 43932 0
1459947781734864 137 2110774 40711 116 1901146 43932 1
1459947781736302 133 2116109 42448 116 1901098 40542 0
1459947781737803 134 2122307 44845 116 1901054 37413 0
1459947781739494 142 2122307 44845 124 1901054 37413 1
1459947781741110 137 2131861 50149 120 1906134 39173 0
1459947781742570 136 2139389 53171 117 1906977 36889 0
1459947781744055 133 2142489 51875 117 1907754 34723 0
1459947781745431 136 2149187 53996 115 1905910 33709 0
1459947781747067 140 2160481 60189 121 1911890 36588 0
1459947781748382 129 2156813 58867 113 1907163 38086 0
1459947781749705 132 2157271 54691 114 1904085 37946 0
1459947781751143 135 2161534 54348 115 1902528 36416 0
1459947781752620 135 2165464 53725 116 1902373 33713 0
1459947781754256 139 2174207 57587 119 1906070 34487 0
1459947781755828 138 2180987 59338 123 1914598 39654 0
1459947781757246 137 2185957 59284 116 1913500 37568 0
1459947781758735 139 2193099 61236 121 1918887 39599 0
1459947781760195 137 2197123 60160 118 1920013 37543 0
1459947781761826 140 2204672 62420 122 1926171 40286 0
1459947781763555 141 2212912 65139 121 1930568 41192 0
1459947781765147 137 2215388 62332 118 1930782 38170 0
1459947781766578 132 2211270 61257 113 1924579 40904 0
1459947781768062 138 2215154 60052 117 1923981 38259 0
1459947781769554 133 2212335 57958 114 1919589 39317 0
1459947781771132 133 2209736 55825 115 1916821 38796 0
1459947781772473 132 2206060 54851 111 1909149 42837 0
1459947781773806 133 2203951 52508 116 1908476 40109 0
1459947781775549 141 2212247 56053 123 1916816 44663 0
1459947781777096 139 2217335 56363 116 1915544 42344 0
1459947781778633 136 2218185 52743 116 1914372 40115 0
1459947781780132 137 2220249 50525 117 1914571 37165 0
1459947781781820 139 2224712 50691 122 1921155 40330 0
1459947781783587 142 2232666 54062 120 1924664 40414 0
1459947781785115 135 2231038 51337 115 1921499 40173 0
1459947781786433 129 2231038 51337 108 1921499 40173 1
1459947781787631 127 2231038 51337 110 1921499 40173 1
1459947781789155 135 2229538 48708 118 1922421 37884 0
1459947781790708 136 2229435 44996 116 1920711 36499 0
1459947781792454 141 2235740 47292 121 1925535 38094 0
1459947781793957 134 2232592 46498 118 1926142 35677 0
1459947781828510 138 2234810 44910 116 1924142 34732 0
1459947781829919 136 2234295 41875 114 1919738 36077 0
1459947781831239 133 2229980 42580 111 1911838 40540 0
1459947781832732 140 2234962 43846 118 1913515 38918 0
1459947781834346 135 2233155 42085 115 1911221 37991 0
1459947781835754 135 2231489 40332 115 1909106 36970 0
1459947781837495 138 2233793 39305 115 1907157 35877 0
1459947781838953 137 2234637 37012 114 1904080 35910 0
1459947781840413 136 2234135 34581 116 1903803 33358 0
1459947781842031 137 2234953 32633 118 1906108 32876 0
1459947781843729 140 2239547 34318 118 1908233 32266 0
1459947781845319 139 2242502 34360 118 1910192 31551 0
1459947781847036 140 2246506 35366 119 1913278 31931 0
1459947781848656 139 2248917 34826 119 1916123 32058 0
1459947781850254 142 2254980 37694 119 1918745 31971 0
1459947781851896 141 2259289 38722 116 1917323 30783 0
1459947781853529 138 2259422 35818 115 1914732 30766 0
1459947781855291 139 2260824 34312 117 1914903 28520 0
1459947781857086 146 2260824 34312 122 1914903 28520 1
1459947781858616 140 2263397 34003 117 1915061 26436 0
1459947781859959 134 2263397 34003 111 1915061 26436 1
1459947781861604 137 2261929 32699 119 1917766 26864 0
1459947781863245 137 2260575 31391 117 1917700 24825 0
1459947781864756 138 2260607 28968 116 1916359 24120 0
1459947781866368 140 2263197 29091 118 1917683 23456 0
1459947781867793 134 2263197 29091 111 1917683 23456 1
1459947781869349 136 2260464 29336 114 1913784 25217 0
1459947781870902 138 2260505 27082 116 1912749 24199 0
1459947781872243 135 2260505 27082 112 1912749 24199 1
1459947781873933 141 2264383 28541 119 1915635 24969 0
1459947781875621 141 2267958 29606 118 1917016 24291 0
1459947781877061 137 2266133 28974 114 1913169 25939 0
1459947781878668 143 2272131 32239 120 1917302 27722 0
1459947781880059 135 2267420 34062 113 1912152 30302 0
1459947781881087 116 2267420 34062 94 1912152 30302 1
1459947781882489 137 2265637 33042 116 1911245 28770 0
1459947781884150 142 2270394 34845 120 1915528 30471 0
1459947781885832 142 2274779 36164 120 1919477 31730 0
1459947781887348 137 2272421 35510 115 1916717 31794 0
1459947781888728 134 2266408 38278 112 1910333 35194 0
1459947781890356 138 2265984 35677 116 1909568 33149 0
1459947781891996 141 2269434 36069 119 1912703 33449 0
1459947781893783 146 2269434 36069 122 1912703 33449 1
1459947781895234 138 2268774 33858 118 1914313 32319 0
1459947781896496 130 2268774 33858 111 1914313 32319 1
1459947781898033 138 2268166 31772 116 1913237 30785 0
1459947781899751 139 2268885 29952 118 1914805 29824 0
1459947781901417 140 2270828 29403 118 1916250 28826 0
1459947781902785 138 2270059 27813 116 1915022 27704 0
1459947781904281 137 2268070 27472 117 1915170 25676 0
1459947781905924 139 2268797 25995 119 1917867 26156 0
1459947781907476 139 2269467 24581 118 1919073 25224 0
1459947781909042 143 2269467 24581 120 1919073 25224 1
1459947781910475 140 2271364 24409 115 1916345 25767 0
1459947781911912 134 2271364 24409 111 1916345 25767 1
1459947781913161 135 2266713 26788 114 1912550 27250 0
1459947781914546 134 2266713 26788 111 1912550 27250 1
1459947781916007 138 2266266 25107 116 1911612 25985 0
1459947781917587 139 2267133 23945 116 1910747 24751 0
1459947781918929 136 2267133 23945 112 1910747 24751 1
1459947781920317 137 2265373 23696 115 1908669 24731 0
1459947781922002 139 2266310 22708 116 1908034 23383 0
1459947781923562 141 2269734 24090 116 1907448 22095 0
1459947781925221 137 2267771 24016 117 1908188 21050 0
1459947781926697 136 2264681 24987 115 1906310 21135 0
1459947781928280 143 2264681 24987 119 1906310 21135 1
1459947781929798 138 2264392 23299 113 1902019 23438 0
1459947781931283 140 2266686 23593 118 1904463 23859 0
1459947781932723 135 2266686 23593 112 1904463 23859 1
1459947781934172 135 2262401 25699 113 1900316 25817 0
1459947781935670 136 2259730 26152 117 1901613 24996 0
1459947781937263 140 2262388 26558 117 1902809 24146 0
1459947781938832 142 2267398 29102 118 1905192 24455 0
1459947781939918 118 2267398 29102 94 1905192 24455 1
1459947781941308 139 2268177 27546 114 1902268 25238 0
1459947781942764 136 2265055 28270 115 1900853 24570 0
1459947781944298 142 2269857 30488 117 1902108 23807 0
1459947781945746 136 2266604 31104 112 1896865 26779 0
1459947781947367 137 2264885 30258 114 1894592 26781 0
1459947781948807 133 2264885 30258 110 1894592 26781 1
1459947781950245 134 2259460 32894 111 1888657 30159 0
1459947781951677 136 2257019 32573 115 1888305 28125 0
1459947781953137 135 2253489 33281 112 1884141 29765 0
1459947781954669 140 2256635 33580 115 1884142 27440 0
1459947781956116 138 2256975 31269 116 1885423 26477 0
1459947781957838 146 2256975 31269 122 1885423 26477 1
1459947781959473 141 2261128 32655 118 1889164 27857 0
1459947781960833 136 2258557 32472 114 1887493 27220 0
1459947781962011 133 2258557 32472 108 1887493 27220 1
1459947781963651 140 2261307 32470 117 1889792 27213 0
1459947781965091 140 2263842 32270 116 1890632 25860 0
1459947781966364 136 2261059 32313 113 1887566 26665 0
1459947781967810 139 2262333 30963 115 1887299 24826 0
1459947781969261 136 2259668 31000 113 1884493 25472 0
1459947781970416 129 2259668 31000 107 1884493 25472 1
1459947781971895 139 2261051 29853 114 1883186 24685 0
1459947781973520 142 2266166 32235 119 1888382 27546 0
1459947781975147 139 2267041 30523 116 1889332 26268 0
1459947781976682 139 2267848 28882 114 1887647 25767 0
1459947781978275 139 2268592 27311 116 1888654 24681 0
1459947781979834 136 2265438 28084 114 1887022 24255 0
1459947781981410 139 2266370 26748 116 1888078 23333 0
1459947781982876 133 2266370 26748 110 1888078 23333 1
1459947781984197 133 2266370 26748 110 1888078 23333 1
1459947781985566 130 2266370 26748 108 1888078 23333 1
1459947781987197 138 2265949 25045 116 1889051 22407 0
1459947781988944 142 2270681 27451 119 1893788 25023 0
1459947781990482 141 2273764 28148 118 1896875 25914 0
1459947781991726 134 2273764 28148 109 1896875 25914 1
1459947781993106 138 2273764 28148 110 1896875 25914 1
1459947781994500 137 2271486 28047 113 1893321 27164 0
1459947781995846 138 2270666 26610 112 1888765 29240 0
1459947781997380 141 2273750 27374 118 1892245 30163 0
1459947781998852 137 2271473 27333 114 1890333 29568 0
1459947782000468 142 2275774 29162 117 1892410 29173 0
1459947782001976 137 2273339 29127 114 1890485 28667 0
1459947782003333 137 2273339 29127 110 1890485 28667 1
1459947782004664 134 2267254 32460 112 1886150 30422 0
1459947782006301 143 2273164 35373 118 1889834 31441 0
1459947782007786 137 2270933 34665 113 1886830 31752 0
1459947782009329 140 2272716 33600 115 1886621 29463 0
1459947782010901 142 2276920 34850 121 1894108 34063 0
1459947782012304 138 2275675 33274 116 1894610 31864 0
1459947782013552 133 2275675 33274 110 1894610 31864 1
1459947782015200 142 2279647 34336 120 1900193 34521 0
1459947782016653 137 2276909 34176 112 1895100 36518 0
1459947782018171 138 2275665 32652 114 1892965 35632 0
1459947782019631 139 2275798 30224 117 1894837 34573 0
1459947782021182 142 2279761 31515 117 1896562 33462 0
1459947782022797 140 2280854 30060 116 1896873 31133 0
1459947782024058 136 2276742 31501 111 1890759 34335 0
1459947782025545 138 2275511 30173 114 1888963 33307 0
1459947782026740 129 2275511 30173 104 1888963 33307 1
1459947782028125 137 2273096 30040 114 1887307 32229 0
1459947782029583 139 2273430 28001 112 1883221 33477 0
1459947782030842 132 2264778 33788 110 1876894 36693 0
1459947782032158 135 2260642 34960 109 1869781 40382 0
1459947782033545 134 2255549 36922 111 1865784 40911 0
1459947782034941 137 2254694 34824 110 1860819 42290 0
1459947782036344 136 2252626 34009 113 1860082 39664 0
1459947782037861 138 2253279 31954 116 1863243 39479 0
1459947782039222 136 2251321 31261 111 1859757 39607 0
1459947782040834 137 2250796 29301 114 1860383 37089 0
1459947782042488 144 2250796 29301 120 1860383 37089 1
1459947782043922 138 2251592 27745 115 1862240 35903 0
1459947782045496 139 2253606 27434 113 1861392 33879 0
1459947782046814 135 2250343 28298 109 1855490 36672 0
1459947782048388 136 2248614 27679 113 1855169 34102 0
1459947782049898 141 2253421 29947 115 1857433 33525 0
1459947782051317 137 2252732 28241 112 1855681 32520 0
1459947782052819 139 2254657 27808 115 1857905 32030 0
1459947782054354 138 2255151 26091 114 1858676 30237 0
1459947782056007 143 2255151 26091 120 1858676 30237 1
1459947782057510 138 2255607 24472 115 1860666 29709 0
1459947782058956 140 2258587 25307 115 1862501 29079 0
1459947782060412 140 2261334 25862 114 1862913 27186 0
1459947782061882 139 2262587 24996 112 1860732 27071 0
1459947782063608 143 2262587 24996 117 1860732 27071 1
1459947782065299 143 2262587 24996 120 1860732 27071 1
1459947782066821 136 2259902 25517 114 1861282 25463 0
1459947782068247 140 2262547 25961 113 1860509 24185 0
1459947782069667 138 2262425 24043 113 1859796 22951 0
1459947782070923 136 2259753 24627 112 1857859 22942 0
1459947782072294 134 2259753 24627 109 1857859 22942 1
1459947782073859 140 2262409 25152 115 1859913 23043 0
1459947782075447 143 2262409 25152 116 1859913 23043 1
1459947782076963 141 2266138 26624 116 1863087 24168 0
1459947782078310 139 2267015 25353 114 1863453 22616 0
1459947782079769 143 2267015 25353 118 1863453 22616 1
1459947782081501 147 2267015 25353 122 1863453 22616 1
1459947782083073 143 2267015 25353 120 1863453 22616 1
1459947782084575 141 2270384 26478 118 1868910 25880 0
1459947782085986 139 2270930 24912 116 1871381 26136 0
1459947782087300 135 2266313 27220 110 1865979 29073 0
1459947782088577 134 2260777 30196 109 1859719 32571 0
1459947782090135 140 2263353 30211 115 1861628 31786 0
1459947782091389 135 2259328 31560 110 1856988 33579 0
1459947782092646 133 2253058 34874 109 1851430 36077 0
1459947782094156 139 2254957 33900 115 1853987 35615 0
1459947782095791 142 2260548 36405 120 1862744 40905 0
1459947782097351 142 2265702 38312 118 1868257 42791 0
1459947782098882 142 2270454 39698 116 1870779 41772 0
1459947782100389 141 2273554 39454 119 1876944 44191 0
1459947782102011 139 2273852 36646 118 1881347 44797 0
1459947782103210 136 2270287 37069 111 1876446 45814 0
1459947782104505 134 2264440 39561 110 1870648 47578 0
1459947782106038 136 2261610 39078 114 1870423 44066 0
1459947782107467 138 2261561 36069 112 1867656 43173 0
1459947782109201 143 2267916 39110 115 1868945 40988 0
1459947782110695 145 2276335 43815 118 1873973 42420 0
1459947782112109 139 2276416 40466 114 1873488 39551 0
1459947782113624 140 2277771 38553 118 1878161 40769 0
1459947782115141 138 2276460 36749 115 1878629 38015 0
1459947782116664 136 2272691 37350 113 1876501 37006 0
1459947782118282 138 2271777 35274 116 1878379 35845 0
1459947782119799 142 2276054 36461 118 1882670 37000 0
1459947782121235 140 2277437 34887 116 1884066 35396 0
1459947782122380 133 2277437 34887 105 1884066 35396 1
1459947782123663 135 2272312 36885 110 1877673 38523 0
1459947782124930 134 2266307 39538 110 1871779 40945 0
1459947782126269 136 2263331 39191 110 1866346 42754 0
1459947782127629 139 2264428 37140 113 1865177 40489 0
1459947782128939 132 2264428 37140 106 1865177 40489 1
1459947782130206 137 2262879 35665 113 1864100 38317 0
1459947782131549 136 2260171 35373 112 1861827 37418 0
1459947782132923 136 2257675 34909 112 1859731 36425 0
1459947782134403 140 2260494 34779 117 1864199 37698 0
1459947782135966 139 2261812 33276 117 1868318 38549 0
1459947782137518 141 2265587 34157 117 1872115 39038 0
1459947782138944 139 2266508 32337 114 1871776 36300 0
1459947782140466 139 2267357 30592 115 1872743 34355 0
1459947782141990 140 2269419 30103 115 1873634 32493 0
1459947782143571 141 2272600 30684 118 1878296 34252 0
1459947782144960 137 2270413 30302 112 1874914 34693 0
1459947782146574 141 2273516 30795 114 1874356 32496 0
1459947782148107 140 2275097 29847 113 1872561 31610 0
1459947782149676 142 2279115 31219 117 1876027 32335 0
1459947782151180 139 2278979 28905 117 1879222 32753 0
1459947782152768 143 2283973 31250 117 1882167 32909 0
1459947782154367 141 2286017 30692 116 1883602 31660 0
1459947782156216 147 2286017 30692 120 1883602 31660 1
1459947782158178 148 2286017 30692 126 1883602 31660 1
1459947782160032 145 2286017 30692 119 1883602 31660 1
1459947782161738 145 2286017 30692 121 1883602 31660 1
1459947782163333 143 2290461 32391 117 1886205 31586 0
1459947782164444 137 2286878 33162 111 1880925 33985 0
1459947782165929 137 2283575 33615 115 1881177 31562 0
1459947782167304 133 2275410 38514 111 1876290 33601 0
1459947782168999 142 2279403 39186 116 1878184 32721 0
1459947782170427 137 2276684 38629 110 1872250 35633 0
1459947782171924 142 2280578 39200 116 1874460 34886 0
1459947782173665 143 2285447 40626 118 1879057 36398 0
1459947782175161 137 2282256 40393 112 1875615 36726 0
1459947782176728 140 2283154 38065 115 1876282 34471 0
1459947782178402 143 2287822 39394 117 1879457 34704 0
1459947782179924 139 2287005 37068 115 1879824 32330 0
1459947782181437 139 2286252 34865 116 1881442 31296 0
1459947782182868 136 2281718 36320 110 1875254 34555 0
1459947782184369 138 2280098 34974 110 1869549 37113 0
1459947782186000 142 2283725 35584 118 1874530 38805 0
1459947782187675 142 2287068 35886 118 1879122 40006 0
1459947782189432 141 2288870 34744 119 1884635 41962 0
1459947782191097 144 2294372 37101 118 1888437 42188 0
1459947782192774 144 2299444 38877 118 1891942 42124 0
1459947782194270 140 2298999 36248 115 1891334 39393 0
1459947782195780 139 2297309 34973 115 1890773 36831 0
1459947782197157 138 2294471 34855 113 1887696 36789 0
1459947782198692 139 2293135 33362 115 1887419 34168 0
1459947782199903 135 2293135 33362 109 1887419 34168 1
1459947782201069 132 2293135 33362 109 1887419 34168 1
1459947782202080 123 2293135 33362 100 1887419 34168 1
1459947782203197 133 2293135 33362 108 1887419 34168 1
1459947782204497 138 2290623 33069 112 1883324 35272 0
1459947782205917 142 2293428 33070 115 1883389 32576 0
1459947782207497 140 2293453 30509 114 1882169 31155 0
1459947782208972 144 2298596 32867 118 1886164 32404 0
1459947782210430 141 2299498 31130 115 1886007 30016 0
1459947782211967 140 2299049 29110 115 1885862 27803 0
1459947782213565 142 2301195 28814 118 1889569 29047 0
1459947782215157 145 2307014 31926 121 1896826 33467 0
1459947782216801 143 2309818 32016 117 1898396 32299 0
1459947782218300 136 2303443 35390 111 1892163 35520 0
1459947782219785 142 2305246 34287 117 1894097 34528 0
1459947782221312 141 2305628 31960 116 1894600 32294 0
1459947782223381 135 2298300 36217 134 1918104 51439 0
1459947782225509 138 2295385 36073 136 1942332 69755 0
1459947782227574 137 2291418 36911 135 1963387 83715 0
1459947782229506 136 2286480 38578 133 1980237 92707 0
1459947782231235 129 2272968 48019 127 1988090 92704 0
1459947782233245 137 2270752 46309 136 2006850 102755 0
1459947782235189 135 2266149 46933 134 2021584 108310 0
1459947782236996 132 2258066 50717 127 2026207 104110 0
1459947782238772 129 2246774 57163 127 2030469 99905 0
1459947782240738 135 2244044 55212 133 2042078 102801 0
1459947782242728 130 2235128 59117 127 2045100 97555 0
1459947782244750 133 2230748 58535 132 2054286 98401 0
1459947782246615 132 2225430 58862 131 2061474 97340 0
1459947782248480 133 2221808 57601 133 2070661 98204 0
1459947782250471 136 2222309 53562 133 2079130 98338 0
1459947782252425 134 2220211 51310 131 2084377 95493 0
1459947782254515 136 2220837 47878 134 2093055 96032 0
1459947782256515 136 2221414 44669 134 2101055 95904 0
1459947782258426 136 2221946 41669 133 2107150 94029 0
1459947782260306 133 2218596 41500 131 2110208 89502 0
1459947782262156 131 2212948 43463 128 2109188 83449 0
1459947782264065 133 2210301 42506 130 2110807 78422 0
1459947782265975 130 2204021 44974 128 2109740 73278 0
1459947782267785 128 2195671 49156 126 2106196 70819 0
1459947782269549 131 2191814 48870 130 2108049 66994 0
1459947782271492 136 2194658 47674 132 2112317 65695 0
1459947782273213 132 2192160 46251 129 2112412 60649 0
1459947782274792 123 2178337 55379 121 2102259 65268 0
1459947782276280 123 2165594 62799 121 2092900 68795 0
1459947782278218 135 2169206 61222 133 2099632 69626 0
1459947782280287 136 2173816 60689 135 2108398 72267 0
1459947782282374 137 2179346 61045 136 2117759 75251 0
1459947782284416 136 2183164 59795 136 2126389 77327 0
1459947782286479 133 2182844 55417 132 2129224 73899 0
1459947782288434 135 2185109 53175 133 2133118 71715 0
1459947782290086 133 2184637 49454 130 2132868 66342 0
1459947782291927 134 2185482 46369 131 2133917 62126 0
1459947782293679 133 2184981 43207 130 2133604 57559 0
1459947782295684 132 2183239 41436 131 2134596 53976 0
1459947782297317 123 2170113 50298 123 2125270 58355 0
1459947782299131 136 2174652 50553 134 2130753 58850 0
1459947782301069 136 2178837 50461 133 2134527 57732 0
1459947782303103 138 2185255 52434 136 2141847 59969 0
1459947782305166 138 2191171 53791 136 2148595 61504 0
1459947782307105 132 2188945 51639 129 2145856 59224 0
1459947782308939 135 2190733 49252 131 2145891 54629 0
1459947782310778 136 2193661 48104 132 2147203 51570 0
1459947782312539 133 2192521 45395 131 2147132 47605 0
1459947782314343 133 2191470 42816 131 2147067 43944 0
1459947782316118 132 2189221 41543 129 2144447 42924 0
1459947782318045 138 2194828 43466 134 2148432 43243 0
1459947782319687 129 2188477 45924 127 2143145 44737 0
1459947782321293 129 2182622 47733 127 2138271 45733 0
1459947782323067 133 2182344 44258 130 2137618 42761 0
1459947782324852 128 2175688 46935 127 2133176 43514 0
1459947782326566 131 2173392 45384 128 2130361 42708 0
1459947782328503 135 2176395 44607 131 2131606 40519 0
1459947782330191 122 2176395 44607 119 2131606 40519 1
1459947782331952 133 2176604 41314 131 2132754 38411 0
1459947782333898 133 2176796 38263 134 2137652 39925 0
1459947782335839 134 2178253 36616 132 2139607 38608 0
1459947782337637 133 2178316 33814 130 2138850 36288 0
1459947782339473 131 2175815 33477 129 2136872 35276 0
1459947782341473 130 2172229 34166 129 2135048 34200 0
1459947782343444 136 2176603 35528 134 2139767 35878 0
1459947782345400 132 2175515 33754 129 2137717 34964 0
1459947782347485 138 2182192 37272 135 2143507 37570 0
1459947782349437 136 2185788 37675 134 2147565 38375 0
1459947782351479 137 2190383 38967 136 2153866 41185 0
1459947782353416 134 2190779 36287 133 2155835 39782 0
1459947782355288 135 2192424 34968 130 2153810 38540 0
1459947782357091 134 2192660 32454 134 2157063 38528 0
1459947782358980 136 2195438 32479 133 2158782 37103 0
1459947782360978 134 2195439 29942 132 2159087 34485 0
1459947782362761 132 2192880 29960 132 2159368 32049 0
1459947782364728 131 2189241 30973 129 2155787 32845 0
1459947782366599 132 2187166 30465 130 2153766 32140 0
1459947782368592 135 2189093 29861 133 2155743 31451 0
1459947782370316 130 2184470 31789 128 2151165 33212 0
1459947782371868 125 2184470 31789 124 2151165 33212 1
1459947782373588 132 2182768 30873 129 2148225 33327 0
1459947782375331 132 2181199 29907 130 2146794 32041 0
1459947782377133 130 2177192 31263 128 2142915 33112 0
1459947782378995 135 2179898 31315 132 2144459 31949 0
1459947782380769 131 2177273 31287 130 2143323 30499 0
1459947782382630 134 2178693 30151 133 2146115 30690 0
1459947782384812 137 2183842 32542 136 2152529 34205 0
1459947782386840 139 2191149 36735 137 2159722 38163 0
1459947782388873 133 2190205 34734 132 2159953 35394 0
1459947782390723 135 2191895 33578 133 2161446 34005 0
1459947782392571 130 2187053 35417 127 2155143 37158 0
1459947782394548 131 2183869 35584 128 2150612 38431 0
1459947782396426 129 2178374 37869 125 2142595 42818 0
1459947782398316 133 2178428 34960 130 2141604 40384 0
1459947782400277 134 2179758 33454 132 2143251 38747 0
1459947782402173 128 2173304 36789 127 2138369 40219 0
1459947782404064 132 2172474 34678 133 2141548 40007 0
1459947782405703 129 2167869 36212 127 2136799 41258 0
1459947782407752 136 2172584 37728 134 2141381 42258 0
1459947782409638 133 2173090 35247 133 2144325 41670 0
1459947782411480 134 2174837 34103 132 2145759 39736 0
1459947782413371 134 2176447 32923 133 2148361 39030 0
1459947782415208 134 2177932 31719 132 2149480 37011 0
1459947782417180 134 2179301 30502 133 2151791 36250 0
1459947782419283 138 2185683 34002 136 2157762 38921 0
1459947782421132 134 2186446 32048 133 2159426 37414 0
1459947782422990 138 2192269 34912 136 2164800 39446 0
1459947782424881 138 2197637 37133 135 2168475 39751 0
1459947782426830 137 2201306 37613 135 2171862 39768 0
1459947782428583 130 2195728 39815 126 2163465 44401 0
1459947782430439 132 2193146 39083 129 2159564 44527 0
1459947782432360 136 2195886 38555 133 2161088 42453 0
1459947782434269 135 2197132 36691 132 2161213 39251 0
1459947782436043 129 2197132 36691 125 2161213 39251 1
1459947782437742 130 2191881 38664 128 2156208 40797 0
1459947782439703 132 2189600 37745 131 2155434 38322 0
1459947782441451 130 2184937 39094 128 2150880 39525 0
1459947782443467 138 2190878 41516 136 2156922 42007 0
1459947782445355 129 2184835 43842 129 2153532 41849 0
1459947782447183 132 2183104 42011 130 2151687 40279 0
1459947782449382 137 2187909 43157 133 2153826 39104 0
1459947782450956 119 2187909 43157 117 2153826 39104 1
1459947782453188 139 2194898 46228 138 2162198 43767 0
1459947782455218 136 2197501 45016 135 2166076 43922 0
1459947782457185 133 2196061 42826 132 2165811 40733 0
1459947782459121 126 2196061 42826 125 2165811 40733 1
1459947782461222 138 2201133 44156 135 2169407 40865 0
1459947782463379 140 2208369 47377 138 2176562 44268 0
1459947782465496 136 2209920 45105 133 2176758 40989 0
1459947782467623 138 2213910 45259 136 2180778 41492 0
1459947782469711 135 2213748 41872 134 2181924 39307 0
1459947782471744 136 2214878 39642 134 2182981 37210 0
1459947782473666 133 2212080 39122 133 2182675 34583 0
1459947782475769 138 2215901 39587 135 2184953 33981 0
1459947782477737 134 2214303 37966 132 2183213 32929 0
1459947782479551 132 2210270 38716 131 2180329 33014 0
1459947782481361 134 2209112 36757 131 2177670 32884 0
1459947782483422 133 2206765 36048 131 2175219 32572 0
1459947782485264 129 2206765 36048 127 2175219 32572 1
1459947782486954 130 2200761 38765 128 2169120 35649 0
1459947782488764 133 2199066 37298 132 2168617 33326 0
1459947782490548 128 2199066 37298 124 2168617 33326 1
1459947782492426 136 2201343 36484 135 2171993 33835 0
1459947782494328 133 2199603 35236 133 2172546 31700 0
1459947782496148 134 2199279 32781 130 2169215 32292 0
1459947782498041 138 2204100 34663 136 2173825 34018 0
1459947782500171 140 2211104 38411 136 2178074 35277 0
1459947782502117 133 2208601 37716 132 2176871 33628 0
1459947782504055 135 2208854 35002 134 2178322 32338 0
1459947782505985 133 2206527 34411 131 2175820 32116 0
1459947782508090 139 2212062 36824 136 2179914 33380 0
1459947782509845 132 2208204 37502 128 2173448 36732 0
1459947782511678 131 2208204 37502 126 2173448 36732 1
1459947782513487 130 2202088 40210 127 2166207 40536 0
1459947782515381 132 2199009 39905 130 2163372 39982 0
1459947782517260 129 2192331 42942 128 2158198 41627 0
1459947782519216 138 2197695 44532 137 2164948 44597 0
1459947782521072 131 2193680 44753 128 2159651 45994 0
1459947782522903 129 2187418 47028 124 2149648 51621 0
1459947782524839 135 2189325 45111 130 2148106 49008 0
1459947782526771 135 2191083 43207 130 2146685 46488 0
1459947782528699 134 2191424 40146 130 2145375 44063 0
1459947782530454 132 2189179 39078 129 2142887 42913 0
1459947782532271 130 2184549 40292 128 2139313 42853 0
1459947782534160 135 2186681 39109 134 2143699 43548 0
1459947782535849 130 2182246 40140 127 2138782 44677 0
1459947782537926 142 2182246 40140 139 2138782 44677 1
1459947782539725 134 2183278 37955 134 2143209 45267 0
1459947782541456 131 2180389 37651 131 2143450 41952 0
1459947782543371 133 2180286 34803 130 2142392 39648 0
1459947782545413 135 2182751 34356 133 2145257 39191 0
1459947782547322 130 2178623 35475 128 2141498 39593 0
1459947782549083 129 2173538 37390 128 2138033 39692 0
1459947782550985 132 2172690 35249 130 2137399 37175 0
1459947782552691 129 2168068 36755 127 2132974 38348 0
1459947782554714 137 2174047 39395 134 2137855 39852 0
1459947782556861 139 2182119 43758 137 2146195 44426 0
1459947782558779 137 2187000 44839 135 2151323 45682 0
1459947782560457 124 2187000 44839 122 2151323 45682 1
1459947782562140 131 2183820 44265 129 2148370 44834 0
1459947782564124 137 2188569 45184 134 2152048 44722 0
1459947782566162 133 2187827 42337 131 2151599 41641 0
1459947782568105 133 2187143 39659 131 2151185 38768 0
1459947782569763 128 2187143 39659 123 2151185 38768 1
1459947782571295 125 2187143 39659 122 2151185 38768 1
1459947782572991 127 2187143 39659 120 2151185 38768 1
1459947782574942 134 2187792 37158 132 2152083 36567 0
1459947782576967 137 2192230 38347 134 2155471 36833 0
1459947782578675 132 2189922 37478 131 2154754 34615 0
1459947782580196 128 2182674 41231 126 2147693 38418 0
1459947782581905 127 2174712 45348 125 2139904 42596 0
1459947782583863 135 2177612 44479 134 2144244 43268 0
1459947782585681 132 2176446 42078 130 2143124 40918 0
1459947782587164 127 2168971 45680 125 2135692 44571 0
1459947782588774 128 2163360 47283 126 2130121 46223 0
1459947782590426 130 2160747 45997 126 2124985 47345 0
1459947782592086 129 2157058 45803 127 2121530 46830 0
1459947782593706 125 2148537 50078 124 2114505 49646 0
1459947782595554 134 2152202 49544 133 2119549 50417 0
1459947782597367 128 2147901 49637 127 2116519 49271 0
1459947782598999 132 2149056 46824 129 2116285 45635 0
1459947782600686 125 2141161 50443 124 2109670 48166 0
1459947782602177 126 2135162 52031 124 2103572 50024 0
1459947782604092 135 2141152 53488 135 2112030 53912 0
1459947782605703 130 2140274 50117 128 2110867 50771 0
1459947782607557 134 2144585 50175 132 2114915 50536 0
1459947782609439 134 2148559 49918 131 2117367 48847 0
1459947782611151 130 2147102 47360 128 2115787 46485 0
1459947782612704 131 2147039 43717 129 2115611 43015 0
1459947782614567 137 2154661 47328 134 2121848 45404 0
1459947782616390 124 2145048 52491 122 2112238 50714 0
1459947782618424 134 2148986 52020 130 2113619 48024 0
1459947782620433 134 2152616 51301 132 2117452 47806 0
1459947782622180 132 2153402 48018 131 2119706 46148 0
1459947782624087 132 2154127 44934 131 2121783 44457 0
1459947782626003 131 2153515 41986 128 2119858 42756 0
1459947782627992 133 2155511 40545 131 2121924 41319 0
1459947782629734 132 2156071 37893 128 2119988 39874 0
1459947782631626 134 2159147 37768 130 2120763 37473 0
1459947782633914 142 2159147 37768 140 2120763 37473 1
1459947782635739 131 2158143 35741 129 2120198 35065 0
1459947782637525 131 2157218 33800 129 2119677 32804 0
1459947782639296 130 2155085 33125 129 2119197 30683 0
1459947782641029 129 2151838 33529 126 2114914 32232 0
1459947782642706 127 2146285 36027 125 2109686 34532 0
1459947782644184 126 2139886 39110 125 2104866 36276 0
1459947782645927 130 2139107 36771 128 2104263 33996 0
1459947782647896 135 2144789 39136 131 2107547 34367 0
1459947782649642 130 2143627 37148 127 2105454 33610 0
1459947782651629 139 2143627 37148 135 2105454 33610 1
1459947782653693 135 2148956 39157 132 2109925 35106 0
1459947782655448 130 2147468 37467 128 2108927 33282 0
1459947782657301 132 2148657 35635 130 2110567 32192 0
1459947782659185 133 2151033 35041 131 2113358 32250 0
1459947782661022 132 2151943 33142 130 2114651 30922 0
1459947782662863 134 2155342 33685 131 2117123 30785 0
1459947782665040 137 2162315 37482 137 2127082 37560 0
1459947782666916 133 2163624 35759 131 2128583 36009 0
1459947782669069 140 2163624 35759 138 2128583 36009 1
1459947782671233 140 2163624 35759 137 2128583 36009 1
1459947782673100 131 2162270 34212 129 2127407 34278 0
1459947782674985 133 2163582 32749 129 2126323 32598 0
1459947782676705 133 2164792 31305 130 2126604 30310 0
1459947782678260 128 2159507 33730 126 2121743 32423 0
1459947782680053 131 2158475 32044 128 2119821 31660 0
1459947782681912 132 2158804 29843 131 2121889 31093 0
1459947782684024 136 2164227 32510 135 2128916 35141 0
1459947782686005 136 2169226 34579 136 2136674 39547 0
1459947782687847 130 2166155 34707 128 2133586 39303 0
1459947782689503 121 2166155 34707 119 2133586 39303 1
1459947782691378 133 2167164 32925 132 2135859 38328 0
1459947782693080 132 2166814 30674 130 2135395 35760 0
1459947782694825 129 2162651 32114 128 2132407 35720 0
1459947782696755 132 2162653 29607 128 2129652 35468 0
1459947782698747 134 2165215 29655 133 2133512 36256 0
1459947782700749 133 2166297 28336 130 2133231 33681 0
