1459947780003832 140 2293760 0 138 2260992 0 0
1459947780007845 146 2301440 7080 146 2271232 9440 0
1459947780011808 144 2305960 10692 142 2275552 12684 0
1459947780015588 141 2306286 10157 139 2275694 11824 0
1459947780019128 141 2306587 9640 139 2275825 11021 0
1459947780022646 139 2304304 10989 137 2273386 12407 0
1459947780026073 141 2304760 10550 137 2271137 13509 0
1459947780029788 142 2306460 11292 139 2271624 12902 0
1459947780033568 144 2310587 14214 142 2275913 15848 0
1459947780037241 144 2314392 16611 137 2273467 16863 0
1459947780040491 139 2311500 17978 135 2268652 19983 0
1459947780044149 146 2317794 22375 142 2273173 22589 0
1459947780047416 138 2313356 24716 137 2270941 22881 0
1459947780050805 141 2313105 23016 137 2268883 22989 0
1459947780054465 141 2312873 21430 139 2269546 21803 0
1459947780058037 141 2312659 19951 140 2271437 21842 0
1459947780061681 146 2318862 24110 144 2278300 26462 0
1459947780065323 140 2316900 24033 139 2278227 24460 0
1459947780069149 142 2317652 22848 140 2279440 23667 0
1459947780072978 145 2322185 25242 141 2281838 24029 0
1459947780076634 144 2325084 25941 141 2284049 24189 0
1459947780080486 147 2331596 29918 145 2291207 28898 0
1459947780084213 144 2333760 29575 141 2292686 28003 0
1459947780087841 143 2334475 27923 140 2292769 25892 0
1459947780091443 141 2332574 27493 138 2290286 26157 0
1459947780094807 140 2329541 28140 137 2286717 27402 0
1459947780098374 142 2329305 26157 139 2285987 25933 0
1459947780102413 148 2336768 30993 145 2292994 30365 0
1459947780106235 140 2333408 31668 138 2290493 30296 0
1459947780109584 138 2327750 34408 135 2284348 33593 0
1459947780113042 140 2325094 34166 137 2281243 33830 0
1459947780116397 137 2318806 37292 136 2277100 35005 0
1459947780119907 143 2320689 36114 141 2279681 34649 0
1459947780123591 142 2321145 33712 139 2279500 32107 0
1459947780127460 142 2321565 31465 139 2279334 29750 0
1459947780130671 139 2318112 32188 135 2274061 32286 0
1459947780133950 140 2316209 31426 136 2270479 33064 0
1459947780137366 141 2315735 29406 139 2271017 30976 0
1459947780141549 148 2324258 34965 145 2279193 36094 0
1459947780145488 146 2329555 37116 143 2284171 37863 0
1459947780149017 143 2330598 35178 142 2287480 37954 0
1459947780153039 147 2336680 38035 143 2291810 38980 0
1459947780157119 149 2344846 42591 146 2299642 43154 0
1459947780160834 142 2343414 40582 140 2299182 40205 0
1459947780164401 140 2339534 40987 137 2294918 40993 0
1459947780168150 143 2339797 38027 140 2294827 37873 0
1459947780172055 146 2343880 38820 143 2298583 38377 0
1459947780176066 145 2346364 38077 142 2300766 37390 0
1459947780179718 140 2342254 38890 137 2296378 38512 0
1459947780183115 137 2334625 42883 134 2288493 42771 0
1459947780186467 135 2325032 48375 133 2279944 47309 0
1459947780190499 144 2327708 47062 141 2282303 45787 0
1459947780194309 146 2332735 48020 144 2288318 47754 0
1459947780197909 143 2333530 45000 140 2288743 44414 0
1459947780201763 144 2335542 43339 141 2290414 42485 0
1459947780205468 142 2334837 40602 140 2290675 39406 0
1459947780209346 143 2335467 38010 140 2290916 36549 0
1459947780213216 144 2337328 36756 142 2293698 36257 0
1459947780217424 147 2342884 39006 145 2300102 39328 0
1459947780221153 143 2342886 35960 142 2302166 38158 0
1459947780225023 143 2342888 33151 141 2302789 35750 0
1459947780228895 143 2342889 30562 139 2300803 34787 0
1459947780232912 148 2349290 34075 147 2309212 39821 0
1459947780236776 144 2350071 32132 141 2309284 36776 0
1459947780240907 145 2352071 31465 142 2310631 35143 0
1459947780244924 145 2353915 30706 141 2310592 32432 0
1459947780248223 135 2342815 38539 132 2299037 40550 0
1459947780251858 142 2341542 36700 139 2297344 38942 0
1459947780255383 139 2336529 38453 136 2291944 40877 0
1459947780258957 142 2335747 36168 139 2290805 38732 0
1459947780262655 143 2336306 33858 142 2293595 38278 0
1459947780266326 142 2335542 31916 139 2292327 36455 0
1459947780270292 145 2338677 32312 142 2294998 36069 0
1459947780273885 137 2331327 36561 135 2288501 39240 0
1459947780277645 145 2334792 36898 143 2292751 40092 0
1459947780281222 139 2330306 38150 137 2288989 40426 0
1459947780284582 133 2318490 46061 129 2275281 49903 0
1459947780288475 143 2320397 44220 141 2278004 48514 0
1459947780292284 146 2325995 45926 142 2281794 48217 0
1459947780295438 134 2315796 51739 132 2272488 53028 0
1459947780299081 142 2316634 48468 141 2275429 51597 0
1459947780302956 139 2313566 47508 137 2273021 49784 0
1459947780306785 143 2315858 45909 143 2278481 50927 0
1459947780310437 141 2315411 42733 139 2278394 47027 0
1459947780314055 144 2318839 42554 140 2279594 44459 0
1459947780317732 140 2316879 41035 136 2275580 44684 0
1459947780321311 139 2313792 40674 137 2273160 43423 0
1459947780325082 145 2318627 41953 142 2277329 43873 0
1459947780329090 140 2316684 40465 136 2273492 43981 0
1459947780333003 142 2317453 38011 140 2275075 42003 0
1459947780336885 143 2319441 36874 139 2275254 38886 0
1459947780340640 138 2314874 38202 137 2272859 38055 0
1459947780344371 140 2313224 36737 139 2273211 35406 0
1459947780348429 147 2320663 40724 144 2279936 38839 0
1459947780351684 138 2316001 41839 135 2274616 40708 0
1459947780355029 136 2309143 44891 135 2269711 42048 0
1459947780358874 140 2307941 42490 137 2267749 40570 0
1459947780362930 146 2314513 45228 143 2273621 42813 0
1459947780366604 141 2314171 42008 140 2275194 40918 0
1459947780369869 140 2312576 40196 137 2272804 39923 0
1459947780373067 137 2307266 41950 135 2268041 41194 0
1459947780376625 141 2307490 38879 138 2267490 38482 0
1459947780380329 143 2310257 38392 140 2269542 37367 0
1459947780384290 142 2311528 36563 140 2271434 36191 0
1459947780388228 145 2316539 38326 143 2277018 38510 0
1459947780391947 144 2319879 38410 142 2280885 39066 0
1459947780395738 144 2322958 38247 142 2284450 39300 0
1459947780399387 145 2327076 39055 143 2289017 40439 0
1459947780402658 136 2319353 43122 133 2280427 45197 0
1459947780406076 138 2314793 43956 137 2277628 44244 0
1459947780409723 139 2311869 43215 137 2275048 43165 0
1459947780412878 134 2302774 48222 132 2266269 47884 0
1459947780416217 135 2295669 51003 134 2260736 49243 0
1459947780420058 146 2303199 53960 142 2265876 50133 0
1459947780423868 144 2307581 53784 140 2268054 48224 0
1459947780427610 143 2310341 52126 139 2268782 45127 0
1459947780431336 145 2315445 52758 142 2273293 45759 0
1459947780434925 141 2315030 49017 139 2273611 42478 0
1459947780439377 149 2324888 54275 147 2284145 48870 0
1459947780443221 145 2328856 53692 141 2286176 46924 0
1459947780447258 145 2332514 52869 142 2289328 46164 0
1459947780450828 143 2333326 49486 140 2289674 42876 0
1459947780454374 139 2328954 49648 137 2286153 42771 0
1459947780458195 145 2332604 49134 142 2289307 42336 0
1459947780461698 142 2332129 45732 139 2288374 39887 0
1459947780465606 145 2335531 45295 142 2291354 39517 0
1459947780469529 142 2334827 42404 138 2288981 38615 0
1459947780472744 139 2330338 43228 136 2284234 39973 0
1459947780476592 146 2335160 44295 144 2290098 42256 0
1459947780480378 146 2339605 44932 144 2295504 43937 0
1459947780484090 143 2339863 41659 140 2295367 40629 0
1459947780487975 143 2340101 38623 141 2296521 38518 0
1459947780491552 140 2336480 38942 137 2292465 39246 0
1459947780494854 134 2325462 46055 134 2284886 43165 0
1459947780498362 134 2315305 51819 132 2275339 48592 0
1459947780501804 135 2307221 55221 133 2267818 51728 0
1459947780505593 138 2303609 54235 136 2264724 50537 0
1459947780509280 141 2304119 50467 139 2265712 47499 0
1459947780512924 144 2308429 50497 141 2269183 46988 0
1459947780516529 141 2308562 46674 139 2269823 43907 0
1459947780520038 140 2307405 44093 137 2267853 42292 0
1459947780523727 143 2310178 43205 141 2271156 42032 0
1459947780526753 127 2292255 56351 125 2253721 54819 0
1459947780530469 147 2301332 60316 144 2261969 58139 0
1459947780534004 142 2303300 57417 140 2264452 55885 0
1459947780537453 143 2306394 55783 141 2268021 54808 0
1459947780541380 145 2311806 56414 141 2271311 53559 0
1459947780545136 141 2311676 52125 139 2271784 49810 0
1459947780548836 142 2312836 49121 140 2273500 47500 0
1459947780552505 143 2315185 47449 140 2275082 45248 0
1459947780555988 136 2308391 50005 133 2267581 48627 0
1459947780559593 141 2308527 46224 138 2267066 45302 0
1459947780564039 148 2317613 50988 145 2275551 49584 0
1459947780567307 141 2317029 47541 139 2275693 45841 0
1459947780570690 142 2317771 44510 138 2274544 43317 0
1459947780574506 144 2321015 44022 142 2278605 43675 0
1459947780578018 142 2321445 40979 140 2279788 41353 0
1459947780581707 142 2321842 38143 140 2280879 39128 0
1459947780585325 140 2319648 37185 138 2279325 37503 0
1459947780588764 138 2315065 38503 135 2274052 39433 0
1459947780592365 139 2312120 38208 136 2270471 39652 0
1459947780595764 140 2310685 36545 136 2267170 39596 0
1459947780599290 143 2313202 36010 139 2267967 37237 0
1459947780603382 146 2319363 38875 143 2273822 39724 0
1459947780607203 144 2322482 38713 141 2276659 39236 0
1459947780610570 137 2316398 41296 135 2271595 40838 0
1459947780614010 137 2310789 43239 132 2263086 45490 0
1459947780618036 144 2314578 43353 141 2266762 45325 0
1459947780621648 141 2314231 40285 138 2266311 42198 0
1459947780625043 139 2311351 39791 137 2264615 40464 0
1459947780628613 140 2309976 37948 138 2264331 37562 0
1459947780632194 140 2308709 36150 137 2262790 36047 0
1459947780635503 138 2304981 36761 136 2260089 35719 0
1459947780639223 141 2305384 34260 139 2261439 34173 0
1459947780643065 141 2305755 31925 140 2263964 33830 0
1459947780646661 140 2304817 30293 137 2262451 32580 0
1459947780649818 136 2298833 33442 135 2258497 33679 0
1459947780653081 137 2294596 34734 136 2256131 33227 0
1459947780656471 137 2290690 35620 135 2252670 33820 0
1459947780660159 145 2297329 38958 141 2257160 35316 0
1459947780663987 145 2303450 41556 142 2262579 37552 0
1459947780667670 142 2305252 39971 138 2262455 34732 0
1459947780671040 139 2303074 38855 136 2259780 34483 0
1459947780674926 145 2308746 41048 140 2262434 34236 0
1459947780678487 141 2308855 37941 140 2264881 33817 0
1459947780682410 143 2311515 37428 141 2268417 34434 0
1459947780685936 144 2315247 37944 142 2272956 35928 0
1459947780689607 141 2314848 35346 139 2273301 33439 0
1459947780693517 145 2319600 36965 142 2277459 34659 0
1459947780697083 143 2321421 35755 139 2277452 31956 0
1459947780700994 145 2325659 36868 143 2282566 34173 0
1459947780704450 139 2321886 37464 139 2282160 31876 0
1459947780708083 139 2318408 37742 136 2277946 33269 0
1459947780711896 145 2322882 38917 143 2283021 35347 0
1459947780715519 139 2319326 39153 137 2280019 35351 0
1459947780719011 137 2313488 41475 135 2274692 37499 0
1459947780723018 147 2320906 45073 145 2282581 41842 0
1459947780726681 139 2317505 44686 135 2277054 43667 0
1459947780730171 143 2319489 43023 139 2277079 40278 0
1459947780733478 136 2312358 46233 134 2270702 43009 0
1459947780737243 141 2312185 42780 139 2271223 40128 0
1459947780741166 143 2314585 41650 140 2272983 38616 0
1459947780744742 141 2314238 38715 140 2274606 37095 0
1459947780748257 140 2312638 37164 136 2270982 37536 0
1459947780752069 144 2316283 37620 142 2275321 38603 0
1459947780755784 139 2313243 37482 136 2271641 38978 0
1459947780759580 145 2318120 39049 143 2277209 41065 0
1459947780763067 143 2320056 37783 141 2279782 40228 0
1459947780766789 142 2320561 35297 138 2278314 38438 0
1459947780770263 139 2317187 35649 135 2273120 40222 0
1459947780774059 144 2320476 35895 138 2272172 37952 0
1459947780777425 139 2317108 36194 136 2268738 38152 0
1459947780781402 147 2324243 39944 144 2275812 41693 0
1459947780785186 142 2324421 36987 138 2274654 39502 0
1459947780788744 139 2320745 37485 135 2269746 40938 0
1459947780792507 142 2321196 34972 141 2272902 40648 0
1459947780796524 147 2328012 38523 144 2279651 43694 0
1459947780800553 145 2331736 38946 142 2283313 43656 0
1459947780804204 143 2332609 36707 141 2285409 42177 0
1459947780808249 143 2333413 34581 140 2286061 39482 0
1459947780812098 144 2335435 33743 142 2289222 39311 0
1459947780815929 144 2337299 32824 140 2289576 36565 0
1459947780819900 145 2340297 33023 144 2295022 38729 0
1459947780823625 140 2336661 33794 136 2289803 40513 0
1459947780827209 142 2335869 31882 138 2287552 39422 0
1459947780830843 144 2337699 31078 140 2288037 36789 0
1459947780834321 140 2334266 31814 137 2284644 37041 0
1459947780838176 146 2338781 33490 144 2290476 39523 0
1459947780842086 145 2341663 33530 143 2294572 40211 0
1459947780845886 144 2343040 32180 141 2295788 38190 0
1459947780849665 144 2344310 30835 141 2296909 36239 0
1459947780853193 141 2341640 30886 139 2295382 34813 0
1459947780856377 130 2325099 43721 128 2279895 46369 0
1459947780860537 145 2329050 43947 143 2284818 47284 0
1459947780864577 145 2332692 43871 143 2289356 47773 0
1459947780868327 136 2324530 47966 134 2282020 50802 0
1459947780871947 141 2323406 45254 138 2280377 48347 0
1459947780875752 144 2326209 44302 140 2281422 45532 0
1459947780878734 124 2303193 62056 121 2258065 63505 0
1459947780882628 141 2303736 57707 136 2255733 60692 0
1459947780886724 144 2308076 57199 141 2259983 59868 0
1459947780890545 144 2312077 56418 142 2265181 59982 0
1459947780894205 146 2318325 57770 144 2272533 62073 0
1459947780897957 142 2318965 53846 139 2272911 57571 0
1459947780901171 138 2314435 53814 136 2269419 56291 0
1459947780904526 136 2307699 55817 134 2263640 57219 0
1459947780908468 146 2314290 57532 142 2268553 57277 0
1459947780912058 145 2319086 57458 142 2273082 56977 0
1459947780916137 146 2324787 58225 143 2278537 57554 0
1459947780919970 145 2328763 57341 141 2281006 55333 0
1459947780923587 142 2328588 53021 139 2280722 51271 0
1459947780927267 140 2325867 51386 139 2280460 47505 0
1459947780931102 145 2329758 50958 141 2282779 45930 0
1459947780934870 144 2332065 49103 140 2283636 43131 0
1459947780938526 141 2330352 46844 140 2284426 40490 0
1459947780942317 143 2331333 44088 140 2285155 37998 0
1459947780946061 141 2329677 42169 139 2284547 35589 0
1459947780949834 143 2330710 39827 141 2286546 34651 0
1459947780953564 140 2327823 39376 138 2284549 33783 0
1459947780957278 141 2326441 37572 137 2281428 34019 0
1459947780960702 140 2323887 36989 138 2279831 32832 0
1459947780964629 143 2325373 35469 142 2283479 33630 0
1459947780968774 147 2331863 38680 144 2289402 36462 0
1459947780972491 144 2334006 37633 141 2291022 35106 0
1459947780976479 144 2335981 36513 140 2291235 32560 0
1459947780980509 144 2337802 35339 142 2293992 32557 0
1459947780984444 143 2338201 32946 142 2296533 32356 0
1459947780988738 149 2338201 32946 147 2296533 32356 1
1459947780992796 145 2341129 33071 142 2298876 31988 0
1459947780996757 143 2341268 30615 143 2302316 32659 0
1459947781000524 143 2341396 28341 141 2302927 30670 0
1459947781004466 145 2344074 28595 143 2306050 31152 0
1459947781008424 145 2346543 28637 142 2307649 30192 0
1459947781011933 144 2347539 27317 141 2307843 28012 0
1459947781015650 144 2348457 26028 140 2306742 26837 0
1459947781019142 141 2348457 26028 136 2306742 26837 1
1459947781022701 140 2344183 27933 137 2301887 29214 0
1459947781026862 149 2344183 27933 147 2301887 29214 1
1459947781030498 143 2344083 25841 142 2303812 28705 0
1459947781034109 143 2343991 23906 139 2301746 28365 0
1459947781037918 145 2346466 24320 142 2303682 27932 0
1459947781041889 145 2348748 24524 143 2306746 28574 0
1459947781046166 147 2353412 26907 146 2313411 32485 0
1459947781050035 142 2351311 26740 139 2310595 32542 0
1459947781053836 146 2354494 27585 144 2314399 33506 0
1459947781057686 143 2353589 26263 141 2314066 31194 0
1459947781061430 147 2357874 28162 145 2318879 33193 0
1459947781065088 145 2359265 27243 143 2320756 32329 0
1459947781068719 145 2360547 26296 139 2317366 32927 0
1459947781072671 145 2361729 25330 142 2318081 31013 0
1459947781076518 145 2362818 24355 142 2318740 29198 0
1459947781080541 148 2367662 26918 145 2323188 31016 0
1459947781084455 146 2369568 26572 144 2326008 31192 0
1459947781088061 146 2371325 26116 143 2327328 29972 0
1459947781091619 141 2371325 26116 137 2327328 29972 1
1459947781095429 142 2367825 27301 139 2323425 31227 0
1459947781099633 149 2373558 30453 146 2328787 33730 0
1459947781103617 144 2372443 29100 141 2327330 32436 0
1459947781107077 135 2372443 29100 132 2327330 32436 1
1459947781110385 141 2367575 31312 140 2324707 32318 0
1459947781114049 142 2364368 31821 139 2321009 33201 0
1459947781118109 146 2366531 31328 143 2322720 32184 0
1459947781121883 141 2362125 32941 140 2320457 31754 0
1459947781125360 140 2356783 35290 138 2315811 33555 0
1459947781129179 146 2359539 35073 141 2315368 31341 0
1459947781133308 143 2358240 33529 139 2312399 31628 0
1459947781136878 141 2354482 34372 139 2309662 31679 0
1459947781140583 142 2352298 33699 140 2308419 30349 0
1459947781144224 144 2352844 31570 140 2307273 29032 0
1459947781147900 142 2350788 30998 140 2306217 27736 0
1459947781151737 145 2352732 30368 141 2306523 25851 0
1459947781155232 139 2346844 33422 137 2301685 28290 0
1459947781158952 143 2346536 31093 139 2299785 27829 0
1459947781162441 140 2342412 32463 136 2294194 30807 0
1459947781165807 140 2338611 33429 138 2291600 30791 0
1459947781169567 144 2340227 32306 141 2293048 29720 0
1459947781173342 140 2336596 33128 137 2289263 30886 0
1459947781177154 144 2338369 32173 142 2292174 31156 0
1459947781180541 139 2333603 34051 136 2287177 33326 0
1459947781184105 141 2331770 33079 139 2286411 31427 0
1459947781188008 146 2336480 34836 143 2290825 33040 0
1459947781191752 144 2338262 33757 141 2292334 31849 0
1459947781195026 140 2334785 34324 137 2288605 32797 0
1459947781198353 139 2330299 35776 136 2283887 34582 0
1459947781201586 134 2330299 35776 131 2283887 34582 1
1459947781205496 143 2331284 33889 140 2284658 32591 0
1459947781209315 140 2328352 33943 137 2281529 32928 0
1459947781213113 142 2328209 31422 141 2283764 32415 0
1459947781217178 146 2333197 33565 141 2285824 31782 0
1459947781220820 139 2328835 34962 137 2282604 32267 0
1459947781224610 144 2331214 34423 141 2284755 31729 0
1459947781227983 139 2327007 35610 137 2281618 32141 0
1459947781231857 145 2330809 36332 141 2283846 31683 0
1459947781235819 147 2336874 39084 144 2289740 34641 0
1459947781240174 146 2341185 40004 142 2292614 34583 0
1459947781244012 143 2341319 37002 142 2295263 34323 0
1459947781247678 143 2341443 34225 138 2292585 34109 0
1459947781251873 150 2341443 34225 148 2292585 34109 1
1459947781255593 146 2345397 35196 143 2296516 35068 0
1459947781259576 145 2347762 34627 141 2297580 33309 0
1459947781263011 141 2344823 34630 139 2296001 32161 0
1459947781266471 142 2343393 33241 139 2294545 30989 0
1459947781270556 148 2349755 36509 145 2300883 34410 0
1459947781274206 142 2347940 35328 138 2297766 34593 0
1459947781277845 139 2342427 37650 138 2294893 34538 0
1459947781281603 146 2346304 38283 142 2297364 34117 0
1459947781285387 143 2346039 35536 140 2297082 31710 0
1459947781289563 148 2352194 38433 144 2301942 33712 0
1459947781293773 148 2357868 40661 145 2307702 36388 0
1459947781297670 144 2357979 37586 141 2307892 33720 0
1459947781301655 149 2364481 40643 145 2313187 35967 0
1459947781305065 140 2358955 42560 137 2307829 38096 0
1459947781308972 147 2362821 42799 145 2313129 40005 0
1459947781312850 144 2362545 39708 141 2312895 37093 0
1459947781316519 143 2361011 38018 142 2313960 35176 0
1459947781320588 147 2364717 38463 145 2318781 36872 0
1459947781324778 148 2369413 39787 145 2323226 38088 0
1459947781328663 146 2371182 38309 144 2326043 37709 0
1459947781332362 142 2367693 38532 139 2322240 38267 0
1459947781335958 138 2367693 38532 135 2322240 38267 1
1459947781339927 144 2367036 36125 142 2322575 35585 0
1459947781344445 150 2374111 39824 146 2328003 37808 0
1459947781348014 141 2369113 41318 140 2325327 37320 0
1459947781351784 145 2369626 38562 144 2327980 36850 0
1459947781355289 142 2366258 38652 140 2325306 36435 0
1459947781359189 144 2365714 36133 142 2325401 33676 0
1459947781362594 135 2365714 36133 134 2325401 33676 1
1459947781366350 145 2366492 34027 142 2325489 31126 0
1459947781369615 133 2366492 34027 131 2325489 31126 1
1459947781372709 134 2366492 34027 131 2325489 31126 1
1459947781376251 139 2359529 37786 138 2320450 33339 0
1459947781379911 142 2356950 37209 139 2317084 33836 0
1459947781384137 150 2364813 41550 148 2325501 38952 0
1459947781387853 140 2359261 43420 137 2319181 41734 0
1459947781391052 137 2359261 43420 134 2319181 41734 1
1459947781394634 142 2356703 42384 139 2315914 41483 0
1459947781398689 146 2359465 41618 143 2318023 40186 0
1459947781402894 149 2365851 44253 148 2326367 44738 0
1459947781406724 145 2366618 41502 143 2327659 42433 0
1459947781410634 144 2366045 38786 141 2326290 40378 0
1459947781414249 141 2361677 39781 138 2321188 41925 0
1459947781417881 138 2353810 43924 136 2313925 45344 0
1459947781421209 141 2350398 43636 137 2308509 46793 0
1459947781424639 142 2348533 41945 140 2307356 44199 0
1459947781427496 131 2348533 41945 123 2307356 44199 1
1459947781430446 134 2348533 41945 125 2307356 44199 1
1459947781433491 135 2348533 41945 124 2307356 44199 1
1459947781436365 132 2348533 41945 121 2307356 44199 1
1459947781439493 136 2348533 41945 127 2307356 44199 1
1459947781442736 134 2348533 41945 125 2307356 44199 1
1459947781445608 131 2348533 41945 122 2307356 44199 1
1459947781448535 132 2348533 41945 122 2307356 44199 1
1459947781451367 131 2348533 41945 121 2307356 44199 1
1459947781454558 134 2348533 41945 125 2307356 44199 1
1459947781457873 138 2348533 41945 129 2307356 44199 1
1459947781460869 136 2348533 41945 126 2307356 44199 1
1459947781463531 128 2348533 41945 118 2307356 44199 1
1459947781466360 130 2348533 41945 121 2307356 44199 1
1459947781469327 135 2348533 41945 127 2307356 44199 1
1459947781472184 136 2348533 41945 129 2307356 44199 1
1459947781474982 134 2348533 41945 128 2307356 44199 1
1459947781478332 141 2345533 41432 135 2299893 47624 0
1459947781481576 135 2345533 41432 128 2299893 47624 1
1459947781484625 135 2345533 41432 128 2299893 47624 1
1459947781487499 130 2345533 41432 125 2299893 47624 1
1459947781490521 134 2345533 41432 128 2299893 47624 1
1459947781493089 126 2345533 41432 119 2299893 47624 1
1459947781496608 143 2345328 38383 137 2295573 47884 0
1459947781499686 136 2345328 38383 131 2295573 47884 1
1459947781502711 137 2345328 38383 130 2295573 47884 1
1459947781505619 132 2345328 38383 125 2295573 47884 1
1459947781508509 133 2345328 38383 127 2295573 47884 1
1459947781511271 134 2345328 38383 129 2295573 47884 1
1459947781514536 138 2345328 38383 132 2295573 47884 1
1459947781517657 138 2345328 38383 131 2295573 47884 1
1459947781520757 135 2345328 38383 130 2295573 47884 1
1459947781523674 134 2345328 38383 127 2295573 47884 1
1459947781526749 135 2345328 38383 130 2295573 47884 1
1459947781529423 128 2345328 38383 121 2295573 47884 1
1459947781532100 132 2345328 38383 125 2295573 47884 1
1459947781535072 134 2345328 38383 130 2295573 47884 1
1459947781537835 133 2345328 38383 127 2295573 47884 1
1459947781540674 131 2345328 38383 126 2295573 47884 1
1459947781543920 134 2345328 38383 128 2295573 47884 1
1459947781546819 128 2345328 38383 122 2295573 47884 1
1459947781549705 133 2345328 38383 128 2295573 47884 1
1459947781552524 133 2345328 38383 128 2295573 47884 1
1459947781555308 133 2345328 38383 128 2295573 47884 1
1459947781557725 126 2345328 38383 122 2295573 47884 1
1459947781560533 133 2345328 38383 127 2295573 47884 1
1459947781563425 134 2345328 38383 127 2295573 47884 1
1459947781566287 131 2345328 38383 125 2295573 47884 1
1459947781569147 133 2345328 38383 127 2295573 47884 1
1459947781572310 135 2345328 38383 130 2295573 47884 1
1459947781575288 133 2345328 38383 128 2295573 47884 1
1459947781578198 134 2345328 38383 129 2295573 47884 1
1459947781581308 135 2345328 38383 130 2295573 47884 1
1459947781584677 138 2338739 41457 134 2287751 51353 0
1459947781587486 133 2338739 41457 128 2287751 51353 1
1459947781590776 137 2338739 41457 130 2287751 51353 1
1459947781593540 135 2338739 41457 130 2287751 51353 1
1459947781596029 129 2338739 41457 123 2287751 51353 1
1459947781599108 137 2338739 41457 130 2287751 51353 1
1459947781602300 135 2338739 41457 129 2287751 51353 1
1459947781605501 137 2331385 44997 132 2277980 56348 0
1459947781608730 138 2325885 46550 132 2268972 60248 0
1459947781611806 136 2318255 49946 130 2258108 65555 0
1459947781614519 133 2307381 56067 128 2245533 72025 0
1459947781617418 133 2297356 60926 127 2232660 78264 0
1459947781620547 132 2286835 65864 128 2222073 81908 0
1459947781623151 127 2270736 75559 122 2204633 91584 0
1459947781626298 136 2267414 72716 131 2200076 88629 0
1459947781629513 138 2266912 67497 133 2198435 83216 0
1459947781632612 135 2262609 66189 130 2193082 81648 0
1459947781635742 136 2259922 63493 131 2189427 78637 0
1459947781638808 136 2257445 60814 130 2184778 76778 0
1459947781642031 135 2253882 59346 128 2177932 77089 0
1459947781644774 130 2244197 63636 125 2167781 80423 0
1459947781647527 131 2236549 65714 126 2159703 81585 0
1459947781650603 135 2234618 62359 128 2154816 79716 0
1459947781653278 129 2225158 66207 124 2145191 82361 0
1459947781655798 129 2216437 69073 123 2135037 85285 0
1459947781658736 133 2213517 66367 127 2130797 82530 0
1459947781661847 138 2217225 64601 131 2132008 77198 0
1459947781664777 136 2218084 60346 130 2131844 71316 0
1459947781667820 136 2218876 56361 129 2130413 67062 0
1459947781670711 131 2213206 57183 126 2125254 66577 0
1459947781673683 134 2211819 53993 127 2121778 64578 0
1459947781676705 135 2211820 49775 127 2118574 62485 0
1459947781679731 133 2209261 48244 127 2115620 60325 0
1459947781682797 135 2209462 44659 126 2111617 59302 0
1459947781685748 136 2210927 42521 124 2105366 60430 0
1459947781688626 138 2214838 42804 124 2099604 61019 0
1459947781691583 141 2222283 46323 127 2098132 57607 0
1459947781694833 146 2222283 46323 131 2098132 57607 1
1459947781697648 138 2225307 45491 122 2090375 60256 0
1459947781700459 142 2233214 49227 125 2087064 58599 0
1459947781703457 141 2239224 50921 125 2084012 56833 0
1459947781706220 139 2242204 49689 123 2078638 57345 0
1459947781709378 146 2242204 49689 129 2078638 57345 1
1459947781712257 144 2251351 54240 128 2080084 54197 0
1459947781715282 142 2257224 55416 124 2076297 53452 0
1459947781718565 146 2267758 60797 128 2077926 50778 0
1459947781721608 144 2274909 62639 124 2074308 50145 0
1459947781724654 145 2282781 65002 125 2072252 48121 0
1459947781727877 144 2288758 65433 126 2071637 44927 0
1459947781730626 140 2289148 60681 124 2068510 44299 0
1459947781733399 139 2288228 56787 121 2061787 47035 0
1459947781736302 144 2293780 57468 124 2059429 45532 0
1459947781739494 147 2302738 61236 128 2062376 44690 0
1459947781742570 145 2308436 61704 126 2062532 41342 0
1459947781745431 143 2311129 59366 124 2060116 40338 0
1459947781748382 144 2314892 58197 126 2060449 37493 0
1459947781751143 142 2315801 54488 123 2056916 37819 0
1459947781754256 145 2320479 54543 125 2056219 35506 0
1459947781757246 146 2326071 55436 128 2059416 35680 0
1459947781760195 147 2332506 57037 128 2062364 35609 0
1459947781763555 149 2340998 60409 130 2067641 37692 0
1459947781766578 143 2341147 55826 124 2064826 37341 0
1459947781769554 144 2342564 52771 124 2062231 36814 0
1459947781772473 141 2340031 50982 121 2055999 39681 0
1459947781775549 147 2345376 51926 129 2060494 40723 0
1459947781778633 146 2349023 51231 124 2058237 39620 0
1459947781781820 147 2353665 51507 128 2061277 39326 0
1459947781785115 148 2359224 52608 127 2062799 37656 0
1459947781787631 136 2359224 52608 116 2062799 37656 1
1459947781790708 144 2359229 48503 125 2061642 35779 0
1459947781793957 146 2361794 47077 127 2063136 34360 0
1459947781829919 146 2364158 45579 124 2060673 33945 0
1459947781832732 146 2366338 44027 123 2057122 34565 0
1459947781835754 144 2365787 41094 123 2053849 34880 0
1459947781838953 146 2367839 39775 123 2050832 34936 0
1459947781842031 146 2369731 38411 125 2050610 32409 0
1459947781845319 148 2374035 39378 126 2051686 30869 0
1459947781848656 149 2379283 41139 128 2055238 31731 0
1459947781851896 151 2386681 44745 126 2055952 29910 0
1459947781855291 148 2389661 43996 124 2054050 29325 0
1459947781858616 152 2397528 47811 128 2057417 30137 0
1459947781861604 145 2395821 45648 123 2054121 30820 0
1459947781864756 147 2396807 42990 125 2053642 28852 0
1459947781867793 146 2396436 39972 122 2049361 30543 0
1459947781870902 144 2393534 39523 123 2046694 30613 0
1459947781873933 146 2393419 36540 123 2044236 30486 0
1459947781877061 147 2394593 34767 124 2043250 29012 0
1459947781880059 147 2395675 33047 124 2042341 27582 0
1459947781882489 136 2395675 33047 113 2042341 27582 1
1459947781885832 151 2401792 36105 128 2046623 29374 0
1459947781888728 144 2398472 36344 122 2042890 30519 0
1459947781891996 149 2401811 36582 126 2044569 29682 0
1459947781895234 151 2407449 38922 128 2048677 31150 0
1459947781898033 142 2401127 41709 121 2043504 33484 0
1459947781901417 148 2402978 40157 126 2045135 32371 0
1459947781904281 146 2402125 37805 124 2044078 30815 0
1459947781907476 148 2403898 36486 126 2045664 29869 0
1459947781910475 150 2408093 37502 125 2045846 27703 0
1459947781913161 143 2403000 39266 121 2040894 30102 0
1459947781916007 145 2400865 38165 122 2037609 30778 0
1459947781918929 146 2400177 35816 122 2034580 31164 0
1459947781922002 147 2400823 33612 124 2034348 28942 0
1459947781925221 148 2402698 32715 125 2035414 27663 0
1459947781928280 149 2405707 32933 126 2037677 27587 0
1459947781931283 148 2407201 31737 124 2037203 25867 0
1459947781934172 143 2402178 33887 120 2031646 28968 0
1459947781937263 146 2401387 31967 126 2034203 29061 0
1459947781939918 139 2401387 31967 115 2034203 29061 1
1459947781942764 146 2400658 30140 122 2031440 29336 0
1459947781945746 148 2402546 29526 123 2030173 28211 0
1459947781948807 143 2402546 29526 119 2030173 28211 1
1459947781951677 143 2397887 31513 120 2025165 30623 0
1459947781954669 146 2397432 29470 122 2023108 30125 0
1459947781957838 151 2403412 32680 127 2027612 31923 0
1459947781960833 148 2405085 31668 124 2027924 29717 0
1459947781963651 145 2402787 31310 121 2024372 30669 0
1459947781966364 147 2403229 29270 123 2023657 28930 0
1459947781969261 147 2403636 27358 122 2021718 28455 0
1459947781971895 143 2398891 29593 119 2016091 31418 0
1459947781975147 150 2403477 31509 126 2019863 32441 0
1459947781978275 148 2405145 30585 123 2019501 30239 0
1459947781981410 147 2405403 28432 124 2020447 28748 0
1459947781984197 142 2405403 28432 118 2020447 28748 1
1459947781987197 143 2400520 30710 120 2016199 30417 0
1459947781990482 151 2406259 33601 126 2019963 31510 0
1459947781993106 144 2406259 33601 117 2019963 31510 1
1459947781995846 148 2407710 32312 122 2018313 30568 0
1459947781998852 148 2409047 31020 125 2020632 30317 0
1459947782001976 148 2410280 29732 123 2020210 28336 0
1459947782004664 145 2407576 29900 120 2015981 30020 0
1459947782007786 149 2410204 29986 124 2017202 28800 0
1459947782010901 150 2413906 31056 125 2019608 28768 0
1459947782013552 145 2410919 31382 121 2016706 29195 0
1459947782016653 149 2413285 31112 124 2017870 27987 0
1459947782019631 146 2411627 30209 123 2017663 25989 0
1459947782022797 150 2415218 31159 124 2018753 24962 0
1459947782025545 146 2413409 30391 121 2015917 25624 0
1459947782028125 141 2413409 30391 117 2015917 25624 1
1459947782030842 145 2410461 30733 119 2010743 28391 0
1459947782033545 142 2410461 30733 117 2010743 28391 1
1459947782036344 145 2407743 30835 118 2004693 31748 0
1459947782039222 146 2406518 29555 121 2002956 30867 0
1459947782042488 151 2411788 32105 126 2007755 32879 0
1459947782045496 148 2412807 30535 121 2005779 32131 0
1459947782048388 145 2409906 30822 120 2002677 32479 0
1459947782051317 147 2409792 28519 121 2001097 31396 0
1459947782054354 147 2409687 26386 123 2002201 29961 0
1459947782057510 150 2413430 27774 126 2007059 32098 0
1459947782060412 149 2415600 27605 122 2006417 30181 0
1459947782063608 151 2420161 29652 123 2007105 28457 0
1459947782066821 149 2421805 28851 126 2011579 30358 0
1459947782069667 147 2420761 27558 121 2009304 30082 0
1459947782072294 144 2415959 29831 118 2003367 33204 0
1459947782075447 150 2419212 30499 124 2005573 32643 0
1459947782078310 149 2420931 29700 123 2006327 30787 0
1459947782081501 154 2420931 29700 129 2006327 30787 1
1459947782084575 151 2425075 31200 127 2012142 33742 0
1459947782087300 145 2421216 32319 121 2009823 33242 0
1459947782090135 146 2418938 31893 120 2006405 33794 0
1459947782092646 142 2411718 36056 117 1999414 37597 0
1459947782095791 150 2415302 36543 126 2004489 39338 0
1459947782098882 151 2419886 37914 125 2007888 39397 0
1459947782102011 149 2421552 36487 127 2013581 41567 0
1459947782104505 144 2416688 38119 118 2007309 44100 0
1459947782107467 146 2414764 36913 122 2006647 41263 0
1459947782110695 152 2420670 39474 124 2008597 39837 0
1459947782113624 149 2422275 37869 124 2010395 38381 0
1459947782116664 147 2421194 35905 123 2010772 35730 0
1459947782119799 149 2422758 34541 125 2013680 35619 0
1459947782122380 146 2420360 34052 119 2008681 37444 0
1459947782124930 143 2414309 36968 117 2001512 41126 0
1459947782127629 146 2412571 35681 119 1997463 41644 0
1459947782130206 144 2408408 36729 116 1989891 45370 0
1459947782132923 144 2404571 37396 119 1986750 44719 0
1459947782135966 148 2406153 35933 125 1991535 45636 0
1459947782138944 149 2408892 35650 124 1994666 44956 0
1459947782141990 148 2410137 34012 123 1996272 42924 0
1459947782144960 147 2410005 31475 123 1997753 40935 0
1459947782148107 149 2412443 31263 121 1996558 38837 0
1459947782151180 150 2415970 32072 126 2001856 40687 0
1459947782154367 150 2419222 32564 124 2004181 39651 0
1459947782158178 156 2419222 32564 132 2004181 39651 1
1459947782161738 154 2419222 32564 128 2004181 39651 1
1459947782164444 148 2419660 30423 122 2003764 36937 0
1459947782167304 145 2416224 31213 121 2002099 35584 0
1459947782170427 149 2418176 30574 121 2000565 34218 0
1459947782173665 151 2422536 32204 125 2004270 34960 0
1459947782176728 146 2420155 31882 122 2003846 32618 0
1459947782179924 150 2423080 32087 124 2006015 32069 0
1459947782182868 146 2420656 31813 121 2004175 31259 0
1459947782186000 149 2422262 30807 121 2002478 30379 0
1459947782189432 152 2427582 33305 126 2007314 32463 0
1459947782192774 153 2433767 36404 126 2011772 34036 0
1459947782195780 148 2433068 34202 123 2012042 31625 0
1459947782198692 148 2432424 32122 122 2011011 30104 0
1459947782201069 142 2432424 32122 116 2011011 30104 1
1459947782203197 136 2432424 32122 111 2011011 30104 1
1459947782205917 149 2433110 30245 121 2008780 29807 0
1459947782208972 151 2436303 30825 124 2010564 29122 0
1459947782211967 149 2436686 28769 123 2010928 27182 0
1459947782215157 153 2442159 31567 128 2017664 31268 0
1459947782218300 148 2440805 30347 122 2016194 30180 0
1459947782221312 150 2442117 29185 125 2018678 30112 0
1459947782225509 148 2440766 28148 145 2046568 53470 0
1459947782229506 147 2438241 28275 144 2070999 71815 0
1459947782233245 144 2432073 31751 141 2089682 83427 0
1459947782236996 145 2427667 33331 142 2108185 93967 0
1459947782240738 143 2421045 36831 140 2122683 99990 0
1459947782244750 142 2413660 40760 139 2134768 103319 0
1459947782248480 144 2409412 41490 142 2149749 109057 0
1459947782252425 145 2406776 40677 142 2163559 113267 0
1459947782256515 147 2406906 37619 145 2180130 119695 0
1459947782260306 144 2403186 38108 141 2190287 119706 0
1459947782264065 141 2395917 41831 138 2195810 115445 0
1459947782267785 138 2385375 48279 136 2198342 108759 0
1459947782271492 143 2382057 47565 140 2205796 107134 0
1459947782274792 137 2371318 53747 134 2204988 99508 0
1459947782278218 139 2363978 56313 137 2208083 94586 0
1459947782282374 147 2367452 55115 145 2221176 99266 0
1459947782286479 145 2368094 51401 144 2231966 101457 0
1459947782290086 145 2368686 47931 141 2238073 99160 0
1459947782293679 144 2367952 44862 141 2243703 96603 0
1459947782297317 137 2358315 50240 136 2242493 90169 0
1459947782301069 145 2359671 47565 143 2250338 90356 0
1459947782305166 148 2364761 48541 146 2261410 93503 0
1459947782308939 145 2365614 45534 140 2263937 88527 0
1459947782312539 144 2365120 42431 142 2268826 86117 0
1459947782316118 142 2362105 41895 139 2269493 80004 0
1459947782319687 144 2361885 38823 141 2272668 76680 0
1459947782323067 142 2359122 38335 139 2273035 71028 0
1459947782326566 140 2354015 40047 137 2270814 67525 0
1459947782330191 140 2349307 41257 136 2267486 65316 0
1459947782333898 144 2350087 38752 143 2273378 65645 0
1459947782337637 144 2350806 36387 141 2276250 63163 0
1459947782341473 141 2347629 36472 139 2276337 58309 0
1459947782345400 144 2348540 34462 141 2278978 56187 0
1459947782349437 148 2354500 37263 146 2287812 59941 0
1459947782353416 146 2357434 37056 144 2293396 60406 0
1459947782357091 145 2358859 35475 141 2294704 56892 0
1459947782360978 144 2358893 32734 141 2295910 53559 0
1459947782364728 142 2356364 32506 141 2297022 50399 0
1459947782368592 144 2356593 30177 141 2298047 47406 0
1459947782371868 138 2349124 34704 137 2293872 47550 0
1459947782375331 142 2347358 33619 139 2292583 45023 0
1459947782378995 143 2347010 31312 140 2292674 41589 0
1459947782382630 143 2346689 29160 141 2294038 39597 0
1459947782386840 149 2346689 29160 148 2294038 39597 1
1459947782390723 145 2348953 28969 143 2297856 40023 0
1459947782394548 141 2345921 29500 138 2294976 39551 0
1459947782398316 141 2343125 29771 137 2291041 40088 0
1459947782402173 141 2340548 29820 139 2289973 37940 0
1459947782405703 142 2339452 28499 140 2290268 35247 0
1459947782409638 145 2342282 28881 143 2294380 36284 0
1459947782413371 144 2343611 27849 142 2296891 35764 0
1459947782417180 144 2344836 26802 142 2299206 35103 0
1459947782421132 146 2348525 28109 144 2303900 36687 0
1459947782424881 148 2354486 31407 145 2309507 38989 0
1459947782428583 143 2353581 29786 139 2306996 38256 0
1459947782432360 144 2354027 27869 141 2307241 35493 0
1459947782436043 142 2351878 27671 138 2303627 36050 0
1459947782439703 140 2347337 29694 138 2300296 36303 0
1459947782443467 145 2349551 29415 142 2302345 35355 0
1459947782447183 140 2345192 31134 140 2301674 33210 0
1459947782450956 139 2339893 33585 135 2294655 37084 0
1459947782455218 148 2346528 37078 147 2303545 42381 0
1459947782459121 141 2343685 36801 139 2301500 40953 0
1459947782463379 151 2343685 36801 147 2301500 40953 1
1459947782467623 146 2347464 37409 144 2306015 41915 0
1459947782471744 146 2350948 37698 144 2310177 42477 0
1459947782475769 145 2352880 36533 144 2314014 42695 0
1459947782479551 142 2350821 35575 141 2313711 39637 0
1459947782483422 144 2351483 33405 141 2313432 36796 0
1459947782486954 139 2345693 36132 137 2308055 38877 0
1459947782490548 141 2342915 35869 138 2304378 39228 0
1459947782494328 145 2345474 35425 143 2307388 38938 0
1459947782498041 146 2349113 36012 142 2308883 37273 0
1459947782502117 147 2353748 37471 144 2312821 37991 0
1459947782505985 145 2355461 36122 143 2315171 37189 0
1459947782509845 146 2358320 35935 142 2316058 35100 0
1459947782513487 139 2358320 35935 135 2316058 35100 1
1459947782517260 140 2353276 37776 138 2311755 36322 0
1459947782521072 145 2355026 36437 143 2314189 35727 0
1459947782524839 141 2351519 36822 136 2307472 39126 0
1459947782528699 145 2353406 35685 139 2305120 38236 0
1459947782532271 141 2350026 36012 139 2302952 37246 0
1459947782535849 142 2348190 34890 139 2300953 36177 0
1459947782539725 149 2355457 38863 147 2309351 41091 0
1459947782543371 143 2354476 36729 141 2309412 37937 0
1459947782547322 144 2354852 34206 142 2310749 36205 0
1459947782550985 141 2351359 34752 139 2308141 35779 0
1459947782554714 144 2351979 32608 141 2308297 33127 0
1459947782558779 148 2357670 35307 146 2314841 36571 0
1459947782562140 137 2357670 35307 135 2314841 36571 1
1459947782566162 146 2360357 35025 143 2317034 35734 0
1459947782569763 140 2355154 37084 136 2310095 39338 0
1459947782572991 136 2355154 37084 130 2310095 39338 1
1459947782576967 147 2359317 38024 144 2313938 39807 0
1459947782580196 139 2352915 40954 138 2309801 40510 0
1459947782583863 141 2349573 40834 138 2305987 40860 0
1459947782587164 139 2343932 42842 137 2301191 42087 0
1459947782590426 139 2338732 44287 136 2295490 44053 0
1459947782593706 138 2332658 46425 136 2290234 45455 0
1459947782597367 141 2330899 44419 139 2289229 42829 0
1459947782600686 138 2325437 45982 136 2284462 43875 0
1459947782604092 140 2322962 44670 139 2283908 40957 0
1459947782607557 141 2321960 42103 139 2283397 38227 0
1459947782611151 142 2322316 39142 140 2284206 35986 0
1459947782614567 145 2326485 39927 142 2287512 36222 0
1459947782618424 140 2323928 39163 136 2282880 37662 0
1459947782622180 144 2326691 38650 141 2285010 36682 0
1459947782626003 142 2326678 35641 139 2284413 34365 0
1459947782629734 142 2326666 32866 139 2283863 32186 0
1459947782633914 149 2326666 32866 145 2283863 32186 1
1459947782637525 141 2325375 31487 138 2282076 31318 0
1459947782641029 139 2321625 32483 137 2279148 31569 0
1459947782644184 136 2314328 36671 134 2272609 35129 0
1459947782647896 143 2316561 35864 139 2272981 32727 0
1459947782651629 145 2321179 37319 142 2277164 34026 0
1459947782655448 143 2322876 35968 139 2277180 31382 0
1459947782659185 143 2324441 34601 140 2278475 30124 0
1459947782662863 143 2325884 33227 139 2278389 27849 0
1459947782666916 145 2329774 34217 143 2283429 30320 0
1459947782671233 151 2329774 34217 148 2283429 30320 1
1459947782674985 142 2329520 31776 139 2282956 28386 0
1459947782678260 141 2328006 30688 138 2281240 27749 0
1459947782681912 141 2326610 29576 138 2279658 27039 0
1459947782686005 145 2330443 30799 145 2287159 31841 0
1459947782689503 135 2330443 30799 133 2287159 31841 1
1459947782693080 143 2331417 29290 141 2288954 31008 0
1459947782696755 141 2329755 28533 138 2286769 30598 0
1459947782700749 143 2330782 27250 140 2287315 28710 0
