1459947780003832 140 2293760 0 138 2260992 0 0
1459947780007845 146 2301440 7080 146 2271232 9440 0
1459947780011808 144 2305960 10692 142 2275552 12684 0
1459947780015588 141 2306286 10157 139 2275694 11824 0
1459947780019128 141 2306587 9640 139 2275825 11021 0
1459947780022646 139 2304304 10989 137 2273386 12407 0
1459947780026073 141 2304760 10550 137 2271137 13509 0
1459947780029788 142 2306460 11292 139 2271624 12902 0
1459947780033568 144 2310587 14214 142 2275913 15848 0
1459947780037241 144 2314392 16611 137 2273467 16863 0
1459947780040491 139 2311500 17978 135 2268652 19983 0
1459947780044149 146 2317794 22375 142 2273173 22589 0
1459947780047416 138 2313356 24716 137 2270941 22881 0
1459947780050805 141 2313105 23016 137 2268883 22989 0
1459947780054465 141 2312873 21430 139 2269546 21803 0
1459947780058037 141 2312659 19951 140 2271437 21842 0
1459947780061681 146 2318862 24110 144 2278300 26462 0
1459947780065323 140 2316900 24033 139 2278227 24460 0
1459947780069149 142 2317652 22848 140 2279440 23667 0
1459947780072978 145 2322185 25242 141 2281838 24029 0
1459947780076634 144 2325084 25941 141 2284049 24189 0
1459947780080486 147 2331596 29918 145 2291207 28898 0
1459947780084213 144 2333760 29575 141 2292686 28003 0
1459947780087841 143 2334475 27923 140 2292769 25892 0
1459947780091443 141 2332574 27493 138 2290286 26157 0
1459947780094807 140 2329541 28140 137 2286717 27402 0
1459947780098374 142 2329305 26157 139 2285987 25933 0
1459947780102413 148 2336768 30993 145 2292994 30365 0
1459947780106235 140 2333408 31668 138 2290493 30296 0
1459947780109584 138 2327750 34408 135 2284348 33593 0
1459947780113042 140 2325094 34166 137 2281243 33830 0
1459947780116397 137 2318806 37292 136 2277100 35005 0
1459947780119907 143 2320689 36114 141 2279681 34649 0
1459947780123591 142 2321145 33712 139 2279500 32107 0
1459947780127460 142 2321565 31465 139 2279334 29750 0
1459947780130671 139 2318112 32188 135 2274061 32286 0
1459947780133950 140 2316209 31426 136 2270479 33064 0
1459947780137366 141 2315735 29406 139 2271017 30976 0
1459947780141549 148 2324258 34965 145 2279193 36094 0
1459947780145488 146 2329555 37116 143 2284171 37863 0
1459947780149017 143 2330598 35178 142 2287480 37954 0
1459947780153039 147 2336680 38035 143 2291810 38980 0
1459947780157119 149 2344846 42591 146 2299642 43154 0
1459947780160834 142 2343414 40582 140 2299182 40205 0
1459947780164401 140 2339534 40987 137 2294918 40993 0
1459947780168150 143 2339797 38027 140 2294827 37873 0
1459947780172055 146 2343880 38820 143 2298583 38377 0
1459947780176066 145 2346364 38077 142 2300766 37390 0
1459947780179718 140 2342254 38890 137 2296378 38512 0
1459947780183115 137 2334625 42883 134 2288493 42771 0
1459947780186467 135 2325032 48375 133 2279944 47309 0
1459947780190499 144 2327708 47062 141 2282303 45787 0
1459947780194309 146 2332735 48020 144 2288318 47754 0
1459947780197909 143 2333530 45000 140 2288743 44414 0
1459947780201763 144 2335542 43339 141 2290414 42485 0
1459947780205468 142 2334837 40602 140 2290675 39406 0
1459947780209346 143 2335467 38010 140 2290916 36549 0
1459947780213216 144 2337328 36756 142 2293698 36257 0
1459947780217424 147 2342884 39006 145 2300102 39328 0
1459947780221153 143 2342886 35960 142 2302166 38158 0
1459947780225023 143 2342888 33151 141 2302789 35750 0
1459947780228895 143 2342889 30562 139 2300803 34787 0
1459947780232912 148 2349290 34075 147 2309212 39821 0
1459947780236776 144 2350071 32132 141 2309284 36776 0
1459947780240907 145 2352071 31465 142 2310631 35143 0
1459947780244924 145 2353915 30706 141 2310592 32432 0
1459947780248223 135 2342815 38539 132 2299037 40550 0
1459947780251858 142 2341542 36700 139 2297344 38942 0
1459947780255383 139 2336529 38453 136 2291944 40877 0
1459947780258957 142 2335747 36168 139 2290805 38732 0
1459947780262655 143 2336306 33858 142 2293595 38278 0
1459947780266326 142 2335542 31916 139 2292327 36455 0
1459947780270292 145 2338677 32312 142 2294998 36069 0
1459947780273885 137 2331327 36561 135 2288501 39240 0
1459947780277645 145 2334792 36898 143 2292751 40092 0
1459947780281222 139 2330306 38150 137 2288989 40426 0
1459947780284582 133 2318490 46061 129 2275281 49903 0
1459947780288475 143 2320397 44220 141 2278004 48514 0
1459947780292284 146 2325995 45926 142 2281794 48217 0
1459947780295438 134 2315796 51739 132 2272488 53028 0
1459947780299081 142 2316634 48468 141 2275429 51597 0
1459947780302956 139 2313566 47508 137 2273021 49784 0
1459947780306785 143 2315858 45909 143 2278481 50927 0
1459947780310437 141 2315411 42733 139 2278394 47027 0
1459947780314055 144 2318839 42554 140 2279594 44459 0
1459947780317732 140 2316879 41035 136 2275580 44684 0
1459947780321311 139 2313792 40674 137 2273160 43423 0
1459947780325082 145 2318627 41953 142 2277329 43873 0
1459947780329090 140 2316684 40465 136 2273492 43981 0
1459947780333003 142 2317453 38011 140 2275075 42003 0
1459947780336885 143 2319441 36874 139 2275254 38886 0
1459947780340640 138 2314874 38202 137 2272859 38055 0
1459947780344371 140 2313224 36737 139 2273211 35406 0
1459947780348429 147 2320663 40724 144 2279936 38839 0
1459947780351684 138 2316001 41839 135 2274616 40708 0
1459947780355029 136 2309143 44891 135 2269711 42048 0
1459947780358874 140 2307941 42490 137 2267749 40570 0
1459947780362930 146 2314513 45228 143 2273621 42813 0
1459947780366604 141 2314171 42008 140 2275194 40918 0
1459947780369869 140 2312576 40196 137 2272804 39923 0
1459947780373067 137 2307266 41950 135 2268041 41194 0
1459947780376625 141 2307490 38879 138 2267490 38482 0
1459947780380329 143 2310257 38392 140 2269542 37367 0
1459947780384290 142 2311528 36563 140 2271434 36191 0
1459947780388228 145 2316539 38326 143 2277018 38510 0
1459947780391947 144 2319879 38410 142 2280885 39066 0
1459947780395738 144 2322958 38247 142 2284450 39300 0
1459947780399387 145 2327076 39055 143 2289017 40439 0
1459947780402658 136 2319353 43122 133 2280427 45197 0
1459947780406076 138 2314793 43956 137 2277628 44244 0
1459947780409723 139 2311869 43215 137 2275048 43165 0
1459947780412878 134 2302774 48222 132 2266269 47884 0
1459947780416217 135 2295669 51003 134 2260736 49243 0
1459947780420058 146 2303199 53960 142 2265876 50133 0
1459947780423868 144 2307581 53784 140 2268054 48224 0
1459947780427610 143 2310341 52126 139 2268782 45127 0
1459947780431336 145 2315445 52758 142 2273293 45759 0
1459947780434925 141 2315030 49017 139 2273611 42478 0
1459947780439377 149 2324888 54275 147 2284145 48870 0
1459947780443221 145 2328856 53692 141 2286176 46924 0
1459947780447258 145 2332514 52869 142 2289328 46164 0
1459947780450828 143 2333326 49486 140 2289674 42876 0
1459947780454374 139 2328954 49648 137 2286153 42771 0
1459947780458195 145 2332604 49134 142 2289307 42336 0
1459947780461698 142 2332129 45732 139 2288374 39887 0
1459947780465606 145 2335531 45295 142 2291354 39517 0
1459947780469529 142 2334827 42404 138 2288981 38615 0
1459947780472744 139 2330338 43228 136 2284234 39973 0
1459947780476592 146 2335160 44295 144 2290098 42256 0
1459947780480378 146 2339605 44932 144 2295504 43937 0
1459947780484090 143 2339863 41659 140 2295367 40629 0
1459947780487975 143 2340101 38623 141 2296521 38518 0
1459947780491552 140 2336480 38942 137 2292465 39246 0
1459947780494854 134 2325462 46055 134 2284886 43165 0
1459947780498362 134 2315305 51819 132 2275339 48592 0
1459947780501804 135 2307221 55221 133 2267818 51728 0
1459947780505593 138 2303609 54235 136 2264724 50537 0
1459947780509280 141 2304119 50467 139 2265712 47499 0
1459947780512924 144 2308429 50497 141 2269183 46988 0
1459947780516529 141 2308562 46674 139 2269823 43907 0
1459947780520038 140 2307405 44093 137 2267853 42292 0
1459947780523727 143 2310178 43205 141 2271156 42032 0
1459947780526753 127 2292255 56351 125 2253721 54819 0
1459947780530469 147 2301332 60316 144 2261969 58139 0
1459947780534004 142 2303300 57417 140 2264452 55885 0
1459947780537453 143 2306394 55783 141 2268021 54808 0
1459947780541380 145 2311806 56414 141 2271311 53559 0
1459947780545136 141 2311676 52125 139 2271784 49810 0
1459947780548836 142 2312836 49121 140 2273500 47500 0
1459947780552505 143 2315185 47449 140 2275082 45248 0
1459947780555988 136 2308391 50005 133 2267581 48627 0
1459947780559593 141 2308527 46224 138 2267066 45302 0
1459947780564039 148 2317613 50988 145 2275551 49584 0
1459947780567307 141 2317029 47541 139 2275693 45841 0
1459947780570690 142 2317771 44510 138 2274544 43317 0
1459947780574506 144 2321015 44022 142 2278605 43675 0
1459947780578018 142 2321445 40979 140 2279788 41353 0
1459947780581707 142 2321842 38143 140 2280879 39128 0
1459947780585325 140 2319648 37185 138 2279325 37503 0
1459947780588764 138 2315065 38503 135 2274052 39433 0
1459947780592365 139 2312120 38208 136 2270471 39652 0
1459947780595764 140 2310685 36545 136 2267170 39596 0
1459947780599290 143 2313202 36010 139 2267967 37237 0
1459947780603382 146 2319363 38875 143 2273822 39724 0
1459947780607203 144 2322482 38713 141 2276659 39236 0
1459947780610570 137 2316398 41296 135 2271595 40838 0
1459947780614010 137 2310789 43239 132 2263086 45490 0
1459947780618036 144 2314578 43353 141 2266762 45325 0
1459947780621648 141 2314231 40285 138 2266311 42198 0
1459947780625043 139 2311351 39791 137 2264615 40464 0
1459947780628613 140 2309976 37948 138 2264331 37562 0
1459947780632194 140 2308709 36150 137 2262790 36047 0
1459947780635503 138 2304981 36761 136 2260089 35719 0
1459947780639223 141 2305384 34260 139 2261439 34173 0
1459947780643065 141 2305755 31925 140 2263964 33830 0
1459947780646661 140 2304817 30293 137 2262451 32580 0
1459947780649818 136 2298833 33442 135 2258497 33679 0
1459947780653081 137 2294596 34734 136 2256131 33227 0
1459947780656471 137 2290690 35620 135 2252670 33820 0
1459947780660159 145 2297329 38958 141 2257160 35316 0
1459947780663987 145 2303450 41556 142 2262579 37552 0
1459947780667670 142 2305252 39971 138 2262455 34732 0
1459947780671040 139 2303074 38855 136 2259780 34483 0
1459947780674926 145 2308746 41048 140 2262434 34236 0
1459947780678487 141 2308855 37941 140 2264881 33817 0
1459947780682410 143 2311515 37428 141 2268417 34434 0
1459947780685936 144 2315247 37944 142 2272956 35928 0
1459947780689607 141 2314848 35346 139 2273301 33439 0
1459947780693517 145 2319600 36965 142 2277459 34659 0
1459947780697083 143 2321421 35755 139 2277452 31956 0
1459947780700994 145 2325659 36868 143 2282566 34173 0
1459947780704450 139 2321886 37464 139 2282160 31876 0
1459947780708083 139 2318408 37742 136 2277946 33269 0
1459947780711896 145 2322882 38917 143 2283021 35347 0
1459947780715519 139 2319326 39153 137 2280019 35351 0
1459947780719011 137 2313488 41475 135 2274692 37499 0
1459947780723018 147 2320906 45073 145 2282581 41842 0
1459947780726681 139 2317505 44686 135 2277054 43667 0
1459947780730171 143 2319489 43023 139 2277079 40278 0
1459947780733478 136 2312358 46233 134 2270702 43009 0
1459947780737243 141 2312185 42780 139 2271223 40128 0
1459947780741166 143 2314585 41650 140 2272983 38616 0
1459947780744742 141 2314238 38715 140 2274606 37095 0
1459947780748257 140 2312638 37164 136 2270982 37536 0
1459947780752069 144 2316283 37620 142 2275321 38603 0
1459947780755784 139 2313243 37482 136 2271641 38978 0
1459947780759580 145 2318120 39049 143 2277209 41065 0
1459947780763067 143 2320056 37783 141 2279782 40228 0
1459947780766789 142 2320561 35297 138 2278314 38438 0
1459947780770263 139 2317187 35649 135 2273120 40222 0
1459947780774059 144 2320476 35895 138 2272172 37952 0
1459947780777425 139 2317108 36194 136 2268738 38152 0
1459947780781402 147 2324243 39944 144 2275812 41693 0
1459947780785186 142 2324421 36987 138 2274654 39502 0
1459947780788744 139 2320745 37485 135 2269746 40938 0
1459947780792507 142 2321196 34972 141 2272902 40648 0
1459947780796524 147 2328012 38523 144 2279651 43694 0
1459947780800553 145 2331736 38946 142 2283313 43656 0
1459947780804204 143 2332609 36707 141 2285409 42177 0
1459947780808249 143 2333413 34581 140 2286061 39482 0
1459947780812098 144 2335435 33743 142 2289222 39311 0
1459947780815929 144 2337299 32824 140 2289576 36565 0
1459947780819900 145 2340297 33023 144 2295022 38729 0
1459947780823625 140 2336661 33794 136 2289803 40513 0
1459947780827209 142 2335869 31882 138 2287552 39422 0
1459947780830843 144 2337699 31078 140 2288037 36789 0
1459947780834321 140 2334266 31814 137 2284644 37041 0
1459947780838176 146 2338781 33490 144 2290476 39523 0
1459947780842086 145 2341663 33530 143 2294572 40211 0
1459947780845886 144 2343040 32180 141 2295788 38190 0
1459947780849665 144 2344310 30835 141 2296909 36239 0
1459947780853193 141 2341640 30886 139 2295382 34813 0
1459947780856377 130 2325099 43721 128 2279895 46369 0
1459947780860537 145 2329050 43947 143 2284818 47284 0
1459947780864577 145 2332692 43871 143 2289356 47773 0
1459947780868327 136 2324530 47966 134 2282020 50802 0
1459947780871947 141 2323406 45254 138 2280377 48347 0
1459947780875752 144 2326209 44302 140 2281422 45532 0
1459947780878734 124 2303193 62056 121 2258065 63505 0
1459947780882628 141 2303736 57707 136 2255733 60692 0
1459947780886724 144 2308076 57199 141 2259983 59868 0
1459947780890545 144 2312077 56418 142 2265181 59982 0
1459947780894205 146 2318325 57770 144 2272533 62073 0
1459947780897957 142 2318965 53846 139 2272911 57571 0
1459947780901171 138 2314435 53814 136 2269419 56291 0
1459947780904526 136 2307699 55817 134 2263640 57219 0
1459947780908468 146 2314290 57532 142 2268553 57277 0
1459947780912058 145 2319086 57458 142 2273082 56977 0
1459947780916137 146 2324787 58225 143 2278537 57554 0
1459947780919970 145 2328763 57341 141 2281006 55333 0
1459947780923587 142 2328588 53021 139 2280722 51271 0
1459947780927267 140 2325867 51386 139 2280460 47505 0
1459947780931102 145 2329758 50958 141 2282779 45930 0
1459947780934870 144 2332065 49103 140 2283636 43131 0
1459947780938526 141 2330352 46844 140 2284426 40490 0
1459947780942317 143 2331333 44088 140 2285155 37998 0
1459947780946061 141 2329677 42169 139 2284547 35589 0
1459947780949834 143 2330710 39827 141 2286546 34651 0
1459947780953564 140 2327823 39376 138 2284549 33783 0
1459947780957278 141 2326441 37572 137 2281428 34019 0
1459947780960702 140 2323887 36989 138 2279831 32832 0
1459947780964629 143 2325373 35469 142 2283479 33630 0
1459947780968774 147 2331863 38680 144 2289402 36462 0
1459947780972491 144 2334006 37633 141 2291022 35106 0
1459947780976479 144 2335981 36513 140 2291235 32560 0
1459947780980509 144 2337802 35339 142 2293992 32557 0
1459947780984444 143 2338201 32946 142 2296533 32356 0
1459947780988738 149 2346249 37791 147 2305276 37888 0
1459947780992796 145 2348548 36957 142 2306936 36458 0
1459947780996757 143 2348107 34474 143 2309746 36200 0
1459947781000524 143 2347701 32154 141 2309777 33399 0
1459947781004466 145 2349886 31656 143 2312365 33175 0
1459947781008424 145 2351901 31039 142 2313471 31603 0
1459947781011933 144 2352478 29146 141 2313211 29373 0
1459947781015650 144 2353010 27359 140 2311691 28478 0
1459947781019142 141 2349661 28308 136 2305170 32264 0
1459947781022701 140 2345293 30122 137 2300438 34104 0
1459947781026862 149 2352786 34676 147 2308876 39218 0
1459947781030498 143 2352014 32677 142 2310255 37425 0
1459947781034109 143 2351302 30779 139 2307686 36868 0
1459947781037918 145 2353206 30129 142 2309158 35344 0
1459947781041889 145 2354961 29393 143 2311795 35013 0
1459947781046166 147 2359139 30948 146 2318066 38058 0
1459947781050035 142 2356591 30878 139 2314887 38014 0
1459947781053836 146 2359362 31019 144 2318356 38242 0
1459947781057686 143 2358076 29779 141 2317714 35845 0
1459947781061430 147 2362011 31079 145 2322242 37218 0
1459947781065088 145 2363078 29634 143 2323856 35798 0
1459947781068719 145 2364062 28225 139 2320224 36348 0
1459947781072671 145 2364969 26855 142 2320716 33962 0
1459947781076518 145 2365805 25527 142 2321170 31726 0
1459947781080541 148 2370416 27783 145 2325428 33172 0
1459947781084455 146 2372107 27171 144 2328073 33019 0
1459947781088061 146 2373666 26485 143 2329232 31507 0
1459947781091619 141 2368703 28989 137 2322620 35139 0
1459947781095429 142 2365408 29761 139 2319085 35651 0
1459947781099633 149 2371330 32894 146 2324786 38121 0
1459947781103617 144 2370389 31190 141 2323642 36196 0
1459947781107077 135 2370389 31190 132 2323642 36196 1
1459947781110385 141 2365682 33091 140 2321307 35520 0
1459947781114049 142 2362623 33324 139 2317874 35908 0
1459947781118109 146 2364923 32840 143 2319830 34905 0
1459947781121883 141 2360643 34219 140 2317793 34055 0
1459947781125360 140 2355417 36361 138 2313355 35484 0
1459947781129179 146 2358280 36159 141 2313104 32942 0
1459947781133308 143 2357079 34440 139 2310312 32941 0
1459947781136878 141 2353412 35129 139 2307738 32739 0
1459947781140583 142 2351311 34320 140 2306645 31187 0
1459947781144224 144 2351934 32213 140 2305638 29677 0
1459947781147900 142 2349949 31525 140 2304710 28213 0
1459947781151737 145 2351959 30915 141 2305134 26399 0
1459947781155232 139 2346132 33870 137 2300405 28695 0
1459947781158952 143 2345880 31454 139 2298605 28111 0
1459947781162441 140 2341808 32749 136 2293106 30982 0
1459947781165807 140 2338054 33650 138 2290597 30873 0
1459947781169567 144 2339713 32550 141 2292124 29868 0
1459947781173342 140 2336122 33316 137 2288411 30956 0
1459947781177154 144 2337932 32382 142 2291388 31282 0
1459947781180541 139 2333201 34213 136 2286453 33387 0
1459947781184105 141 2331399 33200 139 2285743 31431 0
1459947781188008 146 2336138 34975 143 2290209 33092 0
1459947781191752 144 2337947 33909 141 2291766 31941 0
1459947781195026 140 2334494 34441 137 2288081 32841 0
1459947781198353 139 2330031 35863 136 2283404 34585 0
1459947781201586 134 2319517 42753 131 2272693 41757 0
1459947781205496 143 2321344 41097 140 2274338 40011 0
1459947781209315 140 2319189 39872 137 2272015 39026 0
1459947781213113 142 2319762 37285 141 2274993 38723 0
1459947781217178 146 2325410 39579 141 2277739 38228 0
1459947781220820 139 2321657 39945 137 2275150 37627 0
1459947781224610 144 2324597 39534 141 2277883 37207 0
1459947781227983 139 2320907 39845 137 2275283 36696 0
1459947781231857 145 2325186 40676 141 2278006 36339 0
1459947781235819 147 2331690 43494 144 2284356 39354 0
1459947781240174 146 2336406 44444 142 2287650 39316 0
1459947781244012 143 2336914 41439 142 2290687 39044 0
1459947781247678 143 2337382 38633 138 2288367 38131 0
1459947781251873 150 2346774 44272 148 2299028 44980 0
1459947781255593 146 2350312 44074 143 2302456 44625 0
1459947781259576 145 2352293 42457 141 2303056 41691 0
1459947781263011 141 2349000 42175 139 2301049 40282 0
1459947781266471 142 2347244 40498 139 2299199 38838 0
1459947781270556 148 2353305 42922 145 2305174 41311 0
1459947781274206 142 2351213 41496 138 2301722 41265 0
1459947781277845 139 2345444 43571 138 2298539 40974 0
1459947781281603 146 2349086 43524 142 2300725 39787 0
1459947781285387 143 2348603 40567 140 2300180 37179 0
1459947781289563 148 2354558 42887 144 2304798 38531 0
1459947781293773 148 2360048 44597 145 2310335 40625 0
1459947781297670 144 2359989 41166 141 2310320 37464 0
1459947781301655 149 2366334 43799 145 2315426 39244 0
1459947781305065 140 2360664 45603 137 2309893 41278 0
1459947781308972 147 2364397 45481 145 2315032 42791 0
1459947781312850 144 2363998 42294 141 2314650 39799 0
1459947781316519 143 2362350 40507 142 2315577 37544 0
1459947781320588 147 2365951 40662 145 2320272 38938 0
1459947781324778 148 2370551 41725 145 2324600 39885 0
1459947781328663 146 2372231 40014 144 2327310 39266 0
1459947781332362 142 2368660 40178 139 2323408 39794 0
1459947781335958 138 2360248 44793 135 2314691 44720 0
1459947781339927 144 2360173 41361 142 2315615 42078 0
1459947781344445 150 2367784 45145 146 2321587 44296 0
1459947781348014 141 2363280 45769 140 2319413 42839 0
1459947781351784 145 2364248 43086 144 2322528 42364 0
1459947781355289 142 2361301 42435 140 2320280 41125 0
1459947781359189 144 2361144 39263 142 2320768 38362 0
1459947781362594 135 2349479 46948 134 2310978 44389 0
1459947781366350 145 2351525 45167 142 2312192 42041 0
1459947781369615 133 2338052 54058 131 2299232 50703 0
1459947781372709 134 2326911 60103 131 2287284 57755 0
1459947781376251 139 2323041 58974 138 2285229 55135 0
1459947781379911 142 2323313 54617 139 2284615 51392 0
1459947781384137 150 2333804 60021 148 2295569 57475 0
1459947781387853 140 2330675 58214 137 2291587 56654 0
1459947781391052 137 2323951 59864 134 2284076 59150 0
1459947781394634 142 2324152 55372 139 2283552 55010 0
1459947781398689 146 2329457 55937 143 2288189 54987 0
1459947781402894 149 2338188 59615 148 2298864 60532 0
1459947781406724 145 2341117 57657 143 2302305 58974 0
1459947781410634 144 2342537 54461 141 2302917 54930 0
1459947781414249 141 2340006 52538 138 2299641 53657 0
1459947781417881 138 2333833 54123 136 2294061 54608 0
1459947781421209 141 2331982 51600 137 2290197 53902 0
1459947781424639 142 2331555 47960 140 2290475 49946 0
1459947781427496 131 2331555 47960 123 2290475 49946 1
1459947781430446 134 2331555 47960 125 2290475 49946 1
1459947781433491 135 2331555 47960 124 2290475 49946 1
1459947781436365 132 2331555 47960 121 2290475 49946 1
1459947781439493 136 2331555 47960 127 2290475 49946 1
1459947781442736 134 2331555 47960 125 2290475 49946 1
1459947781445608 131 2331555 47960 122 2290475 49946 1
1459947781448535 132 2331555 47960 122 2290475 49946 1
1459947781451367 131 2331555 47960 121 2290475 49946 1
1459947781454558 134 2331555 47960 125 2290475 49946 1
1459947781457873 138 2326042 49295 129 2276651 58786 0
1459947781460869 136 2318399 52487 126 2260067 69480 0
1459947781463531 128 2318399 52487 118 2260067 69480 1
1459947781466360 130 2303674 61960 121 2238379 84044 0
1459947781469327 135 2296499 63732 127 2226065 88829 0
1459947781472184 136 2291165 63669 129 2217273 89993 0
1459947781474982 134 2283687 65587 128 2207888 91613 0
1459947781478332 141 2285753 62368 135 2208196 84739 0
1459947781481576 135 2279978 62818 128 2199520 86115 0
1459947781484625 135 2274654 62817 128 2191522 86759 0
1459947781487499 130 2263346 68332 125 2180309 90316 0
1459947781490521 134 2258042 67882 128 2173812 89249 0
1459947781493089 126 2242912 76525 119 2156302 98417 0
1459947781496608 143 2250724 77748 137 2163200 97088 0
1459947781499686 136 2248966 73293 131 2161880 90719 0
1459947781502711 137 2248625 67879 130 2159383 85932 0
1459947781505619 132 2241911 68764 125 2150681 87239 0
1459947781508509 133 2237001 67916 127 2145219 85458 0
1459947781511271 134 2233755 65602 129 2142743 81062 0
1459947781514536 138 2235882 62437 132 2144301 76165 0
1459947781517657 138 2237843 59367 131 2144457 70358 0
1459947781520757 135 2235811 56600 130 2143321 65907 0
1459947781523674 134 2232658 55084 127 2138434 65263 0
1459947781526749 135 2231031 52279 130 2137768 60777 0
1459947781529423 128 2220571 57836 121 2125634 67213 0
1459947781532100 132 2216048 57485 125 2119568 67552 0
1459947781535072 134 2214439 54476 130 2120376 63019 0
1459947781537835 133 2211675 52767 127 2117281 60947 0
1459947781540674 131 2206567 53352 126 2113148 59994 0
1459947781543920 134 2205698 49983 128 2111898 56458 0
1459947781546819 128 2197217 53895 122 2103065 60188 0
1459947781549705 133 2195799 50990 128 2102603 55910 0
1459947781552524 133 2194492 48210 128 2102177 51934 0
1459947781555308 133 2193287 45553 128 2101784 48237 0
1459947781557725 126 2183216 51277 122 2093742 51881 0
1459947781560533 133 2182892 47568 127 2092728 48761 0
1459947781563425 134 2183873 44755 127 2091793 45812 0
1459947781566287 131 2180937 43963 125 2088371 45385 0
1459947781569147 133 2180791 40662 127 2087777 42386 0
1459947781572310 135 2183216 39721 130 2091069 42109 0
1459947781575288 133 2182892 36915 128 2091544 39257 0
1459947781578198 134 2183873 34935 129 2093262 37773 0
1459947781581308 135 2186057 34219 130 2096125 37461 0
1459947781584677 138 2191911 36941 134 2103885 41687 0
1459947781587486 133 2190907 34978 128 2103358 38914 0
1459947781590776 137 2195102 36112 130 2105433 37786 0
1459947781593540 135 2196409 34495 130 2107346 36596 0
1459947781596029 129 2189934 37768 123 2100149 40370 0
1459947781599108 137 2194205 38754 130 2102474 39360 0
1459947781602300 135 2195582 36996 129 2103338 37081 0
1459947781605501 137 2199412 37635 132 2107974 38458 0
1459947781608730 138 2204222 39129 132 2112248 39393 0
1459947781611806 136 2206097 37800 130 2113628 37587 0
1459947781614519 133 2203985 36792 128 2112340 35836 0
1459947781617418 133 2202038 35711 127 2109873 35309 0
1459947781620547 132 2198963 35754 128 2108879 33466 0
1459947781623151 127 2189729 41472 122 2100282 38775 0
1459947781626298 136 2192736 41004 131 2103877 39059 0
1459947781629513 138 2198068 42715 133 2109751 41422 0
1459947781632612 135 2199143 40368 130 2111326 39637 0
1459947781635742 136 2201414 39308 131 2114058 39059 0
1459947781638808 136 2203508 38167 130 2115297 37149 0
1459947781642031 135 2204158 35785 128 2113879 35552 0
1459947781644774 130 2198358 38335 125 2108732 37518 0
1459947781647527 131 2194291 39088 126 2105267 37779 0
1459947781650603 135 2195662 37297 128 2104633 35411 0
1459947781653278 129 2189245 40297 124 2098928 37902 0
1459947781655798 129 2183330 42600 123 2092389 40967 0
1459947781658736 133 2182997 39577 127 2091481 38602 0
1459947781661847 138 2189090 42102 131 2095764 39534 0
1459947781664777 136 2192147 41630 130 2098432 38905 0
1459947781667820 136 2194965 40975 129 2099612 36952 0
1459947781670711 131 2191163 41277 126 2096859 36602 0
1459947781673683 134 2191498 38361 127 2095601 34900 0
1459947781676705 135 2193087 36829 127 2094442 33241 0
1459947781679731 133 2191992 34960 127 2093373 31628 0
1459947781682797 135 2193542 33657 126 2091108 31244 0
1459947781685748 136 2196251 33524 124 2086460 33087 0
1459947781688626 138 2201308 35566 124 2082175 34451 0
1459947781691583 141 2209810 40625 127 2082065 31860 0
1459947781694833 146 2209810 40625 131 2082065 31860 1
1459947781697648 138 2213808 41137 122 2075563 35363 0
1459947781700459 142 2222614 46041 125 2073409 34585 0
1459947781703457 141 2229452 48748 125 2071423 33712 0
1459947781706220 139 2233196 48390 123 2067033 35124 0
1459947781709378 146 2245607 56050 129 2070666 35728 0
1459947781712257 144 2254488 59859 128 2072735 34843 0
1459947781715282 142 2260116 60370 124 2069522 35081 0
1459947781718565 146 2270424 65156 128 2071680 34330 0
1459947781721608 144 2277367 66465 124 2068550 34532 0
1459947781724654 145 2285047 68352 125 2066944 33314 0
1459947781727877 144 2290847 68359 126 2066744 30895 0
1459947781730626 140 2291074 63227 124 2063999 31010 0
1459947781733399 139 2290003 59273 121 2057629 34459 0
1459947781736302 144 2295416 59632 124 2055596 33639 0
1459947781739494 147 2304246 63113 128 2058842 34002 0
1459947781742570 145 2309826 63326 126 2059274 31744 0
1459947781745431 143 2312410 60760 124 2057113 31255 0
1459947781748382 144 2316072 59389 126 2057681 29336 0
1459947781751143 142 2316888 55502 123 2054364 30101 0
1459947781754256 145 2321481 55399 125 2053866 28207 0
1459947781757246 146 2326995 56153 128 2057247 29120 0
1459947781760195 147 2333358 57632 128 2060364 29719 0
1459947781763555 149 2341784 60897 130 2065798 32406 0
1459947781766578 143 2341872 56220 124 2063127 32335 0
1459947781769554 144 2343233 53081 124 2060665 32077 0
1459947781772473 141 2340647 51317 121 2054555 35202 0
1459947781775549 147 2345943 52190 129 2059162 36698 0
1459947781778633 146 2349546 51433 124 2057009 35813 0
1459947781781820 147 2354147 51656 128 2060145 35906 0
1459947781785115 148 2359669 52710 127 2061756 34585 0
1459947781787631 136 2359669 52710 116 2061756 34585 1
1459947781790708 144 2359639 48618 125 2060681 32873 0
1459947781793957 146 2362172 47154 127 2062250 31750 0
1459947781829919 146 2364507 45622 124 2059856 31475 0
1459947781832732 146 2366659 44041 123 2056369 32229 0
1459947781835754 144 2366083 41130 123 2053155 32673 0
1459947781838953 146 2368112 39787 123 2050192 32851 0
1459947781842031 146 2369983 38403 125 2050020 30441 0
1459947781845319 148 2374268 39352 126 2051142 29096 0
1459947781848656 149 2379498 41098 128 2054736 30135 0
1459947781851896 151 2386879 44692 126 2055489 28474 0
1459947781855291 148 2389844 43933 124 2053623 27968 0
1459947781858616 152 2397697 47739 128 2057023 28918 0
1459947781861604 145 2395976 45594 123 2053758 29667 0
1459947781864756 147 2396950 42929 125 2053308 27763 0
1459947781867793 146 2396568 39926 122 2049053 29516 0
1459947781870902 144 2393656 39490 123 2046410 29645 0
1459947781873933 146 2393531 36518 123 2043974 29573 0
1459947781877061 147 2394696 34739 124 2043008 28152 0
1459947781880059 147 2395770 33015 124 2042118 26772 0
1459947781882489 136 2395770 33015 113 2042118 26772 1
1459947781885832 151 2401880 36068 128 2046417 28643 0
1459947781888728 144 2398553 36316 122 2042700 29830 0
1459947781891996 149 2401886 36550 126 2044394 29060 0
1459947781895234 151 2407518 38886 128 2048515 30588 0
1459947781898033 142 2401190 41680 121 2043354 32955 0
1459947781901417 148 2403037 40125 126 2044996 31894 0
1459947781904281 146 2402179 37780 124 2043950 30365 0
1459947781907476 148 2403948 36459 126 2045546 29463 0
1459947781910475 150 2408139 37474 125 2045737 27337 0
1459947781913161 143 2403043 39243 121 2040793 29757 0
1459947781916007 145 2400905 38147 122 2037516 30452 0
1459947781918929 146 2400214 35802 122 2034495 30856 0
1459947781922002 147 2400857 33597 124 2034270 28652 0
1459947781925221 148 2402730 32698 125 2035342 27401 0
1459947781928280 149 2405736 32914 126 2037610 27351 0
1459947781931283 148 2407227 31717 124 2037141 25645 0
1459947781934172 143 2402202 33871 120 2031589 28758 0
1459947781937263 146 2401409 31954 126 2034151 28872 0
1459947781939918 139 2401409 31954 115 2034151 28872 1
1459947781942764 146 2400678 30129 122 2031392 29158 0
1459947781945746 148 2402565 29514 123 2030129 28043 0
1459947781948807 143 2397904 31504 119 2023845 31644 0
1459947781951677 143 2393607 33002 120 2019332 33331 0
1459947781954669 146 2393486 30534 122 2017731 32202 0
1459947781957838 151 2399774 33945 127 2022655 34226 0
1459947781960833 148 2401731 33097 124 2023355 32197 0
1459947781963651 145 2399695 32387 121 2020160 32626 0
1459947781966364 147 2400378 30486 123 2019775 30431 0
1459947781969261 147 2401008 28685 122 2018140 29560 0
1459947781971895 143 2396469 30627 119 2012792 32179 0
1459947781975147 150 2401244 32636 126 2016822 33380 0
1459947781978275 148 2403086 31784 123 2016697 30886 0
1459947781981410 147 2403504 29686 124 2017862 29547 0
1459947781984197 142 2397490 32909 118 2011256 33327 0
1459947781987197 143 2393226 34267 120 2007726 33976 0
1459947781990482 151 2399535 37405 126 2012152 35401 0
1459947781993106 144 2396391 37380 117 2004712 39493 0
1459947781995846 148 2398612 36507 122 2004253 36829 0
1459947781998852 148 2400660 35542 125 2007670 37101 0
1459947782001976 148 2402548 34505 123 2008260 34746 0
1459947782004664 145 2400448 33744 120 2004964 35068 0
1459947782007786 149 2403633 34043 124 2007046 34247 0
1459947782010901 150 2407849 35269 125 2010245 34520 0
1459947782013552 145 2405335 34829 121 2008074 33823 0
1459947782016653 149 2408138 34691 124 2009913 32875 0
1459947782019631 146 2406882 33137 123 2010328 30689 0
1459947782022797 150 2410844 34200 124 2011991 29824 0
1459947782025545 146 2409376 32880 121 2009684 29620 0
1459947782028125 141 2401623 37457 117 2002437 33985 0
1459947782030842 145 2399596 36398 119 1998316 35127 0
1459947782033545 142 2393887 38816 117 1991957 38243 0
1459947782036344 145 2392464 37094 118 1987375 39478 0
1459947782039222 146 2392432 34224 121 1986991 36746 0
1459947782042488 151 2398803 37423 126 1993037 39448 0
1459947782045496 148 2400836 36373 121 1992210 37127 0
1459947782048388 145 2398870 35342 120 1990168 36107 0
1459947782051317 147 2399618 33269 121 1989566 33840 0
1459947782054354 147 2400307 31305 123 1991571 33044 0
1459947782057510 150 2404783 32985 126 1997259 35706 0
1459947782060412 149 2407629 33031 122 1997383 33030 0
1459947782063608 151 2412812 35229 123 1998777 31734 0
1459947782066821 149 2415031 34521 126 2003902 33979 0
1459947782069667 147 2414516 32298 121 2002227 32867 0
1459947782072294 144 2410201 33750 118 1996843 35262 0
1459947782075447 150 2413904 34526 124 1999559 35011 0
1459947782078310 149 2416037 33795 123 2000783 33403 0
1459947782081501 154 2424404 38867 129 2009591 38913 0
1459947782084575 151 2428277 39400 127 2015151 40998 0
1459947782087300 145 2424167 40109 121 2012597 40149 0
1459947782090135 146 2421658 39287 120 2008962 40362 0
1459947782092646 142 2414225 43068 117 2001771 43836 0
1459947782095791 150 2417613 42826 126 2006662 44920 0
1459947782098882 151 2422016 43540 125 2009891 44387 0
1459947782102011 149 2423516 41520 127 2015428 46023 0
1459947782104505 144 2418498 42901 118 2009012 48341 0
1459947782107467 146 2416432 41452 122 2008217 45295 0
1459947782110695 152 2422208 43538 124 2010045 43441 0
1459947782113624 149 2423693 41504 124 2011730 41600 0
1459947782116664 147 2422501 39358 123 2012003 38602 0
1459947782119799 149 2423963 37630 125 2014815 38178 0
1459947782122380 146 2421470 36987 119 2009727 39884 0
1459947782124930 143 2415332 39754 117 2002477 43451 0
1459947782127629 146 2413514 38323 119 1998353 43857 0
1459947782130206 144 2409278 39233 116 1990711 47474 0
1459947782132923 144 2405373 39766 119 1987506 46718 0
1459947782135966 148 2406893 38060 125 1992232 47424 0
1459947782138944 149 2409574 37558 124 1995308 46555 0
1459947782141990 148 2410766 35721 123 1996864 44352 0
1459947782144960 147 2410584 33096 123 1998299 42209 0
1459947782148107 149 2412977 32716 121 1997061 40051 0
1459947782151180 150 2416463 33373 126 2002320 41770 0
1459947782154367 150 2419676 33727 124 2004608 40616 0
1459947782158178 156 2419676 33727 132 2004608 40616 1
1459947782161738 154 2427758 38543 128 2011838 44107 0
1459947782164444 148 2427529 35741 122 2010823 41596 0
1459947782167304 145 2423478 36682 121 2008607 40388 0
1459947782170427 149 2424863 35093 121 2006564 39114 0
1459947782173665 151 2428700 35888 125 2009801 39042 0
1459947782176728 146 2425837 35722 122 2008945 36779 0
1459947782179924 150 2428318 35218 124 2010716 35537 0
1459947782182868 146 2425485 35077 121 2008508 34794 0
1459947782186000 149 2426713 33469 121 2006473 33950 0
1459947782189432 152 2431686 35438 126 2010997 35467 0
1459947782192774 153 2437550 38075 126 2015167 36541 0
1459947782195780 148 2436556 36015 123 2015172 33690 0
1459947782198692 148 2435640 34045 122 2013896 32232 0
1459947782201069 142 2427115 39243 116 2005040 37876 0
1459947782203197 136 2427115 39243 111 2005040 37876 1
1459947782205917 149 2428216 37192 121 2003276 36541 0
1459947782208972 151 2431791 37582 124 2005490 35727 0
1459947782211967 149 2432527 35323 123 2006251 33636 0
1459947782215157 153 2438325 37908 128 2013352 37554 0
1459947782218300 148 2437270 35917 122 2012218 35664 0
1459947782221312 150 2438858 34574 125 2015013 35454 0
1459947782225509 148 2437762 32882 145 2043190 58659 0
1459947782229506 147 2435471 32424 144 2067885 76842 0
1459947782233245 144 2429519 35376 141 2086811 88285 0
1459947782236996 145 2425312 36489 142 2105538 98651 0
1459947782240738 143 2418874 39572 140 2120242 104499 0
1459947782244750 142 2411659 43130 139 2132518 107652 0
1459947782248480 144 2407568 43531 142 2147675 113213 0
1459947782252425 145 2405076 42426 142 2161647 117249 0
1459947782256515 147 2405339 39353 145 2178368 123503 0
1459947782260306 144 2401741 39594 141 2188663 123344 0
1459947782264065 141 2394584 43096 138 2194313 118916 0
1459947782267785 138 2384147 49350 136 2196962 112067 0
1459947782271492 143 2380925 48463 140 2204524 110282 0
1459947782274792 137 2370275 54493 134 2203815 102319 0
1459947782278218 139 2363017 56925 137 2207001 97263 0
1459947782282374 147 2366566 55749 145 2220179 101812 0
1459947782286479 145 2367278 52049 144 2231047 103876 0
1459947782290086 145 2367934 48587 141 2237226 101456 0
1459947782293679 144 2367259 45413 141 2242922 98780 0
1459947782297317 137 2357676 50698 136 2241773 92120 0
1459947782301069 145 2359082 48033 143 2249674 92207 0
1459947782305166 148 2364218 49015 146 2260798 95258 0
1459947782308939 145 2365113 46010 140 2263373 90188 0
1459947782312539 144 2364658 42833 142 2268306 87690 0
1459947782316118 142 2361679 42232 139 2269014 81492 0
1459947782319687 144 2361492 39103 141 2272227 78087 0
1459947782323067 142 2358760 38566 139 2272629 72356 0
1459947782326566 140 2353681 40234 137 2270439 68721 0
1459947782330191 140 2348999 41405 136 2267140 66392 0
1459947782333898 144 2349803 38911 143 2273059 66662 0
1459947782337637 144 2350544 36554 141 2275956 64124 0
1459947782341473 141 2347387 36607 139 2276066 59216 0
1459947782345400 144 2348317 34604 141 2278728 57043 0
1459947782349437 148 2354294 37410 146 2287582 60748 0
1459947782353416 146 2357244 37207 144 2293184 61167 0
1459947782357091 145 2358684 35627 141 2294509 57609 0
1459947782360978 144 2358731 32887 141 2295730 54234 0
1459947782364728 142 2356215 32636 141 2296856 51034 0
1459947782368592 144 2356455 30307 141 2297894 48003 0
1459947782371868 138 2348996 34814 137 2293731 48089 0
1459947782375331 142 2347240 33712 139 2292453 45509 0
1459947782378995 143 2346901 31389 140 2292555 42047 0
1459947782382630 143 2346589 29223 141 2293929 40028 0
1459947782386840 149 2353981 33754 148 2304155 46327 0
1459947782390723 145 2355676 32678 143 2307182 45498 0
1459947782394548 141 2352118 33404 138 2303573 45269 0
1459947782398316 141 2348838 33816 137 2298966 45978 0
1459947782402173 141 2345815 33960 139 2297279 43939 0
1459947782405703 142 2344308 32695 140 2297004 40759 0
1459947782409638 145 2346758 32399 143 2300590 40880 0
1459947782413371 144 2347737 30770 142 2302616 39554 0
1459947782417180 144 2348640 29198 142 2304484 38185 0
1459947782421132 146 2352032 30043 144 2308766 39148 0
1459947782424881 148 2357719 32938 145 2313993 40908 0
1459947782428583 143 2356562 31430 139 2311132 40349 0
1459947782432360 144 2356775 29170 141 2311054 37267 0
1459947782436043 142 2354411 29069 138 2307142 37960 0
1459947782439703 140 2349672 31165 138 2303536 38317 0
1459947782443467 145 2351703 30603 142 2305332 36978 0
1459947782447183 140 2347176 32385 140 2304427 34922 0
1459947782450956 139 2341722 34881 135 2297193 38861 0
1459947782455218 148 2348214 38140 147 2305884 43836 0
1459947782459121 141 2345239 37901 139 2303656 42464 0
1459947782463379 151 2355297 44211 147 2311842 46693 0
1459947782467623 146 2358169 43405 144 2315549 46462 0
1459947782471744 146 2360817 42454 144 2318966 45982 0
1459947782475769 145 2361978 40207 144 2322116 45293 0
1459947782479551 142 2359208 39618 141 2321180 42616 0
1459947782483422 144 2359214 36528 141 2320317 40080 0
1459947782486954 139 2352820 39568 137 2314402 42400 0
1459947782490548 141 2349485 39549 138 2310229 42933 0
1459947782494328 145 2351531 38345 143 2312782 41931 0
1459947782498041 146 2354697 38268 142 2313855 39645 0
1459947782502117 147 2358896 39149 144 2317405 39819 0
1459947782505985 145 2360207 37298 143 2319397 38545 0
1459947782509845 146 2362695 36678 142 2319954 36046 0
1459947782513487 139 2356029 39956 135 2311507 41015 0
1459947782517260 140 2351164 41318 138 2307560 41448 0
1459947782521072 145 2353079 39855 143 2310321 40755 0
1459947782524839 141 2349724 39833 136 2303907 43483 0
1459947782528699 145 2351751 38590 139 2301834 41995 0
1459947782532271 141 2348500 38571 139 2299923 40475 0
1459947782535849 142 2346783 37139 139 2298161 38935 0
1459947782539725 149 2354160 41038 147 2306777 43836 0
1459947782543371 143 2353281 38641 141 2307040 40653 0
1459947782547322 144 2353750 36055 142 2308562 38879 0
1459947782550985 141 2350343 36378 139 2306125 38087 0
1459947782554714 144 2351042 34179 141 2306438 35400 0
1459947782558779 148 2356806 36822 146 2313127 38800 0
1459947782562140 137 2348040 42025 135 2305213 43062 0
1459947782566162 146 2351479 41911 143 2308158 42412 0
1459947782569763 140 2346969 42792 136 2301913 44854 0
1459947782572991 136 2337692 48000 130 2288476 53736 0
1459947782576967 147 2343219 49346 144 2294008 54637 0
1459947782580196 139 2338075 50232 138 2291428 52745 0
1459947782583863 141 2335892 48318 138 2289050 50816 0
1459947782587164 139 2331320 48757 137 2285577 50046 0
1459947782590426 139 2327105 48832 136 2281096 50266 0
1459947782593706 138 2321939 49778 136 2276965 50145 0
1459947782597367 141 2321017 46738 139 2276997 46256 0
1459947782600686 138 2316327 47409 136 2273186 46154 0
1459947782604092 140 2314563 45330 139 2273513 42849 0
1459947782607557 141 2314217 42106 139 2273814 39779 0
1459947782611151 142 2315178 39702 140 2275372 38107 0
1459947782614567 145 2319904 40957 142 2279368 38813 0
1459947782618424 140 2317861 39639 136 2275372 39463 0
1459947782622180 144 2321098 39526 141 2278088 38883 0
1459947782626003 142 2321522 36829 139 2278032 35896 0
1459947782629734 142 2321913 34311 139 2277980 33138 0
1459947782633914 149 2331233 40222 145 2285612 37585 0
1459947782637525 141 2329585 38597 138 2283688 36421 0
1459947782641029 139 2325506 39341 137 2280634 36389 0
1459947782644184 136 2317905 43273 134 2273979 39680 0
1459947782647896 143 2319858 41693 139 2274244 36824 0
1459947782651629 145 2324219 42455 142 2278328 37712 0
1459947782655448 143 2325679 40484 139 2278253 34833 0
1459947782659185 143 2327025 38562 140 2279464 33227 0
1459947782662863 143 2328266 36693 139 2279300 30781 0
1459947782666916 145 2331970 37240 143 2284269 32957 0
1459947782671233 151 2343064 44558 148 2295250 40505 0
1459947782674985 142 2341772 42266 139 2293853 38627 0
1459947782678260 141 2339301 41240 138 2291285 37975 0
1459947782681912 141 2337023 40117 138 2288918 37189 0
1459947782686005 145 2340043 39766 145 2295696 40531 0
1459947782689503 135 2330027 45892 133 2286584 45763 0
1459947782693080 143 2331033 43234 141 2288424 43883 0
1459947782696755 141 2329401 41360 138 2286280 42429 0
1459947782700749 143 2330456 39101 140 2286864 39652 0
