1459947780002004 130 2129920 0 129 2113536 0 0
1459947780003832 131 2131200 1180 129 2113536 0 0
1459947780005786 134 2136220 5714 134 2119936 5900 0
1459947780007845 137 2144687 13073 136 2128396 13238 0
1459947780009828 135 2149933 16887 133 2132355 15852 0
1459947780011808 133 2152209 17665 131 2133444 15617 0
1459947780013766 135 2156867 20578 133 2137008 17682 0
1459947780015588 127 2150921 24450 126 2131334 21530 0
1459947780017369 128 2146720 26411 127 2127383 23488 0
1459947780019128 132 2147967 25497 131 2128861 23015 0
1459947780020973 133 2150397 25745 130 2128943 21292 0
1459947780022646 125 2142397 31107 124 2121339 26637 0
1459947780024342 131 2142702 28957 128 2119449 26296 0
1459947780026073 129 2140423 28794 126 2115147 28206 0
1459947780027868 129 2138322 28480 128 2113741 27298 0
1459947780029788 133 2141505 29189 131 2116284 27510 0
1459947780031708 134 2145719 30793 132 2119909 28702 0
1459947780033568 134 2149604 31969 132 2123251 29540 0
1459947780035551 135 2154466 33953 131 2125052 28892 0
1459947780037241 131 2153828 31887 125 2119032 32183 0
1459947780038912 129 2150680 32296 125 2113482 34783 0
1459947780040491 130 2149058 31267 127 2110926 34421 0
1459947780042314 135 2153962 33345 132 2114969 35459 0
1459947780044149 134 2157203 33727 132 2118697 36124 0
1459947780045814 129 2153791 34236 127 2115733 36032 0
1459947780047416 129 2150646 34460 128 2114281 34555 0
1459947780049259 133 2152866 33814 130 2115502 32981 0
1459947780050805 128 2148513 35184 124 2108948 36445 0
1459947780052682 133 2150900 34635 130 2110586 35107 0
1459947780054465 130 2149260 33439 128 2109536 33331 0
1459947780056265 130 2147749 32218 129 2109848 31015 0
1459947780058037 133 2150196 31955 131 2112696 31216 0
1459947780059747 132 2151171 30357 130 2114041 30017 0
1459947780061681 139 2161030 37074 138 2125521 38254 0
1459947780063639 134 2163719 36656 133 2129704 39121 0
1459947780065323 129 2159798 37406 127 2125880 39588 0
1459947780067277 133 2161303 35871 132 2128755 39146 0
1459947780069149 132 2161411 33167 128 2126286 38363 0
1459947780070971 135 2165350 34207 130 2126569 35626 0
1459947780072978 135 2168982 34882 133 2130670 36623 0
1459947780074706 132 2168490 32609 127 2126771 37354 0
1459947780076634 134 2170596 32003 132 2129577 37021 0
1459947780078504 134 2172538 31292 133 2133443 37692 0
1459947780080486 140 2182008 37577 136 2140847 41573 0
1459947780082401 132 2180498 36032 130 2139993 39111 0
1459947780084213 133 2180386 33319 131 2140486 36509 0
1459947780085872 132 2179003 31989 130 2139660 34416 0
1459947780087841 132 2177728 30664 130 2138899 32428 0
1459947780089651 132 2176553 29351 129 2136917 31720 0
1459947780091443 129 2171629 31595 127 2132530 33284 0
1459947780093244 132 2170930 29769 131 2133606 31675 0
1459947780094807 128 2165166 32756 125 2126918 35365 0
1459947780096559 129 2161132 33914 128 2124592 34745 0
1459947780098374 133 2162533 32556 131 2126288 33593 0
1459947780100341 135 2166385 33563 132 2129131 33589 0
1459947780102413 137 2172496 36573 136 2136872 38100 0
1459947780104293 130 2169169 36781 129 2135048 36803 0
1459947780106235 130 2166102 36733 129 2133367 35476 0
1459947780108017 127 2159435 40008 126 2127977 37672 0
1459947780109584 128 2154569 41367 125 2121728 40488 0
1459947780111417 131 2153923 38730 128 2119808 39094 0
1459947780113042 129 2150767 38612 127 2116758 38850 0
1459947780114739 130 2149138 37096 129 2116506 36046 0
1459947780116397 127 2143796 39121 126 2112433 36982 0
1459947780118169 133 2146551 38604 132 2116359 37711 0
1459947780119907 132 2147811 36750 131 2118698 36920 0
1459947780121643 132 2148973 34949 128 2117014 35586 0
1459947780123591 132 2150044 33205 131 2119302 34914 0
1459947780125582 134 2153591 33880 132 2122691 35310 0
1459947780127460 129 2150461 34117 126 2118135 36750 0
1459947780129150 131 2150136 31750 127 2115215 36569 0
1459947780130671 127 2144716 34264 125 2109963 38552 0
1459947780132255 129 2142280 33832 126 2106402 38822 0
1459947780133950 131 2142594 31477 128 2105679 36455 0
1459947780135473 124 2133923 37009 122 2097332 41300 0
1459947780137366 135 2140010 39728 133 2103717 43960 0
1459947780139428 138 2149461 45337 136 2113444 49492 0
1459947780141549 138 2158174 49827 136 2122411 53891 0
1459947780143534 135 2162366 49799 134 2128117 54940 0
1459947780145488 135 2166231 49471 132 2130817 53136 0
1459947780147158 130 2163394 48221 130 2130746 49048 0
1459947780149017 135 2167178 47942 134 2135801 49876 0
1459947780150980 138 2174507 50952 135 2141741 51455 0
1459947780153039 136 2178703 50839 132 2143377 48943 0
1459947780154969 134 2180011 48073 131 2143605 45329 0
1459947780157119 142 2191457 54869 139 2154055 51421 0
1459947780159042 135 2193049 52050 133 2156009 49204 0
1459947780160834 129 2186837 53709 128 2151410 49597 0
1459947780162688 133 2186230 50071 131 2151011 46089 0
1459947780164401 128 2179270 52574 125 2142963 49906 0
1459947780166216 132 2177974 49660 130 2141944 46946 0
1459947780168150 135 2180619 48219 131 2142284 43592 0
1459947780170127 136 2184338 47879 133 2145158 42835 0
1459947780172055 133 2183926 44517 130 2143967 40585 0
1459947780174117 134 2184826 41869 132 2145429 38762 0
1459947780176066 134 2185656 39362 132 2146777 36976 0
1459947780177778 124 2173621 47380 123 2136500 43561 0
1459947780179718 135 2176606 46430 132 2138545 42043 0
1459947780181342 127 2169118 49704 125 2131471 45279 0
1459947780183115 128 2163495 51003 126 2126229 46572 0
1459947780184809 131 2162151 48256 128 2123957 45027 0
1459947780186467 119 2145552 59787 119 2110342 54059 0
1459947780188517 131 2145610 55170 130 2111871 51245 0
1459947780190499 136 2152064 56809 132 2115841 50900 0
1459947780192278 133 2154174 54315 132 2119500 50297 0
1459947780194309 138 2162519 57764 138 2130554 56557 0
1459947780196104 133 2163812 54443 130 2130504 52183 0
1459947780197909 133 2165004 51288 130 2130458 48148 0
1459947780199634 133 2166103 48294 130 2130415 44424 0
1459947780201763 135 2169676 47815 132 2132936 43277 0
1459947780203703 134 2171690 45935 132 2135260 42037 0
1459947780205468 131 2169706 44174 130 2134842 39136 0
1459947780207185 129 2165317 44767 126 2129337 41152 0
1459947780209346 137 2171511 46979 134 2134502 42699 0
1459947780211121 133 2172101 43852 131 2135424 40213 0
1459947780213216 135 2175205 43288 133 2138834 40214 0
1459947780215357 138 2181907 46084 137 2147097 44690 0
1459947780217424 136 2185525 45818 134 2150875 44680 0
1459947780219359 135 2187580 44133 134 2154357 44399 0
1459947780221153 132 2185635 42477 131 2153727 41509 0
1459947780222982 130 2181282 43170 129 2150587 41160 0
1459947780225023 134 2182389 40817 132 2151532 38815 0
1459947780226830 130 2178289 41406 126 2144723 42058 0
1459947780228895 134 2179630 39407 132 2146126 40065 0
1459947780230863 134 2180866 37467 132 2147419 38126 0
1459947780232912 141 2190965 43849 139 2157571 44506 0
1459947780234794 135 2192595 41926 134 2160530 43756 0
1459947780236776 133 2191538 39623 131 2159418 41361 0
1459947780238792 131 2188004 39784 130 2157113 40253 0
1459947780240907 137 2192426 40751 135 2161388 41049 0
1459947780242840 132 2190102 39708 127 2155089 43648 0
1459947780244924 137 2194360 40530 134 2158242 43145 0
1459947780246437 121 2177805 52624 120 2143229 53613 0
1459947780248223 130 2174063 51960 127 2138349 53922 0
1459947780250134 133 2174454 48260 130 2137690 50316 0
1459947780251858 132 2173534 45336 130 2137082 46944 0
1459947780253668 130 2170126 44935 127 2132682 47331 0
1459947780255383 129 2165704 45499 128 2129906 46191 0
1459947780257141 128 2160348 46881 127 2126067 46120 0
1459947780258957 133 2161810 44566 131 2127648 43973 0
1459947780260666 133 2163158 42327 132 2130385 43060 0
1459947780262655 132 2163121 39053 132 2132908 42021 0
1459947780264455 132 2163087 36032 132 2135234 40882 0
1459947780266326 132 2163055 33245 128 2132258 40430 0
1459947780268247 132 2163026 30673 128 2129515 39799 0
1459947780270292 138 2170679 35331 136 2137226 43798 0
1459947780272169 131 2168774 34325 130 2136655 40902 0
1459947780273885 124 2158058 41521 123 2127168 46451 0
1459947780275720 133 2159699 39790 131 2128663 44200 0
1459947780277645 137 2166332 42796 136 2136441 47916 0
1459947780279427 133 2167327 40369 132 2138491 46062 0
1459947780281222 126 2159284 44629 124 2130141 50160 0
1459947780282819 116 2139069 59776 114 2109643 65136 0
1459947780284582 129 2137074 56944 127 2107387 62126 0
1459947780286510 131 2137795 53159 130 2109147 58894 0
1459947780288475 135 2143579 54337 133 2114609 59328 0
1459947780290342 136 2150191 56187 132 2118365 58155 0
1459947780292284 135 2155007 56237 133 2123107 57983 0
1459947780293879 124 2145367 60729 123 2114679 61222 0
1459947780295438 126 2139040 61816 124 2108189 62421 0
1459947780297275 133 2142167 59869 131 2111166 60289 0
1459947780299081 131 2142490 55488 131 2113911 58108 0
1459947780300906 123 2132547 60318 121 2103641 63034 0
1459947780302956 133 2136181 58955 132 2108254 62361 0
1459947780304680 126 2130571 59519 127 2106106 59468 0
1459947780306785 139 2142040 65442 137 2116926 64797 0
1459947780308696 132 2143653 61816 130 2117941 60669 0
1459947780310437 129 2141300 59155 128 2116316 57426 0
1459947780312320 137 2149370 61973 134 2122498 58638 0
1459947780314055 131 2149130 57351 127 2119237 57061 0
1459947780316049 134 2152749 56206 129 2118791 53013 0
1459947780317732 125 2144565 59358 123 2110700 56329 0
1459947780319474 127 2139580 59314 124 2104521 57623 0
1459947780321311 131 2140105 55164 130 2106505 54950 0
1459947780323131 129 2138029 52767 128 2105774 51330 0
1459947780325082 137 2146355 56320 135 2114060 54958 0
1459947780327161 131 2146351 51923 127 2111459 53061 0
1459947780329090 130 2145067 49049 127 2109061 51125 0
1459947780331087 133 2147723 47666 131 2111970 49812 0
1459947780333003 130 2146332 45224 130 2113372 47212 0
1459947780335007 134 2150169 45228 132 2117224 47074 0
1459947780336885 131 2149867 41972 127 2114375 46021 0
1459947780338684 127 2144468 43668 126 2110469 46025 0
1459947780340640 130 2143331 41303 130 2111988 43829 0
1459947780342385 126 2137163 43761 125 2106988 45012 0
1459947780344371 133 2140437 43360 133 2112619 46686 0
1459947780346467 136 2147295 46294 134 2119090 49004 0
1459947780348429 137 2154897 49685 135 2126336 51855 0
1459947780350211 134 2158065 48724 131 2127896 49241 0
1459947780351684 122 2145626 56384 121 2116534 55868 0
1459947780353286 124 2136718 60190 122 2107339 59978 0
1459947780355029 130 2136186 55976 128 2106543 56025 0
1459947780357028 132 2138256 53510 130 2108369 53331 0
1459947780358874 129 2136324 51109 126 2104932 52331 0
1459947780360754 131 2137103 47834 130 2106884 50041 0
1459947780362930 140 2149341 55378 137 2117643 56050 0
1459947780364594 127 2143983 55989 127 2114762 54326 0
1459947780366604 135 2149284 56501 133 2119786 54712 0
1459947780368224 128 2145211 55840 125 2114177 55607 0
1459947780369869 129 2142736 53758 128 2112846 52488 0
1459947780371374 123 2132774 58740 121 2102659 57777 0
1459947780373067 128 2129991 56715 128 2102228 53659 0
1459947780374964 131 2131265 53458 130 2104391 51460 0
1459947780376625 131 2132439 50364 127 2102545 49140 0
1459947780378379 131 2133522 47427 129 2103403 46091 0
1459947780380329 133 2137080 47001 130 2105474 44399 0
1459947780382343 131 2137800 43993 130 2107383 42690 0
1459947780384290 133 2141024 43528 131 2110423 42157 0
1459947780386327 135 2146556 45227 134 2117066 44987 0
1459947780388228 134 2150376 45214 133 2121910 45937 0
1459947780390242 137 2157737 48467 135 2128935 48824 0
1459947780391947 130 2155563 46683 128 2126451 47297 0
1459947780393860 132 2156119 43548 130 2126722 43850 0
1459947780395738 137 2163032 46518 134 2132091 45374 0
1459947780397696 137 2169405 48758 136 2139601 48752 0
1459947780399387 131 2167600 46611 130 2138844 45640 0
1459947780401207 132 2167216 43322 128 2135586 45076 0
1459947780402658 119 2150222 55603 118 2119783 56122 0
1459947780404416 130 2148635 52721 129 2119294 52186 0
1459947780406076 128 2144612 52309 126 2115004 52062 0
1459947780407970 130 2143464 49280 129 2114889 48099 0
1459947780409723 129 2141125 47585 128 2113503 45618 0
1459947780411353 126 2135129 49393 126 2109665 45591 0
1459947780412878 123 2125762 54169 121 2099727 51190 0
1459947780414584 125 2119686 55537 124 2094405 52095 0
1459947780416217 127 2116645 54000 125 2090779 51367 0
1459947780418266 138 2127922 60177 135 2100236 56072 0
1459947780420058 132 2130638 57978 130 2102555 53828 0
1459947780421906 132 2133141 55756 127 2100852 51191 0
1459947780423868 135 2139289 57068 133 2106962 52824 0
1459947780425680 134 2143677 56654 129 2107475 49170 0
1459947780427610 133 2146442 54776 130 2109228 46944 0
1459947780429593 136 2152831 56386 133 2114684 48306 0
1459947780431336 134 2156161 55049 132 2118434 47989 0
1459947780433085 130 2154110 52637 128 2116771 45771 0
1459947780434925 130 2152220 50266 129 2116518 42427 0
1459947780437200 140 2163277 56531 139 2129085 50697 0
1459947780439377 136 2168350 56791 133 2132990 50336 0
1459947780441248 133 2169187 53126 130 2132750 46624 0
1459947780443221 137 2175079 54406 133 2136368 46317 0
1459947780445324 137 2180510 55162 133 2139704 45773 0
1459947780447258 133 2180397 50955 131 2140219 42671 0
1459947780449226 135 2182853 49238 134 2144534 43315 0
1459947780450828 131 2179997 48023 128 2140832 43343 0
1459947780452533 125 2169684 53777 122 2129739 50181 0
1459947780454374 134 2171697 51431 132 2132313 48633 0
1459947780456263 133 2172273 47943 132 2134686 47020 0
1459947780458195 134 2174084 45866 132 2136873 45362 0
1459947780459973 132 2173193 43102 130 2136329 42318 0
1459947780461698 133 2173652 40157 130 2135828 39472 0
1459947780463697 136 2177915 40949 134 2140486 40682 0
1459947780465606 133 2178005 37832 131 2140940 37922 0
1459947780467466 126 2169128 43059 123 2131119 44012 0
1459947780469529 136 2173744 43951 133 2134865 44026 0
1459947780471158 130 2170320 43673 127 2130638 44482 0
1459947780472744 128 2164603 45530 127 2126741 44597 0
1459947780474639 134 2167013 44194 133 2130829 44880 0
1459947780476592 135 2170515 43969 133 2134597 44847 0
1459947780478337 135 2173743 43509 133 2138071 44546 0
1459947780480378 136 2177999 44032 134 2142554 45197 0
1459947780482221 133 2178082 40669 131 2142846 41935 0
1459947780484090 133 2178159 37562 131 2143116 38907 0
1459947780486052 134 2179510 35872 133 2145925 38456 0
1459947780487975 131 2176915 35460 129 2143394 37783 0
1459947780489893 133 2177083 32844 131 2143621 35040 0
1459947780491552 127 2169558 37214 126 2137430 38008 0
1459947780493130 123 2157501 45420 122 2126603 45018 0
1459947780494854 126 2150226 48577 126 2121742 45981 0
1459947780496636 124 2140959 53323 124 2114700 48878 0
1459947780498362 126 2134976 54672 123 2106929 52222 0
1459947780500270 132 2137141 52395 130 2108725 49797 0
1459947780501804 116 2118656 65341 114 2089900 63259 0
1459947780503765 127 2115696 62964 125 2086626 61333 0
1459947780505593 129 2115527 58199 126 2084888 58142 0
1459947780507437 131 2117931 55868 130 2088406 56842 0
1459947780509280 131 2120147 53546 129 2090369 54210 0
1459947780511126 134 2126030 54785 134 2098578 57542 0
1459947780512924 132 2128893 53144 129 2099746 54123 0
1459947780514660 129 2127693 50098 128 2099543 50080 0
1459947780516529 132 2130426 48704 130 2101916 48354 0
1459947780518152 125 2123986 50835 125 2097703 48459 0
1459947780520038 134 2129569 52010 131 2101499 48173 0
1459947780521820 130 2129596 47971 128 2101159 44722 0
1459947780523727 135 2136021 50146 133 2107245 46839 0
1459947780525289 117 2118904 62007 116 2091096 58065 0
1459947780526753 116 2101844 72888 114 2073649 69611 0
1459947780528740 138 2114277 78655 135 2084445 74124 0
1459947780530469 134 2120619 78356 132 2090557 73968 0
1459947780532252 133 2125185 76443 130 2093632 71024 0
1459947780534004 132 2128114 73171 132 2099027 70448 0
1459947780535771 133 2132095 71124 132 2104000 69529 0
1459947780537453 133 2135765 68950 133 2109865 69503 0
1459947780539283 134 2140428 67862 130 2111431 65517 0
1459947780541380 135 2146007 67703 134 2117995 66449 0
1459947780543294 133 2148590 64794 132 2121486 64475 0
1459947780545136 130 2147131 61075 128 2119584 61189 0
1459947780546855 128 2143226 59902 126 2115271 60383 0
1459947780548836 136 2149866 61343 134 2121535 61440 0
1459947780550618 133 2152147 58653 132 2124750 59603 0
1459947780552505 131 2151690 54490 129 2123873 55753 0
1459947780554306 125 2143589 57699 122 2114105 60401 0
1459947780555988 128 2139961 56535 125 2108940 60442 0
1459947780557838 132 2141736 53754 129 2109299 56050 0
1459947780559593 130 2140812 50404 129 2109630 51976 0
1459947780561924 137 2148921 53941 134 2116335 54096 0
1459947780564039 138 2157676 57797 137 2126356 59107 0
1459947780565682 128 2152947 57639 127 2122794 57772 0
1459947780567307 133 2154988 55016 130 2123350 53771 0
1459947780569004 132 2155589 51271 127 2120023 52636 0
1459947780570690 132 2156143 47776 129 2119516 48990 0
1459947780572696 134 2159214 46874 132 2122888 48271 0
1459947780574506 135 2163325 47001 132 2125997 47365 0
1459947780576362 133 2164555 44463 131 2127583 45126 0
1459947780578018 131 2163129 42303 129 2126485 42611 0
1459947780579815 133 2164374 40146 131 2128033 40709 0
1459947780581707 132 2164242 37130 129 2126900 38572 0
1459947780583617 133 2165400 35297 131 2128415 36955 0
1459947780585325 129 2161348 36274 127 2124692 37498 0
1459947780587030 130 2158892 35703 127 2121260 37731 0
1459947780588764 126 2151508 39719 124 2114256 41239 0
1459947780590662 132 2152381 37420 129 2114199 38068 0
1459947780592365 126 2145506 40833 124 2107747 41040 0
1459947780594093 130 2144288 38764 125 2103079 42136 0
1459947780595764 130 2143165 36769 128 2102615 39270 0
1459947780597519 132 2144690 35302 128 2102188 36595 0
1459947780599290 134 2148656 36200 132 2106914 38093 0
1459947780601373 136 2154872 39101 131 2109991 37952 0
1459947780603382 137 2161882 42508 136 2119227 43502 0
1459947780605325 131 2160664 40308 128 2117502 41692 0
1459947780607203 135 2164662 40843 132 2121032 41688 0
1459947780609009 128 2159387 42514 126 2116606 42510 0
1459947780610570 127 2153244 44854 127 2113806 41769 0
1459947780612173 124 2143741 50108 121 2103544 47964 0
1459947780614010 128 2140101 49548 125 2099204 48216 0
1459947780616018 137 2148265 53203 133 2105443 50201 0
1459947780618036 133 2150671 51264 131 2108635 49221 0
1459947780619933 132 2151609 48124 130 2110297 46908 0
1459947780621648 132 2152474 45161 130 2111830 44656 0
1459947780623312 129 2149431 44436 127 2109403 43404 0
1459947780625043 129 2146626 43549 127 2107165 42075 0
1459947780627023 135 2151720 44842 132 2111502 42785 0
1459947780628613 127 2146176 46448 126 2107820 42835 0
1459947780630643 134 2150026 46368 131 2110826 42259 0
1459947780632194 125 2142055 50093 123 2103357 45841 0
1459947780633781 127 2137266 50592 125 2099032 46245 0
1459947780635503 131 2137972 47289 129 2100165 43676 0
1459947780637316 130 2137342 44173 128 2099929 40479 0
1459947780639223 134 2141882 44906 132 2104832 41836 0
1459947780641146 131 2142227 41715 130 2106792 40373 0
1459947780643065 131 2142545 38749 131 2109878 40063 0
1459947780644876 129 2140278 37810 126 2106323 40209 0
1459947780646661 131 2140748 35290 128 2105606 37727 0
1459947780648256 129 2138622 34491 127 2103665 36567 0
1459947780649818 126 2132822 37142 125 2099316 37719 0
1459947780651520 127 2128755 37988 126 2096586 37287 0
1459947780653081 128 2126286 37296 125 2092790 37872 0
1459947780654963 132 2129129 37003 129 2094410 36407 0
1459947780656471 123 2120230 42314 122 2086944 40444 0
1459947780658290 132 2123547 42065 130 2090301 40379 0
1459947780660159 135 2130444 45137 133 2097236 43617 0
1459947780662122 133 2134243 45112 130 2099789 42562 0
1459947780663987 136 2141585 48355 134 2107262 46126 0
1459947780665891 133 2144513 47276 130 2109032 44153 0
1459947780667670 132 2145932 44891 128 2108103 41558 0
1459947780669327 125 2138281 48436 124 2102127 43819 0
1459947780671040 132 2140187 46408 130 2104298 42396 0
1459947780672928 132 2141944 44402 128 2103739 39597 0
1459947780674926 138 2151244 49507 133 2109624 41928 0
1459947780676637 131 2150858 45994 130 2111209 40113 0
1459947780678487 132 2151782 43252 130 2112670 38326 0
1459947780680353 128 2147514 43806 128 2111457 36448 0
1459947780682410 136 2153819 46195 134 2118019 39649 0
1459947780684243 136 2159631 47944 133 2122788 40948 0
1459947780685936 130 2157309 46337 129 2122065 38414 0
1459947780687737 129 2153889 45868 127 2118838 38386 0
1459947780689607 133 2155856 44097 131 2120983 37365 0
1459947780691396 133 2157669 42323 129 2120401 34981 0
1459947780693517 137 2164461 45277 134 2126264 37653 0
1459947780695377 133 2165602 42791 129 2125269 35627 0
1459947780697083 132 2165374 39656 129 2124352 33688 0
1459947780698944 135 2169004 39903 134 2129907 36177 0
1459947780700994 135 2172350 39870 132 2132468 35710 0
1459947780702768 131 2170315 38630 130 2132268 33103 0
1459947780704450 128 2164599 40881 128 2129524 33045 0
1459947780706231 127 2158049 43724 124 2121874 37514 0
1459947780708083 131 2157131 41153 128 2119942 36363 0
1459947780710183 136 2162685 43057 134 2125841 38960 0
1459947780711896 134 2165245 42053 132 2128719 38569 0
1459947780713682 134 2167605 40942 132 2131372 38001 0
1459947780715519 125 2158260 46357 123 2122298 43396 0
1459947780717331 126 2150925 49496 124 2115213 46536 0
1459947780719011 129 2148003 48321 129 2115081 43020 0
1459947780720876 134 2151710 47962 133 2120080 44267 0
1459947780723018 139 2161527 53264 138 2131088 50956 0
1459947780724828 132 2161617 49185 128 2128436 49419 0
1459947780726681 128 2156580 49984 125 2122151 51351 0
1459947780728340 132 2157057 46518 129 2121477 47959 0
1459947780730171 131 2156216 43657 128 2119576 45963 0
1459947780731798 127 2150321 45679 124 2112704 48707 0
1459947780733478 127 2144887 47119 125 2107649 49561 0
1459947780735401 133 2147557 45899 131 2110668 48473 0
1459947780737243 131 2147459 42403 129 2110892 44892 0
1459947780739065 129 2144808 41533 127 2108538 43553 0
1459947780741166 136 2151324 44295 133 2114048 45230 0
1459947780742929 130 2149651 42375 129 2114008 41732 0
1459947780744742 133 2151949 41182 132 2117811 41977 0
1459947780746554 131 2151507 38370 128 2116197 40184 0
1459947780748257 129 2148540 38106 124 2109589 43135 0
1459947780750151 134 2152205 38506 131 2112457 42409 0
1459947780752069 135 2156863 39792 133 2117661 43892 0
1459947780754086 136 2162438 41822 134 2123738 46064 0
1459947780755784 122 2149657 50335 120 2111420 53819 0
1459947780757742 134 2153235 49700 131 2114145 52126 0
1459947780759580 133 2155253 47677 132 2117937 51549 0
1459947780761434 136 2160953 49207 135 2125273 54284 0
1459947780763067 129 2157248 48777 128 2123076 52068 0
1459947780765067 135 2161513 48897 131 2124890 49672 0
1459947780766789 129 2157764 48531 125 2118882 51328 0
1459947780768538 127 2151748 50284 125 2113344 52423 0
1459947780770263 130 2150042 47927 127 2110799 50673 0
1459947780772092 133 2152309 46272 129 2111012 46911 0
1459947780774059 132 2153119 43404 128 2109929 44244 0
1459947780775744 129 2150026 42863 126 2106370 44067 0
1459947780777425 129 2147175 42142 128 2105649 41287 0
1459947780779269 135 2152226 43506 131 2108825 40989 0
1459947780781402 137 2159443 46760 134 2115593 44025 0
1459947780783180 129 2155856 46412 125 2110312 45453 0
1459947780785186 134 2158949 45638 132 2114403 45673 0
1459947780787056 134 2161801 44701 130 2115615 43221 0
1459947780788744 125 2152910 49404 122 2106492 48253 0
1459947780790655 132 2153673 46248 131 2109602 47350 0
1459947780792507 131 2153097 43164 130 2111189 45113 0
1459947780794351 132 2153846 40481 130 2112652 42937 0
1459947780796524 139 2163496 46214 138 2124241 50265 0
1459947780798436 133 2164712 43724 131 2125964 47927 0
1459947780800553 136 2169673 44882 133 2130113 48006 0
1459947780802450 135 2172967 44411 134 2135217 48961 0
1459947780804204 131 2170883 42861 129 2133523 46696 0
1459947780806246 133 2171522 40101 131 2134521 43967 0
1459947780808249 133 2172111 37511 131 2135441 41380 0
1459947780810193 135 2175214 37441 133 2138849 41289 0
1459947780812098 133 2175515 34792 131 2139431 38599 0
1459947780813825 127 2168112 38896 124 2131007 43347 0
1459947780815929 140 2177928 44906 136 2138602 46961 0
1459947780818007 136 2181857 45019 135 2144323 48566 0
1459947780819900 133 2181639 41701 132 2145757 46093 0
1459947780821770 129 2176318 43347 127 2140679 47171 0
1459947780823625 131 2173973 42121 127 2135998 47799 0
1459947780825616 134 2175651 40377 132 2138083 45986 0
1459947780827209 128 2169518 42875 125 2131045 48880 0
1459947780829036 132 2168984 40016 130 2130957 45142 0
1459947780830843 135 2172332 39975 130 2130875 41689 0
1459947780832526 128 2166458 42265 125 2124400 44400 0
1459947780834321 132 2166163 39234 128 2122271 42893 0
1459947780836292 138 2173571 42997 135 2129268 45991 0
1459947780838176 132 2172720 40420 131 2130598 43624 0
1459947780840161 135 2175776 40079 133 2134385 43706 0
1459947780842086 134 2177313 38364 131 2135316 41149 0
1459947780844100 134 2178730 36672 131 2136174 38725 0
1459947780845886 133 2178756 33831 131 2136965 36428 0
1459947780847784 133 2178780 31209 131 2137694 34254 0
1459947780849665 132 2177522 29928 131 2138366 32197 0
1459947780851340 130 2173803 31017 128 2135146 32649 0
1459947780853193 131 2171654 30573 130 2134737 30474 0
1459947780855000 130 2168393 31189 128 2131800 30799 0
1459947780856377 111 2141067 53942 110 2106053 52127 0
1459947780858592 135 2146596 54824 133 2111757 53312 0
1459947780860537 135 2151693 55238 134 2118295 55175 0
1459947780862475 135 2156391 55253 133 2123043 55241 0
1459947780864577 136 2162002 56109 134 2128700 56140 0
1459947780866429 127 2155655 57575 125 2122395 57566 0
1459947780868327 127 2149804 58469 125 2116582 58425 0
1459947780870096 129 2146970 56513 127 2113784 56439 0
1459947780871947 133 2149477 54409 130 2115044 53191 0
1459947780873981 138 2158189 58189 135 2122606 56006 0
1459947780875752 129 2154700 56857 126 2118057 55823 0
1459947780877110 94 2106684 96679 93 2071623 94266 0
1459947780878734 133 2112339 94338 129 2074897 89919 0
1459947780880776 133 2117552 91773 130 2079195 86856 0
1459947780882628 129 2117238 84892 123 2074197 84676 0
1459947780884612 131 2119508 80352 130 2078550 82073 0
1459947780886724 135 2126721 80723 134 2087683 84080 0
1459947780888710 136 2134650 81726 132 2093542 82913 0
1459947780890545 132 2136840 77360 132 2098944 81415 0
1459947780892485 139 2147819 81437 137 2110324 85544 0
1459947780894205 133 2150260 77324 131 2113134 81451 0
1459947780895988 132 2151230 72178 129 2113165 75115 0
1459947780897957 130 2149565 68073 128 2111913 70399 0
1459947780899548 129 2146750 65348 126 2108199 68322 0
1459947780901171 127 2141595 64994 125 2103495 67319 0
1459947780902812 125 2134282 66656 125 2099159 66055 0
1459947780904526 127 2130101 65302 126 2096442 63398 0
1459947780906558 134 2135206 64907 132 2101617 63216 0
1459947780908468 136 2142473 66535 133 2107668 63855 0
1459947780910246 133 2145332 63971 130 2109406 60468 0
1459947780912058 135 2150527 63763 134 2116128 61940 0
1459947780914195 136 2156597 64376 135 2123605 63993 0
1459947780916137 135 2160912 63324 131 2125378 60627 0
1459947780918135 136 2166170 63223 133 2129572 59757 0
1459947780919970 132 2165897 58533 129 2128319 56242 0
1459947780921948 134 2168206 56088 132 2131004 54323 0
1459947780923587 128 2162654 56823 128 2128359 52517 0
1459947780925430 129 2158816 55920 129 2127200 49481 0
1459947780927267 130 2156558 53632 128 2124852 47779 0
1459947780929191 137 2163436 55783 134 2130367 49131 0
1459947780931102 133 2164657 52550 130 2130332 45324 0
1459947780933022 134 2167063 50662 131 2131579 42933 0
1459947780934870 134 2169281 48748 130 2131449 39697 0
1459947780936816 136 2173885 49184 134 2136449 41204 0
1459947780938526 127 2166610 52047 126 2130818 43174 0
1459947780940403 134 2168863 50057 131 2132027 40916 0
1459947780942317 132 2168380 46590 130 2131862 37870 0
1459947780944070 128 2162815 48079 128 2129150 37410 0
1459947780946061 134 2165365 46672 132 2131770 36902 0
1459947780948098 134 2167715 45192 132 2134185 36245 0
1459947780949834 132 2167322 42023 131 2135131 34285 0
1459947780951622 131 2165679 40252 129 2133443 33161 0
1459947780953564 127 2159045 43222 127 2129327 34363 0
1459947780955426 130 2156769 41942 128 2126813 33995 0
1459947780957278 131 2155951 39418 128 2124495 33475 0
1459947780959057 133 2157757 38003 131 2126198 32429 0
1459947780960702 129 2154302 38218 127 2122648 33166 0
1459947780962554 130 2152397 36988 129 2121936 31230 0
1459947780964629 137 2159600 40739 136 2130239 36445 0
1459947780966651 135 2163681 41318 132 2132774 35934 0
1459947780968774 139 2172563 46278 136 2140231 40000 0
1459947780970646 134 2174351 44310 132 2141985 38492 0
1459947780972491 131 2172159 42867 130 2141042 36352 0
1459947780974359 130 2168859 42560 126 2135053 39033 0
1459947780976479 137 2174776 44690 135 2141051 41513 0
1459947780978496 132 2173831 42068 131 2141461 38647 0
1459947780980509 134 2175520 40338 132 2143119 37155 0
1459947780982493 133 2175797 37441 131 2143367 34481 0
1459947780984444 133 2176052 34750 131 2143596 31998 0
1459947780986757 140 2185247 40512 139 2154047 39133 0
1459947780988738 134 2186044 38082 133 2156002 37877 0
1459947780990686 132 2184219 36788 129 2152684 37975 0
1459947780992796 137 2188936 38262 136 2158585 40448 0
1459947780994734 130 2184325 39522 132 2158905 37583 0
1459947780996757 137 2189034 40775 134 2161760 37278 0
1459947780998702 135 2190815 39231 133 2163112 35611 0
1459947781000524 131 2187337 39371 130 2160518 35218 0
1459947781002406 132 2185411 38070 131 2159407 33489 0
1459947781004466 137 2190035 39358 135 2163503 34648 0
1459947781006533 136 2193018 39033 134 2165999 34242 0
1459947781008424 133 2191928 36987 130 2163180 34164 0
1459947781010324 136 2194763 36711 132 2163141 31529 0
1459947781011933 130 2189697 38512 130 2160545 31457 0
1459947781013782 132 2187586 37448 129 2156872 32384 0
1459947781015650 134 2188200 35088 130 2154766 31795 0
1459947781017224 128 2181086 38903 122 2142584 40540 0
1459947781019142 132 2179648 37188 131 2142874 37639 0
1459947781021052 134 2180883 35420 131 2143141 34945 0
1459947781022701 125 2170501 42222 125 2135708 39066 0
1459947781024895 140 2180130 47800 138 2145495 45036 0
1459947781026862 137 2185167 48708 134 2149398 45115 0
1459947781028740 135 2187250 46823 134 2152996 44907 0
1459947781030498 132 2185331 44932 131 2152473 41879 0
1459947781032403 135 2187402 43330 132 2153271 39342 0
1459947781034109 130 2182911 44083 127 2147606 41489 0
1459947781036052 136 2186451 43902 133 2150064 40513 0
1459947781037918 132 2184594 42183 130 2148490 38797 0
1459947781039764 131 2181602 41644 130 2147039 37102 0
1459947781041889 137 2186524 42927 136 2153381 40050 0
1459947781043920 136 2189781 42576 135 2157948 41131 0
1459947781046166 137 2194064 43197 136 2163438 42978 0
1459947781048134 132 2191612 42081 130 2160819 42033 0
1459947781050035 132 2189352 40876 130 2158405 40974 0
1459947781051886 136 2192388 40481 134 2161299 40440 0
1459947781053836 134 2192627 37539 134 2163967 39740 0
1459947781055686 131 2189008 37942 129 2160027 40267 0
1459947781057686 133 2188231 35692 131 2158954 38109 0
1459947781059457 133 2187515 33562 130 2156685 37222 0
1459947781061430 140 2195815 38590 140 2167393 44186 0
1459947781063332 136 2198346 37909 132 2167025 41071 0
1459947781065088 135 2199400 35918 134 2169246 39909 0
1459947781066885 134 2199091 33394 129 2164893 40803 0
1459947781068719 134 2198807 31046 129 2160880 41313 0
1459947781070696 135 2199825 29558 131 2159741 39134 0
1459947781072671 136 2202043 29293 134 2162531 38648 0
1459947781074538 133 2200248 28658 131 2161263 36796 0
1459947781076518 135 2201153 27253 133 2162654 35203 0
1459947781078397 135 2201987 25892 134 2165216 34814 0
1459947781080541 138 2206596 28118 134 2167578 34271 0
1459947781082644 138 2210845 29838 136 2172315 35960 0
1459947781084455 132 2207082 30974 131 2170282 35023 0
1459947781086176 134 2206173 29391 131 2168408 34012 0
1459947781088061 137 2209175 29862 134 2170521 33302 0
1459947781089817 128 2200423 35597 126 2162229 38344 0
1459947781091619 132 2197474 35532 129 2158424 38854 0
1459947781093522 132 2194756 35261 130 2156197 37870 0
1459947781095429 133 2193530 33635 131 2155424 35623 0
1459947781097502 138 2198800 35865 135 2159831 36902 0
1459947781099633 137 2202378 36362 135 2163894 37764 0
1459947781101829 139 2208237 38922 136 2168919 39446 0
1459947781103617 128 2199558 43881 127 2162032 42712 0
1459947781105260 124 2186437 52547 122 2149283 51127 0
1459947781107077 128 2179461 54871 124 2140090 55606 0
1459947781108830 133 2179430 50611 132 2141855 52888 0
1459947781110385 128 2173002 52582 126 2135802 54335 0
1459947781112125 131 2170916 50396 129 2134062 51693 0
1459947781114049 133 2171553 47045 131 2135018 48535 0
1459947781115906 131 2169580 45187 128 2132059 47470 0
1459947781118109 139 2178001 49419 138 2142131 53047 0
1459947781119983 133 2178084 45635 132 2143737 50382 0
1459947781121883 131 2175601 44357 130 2142657 47440 0
1459947781123617 131 2173312 43001 129 2140381 45830 0
1459947781125360 130 2169922 42766 128 2137003 45362 0
1459947781127255 135 2173196 42443 130 2136449 42328 0
1459947781129179 136 2177495 43090 132 2138498 40910 0
1459947781131234 135 2180178 42196 130 2137827 38330 0
1459947781133308 133 2180091 38978 131 2138489 35945 0
1459947781135076 129 2174891 40725 127 2133979 37293 0
1459947781136878 133 2175217 37844 131 2134941 35266 0
1459947781138746 134 2176798 36344 132 2137108 34508 0
1459947781140583 128 2170575 39240 127 2132706 35869 0
1459947781142393 132 2169958 36741 129 2131208 34446 0
1459947781144224 134 2171950 35706 131 2132387 32841 0
1459947781146074 133 2172506 33428 131 2133474 31277 0
1459947781147900 131 2170458 32703 130 2133196 29088 0
1459947781149795 134 2172410 31948 133 2136780 30119 0
1459947781151737 136 2176770 33471 131 2137524 28450 0
1459947781153537 132 2175669 31870 131 2138209 26859 0
1459947781155232 124 2164414 39754 124 2129881 32436 0
1459947781157224 135 2168119 40063 131 2131164 31083 0
1459947781158952 131 2166414 38504 129 2129786 29923 0
1459947781160710 128 2161002 40483 126 2124676 32295 0
1459947781162441 132 2161133 37441 128 2122525 31753 0
1459947781164109 130 2158694 36762 129 2121822 29919 0
1459947781165807 131 2157726 34781 129 2121174 28177 0
1459947781167624 134 2160673 34780 132 2124417 28964 0
1459947781169567 132 2160830 32207 130 2124846 27097 0
1459947781171554 132 2160975 29823 130 2125242 25345 0
1459947781173342 129 2157268 30909 126 2120487 27747 0
1459947781175227 132 2157691 28884 131 2122503 27438 0
1459947781177154 133 2159361 28166 130 2123082 25828 0
1459947781178825 130 2157060 28085 126 2118496 28037 0
1459947781180541 129 2153659 29024 128 2116828 27383 0
1459947781182279 128 2149244 30825 127 2114010 27840 0
1459947781184105 134 2152854 31744 132 2117812 29170 0
1459947781186105 137 2160022 35872 135 2125157 33663 0
1459947781188008 133 2161510 34441 131 2126809 32556 0
1459947781189895 132 2161602 31834 129 2125772 30967 0
1459947781191752 135 2165526 32964 132 2128656 31205 0
1459947781193357 129 2161464 34132 127 2124914 32215 0
1459947781195026 128 2156439 36096 125 2118905 35237 0
1459947781196832 131 2155647 34005 129 2118485 32870 0
1459947781198353 126 2148517 37920 124 2111698 36558 0
1459947781200062 127 2143224 39836 125 2106721 38288 0
1459947781201586 123 2133224 45941 119 2094453 46605 0
1459947781203379 133 2136805 45653 130 2097223 45517 0
1459947781205496 132 2138827 43950 130 2099777 44314 0
1459947781207380 130 2138131 41157 127 2098291 42219 0
1459947781209315 129 2136209 39712 128 2098202 39002 0
1459947781211145 128 2133157 39421 128 2098119 36029 0
1459947781213113 133 2136744 39647 132 2103163 37864 0
1459947781215351 140 2149010 47857 136 2112933 43912 0
1459947781217178 130 2147518 45492 127 2110420 42797 0
1459947781219031 129 2144863 44384 128 2109383 40408 0
1459947781220820 131 2144975 41019 127 2107147 39311 0
1459947781222842 136 2151478 43809 134 2114046 42599 0
1459947781224610 130 2149793 41938 129 2114006 39306 0
1459947781226383 130 2148240 40092 129 2113969 36268 0
1459947781227983 129 2145528 39458 126 2110095 37005 0
1459947781229862 134 2149428 39970 131 2112923 36720 0
1459947781231857 135 2154303 41342 132 2116810 37435 0
1459947781233951 137 2161358 44615 135 2124234 41354 0
1459947781235819 135 2165301 44764 131 2125958 39712 0
1459947781238040 137 2171496 46977 134 2131387 41614 0
1459947781240174 135 2174647 46211 130 2131272 38467 0
1459947781242075 134 2176272 44098 134 2136286 40083 0
1459947781244012 132 2175210 41630 129 2134508 38589 0
1459947781245751 130 2171671 41638 127 2130309 39444 0
1459947781247678 133 2172249 38918 129 2128998 37569 0
1459947781249741 137 2177902 41088 136 2136750 41779 0
1459947781251873 142 2189513 48582 138 2146456 47463 0
1459947781253731 134 2189977 45214 133 2149004 46103 0
1459947781255593 135 2191685 43255 132 2150073 43486 0
1459947781257733 139 2198379 46046 136 2156178 45716 0
1459947781259576 130 2193030 47378 126 2149006 48755 0
1459947781261371 132 2190659 45861 130 2147514 46320 0
1459947781263011 129 2184633 47832 128 2143579 46328 0
1459947781264667 129 2179078 49215 127 2138671 47231 0
1459947781266471 134 2180357 46549 133 2141827 46450 0
1459947781268316 133 2180256 43004 132 2143456 44323 0
1459947781270556 142 2191683 50178 138 2152638 49325 0
1459947781272436 135 2193257 47708 132 2153423 46194 0
1459947781274206 130 2188308 48541 127 2147746 47817 0
1459947781276125 132 2186306 46593 130 2146353 45364 0
1459947781277845 128 2179340 49372 126 2139949 47722 0
1459947781279725 135 2181879 47854 132 2141725 45630 0
1459947781281603 135 2184219 46272 133 2144642 44754 0
1459947781283496 132 2182536 44207 129 2142211 43497 0
1459947781285387 134 2183545 41683 133 2145090 42752 0
1459947781287420 135 2185755 40463 132 2146464 40679 0
1459947781289563 139 2192912 43899 136 2152851 43388 0
1459947781291531 136 2195670 43012 134 2156179 43066 0
1459947781293773 138 2200773 44355 136 2161807 44889 0
1459947781295647 133 2199077 42451 130 2159315 43678 0
1459947781297670 136 2201354 41233 134 2162138 42867 0
1459947781299693 139 2207293 43486 135 2166020 43097 0
1459947781301655 138 2211488 43955 136 2170879 44210 0
1459947781303355 129 2203835 47575 127 2163839 47245 0
1459947781305065 130 2198060 49181 129 2159909 47175 0
1459947781306945 133 2196576 46705 131 2158846 44468 0
1459947781308972 141 2205448 51235 140 2169386 50709 0
1459947781310891 134 2204667 47951 131 2167582 48409 0
1459947781312850 135 2205227 44720 133 2168479 45454 0
1459947781314647 133 2203183 43109 132 2168026 42319 0
1459947781316519 134 2202579 40297 133 2168888 39807 0
1459947781318543 137 2205862 40175 135 2172243 39790 0
1459947781320588 137 2208889 39826 135 2175336 39532 0
1459947781322567 135 2209119 36926 133 2175627 36712 0
1459947781324778 141 2217011 41317 139 2183576 41171 0
1459947781326769 138 2220447 41256 136 2187064 41169 0
1459947781328663 134 2218494 39831 132 2185159 39707 0
1459947781330498 132 2214134 40738 130 2180843 40582 0
1459947781332362 133 2211394 40080 130 2176864 41078 0
1459947781334259 130 2205028 42815 128 2170636 43608 0
1459947781335958 126 2194040 49599 124 2159775 50213 0
1459947781338006 134 2194150 45826 132 2160002 46499 0
1459947781339927 135 2195532 43519 133 2161491 44239 0
1459947781342139 135 2196806 41293 132 2161584 40868 0
1459947781344445 143 2208220 48588 141 2173190 48374 0
1459947781346361 136 2209782 46232 136 2177489 48557 0
1459947781348014 127 2199702 51911 125 2167372 54088 0
1459947781349941 135 2200650 48729 134 2169566 51884 0
1459947781351784 136 2202804 46907 134 2171588 49694 0
1459947781353461 130 2197109 48491 129 2167052 49991 0
1459947781355289 134 2196979 44820 131 2165431 47579 0
1459947781357352 135 2198140 42388 133 2166496 44843 0
1459947781359189 132 2195370 41629 131 2164918 42793 0
1459947781361068 127 2186416 46629 126 2157063 46689 0
1459947781362594 124 2174322 54134 122 2144702 54435 0
1459947781364467 132 2173413 50741 131 2144827 50297 0
1459947781366350 137 2178975 51903 133 2147502 48833 0
1459947781367924 123 2166182 59640 121 2134608 56903 0
1459947781369615 125 2156949 63491 122 2124001 62234 0
1459947781371153 121 2143317 71096 119 2110383 69924 0
1459947781372709 128 2139710 68865 125 2105509 68953 0
1459947781374432 128 2136385 66549 126 2102296 66527 0
1459947781376251 130 2135879 61814 129 2103174 62138 0
1459947781378090 132 2137973 58914 130 2105263 59209 0
1459947781379911 132 2139903 56091 130 2107189 56358 0
1459947781381971 136 2146803 58069 135 2115364 59492 0
1459947781384137 142 2160844 66476 141 2130581 68872 0
1459947781386007 131 2159708 62329 129 2129249 64718 0
1459947781387853 128 2154820 61964 126 2124181 64332 0
1459947781389642 133 2156714 58869 130 2124629 59719 0
1459947781391052 122 2144380 65638 121 2113522 65291 0
1459947781392604 128 2140690 63911 126 2109683 63728 0
1459947781394634 137 2148808 66401 132 2113824 62566 0
1459947781396605 137 2156292 68112 133 2118921 62377 0
1459947781398689 136 2161911 67970 133 2123620 61835 0
1459947781400711 135 2165811 66255 135 2130512 63357 0
1459947781402894 141 2177087 71473 138 2140705 67804 0
1459947781404888 136 2181082 69571 134 2144982 66449 0
1459947781406724 134 2182204 65170 131 2145085 61352 0
1459947781408648 131 2179399 62663 129 2142620 58830 0
1459947781410634 134 2180653 58923 133 2145467 56858 0
1459947781412471 130 2176689 57972 129 2142972 54714 0
1459947781414249 130 2173035 56810 127 2138112 54919 0
1459947781416074 129 2168386 56656 127 2133632 54758 0
1459947781417881 128 2162820 57359 128 2130782 53107 0
1459947781419623 130 2160249 55246 126 2125594 53740 0
1459947781421209 129 2156599 54293 127 2122091 52769 0
1459947781422913 133 2158354 51669 130 2122702 49209 0
1459947781424639 131 2157412 48499 129 2121985 46024 0
1459947781426139 124 2147584 53770 116 2104684 58376 0
1459947781427496 123 2137244 59101 114 2086175 70877 0
1459947781428945 125 2130271 60910 117 2072952 77528 0
1459947781430446 125 2123843 62076 116 2059482 83888 0
1459947781431934 125 2117917 62688 115 2045784 89960 0
1459947781433491 127 2115014 60465 116 2034437 93391 0
1459947781434924 123 2107218 62927 112 2018856 100457 0
1459947781436365 123 2100031 64634 114 2007052 103488 0
1459947781438082 129 2101086 60556 122 2006411 95993 0
1459947781439493 124 2095658 60828 115 1996860 97297 0
1459947781441115 127 2094494 57147 117 1990615 95451 0
1459947781442736 124 2089581 57210 116 1983578 94480 0
1459947781444245 124 2085052 56914 114 1974530 95438 0
1459947781445608 121 2077037 59855 113 1964909 96849 0
1459947781447031 124 2073488 58449 113 1956040 97457 0
1459947781448535 124 2070216 56897 115 1950424 95019 0
1459947781449963 124 2067200 55231 115 1945247 92367 0
1459947781451367 122 2061860 55838 112 1936634 93089 0
1459947781452809 124 2059497 53653 115 1932534 89595 0
1459947781454558 128 2062438 52173 119 1933874 83831 0
1459947781456296 130 2067710 52956 121 1937670 80780 0
1459947781457873 128 2070010 50938 119 1938609 75335 0
1459947781459413 129 2073410 50092 120 1940755 71427 0
1459947781460869 123 2068864 50368 115 1936333 69922 0
1459947781462113 119 2059554 55015 110 1925856 74116 0
1459947781463531 121 2053531 56268 112 1918758 74867 0
1459947781465026 122 2049258 55810 112 1912215 75049 0
1459947781466360 124 2047879 52719 115 1910023 71205 0
1459947781467690 125 2047888 48608 117 1910562 66139 0
1459947781469327 126 2049176 45998 120 1914899 64969 0
1459947781470665 125 2049084 42488 119 1917617 62399 0
1459947781472184 130 2055399 44989 124 1926523 65734 0
1459947781473458 123 2052260 44366 117 1925773 61289 0
1459947781474982 127 2054487 42952 122 1931481 61763 0
1459947781476731 133 2064220 48568 128 1944424 68868 0
1459947781478332 132 2071912 51864 125 1952515 70946 0
1459947781479976 125 2070043 49534 118 1951014 66785 0
1459947781481576 128 2072160 47616 123 1956031 66192 0
1459947781482961 125 2070272 45636 119 1955536 61476 0
1459947781484625 128 2072372 44005 121 1957639 58612 0
1459947781485948 121 2065347 47042 116 1953178 58144 0
1459947781487499 124 2062711 45795 120 1954185 54530 0
1459947781489084 126 2062841 42337 123 1958954 54665 0
1459947781490521 124 2060401 41277 117 1955670 53420 0
1459947781492040 127 2061992 39518 121 1957763 51175 0
1459947781493089 105 2061992 39518 101 1957763 51175 1
1459947781494687 129 2066018 40142 124 1963532 52495 0
1459947781496608 137 2079970 49867 131 1977811 61556 0
1459947781498124 129 2082592 48388 123 1980734 59441 0
1459947781499686 127 2082449 44738 123 1983429 57281 0
1459947781501168 126 2081037 42543 120 1982073 54054 0
1459947781502711 131 2086135 43919 125 1987223 54579 0
1459947781504216 123 2080595 45593 117 1981731 55377 0
1459947781505619 124 2076768 45558 117 1976668 55717 0
1459947781507098 126 2075800 42889 121 1977120 51781 0
1459947781508509 122 2069788 45080 117 1972417 52070 0
1459947781509905 126 2069365 41947 121 1973201 48725 0
1459947781511271 126 2068975 39027 121 1973924 45585 0
1459947781512808 125 2067336 37488 118 1970751 44947 0
1459947781514536 133 2076065 42606 127 1979346 49358 0
1459947781516185 133 2084112 46695 126 1985989 51625 0
1459947781517657 127 2083850 43286 120 1984433 49024 0
1459947781519178 128 2084889 40862 122 1985559 46232 0
1459947781520757 127 2084567 37965 120 1984037 44022 0
1459947781522252 126 2082990 36451 120 1982634 41875 0
1459947781523674 124 2078976 37303 119 1980060 40975 0
1459947781525204 126 2077836 35438 123 1982807 40306 0
1459947781526749 128 2079345 34060 122 1984060 38312 0
1459947781528064 120 2070496 39556 112 1972415 46052 0
1459947781529423 120 2062338 43985 114 1964240 49990 0
1459947781530631 120 2054817 47480 113 1955423 54211 0
1459947781532100 126 2055564 44459 121 1957535 51922 0
1459947781533407 123 2052413 43889 119 1956922 48429 0
1459947781535072 130 2058468 46042 124 1962757 50024 0
1459947781536436 126 2058930 42870 121 1964296 47534 0
1459947781537835 123 2055516 42667 117 1960595 47231 0
1459947781539186 121 2049808 44594 117 1957183 46685 0
1459947781540674 123 2047106 43600 118 1955318 44756 0
1459947781542165 123 2044615 42488 117 1952318 44023 0
1459947781543920 128 2048719 42951 121 1954673 42754 0
1459947781545456 127 2051222 41903 121 1956844 41414 0
1459947781546819 115 2038170 50661 109 1943485 50492 0
1459947781548329 126 2040217 48591 122 1947810 50534 0
1459947781549705 123 2038265 46593 119 1947957 46721 0
1459947781551118 124 2037745 43430 121 1950652 45555 0
1459947781552524 122 2034706 42838 116 1946737 45604 0
1459947781553950 126 2037024 41628 121 1949528 44614 0
1459947781555308 124 2036601 38764 119 1949541 41140 0
1459947781556523 118 2028531 43173 114 1943153 43813 0
1459947781557725 119 2022372 45477 116 1939824 43458 0
1459947781559226 126 2025654 44949 120 1941875 41953 0
1459947781560533 123 2024839 42187 118 1941206 39291 0
1459947781561989 126 2027928 41739 120 1943149 38012 0
1459947781563425 126 2030776 41103 120 1944940 36693 0
1459947781564776 119 2024441 43730 113 1937631 40563 0
1459947781566287 125 2026281 42009 119 1938573 38262 0
1459947781567838 127 2030537 42651 122 1943281 39613 0
1459947781569147 122 2028061 41600 116 1939942 39595 0
1459947781570739 126 2030898 40966 121 1943264 39563 0
1459947781572310 126 2033514 40176 121 1946326 39295 0
1459947781573809 125 2034645 38080 121 1949149 38827 0
1459947781575288 123 2033128 36503 119 1949191 35832 0
1459947781576763 124 2033009 33759 121 1951790 35428 0
1459947781578198 126 2035460 33380 121 1954186 34869 0
1459947781579708 128 2040279 35215 123 1958955 36540 0
1459947781581308 126 2042162 34199 121 1960791 35378 0
1459947781582986 129 2047738 36667 126 1968884 40074 0
1459947781584677 129 2052878 38540 125 1975064 42641 0
1459947781586137 124 2051216 37060 121 1975642 39841 0
1459947781587486 125 2050964 34395 120 1974894 37416 0
1459947781589081 126 2052012 32673 120 1974205 35126 0
1459947781590776 127 2054258 32191 122 1976130 34155 0
1459947781592178 128 2057609 32765 123 1979184 34302 0
1459947781593540 125 2056858 30897 120 1978160 32565 0
1459947781594841 124 2054885 30300 117 1973376 34430 0
1459947781596029 117 2044107 37867 113 1963846 40525 0
1459947781597357 123 2041851 36987 119 1962740 38377 0
1459947781599108 132 2051291 42799 124 1968120 40338 0
1459947781600688 126 2052313 40398 120 1967960 37332 0
1459947781602300 127 2054536 39290 122 1970373 36639 0
1459947781603861 130 2060425 41649 125 1976437 39366 0
1459947781605501 128 2063294 41040 123 1979467 39084 0
1459947781606987 127 2064659 39091 121 1979701 36245 0
1459947781608730 131 2071037 41917 125 1985036 38332 0
1459947781610266 128 2073077 40522 124 1988675 38691 0
1459947781611806 126 2072397 37982 119 1985629 38475 0
1459947781613288 128 2074330 36796 123 1987941 37601 0
1459947781614519 120 2065872 41717 117 1982393 39777 0
1459947781615805 121 2059355 44464 117 1977278 41383 0
1459947781617418 129 2063587 44892 123 1980243 40882 0
1459947781618969 124 2061089 43686 121 1980416 37848 0
1459947781620547 124 2058786 42395 119 1978016 37103 0
1459947781621926 120 2051543 45758 116 1971963 39783 0
1459947781623151 120 2044866 48338 114 1963823 44177 0
1459947781624617 125 2045110 44786 120 1963999 40887 0
1459947781626298 129 2050455 46215 124 1969281 42561 0
1459947781627973 130 2056663 48327 125 1975430 44904 0
1459947781629513 129 2061106 48647 124 1979819 45441 0
1459947781631188 129 2065202 48622 124 1983865 45620 0
1459947781632612 125 2063858 46061 120 1982475 43335 0
1459947781634139 126 2063899 42499 121 1982474 39949 0
1459947781635742 129 2067776 42753 123 1985033 39186 0
1459947781637245 127 2068791 40347 121 1984832 36309 0
1459947781638808 128 2071006 39236 122 1985927 34481 0
1459947781640462 130 2075608 40413 123 1988216 33897 0
1459947781642031 123 2070891 41603 116 1981366 37562 0
1459947781643348 121 2063982 44720 117 1976331 39267 0
1459947781644774 123 2060173 44737 118 1972970 39297 0
1459947781646045 119 2051541 49197 113 1963471 44982 0
1459947781647527 126 2052544 46278 121 1964954 42834 0
1459947781649142 130 2058589 48234 124 1970161 44288 0
1459947781650603 123 2055201 47587 118 1967282 43481 0
1459947781651897 121 2049518 49107 115 1960788 46070 0
1459947781653278 121 2044279 50099 116 1956081 46808 0
1459947781654378 117 2034329 55356 112 1946622 51870 0
1459947781655798 125 2035397 52015 118 1945582 48775 0
1459947781657095 122 2032541 50583 117 1943343 47027 0
1459947781658736 126 2035028 48924 121 1946399 46170 0
1459947781660172 126 2037321 47215 120 1947936 43979 0
1459947781661847 131 2045835 51375 127 1958313 50109 0
1459947781663523 130 2052404 53416 125 1965319 52653 0
1459947781664777 125 2052059 49559 119 1964098 49664 0
1459947781666289 125 2051741 45979 119 1962972 46821 0
1459947781667820 128 2055288 45656 123 1967054 46926 0
1459947781669324 124 2053438 43793 119 1965697 44509 0
1459947781670711 124 2051733 41942 119 1964446 42183 0
1459947781672250 127 2054001 40756 122 1967133 41364 0
1459947781673683 124 2052252 39183 117 1963210 41747 0
1459947781675208 126 2053199 36994 119 1962154 39458 0
1459947781676705 127 2055352 36088 119 1961180 37272 0
1459947781678263 129 2059897 37458 123 1965402 38252 0
1459947781679731 121 2053847 40107 115 1959054 41114 0
1459947781681137 126 2054670 37731 119 1958322 38574 0
1459947781682797 127 2056708 36662 117 1955088 38541 0
1459947781684404 127 2058587 35529 116 1950826 39457 0
1459947781685748 128 2061599 35530 115 1945617 41175 0
1459947781687188 132 2069496 40034 118 1944655 38844 0
1459947781688626 128 2071656 38897 116 1941208 38985 0
1459947781690069 132 2078767 42414 117 1939311 37687 0
1459947781691583 135 2089163 48684 121 1942682 37849 0
1459947781693214 136 2100027 54895 123 1948349 40117 0
1459947781694833 138 2112602 62198 123 1953574 41799 0
1459947781696196 130 2113954 58585 115 1948151 43532 0
1459947781697648 128 2112641 55218 112 1939311 48279 0
1459947781698855 129 2112710 50968 112 1931162 52019 0
1459947781700459 135 2120454 54125 120 1933889 50469 0
1459947781701892 131 2122473 51757 113 1927443 52467 0
1459947781703457 136 2130734 55329 120 1930461 51150 0
1459947781704938 132 2133230 53307 116 1928123 49307 0
1459947781706220 127 2129131 52920 112 1920848 52160 0
1459947781707705 134 2134312 53561 115 1917981 50727 0
1459947781709378 140 2146768 60859 126 1929418 57307 0
1459947781710871 134 2150571 59610 120 1932282 55469 0
1459947781712257 134 2154077 58184 118 1932362 51209 0
1459947781713603 130 2152189 55377 111 1923476 55399 0
1459947781715282 137 2159409 57706 120 1926804 54138 0
1459947781716925 136 2164785 58153 119 1928592 51556 0
1459947781718565 138 2172301 60537 121 1932800 51408 0
1459947781720092 137 2177949 61014 120 1935400 49787 0
1459947781721608 134 2179316 57507 114 1930116 50767 0
1459947781723049 135 2181856 55356 116 1927805 48929 0
1459947781724654 137 2186758 55550 118 1928235 45502 0
1459947781726232 137 2191277 55376 118 1928631 42312 0
1459947781727877 136 2194163 53710 118 1928996 39343 0
1459947781729273 131 2190424 52959 116 1926773 38318 0
1459947781730626 134 2190817 49183 117 1926003 36032 0
1459947781731912 129 2184779 50905 113 1920174 38590 0
1459947781733399 133 2184333 47339 116 1918640 36988 0
1459947781734864 137 2189041 47981 116 1917226 35401 0
1459947781736302 133 2188262 44949 116 1915922 33836 0
1459947781737803 134 2188824 41955 116 1914720 32299 0
1459947781739494 142 2199582 48594 124 1923852 38194 0
1459947781741110 137 2203099 48039 120 1927151 38251 0
1459947781742570 136 2205061 46094 117 1926352 35998 0
1459947781744055 133 2203030 44363 117 1925615 33863 0
1459947781745431 136 2204998 42711 115 1922376 34202 0
1459947781747067 140 2211932 45766 121 1927070 35856 0
1459947781748382 129 2204244 49276 113 1921157 38504 0
1459947781749705 132 2200997 48418 114 1916986 39339 0
1459947781751143 135 2201844 45415 115 1914421 38629 0
1459947781752620 135 2202624 42586 116 1913336 36610 0
1459947781754256 139 2208464 44641 119 1916176 36367 0
1459947781755828 138 2212567 44936 123 1923914 40659 0
1459947781757246 137 2215070 43732 116 1922088 39165 0
1459947781758735 139 2219937 44802 121 1926804 40453 0
1459947781760195 137 2221864 43077 118 1927312 37760 0
1459947781761826 140 2227480 44889 122 1932900 39962 0
1459947781763555 141 2233938 47335 121 1936772 40408 0
1459947781765147 137 2234771 44404 118 1936501 37500 0
1459947781766578 132 2229139 46125 113 1929851 40699 0
1459947781768062 138 2231627 44815 117 1928841 38449 0
1459947781769554 133 2227521 45098 114 1924070 39842 0
1459947781771132 133 2223735 45063 115 1920952 39603 0
1459947781772473 132 2218965 45938 111 1912957 43878 0
1459947781773806 133 2215848 45222 116 1911987 41343 0
1459947781775549 141 2223214 48480 123 1920053 45548 0
1459947781777096 139 2227445 48592 116 1918528 43394 0
1459947781778633 136 2227505 44851 116 1917123 41298 0
1459947781780132 137 2228841 42578 117 1917107 38084 0
1459947781781820 139 2232632 42746 122 1923493 40995 0
1459947781783587 142 2239967 46168 120 1926820 40859 0
1459947781785115 135 2237769 44586 115 1923487 40738 0
1459947781786433 129 2228063 50049 108 1911454 48647 0
1459947781787631 127 2216555 56746 110 1902921 52711 0
1459947781789155 135 2216186 52651 118 1905295 50780 0
1459947781790708 136 2217126 49404 116 1904923 47154 0
1459947781792454 141 2224393 52243 121 1910980 49054 0
1459947781793957 134 2222132 50245 118 1912724 46829 0
1459947781828510 138 2225167 49117 116 1911772 44047 0
1459947781829919 136 2225405 45499 114 1908334 43773 0
1459947781831239 133 2221785 45280 111 1901325 46814 0
1459947781832732 140 2227408 46925 118 1903823 45459 0
1459947781834346 135 2226191 44379 115 1902286 43323 0
1459947781835754 135 2225069 41944 115 1900869 41243 0
1459947781837495 138 2227875 41254 115 1899563 39223 0
1459947781838953 137 2229182 39236 114 1897079 38447 0
1459947781840413 136 2229107 36238 116 1897349 35692 0
1459947781842031 137 2230318 34522 118 1900158 35493 0
1459947781843729 140 2235274 36393 118 1902748 35107 0
1459947781845319 139 2238563 36581 118 1905135 34565 0
1459947781847036 140 2242875 37698 119 1908616 35073 0
1459947781848656 139 2245570 37236 119 1911825 35290 0
1459947781850254 142 2251894 40156 119 1914783 35259 0
1459947781851896 141 2256444 41213 116 1913670 33529 0
1459947781853529 138 2256799 38320 115 1911364 33034 0
1459947781855291 139 2258406 36808 117 1911798 30853 0
1459947781857086 146 2268848 43558 122 1918598 34711 0
1459947781858616 140 2270794 41949 117 1918467 32119 0
1459947781859959 134 2264908 44096 111 1910666 36799 0
1459947781861604 137 2263322 42113 119 1913715 36735 0
1459947781863245 137 2261859 40169 117 1913966 34096 0
1459947781864756 138 2261791 37092 116 1912917 32398 0
1459947781866368 140 2264288 36496 118 1914510 31334 0
1459947781867793 134 2258910 38601 111 1907018 35791 0
1459947781869349 136 2256512 37795 114 1903952 35820 0
1459947781870902 138 2256862 35164 116 1903685 33266 0
1459947781872243 135 2253344 35658 112 1898319 35613 0
1459947781873933 141 2257781 36962 119 1902332 36530 0
1459947781875621 141 2261871 37845 118 1904752 35907 0
1459947781877061 137 2260522 36131 114 1901863 35764 0
1459947781878668 143 2266958 39241 120 1906879 37594 0
1459947781880059 135 2262651 40144 113 1902544 38652 0
1459947781881087 116 2262651 40144 94 1902544 38652 1
1459947781882489 137 2261241 38306 116 1902387 35775 0
1459947781884150 142 2266341 40015 120 1907363 37567 0
1459947781885832 142 2271043 41222 120 1911950 38860 0
1459947781887348 137 2268977 39904 115 1909778 37825 0
1459947781888728 134 2263233 42081 112 1903936 40254 0
1459947781890356 138 2263057 38954 116 1903671 37353 0
1459947781891996 141 2266735 39301 119 1907266 37748 0
1459947781893783 146 2276526 45256 122 1914420 41393 0
1459947781895234 138 2275312 42838 118 1915895 39519 0
1459947781896496 130 2263953 49962 111 1908295 43436 0
1459947781898033 138 2263721 46271 116 1907689 40600 0
1459947781899751 139 2264787 43639 118 1909690 39273 0
1459947781901417 140 2267050 42315 118 1911535 37905 0
1459947781902785 138 2266576 39445 116 1910676 35734 0
1459947781904281 137 2264859 37945 117 1911164 33392 0
1459947781905924 139 2265836 35881 119 1914174 33558 0
1459947781907476 139 2266737 33908 118 1915669 32314 0
1459947781909042 143 2272688 36744 120 1919607 33419 0
1459947781910475 140 2274334 35390 115 1916837 33360 0
1459947781911912 134 2268171 38305 111 1909164 37826 0
1459947781913161 135 2263770 39369 114 1905930 37850 0
1459947781914546 134 2258432 41213 111 1899109 41179 0
1459947781916007 138 2258632 38177 116 1899221 38064 0
1459947781917587 139 2260096 36544 116 1899324 35185 0
1459947781918929 136 2257606 35984 112 1894299 37068 0
1459947781920317 137 2256590 34108 115 1893506 34902 0
1459947781922002 139 2258213 32940 116 1894055 32681 0
1459947781923562 141 2262270 34106 116 1894561 30594 0
1459947781925221 137 2260890 32713 117 1896308 29813 0
1459947781926697 136 2258337 32509 115 1895358 28357 0
1459947781928280 143 2264944 36060 119 1899603 30054 0
1459947781929798 138 2264635 33526 113 1895836 31178 0
1459947781931283 140 2266910 33003 118 1898763 31441 0
1459947781932723 135 2262607 34390 112 1893782 33575 0
1459947781934172 135 2258640 35359 113 1890470 34003 0
1459947781935670 136 2256263 34786 117 1892537 33251 0
1459947781937263 140 2259192 34768 117 1894442 32409 0
1459947781938832 142 2264452 36900 118 1897478 32676 0
1459947781939918 118 2264452 36900 94 1897478 32676 1
1459947781941308 139 2265461 34947 114 1895157 32262 0
1459947781942764 136 2262551 34897 115 1894297 30532 0
1459947781944298 142 2267549 36777 117 1896065 29775 0
1459947781945746 136 2264476 36735 112 1891294 31845 0
1459947781947367 137 2262923 35295 114 1889456 31050 0
1459947781948807 133 2256372 38576 110 1882642 34905 0
1459947781950245 134 2251612 39949 111 1877640 36788 0
1459947781951677 136 2249784 38511 115 1878149 34382 0
1459947781953137 135 2246819 38234 112 1874778 34802 0
1459947781954669 140 2250486 38626 115 1875510 32758 0
1459947781956116 138 2251306 36364 116 1877465 32001 0
1459947781957838 146 2262302 43660 122 1886948 38242 0
1459947781959473 141 2266039 43694 118 1890570 38593 0
1459947781960833 136 2263084 43003 114 1888789 37218 0
1459947781962011 133 2256520 45693 108 1879467 42903 0
1459947781963651 140 2259429 44805 117 1882393 42249 0
1459947781965091 140 2262111 43776 116 1883811 40255 0
1459947781966364 136 2259463 42796 113 1881278 39444 0
1459947781967810 139 2260862 40742 115 1881503 36569 0
1459947781969261 136 2258312 39909 113 1879150 35880 0
1459947781970416 129 2247001 47217 107 1869301 42155 0
1459947781971895 139 2249374 45715 114 1869181 38970 0
1459947781973520 142 2255401 47699 119 1875471 41723 0
1459947781975147 139 2257117 45554 116 1877429 40268 0
1459947781976682 139 2258699 43454 114 1876674 37817 0
1459947781978275 139 2260158 41404 116 1878538 36581 0
1459947781979834 136 2257663 40468 114 1877697 34498 0
1459947781981410 139 2259203 38725 116 1879481 33447 0
1459947781982876 133 2252942 41470 110 1873446 36395 0
1459947781984197 133 2247170 43550 110 1867883 38679 0
1459947781985566 130 2238009 48591 108 1860194 42744 0
1459947781987197 138 2239804 46449 116 1863346 42310 0
1459947781988944 142 2246579 49066 119 1870092 45223 0
1459947781990482 141 2251545 49810 118 1875031 46242 0
1459947781991726 134 2247163 49957 109 1868064 49051 0
1459947781993106 138 2248243 47050 110 1862921 49958 0
1459947781994500 137 2247959 43635 113 1862020 46885 0
1459947781995846 138 2248977 41164 112 1859909 45167 0
1459947781997380 141 2253755 42353 118 1865643 46924 0
1459947781998852 137 2253040 39702 114 1865809 43411 0
1459947782000468 142 2258781 41892 117 1869802 43700 0
1459947782001976 137 2257673 39639 114 1869643 40430 0
1459947782003333 137 2256652 37482 110 1864377 42125 0
1459947782004664 134 2251871 38960 112 1862082 40948 0
1459947782006301 143 2258983 42472 118 1867646 42878 0
1459947782007786 137 2257859 40188 113 1866376 40698 0
1459947782009329 140 2260663 39633 115 1867765 38798 0
1459947782010901 142 2265808 41279 121 1876725 44026 0
1459947782012304 138 2265431 38400 116 1878585 42301 0
1459947782013552 133 2258684 41619 110 1872620 44494 0
1459947782015200 142 2263984 43253 120 1879921 47748 0
1459947782016653 137 2262470 41268 112 1876412 47251 0
1459947782018171 138 2262354 38149 114 1875737 44180 0
1459947782019631 139 2263527 36249 117 1878955 43694 0
1459947782021182 142 2268448 37954 117 1881921 43014 0
1459947782022797 140 2270425 36811 116 1883375 40994 0
1459947782024058 136 2267128 36974 111 1878316 42454 0
1459947782025545 138 2266648 34526 114 1877492 39896 0
1459947782026740 129 2254686 42855 104 1863932 49278 0
1459947782028125 137 2253898 40231 114 1864232 45704 0
1459947782029583 139 2255732 38777 112 1861948 44237 0
1459947782030842 132 2248462 42448 110 1857283 45080 0
1459947782032158 135 2245600 41768 109 1851702 46702 0
1459947782033545 134 2241682 42115 111 1849117 45435 0
1459947782034941 137 2241910 39034 110 1845454 45261 0
1459947782036344 136 2240840 36969 113 1845917 42151 0
1459947782037861 138 2242414 35531 116 1850184 42791 0
1459947782039222 136 2241305 33776 111 1847718 41719 0
1459947782040834 137 2241563 31374 114 1849285 39903 0
1459947782042488 144 2250760 37401 120 1858409 45196 0
1459947782043922 138 2251559 35215 115 1860420 43519 0
1459947782045496 139 2253575 34322 113 1859714 40769 0
1459947782046814 135 2250314 34645 109 1853943 42902 0
1459947782048388 136 2248588 33528 113 1853743 39733 0
1459947782049898 141 2253397 35341 115 1856119 38818 0
1459947782051317 137 2252710 33211 112 1854469 37305 0
1459947782052819 139 2254637 32392 115 1856788 36528 0
1459947782054354 138 2255133 30318 114 1857646 34465 0
1459947782056007 143 2261990 34271 120 1866117 39581 0
1459947782057510 138 2261912 31664 115 1867526 37787 0
1459947782058956 140 2264400 31483 115 1868825 36032 0
1459947782060412 140 2266693 31137 114 1868743 33292 0
1459947782061882 139 2267527 29473 112 1866107 33120 0
1459947782063608 143 2273416 32599 117 1870077 34192 0
1459947782065299 143 2278845 35057 120 1877577 38434 0
1459947782066821 136 2274890 35963 114 1876811 36136 0
1459947782068247 140 2276364 34512 113 1874825 35142 0
1459947782069667 138 2275163 32922 113 1872994 34083 0
1459947782070923 136 2271495 33729 112 1870026 34155 0
1459947782072294 134 2265554 36569 109 1863450 37548 0
1459947782073859 140 2267757 35743 115 1865067 36105 0
1459947782075447 143 2273628 38362 116 1867838 35839 0
1459947782076963 141 2276480 37994 116 1870393 35394 0
1459947782078310 139 2276550 35089 114 1870188 32816 0
1459947782079769 143 2281734 37126 118 1875119 34798 0
1459947782081501 147 2291633 43351 122 1884785 40990 0
1459947782083073 143 2295639 43657 120 1891136 43642 0
1459947782084575 141 2296772 41290 118 1894431 43269 0
1459947782085986 139 2295256 39460 116 1894908 40328 0
1459947782087300 135 2288739 42384 110 1887668 43851 0
1459947782088577 134 2281451 45790 109 1879713 47757 0
1459947782090135 140 2282412 43098 115 1880060 44345 0
1459947782091389 135 2276898 44812 110 1873980 46484 0
1459947782092646 133 2269255 48356 109 1867095 49198 0
1459947782094156 139 2269889 45162 115 1868428 46583 0
1459947782095791 142 2274313 45712 120 1876057 49976 0
1459947782097351 142 2278392 45900 118 1880530 50194 0
1459947782098882 142 2282152 45780 116 1882093 47713 0
1459947782100389 141 2284338 44219 119 1887374 48853 0
1459947782102011 139 2283794 41265 118 1890962 48344 0
1459947782103210 136 2279452 42043 111 1885310 49776 0
1459947782104505 134 2272889 44807 110 1878820 51869 0
1459947782106038 136 2269399 44522 114 1877957 48611 0
1459947782107467 138 2268742 41648 112 1874601 47906 0
1459947782109201 143 2274536 43735 115 1875347 44851 0
1459947782110695 145 2282437 47602 118 1879875 45521 0
1459947782112109 139 2282041 44247 114 1878929 42835 0
1459947782113624 140 2282956 41634 118 1883177 43404 0
1459947782115141 138 2281240 39962 115 1883253 40083 0
1459947782116664 136 2277098 40657 113 1880763 39245 0
1459947782118282 138 2275839 38639 116 1882308 37602 0
1459947782119799 142 2279799 39270 118 1886292 38337 0
1459947782121235 140 2280889 37207 116 1887405 36367 0
1459947782122380 133 2272934 41632 105 1874351 45558 0
1459947782123663 135 2268161 42779 110 1868717 47191 0
1459947782124930 134 2262480 44672 110 1863523 48291 0
1459947782126269 136 2259803 43649 110 1858735 48931 0
1459947782127629 139 2261175 41503 113 1858161 45636 0
1459947782128939 132 2253480 45353 106 1848672 50817 0
1459947782130206 137 2252786 42447 113 1848884 47041 0
1459947782131549 136 2250867 40898 112 1847799 44364 0
1459947782132923 136 2249098 39332 112 1846799 41819 0
1459947782134403 140 2252587 39475 117 1852277 43601 0
1459947782135966 139 2254523 38176 117 1857327 44850 0
1459947782137518 141 2258868 39198 117 1861983 45638 0
1459947782138944 139 2260313 37468 114 1862435 42489 0
1459947782140466 139 2261646 35768 115 1864132 40733 0
1459947782141990 140 2264154 35285 115 1865696 38992 0
1459947782143571 141 2267746 35840 118 1870978 40814 0
1459947782144960 137 2265938 34706 112 1868167 40215 0
1459947782146574 141 2269391 35177 114 1868136 37101 0
1459947782148107 140 2271294 34183 113 1866827 35407 0
1459947782149676 142 2275609 35490 117 1870741 36248 0
1459947782151180 139 2275747 32844 117 1874349 36742 0
1459947782152768 143 2280994 35115 117 1877675 36937 0
1459947782154367 141 2283271 34470 116 1879461 35698 0
1459947782156216 147 2293050 40792 120 1886228 39147 0
1459947782158178 148 2303345 47096 126 1900146 48919 0
1459947782160032 145 2308996 48625 119 1904017 48665 0
1459947782161738 145 2314205 49628 121 1910145 50512 0
1459947782163333 143 2316447 47817 117 1910674 47053 0
1459947782164444 137 2310834 49254 111 1903482 50005 0
1459947782165929 137 2305660 50175 115 1901972 47489 0
1459947782167304 133 2295770 55372 111 1895460 49780 0
1459947782168999 142 2298172 53261 116 1895857 46256 0
1459947782170427 137 2293987 52956 110 1888543 49384 0
1459947782171924 142 2296529 51161 116 1889480 46389 0
1459947782173665 143 2300152 50504 118 1892904 45920 0
1459947782175161 137 2295812 50558 112 1888380 46501 0
1459947782176728 140 2295651 46755 115 1888050 43171 0
1459947782178402 143 2299343 46505 117 1890306 41877 0
1459947782179924 139 2297626 44453 115 1889825 39047 0
1459947782181437 139 2296043 42438 116 1890662 36768 0
1459947782182868 136 2290744 44006 110 1883754 40263 0
1459947782184369 138 2288419 42710 110 1877385 42987 0
1459947782186000 142 2291396 42117 118 1881754 43655 0
1459947782187675 142 2294140 41356 118 1885781 43957 0
1459947782189432 141 2295390 39277 119 1890774 45125 0
1459947782191097 144 2300382 40810 118 1894097 44662 0
1459947782192774 144 2304984 41864 118 1897160 43996 0
1459947782194270 140 2304107 39401 115 1896144 41494 0
1459947782195780 139 2302018 38247 115 1895207 39115 0
1459947782197157 138 2298812 38212 113 1891783 39214 0
1459947782198692 139 2297137 36769 115 1891187 36698 0
1459947782199903 135 2290473 40039 109 1882958 41416 0
1459947782201069 132 2280489 46113 109 1875371 45173 0
1459947782202080 123 2280489 46113 100 1875371 45173 1
1459947782203197 133 2272565 49814 108 1867097 49269 0
1459947782204497 138 2271660 46755 112 1864590 47730 0
1459947782205917 142 2275946 47053 115 1866118 45410 0
1459947782207497 140 2277337 44659 114 1866247 41981 0
1459947782208972 144 2283740 47072 118 1871486 43531 0
1459947782210430 141 2285802 45295 115 1872476 41042 0
1459947782211967 140 2286423 42329 115 1873388 38676 0
1459947782213565 142 2289556 41910 118 1878069 39969 0
1459947782215157 145 2296284 44837 121 1886224 44364 0
1459947782216801 143 2299926 44692 117 1888622 43109 0
1459947782218300 136 2294324 46364 111 1883153 44782 0
1459947782219785 142 2296839 45060 117 1885791 43715 0
1459947782221312 141 2297878 42497 116 1886943 41361 0
1459947782223381 135 2291156 45372 134 1911045 60348 0
1459947782225509 138 2288799 43999 136 1935824 78476 0
1459947782227574 137 2285346 43743 135 1957387 92224 0
1459947782229506 136 2280883 44438 133 1974706 100985 0
1459947782231235 129 2267809 53018 127 1982992 100733 0
1459947782233245 137 2265996 50545 136 2002150 110525 0
1459947782235189 135 2261765 50496 134 2017252 115812 0
1459947782236996 132 2254024 53686 127 2022214 111338 0
1459947782238772 129 2243048 59609 127 2026788 106856 0
1459947782240738 135 2240609 57199 133 2038685 109474 0
1459947782242728 130 2231961 60701 127 2041972 103951 0
1459947782244750 133 2227829 59767 132 2051402 104523 0
1459947782246615 132 2222739 59788 131 2058816 103192 0
1459947782248480 133 2219327 58261 133 2068211 103791 0
1459947782250471 136 2220022 54349 133 2076872 103666 0
1459947782252425 134 2218102 51871 131 2082296 100567 0
1459947782254515 136 2218892 48547 134 2091136 100860 0
1459947782256515 136 2219621 45426 134 2099286 100493 0
1459947782258426 136 2220293 42496 133 2105519 98387 0
1459947782260306 133 2217072 42144 131 2108705 93637 0
1459947782262156 131 2211543 43947 128 2107802 87153 0
1459947782264065 133 2209006 42851 130 2109529 81937 0
1459947782265975 130 2202827 45198 128 2108562 76426 0
1459947782267785 128 2194571 49276 126 2105110 73636 0
1459947782269549 131 2190800 48902 130 2107048 69669 0
1459947782271492 136 2193723 47776 132 2111394 68233 0
1459947782273213 132 2191298 46278 129 2111561 63056 0
1459947782274792 123 2177542 55342 121 2101475 67426 0
1459947782276280 123 2164861 62707 121 2092177 70729 0
1459947782278218 135 2168531 61191 133 2098965 71461 0
1459947782280287 136 2173194 60709 135 2107783 74007 0
1459947782282374 137 2178773 61109 136 2117192 76899 0
1459947782284416 136 2182636 59895 136 2125866 78887 0
1459947782286479 133 2182357 55471 132 2128742 75375 0
1459947782288434 135 2184660 53260 133 2132674 73110 0
1459947782290086 133 2184223 49501 130 2132458 67596 0
1459947782291927 134 2185100 46442 131 2133539 63312 0
1459947782293679 133 2184629 43247 130 2133256 58625 0
1459947782295684 132 2182914 41448 131 2134275 54983 0
1459947782297317 123 2169813 50285 123 2124974 59260 0
1459947782299131 136 2174376 50562 134 2130480 59706 0
1459947782301069 136 2178582 50489 133 2134276 58540 0
1459947782303103 138 2185020 52479 136 2141615 60732 0
1459947782305166 138 2190955 53850 136 2148381 62224 0
1459947782307105 132 2188746 51677 129 2145658 59871 0
1459947782308939 135 2190550 49302 131 2145708 55239 0
1459947782310778 136 2193493 48163 132 2147034 52145 0
1459947782312539 133 2192366 45438 131 2146976 48123 0
1459947782314343 133 2191327 42845 131 2146923 44411 0
1459947782316118 132 2189089 41559 129 2144314 43345 0
1459947782318045 138 2194706 43490 134 2148309 43641 0
1459947782319687 129 2188364 45937 127 2143032 45095 0
1459947782321293 129 2182518 47737 127 2138167 46055 0
1459947782323067 133 2182248 44255 130 2137522 43049 0
1459947782324852 128 2175599 46925 127 2133088 43772 0
1459947782326566 131 2173310 45367 128 2130280 42940 0
1459947782328503 135 2176320 44597 131 2131531 40739 0
1459947782330191 122 2162455 53893 119 2117325 50652 0
1459947782331952 133 2163753 50878 131 2119588 48781 0
1459947782333898 133 2164949 48006 134 2125515 50433 0
1459947782335839 134 2167332 46452 132 2128419 49169 0
1459947782337637 133 2168249 43667 130 2128536 45435 0
1459947782339473 131 2166534 41835 129 2127364 42965 0
1459947782341473 130 2163673 41202 129 2126283 40603 0
1459947782343444 136 2168716 42632 134 2131687 42411 0
1459947782345400 132 2168245 39735 129 2130268 40404 0
1459947782347485 138 2175490 43309 135 2136640 43122 0
1459947782349437 136 2179609 43723 134 2141235 43989 0
1459947782351479 137 2184687 44988 136 2148031 46817 0
1459947782353416 134 2185528 42248 133 2150456 45394 0
1459947782355288 135 2187583 40842 130 2148851 43325 0
1459947782357091 134 2188198 38218 134 2152492 43296 0
1459947782358980 136 2191325 38114 133 2154568 41827 0
1459947782360978 134 2191647 35433 132 2155202 39143 0
1459947782362761 132 2189384 34749 132 2155786 36623 0
1459947782364728 131 2186018 35136 129 2152485 36803 0
1459947782366599 132 2184195 34071 130 2150722 35552 0
1459947782368592 135 2186354 33400 133 2152936 34815 0
1459947782370316 130 2181945 34854 128 2148577 36112 0
1459947782371868 125 2171480 41777 124 2139439 41713 0
1459947782373588 132 2170793 39146 129 2137415 40319 0
1459947782375331 132 2170159 36670 130 2136829 37708 0
1459947782377133 130 2167015 36703 128 2133729 37619 0
1459947782378995 135 2170516 37063 132 2135991 36765 0
1459947782380769 131 2168624 35910 130 2135516 34329 0
1459947782382630 134 2170720 35036 133 2138918 34784 0
1459947782384812 137 2176492 37619 136 2145895 38497 0
1459947782386840 139 2184373 41945 137 2153606 42598 0
1459947782388873 133 2183958 39049 132 2154315 39924 0
1459947782390723 135 2186136 38006 133 2156249 38587 0
1459947782392571 130 2181744 39084 127 2150352 41008 0
1459947782394548 131 2178975 38582 128 2146195 41635 0
1459947782396426 129 2173862 40279 125 2138523 45454 0
1459947782398316 133 2174269 37507 130 2137850 42521 0
1459947782400277 134 2175924 36101 132 2139790 40987 0
1459947782402173 128 2169769 38953 127 2135178 42034 0
1459947782404064 132 2169215 36418 133 2138607 41911 0
1459947782405703 129 2164865 37582 127 2134088 42801 0
1459947782407752 136 2169814 39208 134 2138882 43876 0
1459947782409638 133 2170537 36810 133 2142021 43342 0
1459947782411480 134 2172483 35728 132 2143635 41443 0
1459947782413371 134 2174277 34590 133 2146403 40757 0
1459947782415208 134 2175931 33412 132 2147675 38744 0
1459947782417180 134 2177456 32207 133 2150127 37978 0
1459947782419283 138 2183982 35706 136 2156228 40634 0
1459947782421132 134 2184878 33742 133 2158012 39104 0
1459947782422990 138 2190824 36586 136 2163497 41105 0
1459947782424881 138 2196305 38780 135 2167273 41374 0
1459947782426830 137 2200078 39228 135 2170754 41350 0
1459947782428583 130 2194596 41215 126 2162443 45779 0
1459947782430439 132 2192103 40293 129 2158622 45724 0
1459947782432360 136 2194924 39746 133 2160219 43623 0
1459947782434269 135 2196245 37858 132 2160411 40391 0
1459947782436043 129 2189783 40856 125 2151628 45330 0
1459947782437742 130 2185106 41975 128 2147372 45711 0
1459947782439703 132 2183354 40309 131 2147288 42215 0
1459947782441451 130 2179179 41007 128 2143371 42526 0
1459947782443467 138 2185570 43695 136 2150000 45314 0
1459947782445355 129 2179942 45468 129 2147151 44399 0
1459947782447183 132 2178594 43157 130 2145804 42170 0
1459947782449382 137 2183751 44539 133 2148403 41271 0
1459947782450956 119 2183751 44539 117 2148403 41271 1
1459947782453188 139 2191065 47802 138 2157199 46154 0
1459947782455218 136 2193968 46743 135 2161467 46483 0
1459947782457185 133 2192804 44163 132 2161562 42938 0
1459947782459121 126 2182771 49960 125 2152689 47761 0
1459947782461222 138 2188882 51689 135 2157310 48289 0
1459947782463379 140 2197075 55203 138 2165410 51983 0
1459947782465496 136 2199508 53133 133 2166477 48904 0
1459947782467623 138 2204311 53409 136 2171300 49530 0
1459947782469711 135 2204899 49778 134 2173187 47399 0
1459947782471744 136 2206721 47568 134 2174926 45298 0
1459947782473666 133 2204560 45842 133 2175249 42057 0
1459947782475769 138 2208968 46324 135 2178107 41406 0
1459947782477737 134 2207912 43677 132 2176902 39281 0
1459947782479551 132 2204378 43521 131 2174511 38415 0
1459947782481361 134 2203680 40762 131 2172307 37444 0
1459947782483422 133 2201757 39349 131 2170275 36390 0
1459947782485264 129 2194864 42627 127 2163282 39993 0
1459947782486954 130 2189790 43973 128 2158115 41630 0
1459947782488764 133 2188952 41308 132 2158472 38706 0
1459947782490548 128 2181780 44691 124 2148561 44818 0
1459947782492426 136 2185408 44544 135 2153504 45873 0
1459947782494328 133 2184913 41520 133 2155501 44130 0
1459947782496148 134 2185736 39035 130 2153502 42524 0
1459947782498041 138 2191615 41405 136 2159339 44582 0
1459947782500171 140 2199595 45526 136 2164720 46060 0
1459947782502117 133 2197991 43447 132 2164561 42607 0
1459947782504055 135 2199072 41049 134 2166974 41503 0
1459947782505985 133 2197509 39282 131 2165359 39748 0
1459947782508090 139 2203748 41965 136 2170270 41169 0
1459947782509845 132 2200540 41643 128 2164557 43218 0
1459947782511678 131 2196302 42295 126 2156730 47055 0
1459947782513487 130 2191115 43770 127 2150795 48848 0
1459947782515381 132 2188894 42397 130 2149164 46534 0
1459947782517260 129 2183006 44511 128 2145100 46643 0
1459947782519216 138 2189098 46649 137 2152874 50165 0
1459947782521072 131 2185754 46086 128 2148520 50258 0
1459947782522903 129 2180111 47686 124 2139386 54750 0
1459947782524839 135 2182589 46245 130 2138646 51153 0
1459947782526771 135 2184874 44738 130 2137964 47784 0
1459947782528699 134 2185700 42004 130 2137335 44629 0
1459947782530454 132 2183902 40379 129 2135475 42855 0
1459947782532271 130 2179684 41111 128 2132481 42266 0
1459947782534160 135 2182196 40214 134 2137400 43498 0
1459947782535849 130 2178111 40836 127 2132975 44177 0
1459947782537926 142 2189706 48334 139 2144256 51125 0
1459947782539725 134 2190155 44971 134 2148256 50817 0
1459947782541456 131 2186729 44615 131 2148103 46986 0
1459947782543371 133 2186130 41680 130 2146682 44624 0
1459947782545413 135 2188138 40274 133 2149212 43469 0
1459947782547322 130 2183589 41319 128 2145144 43821 0
1459947782549083 129 2178116 43135 128 2141394 43853 0
1459947782550985 132 2176910 40876 130 2140497 41252 0
1459947782552691 129 2171958 42246 127 2135830 42330 0
1459947782554714 137 2177633 44177 134 2140488 43316 0
1459947782556861 139 2185425 47908 137 2148622 47429 0
1459947782558779 137 2190048 48427 135 2153560 48276 0
1459947782560457 124 2177670 56053 122 2141473 55646 0
1459947782562140 131 2175219 53931 129 2139290 53310 0
1459947782564124 137 2180640 54714 134 2143677 53190 0
1459947782566162 133 2180517 50551 131 2143882 49223 0
1459947782568105 133 2180404 46705 131 2144071 45551 0
1459947782569763 128 2173899 49051 123 2134005 51271 0
1459947782571295 125 2164063 54285 122 2123445 56999 0
1459947782572991 127 2157555 56041 120 2111150 63878 0
1459947782574942 134 2160516 54391 132 2115176 62598 0
1459947782576967 137 2167085 56197 134 2121447 63488 0
1459947782578675 132 2166741 52122 131 2123388 60318 0
1459947782580196 128 2161304 53060 126 2118778 59854 0
1459947782581905 127 2155012 54714 125 2113248 60274 0
1459947782583863 135 2159451 54531 134 2119670 61485 0
1459947782585681 132 2159703 50503 130 2120470 57419 0
1459947782587164 127 2153536 52242 125 2114808 58152 0
1459947782588774 128 2149131 52220 126 2110868 57239 0
1459947782590426 130 2147630 49523 126 2107236 56114 0
1459947782592086 129 2144966 48109 127 2105168 53636 0
1459947782593706 125 2137390 51333 124 2099421 54742 0
1459947782595554 134 2141926 51504 133 2105643 56201 0
1459947782597367 128 2138428 50704 127 2103699 53601 0
1459947782598999 132 2140323 48489 129 2104467 50121 0
1459947782600686 125 2133110 51349 124 2098775 51451 0
1459947782602177 126 2127740 52286 124 2093528 52267 0
1459947782604092 135 2134310 54258 135 2102771 56704 0
1459947782605703 130 2133967 50335 128 2102332 52678 0
1459947782607557 134 2138770 50830 132 2107047 52908 0
1459947782609439 134 2143198 50940 131 2110113 51601 0
1459947782611151 130 2142160 47916 128 2109100 48502 0
1459947782612704 131 2142483 44470 129 2109446 45031 0
1459947782614567 137 2150461 48350 134 2116165 47706 0
1459947782616390 124 2141176 53131 122 2106999 52427 0
1459947782618424 134 2145416 52889 130 2108789 49981 0
1459947782620433 134 2149325 52360 132 2112999 49957 0
1459947782622180 132 2150368 49231 131 2115600 48452 0
1459947782624087 132 2151330 46271 131 2117998 46877 0
1459947782626003 131 2150937 43017 128 2116369 44715 0
1459947782627992 133 2153135 41682 131 2118707 43377 0
1459947782629734 132 2153881 39113 128 2117023 41540 0
1459947782631626 134 2157129 39051 130 2118030 39222 0
1459947782633914 142 2170363 48200 140 2131758 48813 0
1459947782635739 131 2168483 46166 129 2130334 46311 0
1459947782637525 131 2166750 44156 129 2129021 43901 0
1459947782639296 130 2163872 43358 129 2127811 41586 0
1459947782641029 129 2159939 43595 126 2122855 42905 0
1459947782642706 127 2153753 45890 125 2117006 44944 0
1459947782644184 126 2146771 48740 125 2111614 46401 0
1459947782645927 130 2145454 46145 128 2110484 43816 0
1459947782647896 135 2150640 47320 131 2113282 42971 0
1459947782649642 130 2149021 45115 127 2110741 41954 0
1459947782651629 139 2159048 50834 135 2118639 45957 0
1459947782653693 135 2163172 50664 132 2122080 45538 0
1459947782655448 130 2160574 49099 128 2120132 43775 0
1459947782657301 132 2160739 45415 130 2120896 41060 0
1459947782659185 133 2162171 43186 131 2122881 39681 0
1459947782661022 132 2162211 39849 130 2123430 37087 0
1459947782662863 134 2164808 39129 131 2125217 35836 0
1459947782665040 137 2171042 41819 137 2134544 41634 0
1459947782666916 133 2171669 39129 131 2135462 39228 0
1459947782669069 140 2181207 44865 138 2145269 45203 0
1459947782671233 140 2190000 49465 137 2153029 48825 0
1459947782673100 131 2186586 48747 129 2149943 47854 0
1459947782674985 133 2185998 45479 129 2147098 46737 0
1459947782676705 133 2185456 42423 130 2145755 44322 0
1459947782678260 128 2178557 45467 126 2139397 46719 0
1459947782680053 131 2176037 44236 128 2136096 46111 0
1459947782681912 132 2174994 41741 131 2136893 43243 0
1459947782684024 136 2179152 42312 135 2142748 45261 0
1459947782686005 136 2182985 42540 136 2149425 47880 0
1459947782687847 130 2178839 43037 128 2145341 47903 0
1459947782689503 121 2163497 53817 119 2130056 58250 0
1459947782691378 133 2164713 50733 132 2132605 56049 0
1459947782693080 132 2164554 46914 130 2132395 51863 0
1459947782694825 129 2160568 46922 128 2129641 50349 0
1459947782696755 132 2160733 43408 128 2127102 48754 0
1459947782698747 134 2163445 42516 133 2131162 48687 0
1459947782700749 133 2164665 40319 130 2131064 44972 0
