1459947780002004 130 2129920 0 129 2113536 0 0
1459947780003832 131 2131200 1180 129 2113536 0 0
1459947780005786 134 2136220 5714 134 2119936 5900 0
1459947780007845 137 2144687 13073 136 2128396 13238 0
1459947780009828 135 2149933 16887 133 2132355 15852 0
1459947780011808 133 2152209 17665 131 2133444 15617 0
1459947780013766 135 2156867 20578 133 2137008 17682 0
1459947780015588 127 2150921 24450 126 2131334 21530 0
1459947780017369 128 2146720 26411 127 2127383 23488 0
1459947780019128 132 2147967 25497 131 2128861 23015 0
1459947780020973 133 2150397 25745 130 2128943 21292 0
1459947780022646 125 2142397 31107 124 2121339 26637 0
1459947780024342 131 2142702 28957 128 2119449 26296 0
1459947780026073 129 2140423 28794 126 2115147 28206 0
1459947780027868 129 2138322 28480 128 2113741 27298 0
1459947780029788 133 2141505 29189 131 2116284 27510 0
1459947780031708 134 2145719 30793 132 2119909 28702 0
1459947780033568 134 2149604 31969 132 2123251 29540 0
1459947780035551 135 2154466 33953 131 2125052 28892 0
1459947780037241 131 2153828 31887 125 2119032 32183 0
1459947780038912 129 2150680 32296 125 2113482 34783 0
1459947780040491 130 2149058 31267 127 2110926 34421 0
1459947780042314 135 2153962 33345 132 2114969 35459 0
1459947780044149 134 2157203 33727 132 2118697 36124 0
1459947780045814 129 2153791 34236 127 2115733 36032 0
1459947780047416 129 2150646 34460 128 2114281 34555 0
1459947780049259 133 2152866 33814 130 2115502 32981 0
1459947780050805 128 2148513 35184 124 2108948 36445 0
1459947780052682 133 2150900 34635 130 2110586 35107 0
1459947780054465 130 2149260 33439 128 2109536 33331 0
1459947780056265 130 2147749 32218 129 2109848 31015 0
1459947780058037 133 2150196 31955 131 2112696 31216 0
1459947780059747 132 2151171 30357 130 2114041 30017 0
1459947780061681 139 2161030 37074 138 2125521 38254 0
1459947780063639 134 2163719 36656 133 2129704 39121 0
1459947780065323 129 2159798 37406 127 2125880 39588 0
1459947780067277 133 2161303 35871 132 2128755 39146 0
1459947780069149 132 2161411 33167 128 2126286 38363 0
1459947780070971 135 2165350 34207 130 2126569 35626 0
1459947780072978 135 2168982 34882 133 2130670 36623 0
1459947780074706 132 2168490 32609 127 2126771 37354 0
1459947780076634 134 2170596 32003 132 2129577 37021 0
1459947780078504 134 2172538 31292 133 2133443 37692 0
1459947780080486 140 2182008 37577 136 2140847 41573 0
1459947780082401 132 2180498 36032 130 2139993 39111 0
1459947780084213 133 2180386 33319 131 2140486 36509 0
1459947780085872 132 2179003 31989 130 2139660 34416 0
1459947780087841 132 2177728 30664 130 2138899 32428 0
1459947780089651 132 2176553 29351 129 2136917 31720 0
1459947780091443 129 2171629 31595 127 2132530 33284 0
1459947780093244 132 2170930 29769 131 2133606 31675 0
1459947780094807 128 2165166 32756 125 2126918 35365 0
1459947780096559 129 2161132 33914 128 2124592 34745 0
1459947780098374 133 2162533 32556 131 2126288 33593 0
1459947780100341 135 2166385 33563 132 2129131 33589 0
1459947780102413 137 2172496 36573 136 2136872 38100 0
1459947780104293 130 2169169 36781 129 2135048 36803 0
1459947780106235 130 2166102 36733 129 2133367 35476 0
1459947780108017 127 2159435 40008 126 2127977 37672 0
1459947780109584 128 2154569 41367 125 2121728 40488 0
1459947780111417 131 2153923 38730 128 2119808 39094 0
1459947780113042 129 2150767 38612 127 2116758 38850 0
1459947780114739 130 2149138 37096 129 2116506 36046 0
1459947780116397 127 2143796 39121 126 2112433 36982 0
1459947780118169 133 2146551 38604 132 2116359 37711 0
1459947780119907 132 2147811 36750 131 2118698 36920 0
1459947780121643 132 2148973 34949 128 2117014 35586 0
1459947780123591 132 2150044 33205 131 2119302 34914 0
1459947780125582 134 2153591 33880 132 2122691 35310 0
1459947780127460 129 2150461 34117 126 2118135 36750 0
1459947780129150 131 2150136 31750 127 2115215 36569 0
1459947780130671 127 2144716 34264 125 2109963 38552 0
1459947780132255 129 2142280 33832 126 2106402 38822 0
1459947780133950 131 2142594 31477 128 2105679 36455 0
1459947780135473 124 2133923 37009 122 2097332 41300 0
1459947780137366 135 2140010 39728 133 2103717 43960 0
1459947780139428 138 2149461 45337 136 2113444 49492 0
1459947780141549 138 2158174 49827 136 2122411 53891 0
1459947780143534 135 2162366 49799 134 2128117 54940 0
1459947780145488 135 2166231 49471 132 2130817 53136 0
1459947780147158 130 2163394 48221 130 2130746 49048 0
1459947780149017 135 2167178 47942 134 2135801 49876 0
1459947780150980 138 2174507 50952 135 2141741 51455 0
1459947780153039 136 2178703 50839 132 2143377 48943 0
1459947780154969 134 2180011 48073 131 2143605 45329 0
1459947780157119 142 2191457 54869 139 2154055 51421 0
1459947780159042 135 2193049 52050 133 2156009 49204 0
1459947780160834 129 2186837 53709 128 2151410 49597 0
1459947780162688 133 2186230 50071 131 2151011 46089 0
1459947780164401 128 2179270 52574 125 2142963 49906 0
1459947780166216 132 2177974 49660 130 2141944 46946 0
1459947780168150 135 2180619 48219 131 2142284 43592 0
1459947780170127 136 2184338 47879 133 2145158 42835 0
1459947780172055 133 2183926 44517 130 2143967 40585 0
1459947780174117 134 2184826 41869 132 2145429 38762 0
1459947780176066 134 2185656 39362 132 2146777 36976 0
1459947780177778 124 2173621 47380 123 2136500 43561 0
1459947780179718 135 2176606 46430 132 2138545 42043 0
1459947780181342 127 2169118 49704 125 2131471 45279 0
1459947780183115 128 2163495 51003 126 2126229 46572 0
1459947780184809 131 2162151 48256 128 2123957 45027 0
1459947780186467 119 2145552 59787 119 2110342 54059 0
1459947780188517 131 2145610 55170 130 2111871 51245 0
1459947780190499 136 2152064 56809 132 2115841 50900 0
1459947780192278 133 2154174 54315 132 2119500 50297 0
1459947780194309 138 2162519 57764 138 2130554 56557 0
1459947780196104 133 2163812 54443 130 2130504 52183 0
1459947780197909 133 2165004 51288 130 2130458 48148 0
1459947780199634 133 2166103 48294 130 2130415 44424 0
1459947780201763 135 2169676 47815 132 2132936 43277 0
1459947780203703 134 2171690 45935 132 2135260 42037 0
1459947780205468 131 2169706 44174 130 2134842 39136 0
1459947780207185 129 2165317 44767 126 2129337 41152 0
1459947780209346 137 2171511 46979 134 2134502 42699 0
1459947780211121 133 2172101 43852 131 2135424 40213 0
1459947780213216 135 2175205 43288 133 2138834 40214 0
1459947780215357 138 2181907 46084 137 2147097 44690 0
1459947780217424 136 2185525 45818 134 2150875 44680 0
1459947780219359 135 2187580 44133 134 2154357 44399 0
1459947780221153 132 2185635 42477 131 2153727 41509 0
1459947780222982 130 2181282 43170 129 2150587 41160 0
1459947780225023 134 2182389 40817 132 2151532 38815 0
1459947780226830 130 2178289 41406 126 2144723 42058 0
1459947780228895 134 2179630 39407 132 2146126 40065 0
1459947780230863 134 2180866 37467 132 2147419 38126 0
1459947780232912 141 2190965 43849 139 2157571 44506 0
1459947780234794 135 2192595 41926 134 2160530 43756 0
1459947780236776 133 2191538 39623 131 2159418 41361 0
1459947780238792 131 2188004 39784 130 2157113 40253 0
1459947780240907 137 2192426 40751 135 2161388 41049 0
1459947780242840 132 2190102 39708 127 2155089 43648 0
1459947780244924 137 2194360 40530 134 2158242 43145 0
1459947780246437 121 2177805 52624 120 2143229 53613 0
1459947780248223 130 2174063 51960 127 2138349 53922 0
1459947780250134 133 2174454 48260 130 2137690 50316 0
1459947780251858 132 2173534 45336 130 2137082 46944 0
1459947780253668 130 2170126 44935 127 2132682 47331 0
1459947780255383 129 2165704 45499 128 2129906 46191 0
1459947780257141 128 2160348 46881 127 2126067 46120 0
1459947780258957 133 2161810 44566 131 2127648 43973 0
1459947780260666 133 2163158 42327 132 2130385 43060 0
1459947780262655 132 2163121 39053 132 2132908 42021 0
1459947780264455 132 2163087 36032 132 2135234 40882 0
1459947780266326 132 2163055 33245 128 2132258 40430 0
1459947780268247 132 2163026 30673 128 2129515 39799 0
1459947780270292 138 2170679 35331 136 2137226 43798 0
1459947780272169 131 2168774 34325 130 2136655 40902 0
1459947780273885 124 2158058 41521 123 2127168 46451 0
1459947780275720 133 2159699 39790 131 2128663 44200 0
1459947780277645 137 2166332 42796 136 2136441 47916 0
1459947780279427 133 2167327 40369 132 2138491 46062 0
1459947780281222 126 2159284 44629 124 2130141 50160 0
1459947780282819 116 2139069 59776 114 2109643 65136 0
1459947780284582 129 2137074 56944 127 2107387 62126 0
1459947780286510 131 2137795 53159 130 2109147 58894 0
1459947780288475 135 2143579 54337 133 2114609 59328 0
1459947780290342 136 2150191 56187 132 2118365 58155 0
1459947780292284 135 2155007 56237 133 2123107 57983 0
1459947780293879 124 2145367 60729 123 2114679 61222 0
1459947780295438 126 2139040 61816 124 2108189 62421 0
1459947780297275 133 2142167 59869 131 2111166 60289 0
1459947780299081 131 2142490 55488 131 2113911 58108 0
1459947780300906 123 2132547 60318 121 2103641 63034 0
1459947780302956 133 2136181 58955 132 2108254 62361 0
1459947780304680 126 2130571 59519 127 2106106 59468 0
1459947780306785 139 2142040 65442 137 2116926 64797 0
1459947780308696 132 2143653 61816 130 2117941 60669 0
1459947780310437 129 2141300 59155 128 2116316 57426 0
1459947780312320 137 2149370 61973 134 2122498 58638 0
1459947780314055 131 2149130 57351 127 2119237 57061 0
1459947780316049 134 2152749 56206 129 2118791 53013 0
1459947780317732 125 2144565 59358 123 2110700 56329 0
1459947780319474 127 2139580 59314 124 2104521 57623 0
1459947780321311 131 2140105 55164 130 2106505 54950 0
1459947780323131 129 2138029 52767 128 2105774 51330 0
1459947780325082 137 2146355 56320 135 2114060 54958 0
1459947780327161 131 2146351 51923 127 2111459 53061 0
1459947780329090 130 2145067 49049 127 2109061 51125 0
1459947780331087 133 2147723 47666 131 2111970 49812 0
1459947780333003 130 2146332 45224 130 2113372 47212 0
1459947780335007 134 2150169 45228 132 2117224 47074 0
1459947780336885 131 2149867 41972 127 2114375 46021 0
1459947780338684 127 2144468 43668 126 2110469 46025 0
1459947780340640 130 2143331 41303 130 2111988 43829 0
1459947780342385 126 2137163 43761 125 2106988 45012 0
1459947780344371 133 2140437 43360 133 2112619 46686 0
1459947780346467 136 2147295 46294 134 2119090 49004 0
1459947780348429 137 2154897 49685 135 2126336 51855 0
1459947780350211 134 2158065 48724 131 2127896 49241 0
1459947780351684 122 2145626 56384 121 2116534 55868 0
1459947780353286 124 2136718 60190 122 2107339 59978 0
1459947780355029 130 2136186 55976 128 2106543 56025 0
1459947780357028 132 2138256 53510 130 2108369 53331 0
1459947780358874 129 2136324 51109 126 2104932 52331 0
1459947780360754 131 2137103 47834 130 2106884 50041 0
1459947780362930 140 2149341 55378 137 2117643 56050 0
1459947780364594 127 2143983 55989 127 2114762 54326 0
1459947780366604 135 2149284 56501 133 2119786 54712 0
1459947780368224 128 2145211 55840 125 2114177 55607 0
1459947780369869 129 2142736 53758 128 2112846 52488 0
1459947780371374 123 2132774 58740 121 2102659 57777 0
1459947780373067 128 2129991 56715 128 2102228 53659 0
1459947780374964 131 2131265 53458 130 2104391 51460 0
1459947780376625 131 2132439 50364 127 2102545 49140 0
1459947780378379 131 2133522 47427 129 2103403 46091 0
1459947780380329 133 2137080 47001 130 2105474 44399 0
1459947780382343 131 2137800 43993 130 2107383 42690 0
1459947780384290 133 2141024 43528 131 2110423 42157 0
1459947780386327 135 2146556 45227 134 2117066 44987 0
1459947780388228 134 2150376 45214 133 2121910 45937 0
1459947780390242 137 2157737 48467 135 2128935 48824 0
1459947780391947 130 2155563 46683 128 2126451 47297 0
1459947780393860 132 2156119 43548 130 2126722 43850 0
1459947780395738 137 2163032 46518 134 2132091 45374 0
1459947780397696 137 2169405 48758 136 2139601 48752 0
1459947780399387 131 2167600 46611 130 2138844 45640 0
1459947780401207 132 2167216 43322 128 2135586 45076 0
1459947780402658 119 2150222 55603 118 2119783 56122 0
1459947780404416 130 2148635 52721 129 2119294 52186 0
1459947780406076 128 2144612 52309 126 2115004 52062 0
1459947780407970 130 2143464 49280 129 2114889 48099 0
1459947780409723 129 2141125 47585 128 2113503 45618 0
1459947780411353 126 2135129 49393 126 2109665 45591 0
1459947780412878 123 2125762 54169 121 2099727 51190 0
1459947780414584 125 2119686 55537 124 2094405 52095 0
1459947780416217 127 2116645 54000 125 2090779 51367 0
1459947780418266 138 2127922 60177 135 2100236 56072 0
1459947780420058 132 2130638 57978 130 2102555 53828 0
1459947780421906 132 2133141 55756 127 2100852 51191 0
1459947780423868 135 2139289 57068 133 2106962 52824 0
1459947780425680 134 2143677 56654 129 2107475 49170 0
1459947780427610 133 2146442 54776 130 2109228 46944 0
1459947780429593 136 2152831 56386 133 2114684 48306 0
1459947780431336 134 2156161 55049 132 2118434 47989 0
1459947780433085 130 2154110 52637 128 2116771 45771 0
1459947780434925 130 2152220 50266 129 2116518 42427 0
1459947780437200 140 2163277 56531 139 2129085 50697 0
1459947780439377 136 2168350 56791 133 2132990 50336 0
1459947780441248 133 2169187 53126 130 2132750 46624 0
1459947780443221 137 2175079 54406 133 2136368 46317 0
1459947780445324 137 2180510 55162 133 2139704 45773 0
1459947780447258 133 2180397 50955 131 2140219 42671 0
1459947780449226 135 2182853 49238 134 2144534 43315 0
1459947780450828 131 2179997 48023 128 2140832 43343 0
1459947780452533 125 2169684 53777 122 2129739 50181 0
1459947780454374 134 2171697 51431 132 2132313 48633 0
1459947780456263 133 2172273 47943 132 2134686 47020 0
1459947780458195 134 2174084 45866 132 2136873 45362 0
1459947780459973 132 2173193 43102 130 2136329 42318 0
1459947780461698 133 2173652 40157 130 2135828 39472 0
1459947780463697 136 2177915 40949 134 2140486 40682 0
1459947780465606 133 2178005 37832 131 2140940 37922 0
1459947780467466 126 2169128 43059 123 2131119 44012 0
1459947780469529 136 2173744 43951 133 2134865 44026 0
1459947780471158 130 2170320 43673 127 2130638 44482 0
1459947780472744 128 2164603 45530 127 2126741 44597 0
1459947780474639 134 2167013 44194 133 2130829 44880 0
1459947780476592 135 2170515 43969 133 2134597 44847 0
1459947780478337 135 2173743 43509 133 2138071 44546 0
1459947780480378 136 2177999 44032 134 2142554 45197 0
1459947780482221 133 2178082 40669 131 2142846 41935 0
1459947780484090 133 2178159 37562 131 2143116 38907 0
1459947780486052 134 2179510 35872 133 2145925 38456 0
1459947780487975 131 2176915 35460 129 2143394 37783 0
1459947780489893 133 2177083 32844 131 2143621 35040 0
1459947780491552 127 2169558 37214 126 2137430 38008 0
1459947780493130 123 2157501 45420 122 2126603 45018 0
1459947780494854 126 2150226 48577 126 2121742 45981 0
1459947780496636 124 2140959 53323 124 2114700 48878 0
1459947780498362 126 2134976 54672 123 2106929 52222 0
1459947780500270 132 2137141 52395 130 2108725 49797 0
1459947780501804 116 2118656 65341 114 2089900 63259 0
1459947780503765 127 2115696 62964 125 2086626 61333 0
1459947780505593 129 2115527 58199 126 2084888 58142 0
1459947780507437 131 2117931 55868 130 2088406 56842 0
1459947780509280 131 2120147 53546 129 2090369 54210 0
1459947780511126 134 2126030 54785 134 2098578 57542 0
1459947780512924 132 2128893 53144 129 2099746 54123 0
1459947780514660 129 2127693 50098 128 2099543 50080 0
1459947780516529 132 2130426 48704 130 2101916 48354 0
1459947780518152 125 2123986 50835 125 2097703 48459 0
1459947780520038 134 2129569 52010 131 2101499 48173 0
1459947780521820 130 2129596 47971 128 2101159 44722 0
1459947780523727 135 2136021 50146 133 2107245 46839 0
1459947780525289 117 2118904 62007 116 2091096 58065 0
1459947780526753 116 2101844 72888 114 2073649 69611 0
1459947780528740 138 2114277 78655 135 2084445 74124 0
1459947780530469 134 2120619 78356 132 2090557 73968 0
1459947780532252 133 2125185 76443 130 2093632 71024 0
1459947780534004 132 2128114 73171 132 2099027 70448 0
1459947780535771 133 2132095 71124 132 2104000 69529 0
1459947780537453 133 2135765 68950 133 2109865 69503 0
1459947780539283 134 2140428 67862 130 2111431 65517 0
1459947780541380 135 2146007 67703 134 2117995 66449 0
1459947780543294 133 2148590 64794 132 2121486 64475 0
1459947780545136 130 2147131 61075 128 2119584 61189 0
1459947780546855 128 2143226 59902 126 2115271 60383 0
1459947780548836 136 2149866 61343 134 2121535 61440 0
1459947780550618 133 2152147 58653 132 2124750 59603 0
1459947780552505 131 2151690 54490 129 2123873 55753 0
1459947780554306 125 2143589 57699 122 2114105 60401 0
1459947780555988 128 2139961 56535 125 2108940 60442 0
1459947780557838 132 2141736 53754 129 2109299 56050 0
1459947780559593 130 2140812 50404 129 2109630 51976 0
1459947780561924 137 2148921 53941 134 2116335 54096 0
1459947780564039 138 2157676 57797 137 2126356 59107 0
1459947780565682 128 2152947 57639 127 2122794 57772 0
1459947780567307 133 2154988 55016 130 2123350 53771 0
1459947780569004 132 2155589 51271 127 2120023 52636 0
1459947780570690 132 2156143 47776 129 2119516 48990 0
1459947780572696 134 2159214 46874 132 2122888 48271 0
1459947780574506 135 2163325 47001 132 2125997 47365 0
1459947780576362 133 2164555 44463 131 2127583 45126 0
1459947780578018 131 2163129 42303 129 2126485 42611 0
1459947780579815 133 2164374 40146 131 2128033 40709 0
1459947780581707 132 2164242 37130 129 2126900 38572 0
1459947780583617 133 2165400 35297 131 2128415 36955 0
1459947780585325 129 2161348 36274 127 2124692 37498 0
1459947780587030 130 2158892 35703 127 2121260 37731 0
1459947780588764 126 2151508 39719 124 2114256 41239 0
1459947780590662 132 2152381 37420 129 2114199 38068 0
1459947780592365 126 2145506 40833 124 2107747 41040 0
1459947780594093 130 2144288 38764 125 2103079 42136 0
1459947780595764 130 2143165 36769 128 2102615 39270 0
1459947780597519 132 2144690 35302 128 2102188 36595 0
1459947780599290 134 2148656 36200 132 2106914 38093 0
1459947780601373 136 2154872 39101 131 2109991 37952 0
1459947780603382 137 2161882 42508 136 2119227 43502 0
1459947780605325 131 2160664 40308 128 2117502 41692 0
1459947780607203 135 2164662 40843 132 2121032 41688 0
1459947780609009 128 2159387 42514 126 2116606 42510 0
1459947780610570 127 2153244 44854 127 2113806 41769 0
1459947780612173 124 2143741 50108 121 2103544 47964 0
1459947780614010 128 2140101 49548 125 2099204 48216 0
1459947780616018 137 2148265 53203 133 2105443 50201 0
1459947780618036 133 2150671 51264 131 2108635 49221 0
1459947780619933 132 2151609 48124 130 2110297 46908 0
1459947780621648 132 2152474 45161 130 2111830 44656 0
1459947780623312 129 2149431 44436 127 2109403 43404 0
1459947780625043 129 2146626 43549 127 2107165 42075 0
1459947780627023 135 2151720 44842 132 2111502 42785 0
1459947780628613 127 2146176 46448 126 2107820 42835 0
1459947780630643 134 2150026 46368 131 2110826 42259 0
1459947780632194 125 2142055 50093 123 2103357 45841 0
1459947780633781 127 2137266 50592 125 2099032 46245 0
1459947780635503 131 2137972 47289 129 2100165 43676 0
1459947780637316 130 2137342 44173 128 2099929 40479 0
1459947780639223 134 2141882 44906 132 2104832 41836 0
1459947780641146 131 2142227 41715 130 2106792 40373 0
1459947780643065 131 2142545 38749 131 2109878 40063 0
1459947780644876 129 2140278 37810 126 2106323 40209 0
1459947780646661 131 2140748 35290 128 2105606 37727 0
1459947780648256 129 2138622 34491 127 2103665 36567 0
1459947780649818 126 2132822 37142 125 2099316 37719 0
1459947780651520 127 2128755 37988 126 2096586 37287 0
1459947780653081 128 2126286 37296 125 2092790 37872 0
1459947780654963 132 2129129 37003 129 2094410 36407 0
1459947780656471 123 2120230 42314 122 2086944 40444 0
1459947780658290 132 2123547 42065 130 2090301 40379 0
1459947780660159 135 2130444 45137 133 2097236 43617 0
1459947780662122 133 2134243 45112 130 2099789 42562 0
1459947780663987 136 2141585 48355 134 2107262 46126 0
1459947780665891 133 2144513 47276 130 2109032 44153 0
1459947780667670 132 2145932 44891 128 2108103 41558 0
1459947780669327 125 2138281 48436 124 2102127 43819 0
1459947780671040 132 2140187 46408 130 2104298 42396 0
1459947780672928 132 2141944 44402 128 2103739 39597 0
1459947780674926 138 2151244 49507 133 2109624 41928 0
1459947780676637 131 2150858 45994 130 2111209 40113 0
1459947780678487 132 2151782 43252 130 2112670 38326 0
1459947780680353 128 2147514 43806 128 2111457 36448 0
1459947780682410 136 2153819 46195 134 2118019 39649 0
1459947780684243 136 2159631 47944 133 2122788 40948 0
1459947780685936 130 2157309 46337 129 2122065 38414 0
1459947780687737 129 2153889 45868 127 2118838 38386 0
1459947780689607 133 2155856 44097 131 2120983 37365 0
1459947780691396 133 2157669 42323 129 2120401 34981 0
1459947780693517 137 2164461 45277 134 2126264 37653 0
1459947780695377 133 2165602 42791 129 2125269 35627 0
1459947780697083 132 2165374 39656 129 2124352 33688 0
1459947780698944 135 2169004 39903 134 2129907 36177 0
1459947780700994 135 2172350 39870 132 2132468 35710 0
1459947780702768 131 2170315 38630 130 2132268 33103 0
1459947780704450 128 2164599 40881 128 2129524 33045 0
1459947780706231 127 2158049 43724 124 2121874 37514 0
1459947780708083 131 2157131 41153 128 2119942 36363 0
1459947780710183 136 2162685 43057 134 2125841 38960 0
1459947780711896 134 2165245 42053 132 2128719 38569 0
1459947780713682 134 2167605 40942 132 2131372 38001 0
1459947780715519 125 2158260 46357 123 2122298 43396 0
1459947780717331 126 2150925 49496 124 2115213 46536 0
1459947780719011 129 2148003 48321 129 2115081 43020 0
1459947780720876 134 2151710 47962 133 2120080 44267 0
1459947780723018 139 2161527 53264 138 2131088 50956 0
1459947780724828 132 2161617 49185 128 2128436 49419 0
1459947780726681 128 2156580 49984 125 2122151 51351 0
1459947780728340 132 2157057 46518 129 2121477 47959 0
1459947780730171 131 2156216 43657 128 2119576 45963 0
1459947780731798 127 2150321 45679 124 2112704 48707 0
1459947780733478 127 2144887 47119 125 2107649 49561 0
1459947780735401 133 2147557 45899 131 2110668 48473 0
1459947780737243 131 2147459 42403 129 2110892 44892 0
1459947780739065 129 2144808 41533 127 2108538 43553 0
1459947780741166 136 2151324 44295 133 2114048 45230 0
1459947780742929 130 2149651 42375 129 2114008 41732 0
1459947780744742 133 2151949 41182 132 2117811 41977 0
1459947780746554 131 2151507 38370 128 2116197 40184 0
1459947780748257 129 2148540 38106 124 2109589 43135 0
1459947780750151 134 2152205 38506 131 2112457 42409 0
1459947780752069 135 2156863 39792 133 2117661 43892 0
1459947780754086 136 2162438 41822 134 2123738 46064 0
1459947780755784 122 2149657 50335 120 2111420 53819 0
1459947780757742 134 2153235 49700 131 2114145 52126 0
1459947780759580 133 2155253 47677 132 2117937 51549 0
1459947780761434 136 2160953 49207 135 2125273 54284 0
1459947780763067 129 2157248 48777 128 2123076 52068 0
1459947780765067 135 2161513 48897 131 2124890 49672 0
1459947780766789 129 2157764 48531 125 2118882 51328 0
1459947780768538 127 2151748 50284 125 2113344 52423 0
1459947780770263 130 2150042 47927 127 2110799 50673 0
1459947780772092 133 2152309 46272 129 2111012 46911 0
1459947780774059 132 2153119 43404 128 2109929 44244 0
1459947780775744 129 2150026 42863 126 2106370 44067 0
1459947780777425 129 2147175 42142 128 2105649 41287 0
1459947780779269 135 2152226 43506 131 2108825 40989 0
1459947780781402 137 2159443 46760 134 2115593 44025 0
1459947780783180 129 2155856 46412 125 2110312 45453 0
1459947780785186 134 2158949 45638 132 2114403 45673 0
1459947780787056 134 2161801 44701 130 2115615 43221 0
1459947780788744 125 2152910 49404 122 2106492 48253 0
1459947780790655 132 2153673 46248 131 2109602 47350 0
1459947780792507 131 2153097 43164 130 2111189 45113 0
1459947780794351 132 2153846 40481 130 2112652 42937 0
1459947780796524 139 2163496 46214 138 2124241 50265 0
1459947780798436 133 2164712 43724 131 2125964 47927 0
1459947780800553 136 2169673 44882 133 2130113 48006 0
1459947780802450 135 2172967 44411 134 2135217 48961 0
1459947780804204 131 2170883 42861 129 2133523 46696 0
1459947780806246 133 2171522 40101 131 2134521 43967 0
1459947780808249 133 2172111 37511 131 2135441 41380 0
1459947780810193 135 2175214 37441 133 2138849 41289 0
1459947780812098 133 2175515 34792 131 2139431 38599 0
1459947780813825 127 2168112 38896 124 2131007 43347 0
1459947780815929 140 2177928 44906 136 2138602 46961 0
1459947780818007 136 2181857 45019 135 2144323 48566 0
1459947780819900 133 2181639 41701 132 2145757 46093 0
1459947780821770 129 2176318 43347 127 2140679 47171 0
1459947780823625 131 2173973 42121 127 2135998 47799 0
1459947780825616 134 2175651 40377 132 2138083 45986 0
1459947780827209 128 2169518 42875 125 2131045 48880 0
1459947780829036 132 2168984 40016 130 2130957 45142 0
1459947780830843 135 2172332 39975 130 2130875 41689 0
1459947780832526 128 2166458 42265 125 2124400 44400 0
1459947780834321 132 2166163 39234 128 2122271 42893 0
1459947780836292 138 2173571 42997 135 2129268 45991 0
1459947780838176 132 2172720 40420 131 2130598 43624 0
1459947780840161 135 2175776 40079 133 2134385 43706 0
1459947780842086 134 2177313 38364 131 2135316 41149 0
1459947780844100 134 2178730 36672 131 2136174 38725 0
1459947780845886 133 2178756 33831 131 2136965 36428 0
1459947780847784 133 2178780 31209 131 2137694 34254 0
1459947780849665 132 2177522 29928 131 2138366 32197 0
1459947780851340 130 2173803 31017 128 2135146 32649 0
1459947780853193 131 2171654 30573 130 2134737 30474 0
1459947780855000 130 2168393 31189 128 2131800 30799 0
1459947780856377 111 2141067 53942 110 2106053 52127 0
1459947780858592 135 2146596 54824 133 2111757 53312 0
1459947780860537 135 2151693 55238 134 2118295 55175 0
1459947780862475 135 2156391 55253 133 2123043 55241 0
1459947780864577 136 2162002 56109 134 2128700 56140 0
1459947780866429 127 2155655 57575 125 2122395 57566 0
1459947780868327 127 2149804 58469 125 2116582 58425 0
1459947780870096 129 2146970 56513 127 2113784 56439 0
1459947780871947 133 2149477 54409 130 2115044 53191 0
1459947780873981 138 2158189 58189 135 2122606 56006 0
1459947780875752 129 2154700 56857 126 2118057 55823 0
1459947780877110 94 2106684 96679 93 2071623 94266 0
1459947780878734 133 2112339 94338 129 2074897 89919 0
1459947780880776 133 2117552 91773 130 2079195 86856 0
1459947780882628 129 2117238 84892 123 2074197 84676 0
1459947780884612 131 2119508 80352 130 2078550 82073 0
1459947780886724 135 2126721 80723 134 2087683 84080 0
1459947780888710 136 2134650 81726 132 2093542 82913 0
1459947780890545 132 2136840 77360 132 2098944 81415 0
1459947780892485 139 2147819 81437 137 2110324 85544 0
1459947780894205 133 2150260 77324 131 2113134 81451 0
1459947780895988 132 2151230 72178 129 2113165 75115 0
1459947780897957 130 2149565 68073 128 2111913 70399 0
1459947780899548 129 2146750 65348 126 2108199 68322 0
1459947780901171 127 2141595 64994 125 2103495 67319 0
1459947780902812 125 2134282 66656 125 2099159 66055 0
1459947780904526 127 2130101 65302 126 2096442 63398 0
1459947780906558 134 2135206 64907 132 2101617 63216 0
1459947780908468 136 2142473 66535 133 2107668 63855 0
1459947780910246 133 2145332 63971 130 2109406 60468 0
1459947780912058 135 2150527 63763 134 2116128 61940 0
1459947780914195 136 2156597 64376 135 2123605 63993 0
1459947780916137 135 2160912 63324 131 2125378 60627 0
1459947780918135 136 2166170 63223 133 2129572 59757 0
1459947780919970 132 2165897 58533 129 2128319 56242 0
1459947780921948 134 2168206 56088 132 2131004 54323 0
1459947780923587 128 2162654 56823 128 2128359 52517 0
1459947780925430 129 2158816 55920 129 2127200 49481 0
1459947780927267 130 2156558 53632 128 2124852 47779 0
1459947780929191 137 2163436 55783 134 2130367 49131 0
1459947780931102 133 2164657 52550 130 2130332 45324 0
1459947780933022 134 2167063 50662 131 2131579 42933 0
1459947780934870 134 2169281 48748 130 2131449 39697 0
1459947780936816 136 2173885 49184 134 2136449 41204 0
1459947780938526 127 2166610 52047 126 2130818 43174 0
1459947780940403 134 2168863 50057 131 2132027 40916 0
1459947780942317 132 2168380 46590 130 2131862 37870 0
1459947780944070 128 2162815 48079 128 2129150 37410 0
1459947780946061 134 2165365 46672 132 2131770 36902 0
1459947780948098 134 2167715 45192 132 2134185 36245 0
1459947780949834 132 2167322 42023 131 2135131 34285 0
1459947780951622 131 2165679 40252 129 2133443 33161 0
1459947780953564 127 2159045 43222 127 2129327 34363 0
1459947780955426 130 2156769 41942 128 2126813 33995 0
1459947780957278 131 2155951 39418 128 2124495 33475 0
1459947780959057 133 2157757 38003 131 2126198 32429 0
1459947780960702 129 2154302 38218 127 2122648 33166 0
1459947780962554 130 2152397 36988 129 2121936 31230 0
1459947780964629 137 2159600 40739 136 2130239 36445 0
1459947780966651 135 2163681 41318 132 2132774 35934 0
1459947780968774 139 2172563 46278 136 2140231 40000 0
1459947780970646 134 2174351 44310 132 2141985 38492 0
1459947780972491 131 2172159 42867 130 2141042 36352 0
1459947780974359 130 2168859 42560 126 2135053 39033 0
1459947780976479 137 2174776 44690 135 2141051 41513 0
1459947780978496 132 2173831 42068 131 2141461 38647 0
1459947780980509 134 2175520 40338 132 2143119 37155 0
1459947780982493 133 2175797 37441 131 2143367 34481 0
1459947780984444 133 2176052 34750 131 2143596 31998 0
1459947780986757 140 2185247 40512 139 2154047 39133 0
1459947780988738 134 2186044 38082 133 2156002 37877 0
1459947780990686 132 2184219 36788 129 2152684 37975 0
1459947780992796 137 2188936 38262 136 2158585 40448 0
1459947780994734 130 2184325 39522 132 2158905 37583 0
1459947780996757 137 2189034 40775 134 2161760 37278 0
1459947780998702 135 2190815 39231 133 2163112 35611 0
1459947781000524 131 2187337 39371 130 2160518 35218 0
1459947781002406 132 2185411 38070 131 2159407 33489 0
1459947781004466 137 2190035 39358 135 2163503 34648 0
1459947781006533 136 2193018 39033 134 2165999 34242 0
1459947781008424 133 2191928 36987 130 2163180 34164 0
1459947781010324 136 2194763 36711 132 2163141 31529 0
1459947781011933 130 2189697 38512 130 2160545 31457 0
1459947781013782 132 2187586 37448 129 2156872 32384 0
1459947781015650 134 2188200 35088 130 2154766 31795 0
1459947781017224 128 2188200 35088 122 2154766 31795 1
1459947781019142 132 2186206 34183 131 2154104 29920 0
1459947781021052 134 2186928 32178 131 2153494 28143 0
1459947781022701 125 2176074 39669 125 2145252 33541 0
1459947781024895 140 2185268 45044 138 2154294 39255 0
1459947781026862 137 2189903 45797 134 2157509 39152 0
1459947781028740 135 2191616 43799 134 2160473 38826 0
1459947781030498 132 2189356 42460 131 2159366 36812 0
1459947781032403 135 2191112 40761 132 2159625 34175 0
1459947781034109 130 2186331 41983 127 2153464 37184 0
1459947781036052 136 2189603 41720 133 2155464 36123 0
1459947781037918 132 2187500 40398 130 2153468 35139 0
1459947781039764 131 2184281 40207 130 2151628 34088 0
1459947781041889 137 2188994 41409 136 2157612 36940 0
1459947781043920 136 2192058 40998 135 2161848 37959 0
1459947781046166 137 2196163 41579 136 2167033 39773 0
1459947781048134 132 2193547 40740 130 2164133 39337 0
1459947781050035 132 2191136 39779 130 2161460 38727 0
1459947781051886 136 2194033 39342 134 2164115 38149 0
1459947781053836 134 2194144 36370 134 2166563 37425 0
1459947781055686 131 2190406 36973 129 2162420 38320 0
1459947781057686 133 2189520 34900 131 2161160 36486 0
1459947781059457 133 2188703 32925 130 2158719 35884 0
1459947781061430 140 2196910 37918 140 2169269 42805 0
1459947781063332 136 2199356 37210 132 2168754 39933 0
1459947781065088 135 2200331 35201 134 2170840 38736 0
1459947781066885 134 2199950 32801 129 2166363 39836 0
1459947781068719 134 2199598 30561 129 2162235 40527 0
1459947781070696 135 2200554 29054 131 2160990 38507 0
1459947781072671 136 2202715 28776 134 2163682 37980 0
1459947781074538 133 2200867 28229 131 2162324 36263 0
1459947781076518 135 2201724 26813 133 2163632 34635 0
1459947781078397 135 2202514 25446 134 2166118 34221 0
1459947781080541 138 2207082 27669 134 2168410 33659 0
1459947781082644 138 2211293 29389 136 2173082 35336 0
1459947781084455 132 2207495 30592 131 2170989 34503 0
1459947781086176 134 2206554 29069 131 2169060 33584 0
1459947781088061 137 2209526 29537 134 2171122 32861 0
1459947781089817 128 2200746 35322 126 2162783 37980 0
1459947781091619 132 2197772 35302 129 2158935 38558 0
1459947781093522 132 2195031 35070 130 2156668 37634 0
1459947781095429 133 2193784 33479 131 2155858 35439 0
1459947781097502 138 2199034 35703 135 2160231 36701 0
1459947781099633 137 2202594 36195 135 2164262 37550 0
1459947781101829 139 2208436 38752 136 2169259 39222 0
1459947781103617 128 2199741 43738 127 2162345 42530 0
1459947781105260 124 2199741 43738 122 2162345 42530 1
1459947781107077 128 2191726 47708 124 2152131 48622 0
1459947781108830 133 2190737 44891 132 2152955 45583 0
1459947781110385 128 2183425 48123 126 2146035 48399 0
1459947781112125 131 2180524 47036 129 2143496 46957 0
1459947781114049 133 2180410 43465 131 2143715 43490 0
1459947781115906 131 2177745 42525 128 2140077 43445 0
1459947781118109 139 2185528 46377 138 2149523 48758 0
1459947781119983 133 2185023 43217 132 2150551 45896 0
1459947781121883 131 2181998 42628 130 2148939 43795 0
1459947781123617 131 2179209 41867 129 2146173 42922 0
1459947781125360 130 2175358 42145 128 2142343 43098 0
1459947781127255 135 2178208 41479 130 2141372 40624 0
1459947781129179 136 2182115 41840 132 2143037 38985 0
1459947781131234 135 2184437 40711 130 2142012 36883 0
1459947781133308 133 2184017 37916 131 2142347 34310 0
1459947781135076 129 2178510 40029 127 2137536 36064 0
1459947781136878 133 2178553 36941 131 2138221 33877 0
1459947781138746 134 2179873 35271 132 2140132 32992 0
1459947781140583 128 2173410 38472 127 2135494 34689 0
1459947781142393 132 2172572 36238 129 2133778 33559 0
1459947781144224 134 2174359 35054 131 2134756 31839 0
1459947781146074 133 2174727 32654 131 2135658 30182 0
1459947781147900 131 2172506 32149 130 2135209 28237 0
1459947781149795 134 2174298 31289 133 2138635 29189 0
1459947781151737 136 2178510 32727 131 2139234 27460 0
1459947781153537 132 2177273 31309 131 2139786 25823 0
1459947781155232 124 2177273 31309 124 2139786 25823 1
1459947781157224 135 2179973 31351 131 2140295 24274 0
1459947781158952 131 2177342 31325 129 2138204 24304 0
1459947781160710 128 2171077 34652 126 2132436 27721 0
1459947781162441 132 2170421 32548 128 2129679 28096 0
1459947781164109 130 2167256 32921 129 2128417 27063 0
1459947781165807 131 2165619 31857 129 2127254 26019 0
1459947781167624 134 2167950 31516 132 2130022 26538 0
1459947781169567 132 2167538 29431 130 2130014 24471 0
1459947781171554 132 2167159 27480 130 2130006 22565 0
1459947781173342 129 2162969 29194 126 2124879 25528 0
1459947781175227 132 2162947 26933 131 2126552 25076 0
1459947781177154 133 2164206 25989 130 2126815 23358 0
1459947781178825 130 2161527 26427 126 2121937 26029 0
1459947781180541 129 2157777 27818 128 2120000 25780 0
1459947781182279 128 2153040 30010 127 2116935 26590 0
1459947781184105 134 2156353 30719 132 2120509 27807 0
1459947781186105 137 2163247 34675 135 2127644 32211 0
1459947781188008 133 2164483 33105 131 2129101 31037 0
1459947781189895 132 2164342 30647 129 2127884 29732 0
1459947781191752 135 2168052 31672 132 2130603 29915 0
1459947781193357 129 2163792 33123 127 2126709 31166 0
1459947781195026 128 2158585 35334 125 2120559 34399 0
1459947781196832 131 2157625 33457 129 2120010 32216 0
1459947781198353 126 2150340 37558 124 2113104 36065 0
1459947781200062 127 2144904 39633 125 2108017 37935 0
1459947781201586 123 2144904 39633 119 2108017 37935 1
1459947781203379 133 2147573 38996 130 2109728 36548 0
1459947781205496 132 2148753 37037 130 2111305 35146 0
1459947781207380 130 2147281 35499 127 2108919 34599 0
1459947781209315 129 2144644 35155 128 2107999 32742 0
1459947781211145 128 2140933 35828 128 2107151 30965 0
1459947781213113 133 2143912 35774 132 2111489 32544 0
1459947781215351 140 2143912 35774 136 2111489 32544 1
1459947781217178 130 2142818 33986 127 2109088 32213 0
1459947781219031 129 2140530 33438 128 2108155 30555 0
1459947781220820 131 2140981 31240 127 2106015 30139 0
1459947781222842 136 2147796 35082 134 2113002 34225 0
1459947781224610 130 2146399 33628 129 2113043 31589 0
1459947781226383 130 2145111 32186 129 2113081 29156 0
1459947781227983 129 2142644 31945 126 2109276 30385 0
1459947781229862 134 2146769 33252 131 2112168 30677 0
1459947781231857 135 2151852 35340 132 2116114 31918 0
1459947781233951 137 2159098 39259 135 2123592 36318 0
1459947781235819 135 2163218 39989 131 2125366 35115 0
1459947781238040 137 2169576 42725 134 2130841 37419 0
1459947781240174 135 2172877 42430 130 2130769 34561 0
1459947781242075 134 2174640 40741 134 2135822 36518 0
1459947781244012 132 2173706 38418 129 2134080 35270 0
1459947781245751 130 2170285 38569 127 2129915 36353 0
1459947781247678 133 2170971 36187 129 2128635 34691 0
1459947781249741 137 2176723 38662 136 2136415 39152 0
1459947781251873 142 2176723 38662 138 2136415 39152 1
1459947781253731 134 2178186 36990 133 2139747 39165 0
1459947781255593 135 2180815 36523 132 2141539 37757 0
1459947781257733 139 2188358 40623 136 2148311 41050 0
1459947781259576 130 2183792 41657 126 2141754 43886 0
1459947781261371 132 2182143 39921 130 2140829 41309 0
1459947781263011 129 2176783 41743 128 2137416 41226 0
1459947781264667 129 2171841 43036 127 2132990 42084 0
1459947781266471 134 2173685 41373 133 2136590 42114 0
1459947781268316 133 2174105 38528 132 2138628 40702 0
1459947781270556 142 2174105 38528 138 2138628 40702 1
1459947781272436 135 2177053 38235 132 2140507 39254 0
1459947781274206 130 2173370 38641 127 2135839 40489 0
1459947781276125 132 2172535 36391 130 2135376 37751 0
1459947781277845 128 2166645 38976 126 2129829 39913 0
1459947781279725 135 2170175 39186 132 2132396 39160 0
1459947781281603 135 2173430 39124 133 2136042 39461 0
1459947781283496 132 2172590 36840 129 2134283 37998 0
1459947781285387 134 2174376 35607 133 2137782 38254 0
1459947781287420 135 2177302 35523 132 2139727 37058 0
1459947781289563 139 2185120 39954 136 2146640 40535 0
1459947781291531 136 2188487 39936 134 2150453 40883 0
1459947781293773 138 2194151 42037 136 2156528 43290 0
1459947781295647 133 2192972 39837 130 2154449 41823 0
1459947781297670 136 2195726 39262 134 2157652 41508 0
1459947781299693 139 2202104 42074 135 2161885 42167 0
1459947781301655 138 2206704 43027 136 2167067 43649 0
1459947781303355 129 2199425 46375 127 2160324 46453 0
1459947781305065 130 2193994 47756 129 2156668 46192 0
1459947781306945 133 2192828 45099 131 2155858 43329 0
1459947781308972 141 2201993 50024 140 2166631 49874 0
1459947781310891 134 2201482 46585 131 2165042 47440 0
1459947781312850 135 2202291 43691 133 2166138 44743 0
1459947781314647 133 2200477 41949 132 2165868 41495 0
1459947781316519 134 2200084 39032 133 2166899 39204 0
1459947781318543 137 2203562 39188 135 2170410 39377 0
1459947781320588 137 2206768 39082 135 2173646 39283 0
1459947781322567 135 2207164 36393 133 2174069 36604 0
1459947781324778 141 2215209 40965 139 2182139 41184 0
1459947781326769 138 2218785 41061 136 2185739 41285 0
1459947781328663 134 2216962 39533 132 2183938 39719 0
1459947781330498 132 2212721 40352 130 2179717 40505 0
1459947781332362 133 2210092 39622 130 2175826 40926 0
1459947781334259 130 2203828 42300 128 2169679 43394 0
1459947781335958 126 2192933 49037 124 2158892 49946 0
1459947781338006 134 2193130 45386 132 2159188 46316 0
1459947781339927 135 2194591 43187 133 2160741 44129 0
1459947781342139 135 2195938 41055 132 2160893 40821 0
1459947781344445 143 2207420 48432 141 2172553 48380 0
1459947781346361 136 2209045 46146 136 2176902 48609 0
1459947781348014 127 2199023 51778 125 2166831 54094 0
1459947781349941 135 2200024 48655 134 2169067 51928 0
1459947781351784 136 2202227 46884 134 2171128 49771 0
1459947781353461 130 2196578 48428 129 2166628 50029 0
1459947781355289 134 2196490 44724 131 2165040 47583 0
1459947781357352 135 2197689 42334 133 2166136 44875 0
1459947781359189 132 2194954 41546 131 2164586 42797 0
1459947781361068 127 2186033 46523 126 2156757 46669 0
1459947781362594 124 2173969 54009 122 2144420 54394 0
1459947781364467 132 2173087 50601 131 2144567 50279 0
1459947781366350 137 2178674 51798 133 2147262 48835 0
1459947781367924 123 2165905 59522 121 2134387 56887 0
1459947781369615 125 2156693 63362 122 2123798 62203 0
1459947781371153 121 2143081 70959 119 2110196 69882 0
1459947781372709 128 2139492 68722 125 2105336 68901 0
1459947781374432 128 2136184 66402 126 2102136 66467 0
1459947781376251 130 2135694 61665 129 2103026 62095 0
1459947781378090 132 2137802 58791 130 2105127 59179 0
1459947781379911 132 2139746 55989 130 2107063 56340 0
1459947781381971 136 2146658 57986 135 2115248 59484 0
1459947781384137 142 2160710 66409 141 2130474 68872 0
1459947781386007 131 2159584 62257 129 2129150 64710 0
1459947781387853 128 2154706 61889 126 2124090 64318 0
1459947781389642 133 2156609 58807 130 2124545 59712 0
1459947781391052 122 2144283 65574 121 2113444 65279 0
1459947781392604 128 2140600 63845 126 2109611 63712 0
1459947781394634 137 2148725 66347 132 2113757 62556 0
1459947781396605 137 2156215 68068 133 2118859 62372 0
1459947781398689 136 2161840 67936 133 2123563 61835 0
1459947781400711 135 2165746 66229 135 2130459 63361 0
1459947781402894 141 2177027 71453 138 2140656 67811 0
1459947781404888 136 2181026 69557 134 2144937 66459 0
1459947781406724 134 2182153 65161 131 2145043 61364 0
1459947781408648 131 2179352 62651 129 2142581 58838 0
1459947781410634 134 2180610 58915 133 2145431 56869 0
1459947781412471 130 2176649 57962 129 2142939 54723 0
1459947781414249 130 2172998 56798 127 2138081 54924 0
1459947781416074 129 2168352 56642 127 2133603 54760 0
1459947781417881 128 2162789 57343 128 2130755 53106 0
1459947781419623 130 2160221 55230 126 2125569 53737 0
1459947781421209 129 2156573 54277 127 2122068 52764 0
1459947781422913 133 2158330 51656 130 2122681 49206 0
1459947781424639 131 2157390 48486 129 2121966 46019 0
1459947781426139 124 2157390 48486 116 2121966 46019 1
1459947781427496 123 2157390 48486 114 2121966 46019 1
1459947781428945 125 2157390 48486 117 2121966 46019 1
1459947781430446 125 2157390 48486 116 2121966 46019 1
1459947781431934 125 2157390 48486 115 2121966 46019 1
1459947781433491 127 2157390 48486 116 2121966 46019 1
1459947781434924 123 2157390 48486 112 2121966 46019 1
1459947781436365 123 2157390 48486 114 2121966 46019 1
1459947781438082 129 2153963 47856 122 2112347 51290 0
1459947781439493 124 2153963 47856 115 2112347 51290 1
1459947781441115 127 2153963 47856 117 2112347 51290 1
1459947781442736 124 2153963 47856 116 2112347 51290 1
1459947781444245 124 2153963 47856 114 2112347 51290 1
1459947781445608 121 2153963 47856 113 2112347 51290 1
1459947781447031 124 2153963 47856 113 2112347 51290 1
1459947781448535 124 2153963 47856 115 2112347 51290 1
1459947781449963 124 2153963 47856 115 2112347 51290 1
1459947781451367 122 2153963 47856 112 2112347 51290 1
1459947781452809 124 2153963 47856 115 2112347 51290 1
1459947781454558 128 2149524 48208 119 2099639 58996 0
1459947781456296 130 2147992 45852 121 2090484 62825 0
1459947781457873 128 2144020 45930 119 2079484 68055 0
1459947781459413 129 2141638 44536 120 2070624 70905 0
1459947781460869 123 2131762 50159 115 2056056 78794 0
1459947781462113 119 2117538 59352 110 2036226 90918 0
1459947781463531 121 2106985 64443 112 2020505 98306 0
1459947781465026 122 2098536 67196 112 2006013 103984 0
1459947781466360 124 2093307 66765 115 1996493 104636 0
1459947781467690 125 2089767 64811 117 1990276 102191 0
1459947781469327 126 2087783 61575 120 1988385 95949 0
1459947781470665 125 2084674 59629 119 1985362 91238 0
1459947781472184 130 2088208 58228 124 1988975 87441 0
1459947781473458 123 2082506 58933 117 1983346 85797 0
1459947781474982 127 2082370 54453 122 1984557 80210 0
1459947781476731 133 2089924 57162 128 1993353 82052 0
1459947781478332 132 2095608 57936 125 1997622 79576 0
1459947781479976 125 2091888 56837 118 1992597 77990 0
1459947781481576 128 2092299 52775 123 1994365 73527 0
1459947781482961 125 2088838 51841 119 1990875 70999 0
1459947781484625 128 2089487 48388 121 1990217 66057 0
1459947781485948 121 2081125 52314 116 1983211 67354 0
1459947781487499 124 2077257 51791 120 1981872 63324 0
1459947781489084 126 2076251 48671 123 1984478 60778 0
1459947781490521 124 2072763 48082 117 1979200 60894 0
1459947781492040 127 2073388 44901 121 1979455 56371 0
1459947781493089 105 2073388 44901 101 1979455 56371 1
1459947781494687 129 2076524 44284 124 1983530 55723 0
1459947781496608 137 2076524 44284 131 1983530 55723 1
1459947781498124 129 2079415 43489 123 1986006 53652 0
1459947781499686 127 2079520 40188 123 1988289 51564 0
1459947781501168 126 2078337 38138 120 1986553 49134 0
1459947781502711 131 2083646 40053 125 1991353 49720 0
1459947781504216 123 2078301 41850 117 1985538 51195 0
1459947781505619 124 2074653 41942 117 1980177 52136 0
1459947781507098 126 2073850 39404 121 1980355 48226 0
1459947781508509 122 2067990 41726 117 1975399 49026 0
1459947781509905 126 2067708 38725 121 1975950 45703 0
1459947781511271 126 2067448 35938 121 1976458 42601 0
1459947781512808 125 2065928 34530 118 1973087 42379 0
1459947781514536 133 2074767 39980 127 1981499 46823 0
1459947781516185 133 2082915 44368 126 1987974 49133 0
1459947781517657 127 2082747 41055 120 1986263 46870 0
1459947781519178 128 2083872 38884 122 1987246 44114 0
1459947781520757 127 2083629 36069 120 1985592 42191 0
1459947781522252 126 2082125 34637 120 1984067 40299 0
1459947781523674 124 2078178 35567 119 1981381 39625 0
1459947781525204 126 2077100 33781 123 1984025 38967 0
1459947781526749 128 2078666 32585 122 1985183 36989 0
1459947781528064 120 2078666 32585 112 1985183 36989 1
1459947781529423 120 2069870 38147 114 1976010 42554 0
1459947781530631 120 2061761 42641 113 1966274 48204 0
1459947781532100 126 2061965 39497 121 1967538 45604 0
1459947781533407 123 2058313 39776 119 1966144 43326 0
1459947781535072 130 2063907 41825 124 1971259 44656 0
1459947781536436 126 2063944 38591 121 1972134 41974 0
1459947781537835 123 2060138 39084 117 1967821 42670 0
1459947781539186 121 2054069 41624 117 1963844 43001 0
1459947781540674 123 2051034 41169 118 1961458 41839 0
1459947781542165 123 2048236 40530 117 1957979 41777 0
1459947781543920 128 2052057 40886 121 1959891 40276 0
1459947781545456 127 2054300 39758 121 1961654 38754 0
1459947781546819 115 2054300 39758 109 1961654 38754 1
1459947781548329 126 2055087 37377 122 1964559 38404 0
1459947781549705 123 2051973 37326 119 1963397 36473 0
1459947781551118 124 2050382 35875 121 1964886 34996 0
1459947781552524 122 2046355 36783 116 1959859 36894 0
1459947781553950 126 2047763 35207 121 1961625 35639 0
1459947781555308 124 2046501 33618 119 1960693 33713 0
1459947781556523 118 2037658 39143 114 1953433 37770 0
1459947781557725 119 2030785 42419 116 1949301 38628 0
1459947781559226 126 2033409 41524 120 1950611 36818 0
1459947781560533 123 2031988 39588 118 1949259 35186 0
1459947781561989 126 2034518 38828 120 1950573 33648 0
1459947781563425 126 2036851 37945 120 1951784 32135 0
1459947781564776 119 2030042 41257 113 1943940 36854 0
1459947781566287 125 2031444 39326 119 1944389 34388 0
1459947781567838 127 2035297 39805 122 1948643 35623 0
1459947781569147 122 2032449 39320 116 1944885 36303 0
1459947781570739 126 2034943 38548 121 1947820 36172 0
1459947781572310 126 2037243 37656 121 1950526 35841 0
1459947781573809 125 2038083 35488 121 1953021 35340 0
1459947781575288 123 2036297 34360 119 1952761 32818 0
1459947781576763 124 2035931 32012 121 1955081 32393 0
1459947781578198 126 2038153 31560 121 1957220 31834 0
1459947781579708 128 2042762 33343 123 1961752 33524 0
1459947781581308 126 2044451 32295 121 1963370 32395 0
1459947781582986 129 2049848 34746 126 1971261 37139 0
1459947781584677 129 2054823 36617 125 1977256 39763 0
1459947781586137 124 2053009 35427 121 1977662 37031 0
1459947781587486 125 2052617 33019 120 1976757 34971 0
1459947781589081 126 2053536 31286 120 1975922 33006 0
1459947781590776 127 2055663 30802 122 1977713 32078 0
1459947781592178 128 2058904 31383 123 1980644 32273 0
1459947781593540 125 2058052 29716 120 1979506 30799 0
1459947781594841 124 2055986 29297 117 1974617 32898 0
1459947781596029 117 2045122 37023 113 1964990 39201 0
1459947781597357 123 2042786 36282 119 1963795 37239 0
1459947781599108 132 2052153 42082 124 1969093 39213 0
1459947781600688 126 2053108 39674 120 1968857 36365 0
1459947781602300 127 2055268 38566 122 1971200 35683 0
1459947781603861 130 2061100 40929 125 1977200 38426 0
1459947781605501 128 2063916 40327 123 1980171 38162 0
1459947781606987 127 2065232 38389 121 1980350 35345 0
1459947781608730 131 2071565 41227 125 1985635 37455 0
1459947781610266 128 2073563 39848 124 1989227 37839 0
1459947781611806 126 2072845 37395 119 1986138 37729 0
1459947781613288 128 2074743 36223 123 1988410 36876 0
1459947781614519 120 2066253 41219 117 1982825 39143 0
1459947781615805 121 2059706 44032 117 1977676 40829 0
1459947781617418 129 2063911 44468 123 1980610 40343 0
1459947781618969 124 2061387 43318 121 1980754 37324 0
1459947781620547 124 2059061 42077 119 1978327 36644 0
1459947781621926 120 2051796 45485 116 1972250 39383 0
1459947781623151 120 2045099 48104 114 1964087 43830 0
1459947781624617 125 2045325 44553 120 1964242 40548 0
1459947781626298 129 2050653 45984 124 1969505 42232 0
1459947781627973 130 2056845 48099 125 1975637 44585 0
1459947781629513 129 2061273 48424 124 1980010 45132 0
1459947781631188 129 2065356 48404 124 1984041 45322 0
1459947781632612 125 2064000 45872 120 1982637 43074 0
1459947781634139 126 2064030 42315 121 1982623 39720 0
1459947781635742 129 2067897 42574 123 1985170 38964 0
1459947781637245 127 2068902 40174 121 1984958 36113 0
1459947781638808 128 2071109 39069 122 1986043 34291 0
1459947781640462 130 2075703 40251 123 1988323 33714 0
1459947781642031 123 2070978 41461 116 1981465 37401 0
1459947781643348 121 2064062 44595 117 1976423 39127 0
1459947781644774 123 2060247 44627 118 1973054 39174 0
1459947781646045 119 2051610 49102 113 1963549 44875 0
1459947781647527 126 2052607 46185 121 1965026 42731 0
1459947781649142 130 2058647 48144 124 1970228 44187 0
1459947781650603 123 2055255 47508 118 1967343 43392 0
1459947781651897 121 2049568 49038 115 1960844 45992 0
1459947781653278 121 2044325 50038 116 1956133 46740 0
1459947781654378 117 2034372 55303 112 1946670 51811 0
1459947781655798 125 2035436 51963 118 1945626 48725 0
1459947781657095 122 2032577 50538 117 1943383 46984 0
1459947781658736 126 2035061 48879 121 1946436 46127 0
1459947781660172 126 2037351 47171 120 1947970 43937 0
1459947781661847 131 2045862 51332 127 1958344 50068 0
1459947781663523 130 2052429 53374 125 1965348 52613 0
1459947781664777 125 2052082 49522 119 1964125 49629 0
1459947781666289 125 2051763 45946 119 1962997 46790 0
1459947781667820 128 2055309 45624 123 1967077 46896 0
1459947781669324 124 2053457 43765 119 1965719 44483 0
1459947781670711 124 2051750 41917 119 1964467 42160 0
1459947781672250 127 2054017 40731 122 1967153 41342 0
1459947781673683 124 2052266 39161 117 1963229 41729 0
1459947781675208 126 2053212 36973 119 1962171 39442 0
1459947781676705 127 2055364 36068 119 1961196 37258 0
1459947781678263 129 2059908 37439 123 1965417 38238 0
1459947781679731 121 2053857 40091 115 1959068 41102 0
1459947781681137 126 2054679 37716 119 1958335 38564 0
1459947781682797 127 2056717 36647 117 1955100 38533 0
1459947781684404 127 2058595 35515 116 1950837 39451 0
1459947781685748 128 2061607 35516 115 1945627 41170 0
1459947781687188 132 2069503 40021 118 1944664 38839 0
1459947781688626 128 2071663 38885 116 1941217 38981 0
1459947781690069 132 2078774 42402 117 1939319 37684 0
1459947781691583 135 2089169 48672 121 1942689 37846 0
1459947781693214 136 2100032 54884 123 1948356 40113 0
1459947781694833 138 2112607 62188 123 1953580 41795 0
1459947781696196 130 2113959 58575 115 1948156 43528 0
1459947781697648 128 2112645 55208 112 1939316 48276 0
1459947781698855 129 2112714 50958 112 1931166 52016 0
1459947781700459 135 2120458 54115 120 1933893 50466 0
1459947781701892 131 2122477 51748 113 1927447 52464 0
1459947781703457 136 2130738 55321 120 1930465 51147 0
1459947781704938 132 2133234 53300 116 1928127 49305 0
1459947781706220 127 2129135 52913 112 1920852 52159 0
1459947781707705 134 2134316 53555 115 1917985 50726 0
1459947781709378 140 2146772 60854 126 1929422 57306 0
1459947781710871 134 2150575 59605 120 1932285 55468 0
1459947781712257 134 2154081 58180 118 1932365 51207 0
1459947781713603 130 2152193 55374 111 1923478 55397 0
1459947781715282 137 2159412 57702 120 1926806 54137 0
1459947781716925 136 2164787 58150 119 1928594 51555 0
1459947781718565 138 2172303 60535 121 1932802 51406 0
1459947781720092 137 2177951 61012 120 1935401 49785 0
1459947781721608 134 2179318 57505 114 1930117 50765 0
1459947781723049 135 2181858 55354 116 1927806 48927 0
1459947781724654 137 2186760 55548 118 1928236 45500 0
1459947781726232 137 2191279 55374 118 1928632 42310 0
1459947781727877 136 2194165 53707 118 1928997 39341 0
1459947781729273 131 2190425 52957 116 1926774 38316 0
1459947781730626 134 2190818 49181 117 1926004 36031 0
1459947781731912 129 2184780 50903 113 1920174 38589 0
1459947781733399 133 2184334 47337 116 1918640 36987 0
1459947781734864 137 2189042 47979 116 1917226 35400 0
1459947781736302 133 2188263 44948 116 1915922 33835 0
1459947781737803 134 2188824 41954 116 1914720 32298 0
1459947781739494 142 2199582 48593 124 1923852 38193 0
1459947781741110 137 2203099 48038 120 1927151 38250 0
1459947781742570 136 2205061 46094 117 1926352 35997 0
1459947781744055 133 2203030 44363 117 1925615 33862 0
1459947781745431 136 2204998 42711 115 1922376 34201 0
1459947781747067 140 2211932 45766 121 1927070 35856 0
1459947781748382 129 2204244 49276 113 1921157 38504 0
1459947781749705 132 2200997 48418 114 1916986 39339 0
1459947781751143 135 2201844 45415 115 1914421 38629 0
1459947781752620 135 2202624 42586 116 1913336 36610 0
1459947781754256 139 2208464 44641 119 1916176 36367 0
1459947781755828 138 2212567 44936 123 1923914 40659 0
1459947781757246 137 2215070 43732 116 1922088 39165 0
1459947781758735 139 2219937 44802 121 1926804 40453 0
1459947781760195 137 2221864 43077 118 1927312 37760 0
1459947781761826 140 2227480 44889 122 1932900 39962 0
1459947781763555 141 2233938 47335 121 1936772 40408 0
1459947781765147 137 2234771 44404 118 1936501 37500 0
1459947781766578 132 2229139 46125 113 1929851 40699 0
1459947781768062 138 2231627 44815 117 1928841 38449 0
1459947781769554 133 2227521 45098 114 1924070 39842 0
1459947781771132 133 2223735 45063 115 1920952 39603 0
1459947781772473 132 2218965 45938 111 1912957 43878 0
1459947781773806 133 2215848 45222 116 1911987 41343 0
1459947781775549 141 2223214 48480 123 1920053 45548 0
1459947781777096 139 2227445 48592 116 1918528 43394 0
1459947781778633 136 2227505 44851 116 1917123 41298 0
1459947781780132 137 2228841 42578 117 1917107 38084 0
1459947781781820 139 2232632 42746 122 1923493 40995 0
1459947781783587 142 2239967 46168 120 1926820 40859 0
1459947781785115 135 2237769 44586 115 1923487 40738 0
1459947781786433 129 2237769 44586 108 1923487 40738 1
1459947781787631 127 2225503 52409 110 1914014 46287 0
1459947781789155 135 2224435 49297 118 1915521 44059 0
1459947781790708 136 2224731 45717 116 1914350 41694 0
1459947781792454 141 2231403 48296 121 1919671 43341 0
1459947781793957 134 2228594 47110 118 1920736 40936 0
1459947781828510 138 2231125 45762 116 1919158 39191 0
1459947781829919 136 2230898 42394 114 1915143 39829 0
1459947781831239 133 2226849 42813 111 1907602 43668 0
1459947781832732 140 2232076 44287 118 1909610 42107 0
1459947781834346 135 2230495 42284 115 1907621 40649 0
1459947781835754 135 2229037 40323 115 1905788 39162 0
1459947781837495 138 2231533 39473 115 1904098 37659 0
1459947781838953 137 2232554 37330 114 1901260 37331 0
1459947781840413 136 2232215 34724 116 1901204 34465 0
1459947781842031 137 2233183 32903 118 1903712 34084 0
1459947781843729 140 2237915 34694 118 1906024 33552 0
1459947781845319 139 2240997 34825 118 1908155 32895 0
1459947781847036 140 2245119 35904 119 1911400 33316 0
1459947781848656 139 2247639 35422 119 1914391 33471 0
1459947781850254 142 2253802 38335 119 1917149 33398 0
1459947781851896 141 2258203 39397 116 1915851 31983 0
1459947781853529 138 2258420 36519 115 1913375 31766 0
1459947781855291 139 2259900 35030 117 1913652 29539 0
1459947781857086 146 2259900 35030 122 1913652 29539 1
1459947781858616 140 2262545 34731 117 1913907 27467 0
1459947781859959 134 2257303 36848 111 1906463 32183 0
1459947781861604 137 2256311 34883 119 1909840 32781 0
1459947781863245 137 2255396 32999 117 1910393 30729 0
1459947781864756 138 2255833 30823 116 1909623 29037 0
1459947781866368 140 2258796 31145 118 1911473 28474 0
1459947781867793 134 2253847 33272 111 1904219 32936 0
1459947781869349 136 2251845 32517 114 1901371 32986 0
1459947781870902 138 2252559 30634 116 1901306 30467 0
1459947781872243 135 2249377 31172 112 1896126 32860 0
1459947781873933 141 2254124 33112 119 1900311 34150 0
1459947781875621 141 2258500 34559 118 1902889 33858 0
1459947781877061 137 2257414 32859 114 1900145 33740 0
1459947781878668 143 2264093 36448 120 1905296 35852 0
1459947781880059 135 2260010 37363 113 1901084 36933 0
1459947781881087 116 2260010 37363 94 1901084 36933 1
1459947781882489 137 2258806 35553 116 1901041 34085 0
1459947781884150 142 2264096 37652 120 1906122 36106 0
1459947781885832 142 2268973 39206 120 1910806 37603 0
1459947781887348 137 2267069 37897 115 1908724 36584 0
1459947781888728 134 2261474 40093 112 1902964 39034 0
1459947781890356 138 2261436 36994 116 1902774 36158 0
1459947781891996 141 2265241 37611 119 1906439 36712 0
1459947781893783 146 2275149 43805 122 1913658 40498 0
1459947781895234 138 2274042 41401 118 1915193 38749 0
1459947781896496 130 2262782 48545 111 1907648 42676 0
1459947781898033 138 2262642 44880 116 1907093 39852 0
1459947781899751 139 2263793 42434 118 1909141 38626 0
1459947781901417 140 2266134 41276 118 1911029 37348 0
1459947781902785 138 2265732 38421 116 1910209 35185 0
1459947781904281 137 2264081 36940 117 1910733 32919 0
1459947781905924 139 2265119 35011 119 1913776 33153 0
1459947781907476 139 2266076 33157 118 1915302 31969 0
1459947781909042 143 2272078 36099 120 1919269 33128 0
1459947781910475 140 2273771 34839 115 1916526 33067 0
1459947781911912 134 2267652 37757 111 1908877 37534 0
1459947781913161 135 2263291 38826 114 1905665 37561 0
1459947781914546 134 2257991 40677 111 1898864 40894 0
1459947781916007 138 2258225 37715 116 1898995 37820 0
1459947781917587 139 2259721 36147 116 1899116 34976 0
1459947781918929 136 2257260 35591 112 1894107 36860 0
1459947781920317 137 2256271 33721 115 1893329 34696 0
1459947781922002 139 2257919 32606 116 1893892 32504 0
1459947781923562 141 2261999 33819 116 1894411 30443 0
1459947781925221 137 2260640 32428 117 1896170 29685 0
1459947781926697 136 2258107 32228 115 1895231 28229 0
1459947781928280 143 2264732 35817 119 1899486 29945 0
1459947781929798 138 2264439 33287 113 1895728 31068 0
1459947781931283 140 2266729 32797 118 1898664 31346 0
1459947781932723 135 2262440 34187 112 1893690 33481 0
1459947781934172 135 2258486 35160 113 1890385 33911 0
1459947781935670 136 2256121 34592 117 1892458 33172 0
1459947781937263 140 2259061 34599 117 1894369 32342 0
1459947781938832 142 2264331 36754 118 1897411 32619 0
1459947781939918 118 2264331 36754 94 1897411 32619 1
1459947781941308 139 2265350 34821 114 1895095 32204 0
1459947781942764 136 2262449 34773 115 1894240 30475 0
1459947781944298 142 2267455 36671 117 1896012 29728 0
1459947781945746 136 2264390 36631 112 1891246 31798 0
1459947781947367 137 2262844 35193 114 1889412 31003 0
1459947781948807 133 2256299 38476 110 1882601 34858 0
1459947781950245 134 2251545 39851 111 1877602 36741 0
1459947781951677 136 2249723 38416 115 1878114 34342 0
1459947781953137 135 2246763 38142 112 1874746 34763 0
1459947781954669 140 2250434 38546 115 1875481 32725 0
1459947781956116 138 2251258 36294 116 1877439 31973 0
1459947781957838 146 2251258 36294 122 1877439 31973 1
1459947781959473 141 2255858 37699 118 1881804 33499 0
1459947781960833 136 2253699 36743 114 1880708 31891 0
1459947781962011 133 2247868 39246 108 1872017 37410 0
1459947781963651 140 2251453 39484 117 1875525 37721 0
1459947781965091 140 2254758 39446 116 1877479 36575 0
1459947781966364 136 2252685 38275 113 1875440 35595 0
1459947781967810 139 2254613 37062 115 1876121 33442 0
1459947781969261 136 2252551 36066 113 1874189 32610 0
1459947781970416 129 2241690 43260 107 1864727 38783 0
1459947781971895 139 2244477 42450 114 1864965 35972 0
1459947781973520 142 2250887 45042 119 1871584 39263 0
1459947781975147 139 2252956 43430 116 1873846 38280 0
1459947781976682 139 2254863 41795 114 1873371 35726 0
1459947781978275 139 2256621 40150 116 1875493 34891 0
1459947781979834 136 2254402 39058 114 1874890 32720 0
1459947781981410 139 2256196 37660 116 1876894 32010 0
1459947781982876 133 2250170 40271 110 1871061 34885 0
1459947781984197 133 2244615 42244 110 1865684 37115 0
1459947781985566 130 2235654 47203 108 1858167 41144 0
1459947781987197 138 2237633 45339 116 1861477 40981 0
1459947781988944 142 2244577 48198 119 1868369 44132 0
1459947781990482 141 2249699 49154 118 1873442 45361 0
1459947781991726 134 2245461 49219 109 1866599 48125 0
1459947781993106 138 2246674 46491 110 1861570 49000 0
1459947781994500 137 2246512 43006 113 1860774 45903 0
1459947781995846 138 2247643 40688 112 1858761 44171 0
1459947781997380 141 2252525 42010 118 1864585 46089 0
1459947781998852 137 2251906 39297 114 1864834 42717 0
1459947782000468 142 2257735 41600 117 1868903 43130 0
1459947782001976 137 2256709 39295 114 1868814 39841 0
1459947782003333 137 2255763 37096 110 1863612 41522 0
1459947782004664 134 2251051 38540 112 1861377 40338 0
1459947782006301 143 2258227 42145 118 1866996 42366 0
1459947782007786 137 2257163 39832 113 1865776 40179 0
1459947782009329 140 2260022 39355 115 1867212 38364 0
1459947782010901 142 2265217 41069 121 1876216 43666 0
1459947782012304 138 2264886 38164 116 1878116 42006 0
1459947782013552 133 2258181 41362 110 1872188 44188 0
1459947782015200 142 2263520 43052 120 1879523 47497 0
1459947782016653 137 2262042 41050 112 1876045 46992 0
1459947782018171 138 2261959 37917 114 1875398 43915 0
1459947782019631 139 2263163 36064 117 1878642 43475 0
1459947782021182 142 2268113 37809 117 1881633 42835 0
1459947782022797 140 2270116 36702 116 1883110 40850 0
1459947782024058 136 2266843 36851 111 1878072 42302 0
1459947782025545 138 2266385 34393 114 1877267 39738 0
1459947782026740 129 2266385 34393 104 1877267 39738 1
1459947782028125 137 2264683 33274 114 1876525 37316 0
1459947782029583 139 2265674 31588 112 1873281 37390 0
1459947782030842 132 2257628 36537 110 1867730 39584 0
1459947782032158 135 2254050 36979 109 1861333 42387 0
1459947782033545 134 2249472 38310 111 1857996 42150 0
1459947782034941 137 2249092 35667 110 1853640 42872 0
1459947782036344 136 2247461 34382 113 1853464 39683 0
1459947782037861 138 2248518 32669 116 1857142 39972 0
1459947782039222 136 2246932 31577 111 1854132 39623 0
1459947782040834 137 2246750 29277 114 1855197 37509 0
1459947782042488 144 2246750 29277 120 1855197 37509 1
1459947782043922 138 2247862 28014 115 1857459 36664 0
1459947782045496 139 2250167 27950 113 1856985 34235 0
1459947782046814 135 2247172 28526 109 1851428 36682 0
1459947782048388 136 2245691 27661 113 1851425 33818 0
1459947782049898 141 2250726 30141 115 1853982 33532 0
1459947782051317 137 2250248 28226 112 1852499 32278 0
1459947782052819 139 2252367 27973 115 1854972 32036 0
1459947782054354 138 2253040 26408 114 1855972 30455 0
1459947782056007 143 2260061 30816 120 1864574 36005 0
1459947782057510 138 2260133 28475 115 1866104 34602 0
1459947782058956 140 2262760 28671 115 1867514 33198 0
1459947782060412 140 2265181 28663 114 1867534 30622 0
1459947782061882 139 2266133 27301 112 1864992 30571 0
1459947782063608 143 2272131 30697 117 1869049 31922 0
1459947782065299 143 2277660 33395 120 1876629 36416 0
1459947782066821 136 2273797 34346 114 1875937 34208 0
1459947782068247 140 2275356 33099 113 1874019 33302 0
1459947782069667 138 2274233 31547 113 1872251 32329 0
1459947782070923 136 2270638 32395 112 1869341 32485 0
1459947782072294 134 2264764 35278 109 1862818 35959 0
1459947782073859 140 2267029 34609 115 1864485 34686 0
1459947782075447 143 2272957 37370 116 1867302 34573 0
1459947782076963 141 2275862 37128 116 1869899 34265 0
1459947782078310 139 2275980 34336 114 1869733 31740 0
1459947782079769 143 2281209 36473 118 1874700 33839 0
1459947782081501 147 2291149 42786 122 1884399 40136 0
1459947782083073 143 2295192 43171 120 1890780 42882 0
1459947782084575 141 2296360 40874 118 1894102 42594 0
1459947782085986 139 2294876 39047 116 1894605 39729 0
1459947782087300 135 2288388 41976 110 1887388 43277 0
1459947782088577 134 2281127 45389 109 1879455 47207 0
1459947782090135 140 2282113 42751 115 1879822 43856 0
1459947782091389 135 2276622 44472 110 1873760 46016 0
1459947782092646 133 2269000 48022 109 1866892 48751 0
1459947782094156 139 2269654 44873 115 1868241 46185 0
1459947782095791 142 2274097 45463 120 1875884 49622 0
1459947782097351 142 2278193 45687 118 1880370 49881 0
1459947782098882 142 2281969 45598 116 1881946 47436 0
1459947782100389 141 2284170 44064 119 1887238 48609 0
1459947782102011 139 2283639 41110 118 1890837 48129 0
1459947782103210 136 2279309 41889 111 1885195 49568 0
1459947782104505 134 2272757 44655 110 1878714 51669 0
1459947782106038 136 2269277 44373 114 1877859 48419 0
1459947782107467 138 2268629 41502 112 1874511 47722 0
1459947782109201 143 2274432 43609 115 1875264 44688 0
1459947782110695 145 2282342 47494 118 1879799 45376 0
1459947782112109 139 2281954 44140 114 1878859 42696 0
1459947782113624 140 2282876 41541 118 1883113 43281 0
1459947782115141 138 2281166 39871 115 1883194 39974 0
1459947782116664 136 2277029 40568 113 1880709 39141 0
1459947782118282 138 2275776 38553 116 1882258 37511 0
1459947782119799 142 2279741 39196 118 1886246 38257 0
1459947782121235 140 2280836 37142 116 1887363 36297 0
1459947782122380 133 2280836 37142 105 1887363 36297 1
1459947782123663 135 2275445 39209 110 1880712 39591 0
1459947782124930 134 2269195 41905 110 1874581 42148 0
1459947782126269 136 2265994 41581 110 1868929 44065 0
1459947782127629 139 2266883 39151 113 1867558 41884 0
1459947782128939 132 2258742 43596 106 1857335 48035 0
1459947782130206 137 2257637 41207 113 1856870 44709 0
1459947782131549 136 2255339 40105 112 1855162 42790 0
1459947782132923 136 2253220 38923 112 1853587 40898 0
1459947782134403 140 2256387 38801 117 1858535 42263 0
1459947782135966 139 2258026 37280 117 1863096 43166 0
1459947782137518 141 2262097 38120 117 1867301 43670 0
1459947782138944 139 2263290 36241 114 1867338 40292 0
1459947782140466 139 2264390 34423 115 1868652 38355 0
1459947782141990 140 2266684 33848 115 1869863 36474 0
1459947782143571 141 2270079 34333 118 1874819 38193 0
1459947782144960 137 2268089 33484 112 1871708 38076 0
1459947782146574 141 2271374 33896 114 1871400 35384 0
1459947782148107 140 2273122 32859 113 1869836 34059 0
1459947782149676 142 2277294 34137 117 1873515 34789 0
1459947782151180 139 2277300 31475 117 1876906 35197 0
1459947782152768 143 2282425 33741 117 1880032 35329 0
1459947782154367 141 2284590 33100 116 1881634 34045 0
1459947782156216 147 2294266 39434 120 1888231 37466 0
1459947782158178 148 2304466 45756 126 1901992 47224 0
1459947782160032 145 2310029 47309 119 1905718 46969 0
1459947782161738 145 2315157 48340 121 1911713 48826 0
1459947782163333 143 2317325 46561 117 1912120 45386 0
1459947782164444 137 2311643 48160 111 1904815 48573 0
1459947782165929 137 2306405 49224 115 1903201 46265 0
1459947782167304 133 2296457 54548 111 1896593 48741 0
1459947782168999 142 2298806 52451 116 1896901 45217 0
1459947782170427 137 2294571 52256 110 1889505 48501 0
1459947782171924 142 2297067 50474 116 1890367 45506 0
1459947782173665 143 2300648 49831 118 1893722 45042 0
1459947782175161 137 2296269 49973 112 1889134 45751 0
1459947782176728 140 2296072 46248 115 1888745 42534 0
1459947782178402 143 2299731 46007 117 1890946 41240 0
1459947782179924 139 2297984 44022 115 1890415 38506 0
1459947782181437 139 2296374 42066 116 1891206 36226 0
1459947782182868 136 2291049 43687 110 1884255 39802 0
1459947782184369 138 2288700 42437 110 1877847 42598 0
1459947782186000 142 2291655 41845 118 1882180 43264 0
1459947782187675 142 2294379 41086 118 1886174 43566 0
1459947782189432 141 2295610 39011 119 1891136 44737 0
1459947782191097 144 2300585 40549 118 1894431 44278 0
1459947782192774 144 2305171 41609 118 1897468 43618 0
1459947782194270 140 2304279 39179 115 1896428 41168 0
1459947782195780 139 2302177 38055 115 1895469 38834 0
1459947782197157 138 2298959 38047 113 1892025 38974 0
1459947782198692 139 2297272 36628 115 1891410 36495 0
1459947782199903 135 2290597 39918 109 1883163 41245 0
1459947782201069 132 2280604 46011 109 1875560 45030 0
1459947782202080 123 2280604 46011 100 1875560 45030 1
1459947782203197 133 2272671 49728 108 1867271 49152 0
1459947782204497 138 2271758 46684 112 1864750 47635 0
1459947782205917 142 2276036 46980 115 1866266 45310 0
1459947782207497 140 2277420 44585 114 1866383 41878 0
1459947782208972 144 2283816 46997 118 1871611 43426 0
1459947782210430 141 2285872 45221 115 1872591 40936 0
1459947782211967 140 2286488 42256 115 1873494 38570 0
1459947782213565 142 2289616 41837 118 1878167 39864 0
1459947782215157 145 2296339 44766 121 1886315 44260 0
1459947782216801 143 2299977 44622 117 1888706 43006 0
1459947782218300 136 2294371 46302 111 1883230 44693 0
1459947782219785 142 2296883 45000 117 1885862 43628 0
1459947782221312 141 2297919 42439 116 1887009 41276 0
1459947782223381 135 2291194 45322 134 1911106 60265 0
1459947782225509 138 2288834 43956 136 1935880 78395 0
1459947782227574 137 2285378 43706 135 1957439 92145 0
1459947782229506 136 2280912 44407 133 1974754 100908 0
1459947782231235 129 2267835 52991 127 1983036 100659 0
1459947782233245 137 2266020 50523 136 2002191 110453 0
1459947782235189 135 2261787 50477 134 2017289 115742 0
1459947782236996 132 2254044 53670 127 2022248 111270 0
1459947782238772 129 2243066 59596 127 2026819 106791 0
1459947782240738 135 2240626 57188 133 2038713 109412 0
1459947782242728 130 2231977 60693 127 2041998 103892 0
1459947782244750 133 2227843 59761 132 2051426 104467 0
1459947782246615 132 2222752 59784 131 2058838 103138 0
1459947782248480 133 2219339 58258 133 2068231 103739 0
1459947782250471 136 2220033 54345 133 2076890 103616 0
1459947782252425 134 2218112 51869 131 2082312 100520 0
1459947782254515 136 2218902 48544 134 2091151 100814 0
1459947782256515 136 2219630 45422 134 2099299 100449 0
1459947782258426 136 2220301 42491 133 2105531 98346 0
1459947782260306 133 2217079 42140 131 2108716 93598 0
1459947782262156 131 2211549 43944 128 2107812 87117 0
1459947782264065 133 2209011 42848 130 2109539 81902 0
1459947782265975 130 2202832 45196 128 2108571 76395 0
1459947782267785 128 2194575 49276 126 2105118 73608 0
1459947782269549 131 2190803 48902 130 2107055 69643 0
1459947782271492 136 2193726 47776 132 2111401 68208 0
1459947782273213 132 2191301 46278 129 2111567 63032 0
1459947782274792 123 2177545 55342 121 2101480 67405 0
1459947782276280 123 2164864 62708 121 2092181 70709 0
1459947782278218 135 2168534 61191 133 2098969 71442 0
1459947782280287 136 2173197 60708 135 2107787 73989 0
1459947782282374 137 2178775 61108 136 2117196 76882 0
1459947782284416 136 2182638 59894 136 2125870 78871 0
1459947782286479 133 2182359 55470 132 2128746 75360 0
1459947782288434 135 2184662 53259 133 2132677 73096 0
1459947782290086 133 2184225 49500 130 2132461 67583 0
1459947782291927 134 2185102 46440 131 2133542 63300 0
1459947782293679 133 2184630 43245 130 2133259 58614 0
1459947782295684 132 2182915 41446 131 2134278 54973 0
1459947782297317 123 2169814 50284 123 2124977 59251 0
1459947782299131 136 2174377 50561 134 2130483 59698 0
1459947782301069 136 2178583 50488 133 2134279 58533 0
1459947782303103 138 2185021 52478 136 2141618 60726 0
1459947782305166 138 2190956 53849 136 2148384 62218 0
1459947782307105 132 2188747 51677 129 2145661 59866 0
1459947782308939 135 2190551 49302 131 2145711 55234 0
1459947782310778 136 2193494 48163 132 2147037 52140 0
1459947782312539 133 2192367 45438 131 2146979 48118 0
1459947782314343 133 2191328 42845 131 2146926 44406 0
1459947782316118 132 2189090 41559 129 2144317 43340 0
1459947782318045 138 2194707 43490 134 2148312 43637 0
1459947782319687 129 2188365 45938 127 2143035 45091 0
1459947782321293 129 2182518 47738 127 2138170 46052 0
1459947782323067 133 2182248 44256 130 2137525 43048 0
1459947782324852 128 2175599 46926 127 2133090 43771 0
1459947782326566 131 2173310 45368 128 2130282 42939 0
1459947782328503 135 2176320 44598 131 2131533 40737 0
1459947782330191 122 2176320 44598 119 2131533 40737 1
1459947782331952 133 2176535 41311 131 2132686 38617 0
1459947782333898 133 2176733 38265 134 2137589 40120 0
1459947782335839 134 2178195 36623 132 2139549 38792 0
1459947782337637 133 2178263 33824 130 2138796 36454 0
1459947782339473 131 2175766 33482 129 2136822 35425 0
1459947782341473 130 2172184 34167 129 2135002 34334 0
1459947782343444 136 2176562 35533 134 2139724 36005 0
1459947782345400 132 2175478 33755 129 2137678 35078 0
1459947782347485 138 2182158 37275 135 2143471 37678 0
1459947782349437 136 2185756 37679 134 2147532 38478 0
1459947782351479 137 2190353 38973 136 2153836 41282 0
1459947782353416 134 2190751 36295 133 2155807 39873 0
1459947782355288 135 2192398 34977 130 2153784 38621 0
1459947782357091 134 2192636 32464 134 2157039 38604 0
1459947782358980 136 2195416 32490 133 2158760 37174 0
1459947782360978 134 2195419 29953 132 2159066 34551 0
1459947782362761 132 2192861 29969 132 2159348 32111 0
1459947782364728 131 2189223 30980 129 2155768 32901 0
1459947782366599 132 2187149 30470 130 2153748 32191 0
1459947782368592 135 2189077 29867 133 2155726 31499 0
1459947782370316 130 2184455 31793 128 2151149 33256 0
1459947782371868 125 2173794 39136 124 2141810 39265 0
1459947782373588 132 2172926 36877 129 2139601 38233 0
1459947782375331 132 2172126 34732 130 2138844 35943 0
1459947782377133 130 2168828 35057 128 2135586 36136 0
1459947782378995 135 2172188 35415 132 2137703 35263 0
1459947782380769 131 2170165 34512 130 2137094 33068 0
1459947782382630 134 2172140 33636 133 2140373 33507 0
1459947782384812 137 2177801 36227 136 2147236 37216 0
1459947782386840 139 2185580 40567 137 2154843 41320 0
1459947782388873 133 2185071 37865 132 2155455 38656 0
1459947782390723 135 2187162 36833 133 2157300 37336 0
1459947782392571 130 2182689 38077 127 2151320 39930 0
1459947782394548 131 2179846 37722 128 2147088 40711 0
1459947782396426 129 2174665 39549 125 2139346 44666 0
1459947782398316 133 2175009 36776 130 2138609 41854 0
1459947782400277 134 2176606 35374 132 2140490 40318 0
1459947782402173 128 2170398 38332 127 2135824 41469 0
1459947782404064 132 2169795 35892 133 2139202 41343 0
1459947782405703 129 2165399 37138 127 2134636 42321 0
1459947782407752 136 2170307 38760 134 2139387 43394 0
1459947782409638 133 2170991 36362 133 2142487 42861 0
1459947782411480 134 2172902 35283 132 2144065 40966 0
1459947782413371 134 2174664 34150 133 2146799 40286 0
1459947782415208 134 2176288 32979 132 2148040 38282 0
1459947782417180 134 2177785 31782 133 2150464 37526 0
1459947782419283 138 2184285 35291 136 2156539 40194 0
1459947782421132 134 2185157 33337 133 2158299 38675 0
1459947782422990 138 2191081 36193 136 2163761 40689 0
1459947782424881 138 2196542 38400 135 2167517 40972 0
1459947782426830 137 2200297 38861 135 2170979 40963 0
1459947782428583 130 2194798 40892 126 2162651 45439 0
1459947782430439 132 2192289 40009 129 2158813 45426 0
1459947782432360 136 2195096 39471 133 2160395 43336 0
1459947782434269 135 2196404 37592 132 2160574 40115 0
1459947782436043 129 2189929 40623 125 2151779 45088 0
1459947782437742 130 2185240 41770 128 2147511 45499 0
1459947782439703 132 2183478 40130 131 2147416 42030 0
1459947782441451 130 2179293 40851 128 2143489 42366 0
1459947782443467 138 2185675 43543 136 2150108 45158 0
1459947782445355 129 2180039 45336 129 2147250 44263 0
1459947782447183 132 2178683 43043 130 2145896 42052 0
1459947782449382 137 2183833 44428 133 2148487 41155 0
1459947782450956 119 2183833 44428 117 2148487 41155 1
1459947782453188 139 2191141 47694 138 2157276 46041 0
1459947782455218 136 2194038 46637 135 2161538 46373 0
1459947782457185 133 2192868 44070 132 2161627 42832 0
1459947782459121 126 2182830 49880 125 2152749 47668 0
1459947782461222 138 2188936 51612 135 2157365 48198 0
1459947782463379 140 2197125 55128 138 2165460 51895 0
1459947782465496 136 2199554 53060 133 2166523 48820 0
1459947782467623 138 2204353 53338 136 2171343 49448 0
1459947782469711 135 2204937 49709 134 2173226 47320 0
1459947782471744 136 2206756 47502 134 2174962 45224 0
1459947782473666 133 2204593 45783 133 2175283 41986 0
1459947782475769 138 2208999 46267 135 2178139 41337 0
1459947782477737 134 2207940 43627 132 2176931 39219 0
1459947782479551 132 2204404 43477 131 2174538 38360 0
1459947782481361 134 2203704 40724 131 2172332 37396 0
1459947782483422 133 2201779 39315 131 2170298 36348 0
1459947782485264 129 2194885 42598 127 2163303 39956 0
1459947782486954 130 2189809 43948 128 2158134 41598 0
1459947782488764 133 2188970 41287 132 2158489 38676 0
1459947782490548 128 2181796 44673 124 2148577 44791 0
1459947782492426 136 2185423 44525 135 2153519 45847 0
1459947782494328 133 2184926 41503 133 2155515 44105 0
1459947782496148 134 2185748 39018 130 2153515 42502 0
1459947782498041 138 2191626 41388 136 2159351 44561 0
1459947782500171 140 2199605 45509 136 2164731 46039 0
1459947782502117 133 2198000 43431 132 2164571 42589 0
1459947782504055 135 2199081 41033 134 2166983 41485 0
1459947782505985 133 2197517 39268 131 2165367 39732 0
1459947782508090 139 2203755 41951 136 2170277 41154 0
1459947782509845 132 2200546 41630 128 2164564 43204 0
1459947782511678 131 2196308 42283 126 2156737 47043 0
1459947782513487 130 2191121 43760 127 2150801 48838 0
1459947782515381 132 2188899 42388 130 2149169 46525 0
1459947782517260 129 2183011 44503 128 2145105 46636 0
1459947782519216 138 2189103 46642 137 2152878 50158 0
1459947782521072 131 2185759 46080 128 2148524 50252 0
1459947782522903 129 2180116 47681 124 2139390 54745 0
1459947782524839 135 2182594 46239 130 2138650 51150 0
1459947782526771 135 2184878 44732 130 2137967 47781 0
1459947782528699 134 2185704 41998 130 2137338 44627 0
1459947782530454 132 2183905 40373 129 2135478 42854 0
1459947782532271 130 2179687 41106 128 2132483 42266 0
1459947782534160 135 2182198 40209 134 2137402 43498 0
1459947782535849 130 2178113 40832 127 2132977 44177 0
1459947782537926 142 2189707 48331 139 2144258 51124 0
1459947782539725 134 2190156 44969 134 2148257 50816 0
1459947782541456 131 2186730 44613 131 2148104 46986 0
1459947782543371 133 2186131 41678 130 2146683 44624 0
1459947782545413 135 2188139 40272 133 2149213 43469 0
1459947782547322 130 2183590 41317 128 2145145 43821 0
1459947782549083 129 2178117 43134 128 2141395 43853 0
1459947782550985 132 2176911 40875 130 2140498 41252 0
1459947782552691 129 2171959 42245 127 2135831 42330 0
1459947782554714 137 2177634 44176 134 2140489 43316 0
1459947782556861 139 2185426 47907 137 2148623 47429 0
1459947782558779 137 2190049 48426 135 2153561 48276 0
1459947782560457 124 2177671 56052 122 2141474 55646 0
1459947782562140 131 2175220 53931 129 2139291 53310 0
1459947782564124 137 2180640 54714 134 2143678 53190 0
1459947782566162 133 2180517 50551 131 2143883 49223 0
1459947782568105 133 2180404 46705 131 2144072 45551 0
1459947782569763 128 2173899 49051 123 2134006 51271 0
1459947782571295 125 2164063 54285 122 2123446 56999 0
1459947782572991 127 2157555 56041 120 2111151 63878 0
1459947782574942 134 2160516 54391 132 2115177 62598 0
1459947782576967 137 2167085 56197 134 2121448 63488 0
1459947782578675 132 2166741 52122 131 2123389 60318 0
1459947782580196 128 2161304 53060 126 2118779 59854 0
1459947782581905 127 2155012 54714 125 2113249 60274 0
1459947782583863 135 2159451 54531 134 2119671 61485 0
1459947782585681 132 2159703 50503 130 2120471 57419 0
1459947782587164 127 2153536 52242 125 2114809 58152 0
1459947782588774 128 2149131 52220 126 2110869 57239 0
1459947782590426 130 2147630 49523 126 2107237 56114 0
1459947782592086 129 2144966 48109 127 2105169 53636 0
1459947782593706 125 2137390 51333 124 2099422 54742 0
1459947782595554 134 2141926 51504 133 2105644 56201 0
1459947782597367 128 2138428 50704 127 2103700 53601 0
1459947782598999 132 2140323 48489 129 2104468 50121 0
1459947782600686 125 2133110 51349 124 2098776 51451 0
1459947782602177 126 2127740 52286 124 2093529 52267 0
1459947782604092 135 2134310 54258 135 2102772 56703 0
1459947782605703 130 2133967 50335 128 2102332 52677 0
1459947782607557 134 2138770 50830 132 2107047 52907 0
1459947782609439 134 2143198 50940 131 2110113 51600 0
1459947782611151 130 2142160 47916 128 2109100 48501 0
1459947782612704 131 2142483 44470 129 2109446 45030 0
1459947782614567 137 2150461 48350 134 2116165 47706 0
1459947782616390 124 2141176 53131 122 2106999 52427 0
1459947782618424 134 2145416 52889 130 2108789 49981 0
1459947782620433 134 2149325 52360 132 2112999 49957 0
1459947782622180 132 2150368 49231 131 2115600 48452 0
1459947782624087 132 2151330 46271 131 2117998 46877 0
1459947782626003 131 2150937 43017 128 2116369 44715 0
1459947782627992 133 2153135 41682 131 2118707 43377 0
1459947782629734 132 2153881 39113 128 2117023 41540 0
1459947782631626 134 2157129 39051 130 2118030 39222 0
1459947782633914 142 2157129 39051 140 2118030 39222 1
1459947782635739 131 2156283 36779 129 2117678 36480 0
1459947782637525 131 2155503 34623 129 2117354 33928 0
1459947782639296 130 2153504 33760 129 2117055 31551 0
1459947782641029 129 2150381 34000 126 2112940 32879 0
1459947782642706 127 2144942 36356 125 2107866 34987 0
1459947782644184 126 2138648 39316 125 2103188 36564 0
1459947782645927 130 2137966 36872 128 2102716 34141 0
1459947782647896 135 2143737 39311 131 2106121 34612 0
1459947782649642 130 2142657 37234 127 2104140 33732 0
1459947782651629 139 2153181 44027 135 2112554 38852 0
1459947782653693 135 2157763 44811 132 2116470 39426 0
1459947782655448 130 2155587 43315 128 2114960 37736 0
1459947782657301 132 2156141 40442 130 2116128 35864 0
1459947782659185 133 2157932 38933 131 2118485 35235 0
1459947782661022 132 2158303 36233 130 2119378 33305 0
1459947782662863 134 2161205 36077 131 2121481 32642 0
1459947782665040 137 2167720 39264 137 2131100 38958 0
1459947782666916 133 2168606 37013 131 2132287 37009 0
1459947782669069 140 2178383 43134 138 2142342 43386 0
1459947782671233 140 2187396 48073 137 2150331 47361 0
1459947782673100 131 2184185 47276 129 2147456 46310 0
1459947782674985 133 2183785 43950 129 2144806 45134 0
1459947782676705 133 2183416 40855 130 2143643 42679 0
1459947782678260 128 2176676 43875 126 2137450 45052 0
1459947782680053 131 2174303 42634 128 2134301 44434 0
1459947782681912 132 2173395 40139 131 2135238 41826 0
1459947782684024 136 2177678 40951 135 2141222 44075 0
1459947782686005 136 2181626 41391 136 2148019 46897 0
1459947782687847 130 2177586 41880 128 2144045 46896 0
1459947782689503 121 2177586 41880 119 2144045 46896 1
1459947782691378 133 2177702 38715 132 2145501 44574 0
1459947782693080 132 2176529 36771 130 2144283 42213 0
1459947782694825 129 2171607 38434 128 2140600 42309 0
1459947782696755 132 2170910 36073 128 2137205 42132 0
1459947782698747 134 2172827 35021 133 2140475 41855 0
1459947782700749 133 2173314 32733 130 2139650 39345 0
