1459947780002004 130 2129920 0 129 2113536 0 0
1459947780003832 131 2131200 1180 129 2113536 0 0
1459947780005786 134 2136220 5714 134 2119936 5900 0
1459947780007845 137 2144687 13073 136 2128396 13238 0
1459947780009828 135 2149933 16887 133 2132355 15852 0
1459947780011808 133 2152209 17665 131 2133444 15617 0
1459947780013766 135 2156867 20578 133 2137008 17682 0
1459947780015588 127 2150921 24450 126 2131334 21530 0
1459947780017369 128 2146720 26411 127 2127383 23488 0
1459947780019128 132 2147967 25497 131 2128861 23015 0
1459947780020973 133 2150397 25745 130 2128943 21292 0
1459947780022646 125 2142397 31107 124 2121339 26637 0
1459947780024342 131 2142702 28957 128 2119449 26296 0
1459947780026073 129 2140423 28794 126 2115147 28206 0
1459947780027868 129 2138322 28480 128 2113741 27298 0
1459947780029788 133 2141505 29189 131 2116284 27510 0
1459947780031708 134 2145719 30793 132 2119909 28702 0
1459947780033568 134 2149604 31969 132 2123251 29540 0
1459947780035551 135 2154466 33953 131 2125052 28892 0
1459947780037241 131 2153828 31887 125 2119032 32183 0
1459947780038912 129 2150680 32296 125 2113482 34783 0
1459947780040491 130 2149058 31267 127 2110926 34421 0
1459947780042314 135 2153962 33345 132 2114969 35459 0
1459947780044149 134 2157203 33727 132 2118697 36124 0
1459947780045814 129 2153791 34236 127 2115733 36032 0
1459947780047416 129 2150646 34460 128 2114281 34555 0
1459947780049259 133 2152866 33814 130 2115502 32981 0
1459947780050805 128 2148513 35184 124 2108948 36445 0
1459947780052682 133 2150900 34635 130 2110586 35107 0
1459947780054465 130 2149260 33439 128 2109536 33331 0
1459947780056265 130 2147749 32218 129 2109848 31015 0
1459947780058037 133 2150196 31955 131 2112696 31216 0
1459947780059747 132 2151171 30357 130 2114041 30017 0
1459947780061681 139 2161030 37074 138 2125521 38254 0
1459947780063639 134 2163719 36656 133 2129704 39121 0
1459947780065323 129 2159798 37406 127 2125880 39588 0
1459947780067277 133 2161303 35871 132 2128755 39146 0
1459947780069149 132 2161411 33167 128 2126286 38363 0
1459947780070971 135 2165350 34207 130 2126569 35626 0
1459947780072978 135 2168982 34882 133 2130670 36623 0
1459947780074706 132 2168490 32609 127 2126771 37354 0
1459947780076634 134 2170596 32003 132 2129577 37021 0
1459947780078504 134 2172538 31292 133 2133443 37692 0
1459947780080486 140 2182008 37577 136 2140847 41573 0
1459947780082401 132 2180498 36032 130 2139993 39111 0
1459947780084213 133 2180386 33319 131 2140486 36509 0
1459947780085872 132 2179003 31989 130 2139660 34416 0
1459947780087841 132 2177728 30664 130 2138899 32428 0
1459947780089651 132 2176553 29351 129 2136917 31720 0
1459947780091443 129 2171629 31595 127 2132530 33284 0
1459947780093244 132 2170930 29769 131 2133606 31675 0
1459947780094807 128 2165166 32756 125 2126918 35365 0
1459947780096559 129 2161132 33914 128 2124592 34745 0
1459947780098374 133 2162533 32556 131 2126288 33593 0
1459947780100341 135 2166385 33563 132 2129131 33589 0
1459947780102413 137 2172496 36573 136 2136872 38100 0
1459947780104293 130 2169169 36781 129 2135048 36803 0
1459947780106235 130 2166102 36733 129 2133367 35476 0
1459947780108017 127 2159435 40008 126 2127977 37672 0
1459947780109584 128 2154569 41367 125 2121728 40488 0
1459947780111417 131 2153923 38730 128 2119808 39094 0
1459947780113042 129 2150767 38612 127 2116758 38850 0
1459947780114739 130 2149138 37096 129 2116506 36046 0
1459947780116397 127 2143796 39121 126 2112433 36982 0
1459947780118169 133 2146551 38604 132 2116359 37711 0
1459947780119907 132 2147811 36750 131 2118698 36920 0
1459947780121643 132 2148973 34949 128 2117014 35586 0
1459947780123591 132 2150044 33205 131 2119302 34914 0
1459947780125582 134 2153591 33880 132 2122691 35310 0
1459947780127460 129 2150461 34117 126 2118135 36750 0
1459947780129150 131 2150136 31750 127 2115215 36569 0
1459947780130671 127 2144716 34264 125 2109963 38552 0
1459947780132255 129 2142280 33832 126 2106402 38822 0
1459947780133950 131 2142594 31477 128 2105679 36455 0
1459947780135473 124 2133923 37009 122 2097332 41300 0
1459947780137366 135 2140010 39728 133 2103717 43960 0
1459947780139428 138 2149461 45337 136 2113444 49492 0
1459947780141549 138 2158174 49827 136 2122411 53891 0
1459947780143534 135 2162366 49799 134 2128117 54940 0
1459947780145488 135 2166231 49471 132 2130817 53136 0
1459947780147158 130 2163394 48221 130 2130746 49048 0
1459947780149017 135 2167178 47942 134 2135801 49876 0
1459947780150980 138 2174507 50952 135 2141741 51455 0
1459947780153039 136 2178703 50839 132 2143377 48943 0
1459947780154969 134 2180011 48073 131 2143605 45329 0
1459947780157119 142 2191457 54869 139 2154055 51421 0
1459947780159042 135 2193049 52050 133 2156009 49204 0
1459947780160834 129 2186837 53709 128 2151410 49597 0
1459947780162688 133 2186230 50071 131 2151011 46089 0
1459947780164401 128 2179270 52574 125 2142963 49906 0
1459947780166216 132 2177974 49660 130 2141944 46946 0
1459947780168150 135 2180619 48219 131 2142284 43592 0
1459947780170127 136 2184338 47879 133 2145158 42835 0
1459947780172055 133 2183926 44517 130 2143967 40585 0
1459947780174117 134 2184826 41869 132 2145429 38762 0
1459947780176066 134 2185656 39362 132 2146777 36976 0
1459947780177778 124 2173621 47380 123 2136500 43561 0
1459947780179718 135 2176606 46430 132 2138545 42043 0
1459947780181342 127 2169118 49704 125 2131471 45279 0
1459947780183115 128 2163495 51003 126 2126229 46572 0
1459947780184809 131 2162151 48256 128 2123957 45027 0
1459947780186467 119 2145552 59787 119 2110342 54059 0
1459947780188517 131 2145610 55170 130 2111871 51245 0
1459947780190499 136 2152064 56809 132 2115841 50900 0
1459947780192278 133 2154174 54315 132 2119500 50297 0
1459947780194309 138 2162519 57764 138 2130554 56557 0
1459947780196104 133 2163812 54443 130 2130504 52183 0
1459947780197909 133 2165004 51288 130 2130458 48148 0
1459947780199634 133 2166103 48294 130 2130415 44424 0
1459947780201763 135 2169676 47815 132 2132936 43277 0
1459947780203703 134 2171690 45935 132 2135260 42037 0
1459947780205468 131 2169706 44174 130 2134842 39136 0
1459947780207185 129 2165317 44767 126 2129337 41152 0
1459947780209346 137 2171511 46979 134 2134502 42699 0
1459947780211121 133 2172101 43852 131 2135424 40213 0
1459947780213216 135 2175205 43288 133 2138834 40214 0
1459947780215357 138 2181907 46084 137 2147097 44690 0
1459947780217424 136 2185525 45818 134 2150875 44680 0
1459947780219359 135 2187580 44133 134 2154357 44399 0
1459947780221153 132 2185635 42477 131 2153727 41509 0
1459947780222982 130 2181282 43170 129 2150587 41160 0
1459947780225023 134 2182389 40817 132 2151532 38815 0
1459947780226830 130 2178289 41406 126 2144723 42058 0
1459947780228895 134 2179630 39407 132 2146126 40065 0
1459947780230863 134 2180866 37467 132 2147419 38126 0
1459947780232912 141 2190965 43849 139 2157571 44506 0
1459947780234794 135 2192595 41926 134 2160530 43756 0
1459947780236776 133 2191538 39623 131 2159418 41361 0
1459947780238792 131 2188004 39784 130 2157113 40253 0
1459947780240907 137 2192426 40751 135 2161388 41049 0
1459947780242840 132 2190102 39708 127 2155089 43648 0
1459947780244924 137 2194360 40530 134 2158242 43145 0
1459947780246437 121 2177805 52624 120 2143229 53613 0
1459947780248223 130 2174063 51960 127 2138349 53922 0
1459947780250134 133 2174454 48260 130 2137690 50316 0
1459947780251858 132 2173534 45336 130 2137082 46944 0
1459947780253668 130 2170126 44935 127 2132682 47331 0
1459947780255383 129 2165704 45499 128 2129906 46191 0
1459947780257141 128 2160348 46881 127 2126067 46120 0
1459947780258957 133 2161810 44566 131 2127648 43973 0
1459947780260666 133 2163158 42327 132 2130385 43060 0
1459947780262655 132 2163121 39053 132 2132908 42021 0
1459947780264455 132 2163087 36032 132 2135234 40882 0
1459947780266326 132 2163055 33245 128 2132258 40430 0
1459947780268247 132 2163026 30673 128 2129515 39799 0
1459947780270292 138 2170679 35331 136 2137226 43798 0
1459947780272169 131 2168774 34325 130 2136655 40902 0
1459947780273885 124 2158058 41521 123 2127168 46451 0
1459947780275720 133 2159699 39790 131 2128663 44200 0
1459947780277645 137 2166332 42796 136 2136441 47916 0
1459947780279427 133 2167327 40369 132 2138491 46062 0
1459947780281222 126 2159284 44629 124 2130141 50160 0
1459947780282819 116 2139069 59776 114 2109643 65136 0
1459947780284582 129 2137074 56944 127 2107387 62126 0
1459947780286510 131 2137795 53159 130 2109147 58894 0
1459947780288475 135 2143579 54337 133 2114609 59328 0
1459947780290342 136 2150191 56187 132 2118365 58155 0
1459947780292284 135 2155007 56237 133 2123107 57983 0
1459947780293879 124 2145367 60729 123 2114679 61222 0
1459947780295438 126 2139040 61816 124 2108189 62421 0
1459947780297275 133 2142167 59869 131 2111166 60289 0
1459947780299081 131 2142490 55488 131 2113911 58108 0
1459947780300906 123 2132547 60318 121 2103641 63034 0
1459947780302956 133 2136181 58955 132 2108254 62361 0
1459947780304680 126 2130571 59519 127 2106106 59468 0
1459947780306785 139 2142040 65442 137 2116926 64797 0
1459947780308696 132 2143653 61816 130 2117941 60669 0
1459947780310437 129 2141300 59155 128 2116316 57426 0
1459947780312320 137 2149370 61973 134 2122498 58638 0
1459947780314055 131 2149130 57351 127 2119237 57061 0
1459947780316049 134 2152749 56206 129 2118791 53013 0
1459947780317732 125 2144565 59358 123 2110700 56329 0
1459947780319474 127 2139580 59314 124 2104521 57623 0
1459947780321311 131 2140105 55164 130 2106505 54950 0
1459947780323131 129 2138029 52767 128 2105774 51330 0
1459947780325082 137 2146355 56320 135 2114060 54958 0
1459947780327161 131 2146351 51923 127 2111459 53061 0
1459947780329090 130 2145067 49049 127 2109061 51125 0
1459947780331087 133 2147723 47666 131 2111970 49812 0
1459947780333003 130 2146332 45224 130 2113372 47212 0
1459947780335007 134 2150169 45228 132 2117224 47074 0
1459947780336885 131 2149867 41972 127 2114375 46021 0
1459947780338684 127 2144468 43668 126 2110469 46025 0
1459947780340640 130 2143331 41303 130 2111988 43829 0
1459947780342385 126 2137163 43761 125 2106988 45012 0
1459947780344371 133 2140437 43360 133 2112619 46686 0
1459947780346467 136 2147295 46294 134 2119090 49004 0
1459947780348429 137 2154897 49685 135 2126336 51855 0
1459947780350211 134 2158065 48724 131 2127896 49241 0
1459947780351684 122 2145626 56384 121 2116534 55868 0
1459947780353286 124 2136718 60190 122 2107339 59978 0
1459947780355029 130 2136186 55976 128 2106543 56025 0
1459947780357028 132 2138256 53510 130 2108369 53331 0
1459947780358874 129 2136324 51109 126 2104932 52331 0
1459947780360754 131 2137103 47834 130 2106884 50041 0
1459947780362930 140 2149341 55378 137 2117643 56050 0
1459947780364594 127 2143983 55989 127 2114762 54326 0
1459947780366604 135 2149284 56501 133 2119786 54712 0
1459947780368224 128 2145211 55840 125 2114177 55607 0
1459947780369869 129 2142736 53758 128 2112846 52488 0
1459947780371374 123 2132774 58740 121 2102659 57777 0
1459947780373067 128 2129991 56715 128 2102228 53659 0
1459947780374964 131 2131265 53458 130 2104391 51460 0
1459947780376625 131 2132439 50364 127 2102545 49140 0
1459947780378379 131 2133522 47427 129 2103403 46091 0
1459947780380329 133 2137080 47001 130 2105474 44399 0
1459947780382343 131 2137800 43993 130 2107383 42690 0
1459947780384290 133 2141024 43528 131 2110423 42157 0
1459947780386327 135 2146556 45227 134 2117066 44987 0
1459947780388228 134 2150376 45214 133 2121910 45937 0
1459947780390242 137 2157737 48467 135 2128935 48824 0
1459947780391947 130 2155563 46683 128 2126451 47297 0
1459947780393860 132 2156119 43548 130 2126722 43850 0
1459947780395738 137 2163032 46518 134 2132091 45374 0
1459947780397696 137 2169405 48758 136 2139601 48752 0
1459947780399387 131 2167600 46611 130 2138844 45640 0
1459947780401207 132 2167216 43322 128 2135586 45076 0
1459947780402658 119 2150222 55603 118 2119783 56122 0
1459947780404416 130 2148635 52721 129 2119294 52186 0
1459947780406076 128 2144612 52309 126 2115004 52062 0
1459947780407970 130 2143464 49280 129 2114889 48099 0
1459947780409723 129 2141125 47585 128 2113503 45618 0
1459947780411353 126 2135129 49393 126 2109665 45591 0
1459947780412878 123 2125762 54169 121 2099727 51190 0
1459947780414584 125 2119686 55537 124 2094405 52095 0
1459947780416217 127 2116645 54000 125 2090779 51367 0
1459947780418266 138 2127922 60177 135 2100236 56072 0
1459947780420058 132 2130638 57978 130 2102555 53828 0
1459947780421906 132 2133141 55756 127 2100852 51191 0
1459947780423868 135 2139289 57068 133 2106962 52824 0
1459947780425680 134 2143677 56654 129 2107475 49170 0
1459947780427610 133 2146442 54776 130 2109228 46944 0
1459947780429593 136 2152831 56386 133 2114684 48306 0
1459947780431336 134 2156161 55049 132 2118434 47989 0
1459947780433085 130 2154110 52637 128 2116771 45771 0
1459947780434925 130 2152220 50266 129 2116518 42427 0
1459947780437200 140 2163277 56531 139 2129085 50697 0
1459947780439377 136 2168350 56791 133 2132990 50336 0
1459947780441248 133 2169187 53126 130 2132750 46624 0
1459947780443221 137 2175079 54406 133 2136368 46317 0
1459947780445324 137 2180510 55162 133 2139704 45773 0
1459947780447258 133 2180397 50955 131 2140219 42671 0
1459947780449226 135 2182853 49238 134 2144534 43315 0
1459947780450828 131 2179997 48023 128 2140832 43343 0
1459947780452533 125 2169684 53777 122 2129739 50181 0
1459947780454374 134 2171697 51431 132 2132313 48633 0
1459947780456263 133 2172273 47943 132 2134686 47020 0
1459947780458195 134 2174084 45866 132 2136873 45362 0
1459947780459973 132 2173193 43102 130 2136329 42318 0
1459947780461698 133 2173652 40157 130 2135828 39472 0
1459947780463697 136 2177915 40949 134 2140486 40682 0
1459947780465606 133 2178005 37832 131 2140940 37922 0
1459947780467466 126 2169128 43059 123 2131119 44012 0
1459947780469529 136 2173744 43951 133 2134865 44026 0
1459947780471158 130 2170320 43673 127 2130638 44482 0
1459947780472744 128 2164603 45530 127 2126741 44597 0
1459947780474639 134 2167013 44194 133 2130829 44880 0
1459947780476592 135 2170515 43969 133 2134597 44847 0
1459947780478337 135 2173743 43509 133 2138071 44546 0
1459947780480378 136 2177999 44032 134 2142554 45197 0
1459947780482221 133 2178082 40669 131 2142846 41935 0
1459947780484090 133 2178159 37562 131 2143116 38907 0
1459947780486052 134 2179510 35872 133 2145925 38456 0
1459947780487975 131 2176915 35460 129 2143394 37783 0
1459947780489893 133 2177083 32844 131 2143621 35040 0
1459947780491552 127 2169558 37214 126 2137430 38008 0
1459947780493130 123 2157501 45420 122 2126603 45018 0
1459947780494854 126 2150226 48577 126 2121742 45981 0
1459947780496636 124 2140959 53323 124 2114700 48878 0
1459947780498362 126 2134976 54672 123 2106929 52222 0
1459947780500270 132 2137141 52395 130 2108725 49797 0
1459947780501804 116 2118656 65341 114 2089900 63259 0
1459947780503765 127 2115696 62964 125 2086626 61333 0
1459947780505593 129 2115527 58199 126 2084888 58142 0
1459947780507437 131 2117931 55868 130 2088406 56842 0
1459947780509280 131 2120147 53546 129 2090369 54210 0
1459947780511126 134 2126030 54785 134 2098578 57542 0
1459947780512924 132 2128893 53144 129 2099746 54123 0
1459947780514660 129 2127693 50098 128 2099543 50080 0
1459947780516529 132 2130426 48704 130 2101916 48354 0
1459947780518152 125 2123986 50835 125 2097703 48459 0
1459947780520038 134 2129569 52010 131 2101499 48173 0
1459947780521820 130 2129596 47971 128 2101159 44722 0
1459947780523727 135 2136021 50146 133 2107245 46839 0
1459947780525289 117 2118904 62007 116 2091096 58065 0
1459947780526753 116 2101844 72888 114 2073649 69611 0
1459947780528740 138 2114277 78655 135 2084445 74124 0
1459947780530469 134 2120619 78356 132 2090557 73968 0
1459947780532252 133 2125185 76443 130 2093632 71024 0
1459947780534004 132 2128114 73171 132 2099027 70448 0
1459947780535771 133 2132095 71124 132 2104000 69529 0
1459947780537453 133 2135765 68950 133 2109865 69503 0
1459947780539283 134 2140428 67862 130 2111431 65517 0
1459947780541380 135 2146007 67703 134 2117995 66449 0
1459947780543294 133 2148590 64794 132 2121486 64475 0
1459947780545136 130 2147131 61075 128 2119584 61189 0
1459947780546855 128 2143226 59902 126 2115271 60383 0
1459947780548836 136 2149866 61343 134 2121535 61440 0
1459947780550618 133 2152147 58653 132 2124750 59603 0
1459947780552505 131 2151690 54490 129 2123873 55753 0
1459947780554306 125 2143589 57699 122 2114105 60401 0
1459947780555988 128 2139961 56535 125 2108940 60442 0
1459947780557838 132 2141736 53754 129 2109299 56050 0
1459947780559593 130 2140812 50404 129 2109630 51976 0
1459947780561924 137 2148921 53941 134 2116335 54096 0
1459947780564039 138 2157676 57797 137 2126356 59107 0
1459947780565682 128 2152947 57639 127 2122794 57772 0
1459947780567307 133 2154988 55016 130 2123350 53771 0
1459947780569004 132 2155589 51271 127 2120023 52636 0
1459947780570690 132 2156143 47776 129 2119516 48990 0
1459947780572696 134 2159214 46874 132 2122888 48271 0
1459947780574506 135 2163325 47001 132 2125997 47365 0
1459947780576362 133 2164555 44463 131 2127583 45126 0
1459947780578018 131 2163129 42303 129 2126485 42611 0
1459947780579815 133 2164374 40146 131 2128033 40709 0
1459947780581707 132 2164242 37130 129 2126900 38572 0
1459947780583617 133 2165400 35297 131 2128415 36955 0
1459947780585325 129 2161348 36274 127 2124692 37498 0
1459947780587030 130 2158892 35703 127 2121260 37731 0
1459947780588764 126 2151508 39719 124 2114256 41239 0
1459947780590662 132 2152381 37420 129 2114199 38068 0
1459947780592365 126 2145506 40833 124 2107747 41040 0
1459947780594093 130 2144288 38764 125 2103079 42136 0
1459947780595764 130 2143165 36769 128 2102615 39270 0
1459947780597519 132 2144690 35302 128 2102188 36595 0
1459947780599290 134 2148656 36200 132 2106914 38093 0
1459947780601373 136 2154872 39101 131 2109991 37952 0
1459947780603382 137 2161882 42508 136 2119227 43502 0
1459947780605325 131 2160664 40308 128 2117502 41692 0
1459947780607203 135 2164662 40843 132 2121032 41688 0
1459947780609009 128 2159387 42514 126 2116606 42510 0
1459947780610570 127 2153244 44854 127 2113806 41769 0
1459947780612173 124 2143741 50108 121 2103544 47964 0
1459947780614010 128 2140101 49548 125 2099204 48216 0
1459947780616018 137 2148265 53203 133 2105443 50201 0
1459947780618036 133 2150671 51264 131 2108635 49221 0
1459947780619933 132 2151609 48124 130 2110297 46908 0
1459947780621648 132 2152474 45161 130 2111830 44656 0
1459947780623312 129 2149431 44436 127 2109403 43404 0
1459947780625043 129 2146626 43549 127 2107165 42075 0
1459947780627023 135 2151720 44842 132 2111502 42785 0
1459947780628613 127 2146176 46448 126 2107820 42835 0
1459947780630643 134 2150026 46368 131 2110826 42259 0
1459947780632194 125 2142055 50093 123 2103357 45841 0
1459947780633781 127 2137266 50592 125 2099032 46245 0
1459947780635503 131 2137972 47289 129 2100165 43676 0
1459947780637316 130 2137342 44173 128 2099929 40479 0
1459947780639223 134 2141882 44906 132 2104832 41836 0
1459947780641146 131 2142227 41715 130 2106792 40373 0
1459947780643065 131 2142545 38749 131 2109878 40063 0
1459947780644876 129 2140278 37810 126 2106323 40209 0
1459947780646661 131 2140748 35290 128 2105606 37727 0
1459947780648256 129 2138622 34491 127 2103665 36567 0
1459947780649818 126 2132822 37142 125 2099316 37719 0
1459947780651520 127 2128755 37988 126 2096586 37287 0
1459947780653081 128 2126286 37296 125 2092790 37872 0
1459947780654963 132 2129129 37003 129 2094410 36407 0
1459947780656471 123 2120230 42314 122 2086944 40444 0
1459947780658290 132 2123547 42065 130 2090301 40379 0
1459947780660159 135 2130444 45137 133 2097236 43617 0
1459947780662122 133 2134243 45112 130 2099789 42562 0
1459947780663987 136 2141585 48355 134 2107262 46126 0
1459947780665891 133 2144513 47276 130 2109032 44153 0
1459947780667670 132 2145932 44891 128 2108103 41558 0
1459947780669327 125 2138281 48436 124 2102127 43819 0
1459947780671040 132 2140187 46408 130 2104298 42396 0
1459947780672928 132 2141944 44402 128 2103739 39597 0
1459947780674926 138 2151244 49507 133 2109624 41928 0
1459947780676637 131 2150858 45994 130 2111209 40113 0
1459947780678487 132 2151782 43252 130 2112670 38326 0
1459947780680353 128 2147514 43806 128 2111457 36448 0
1459947780682410 136 2153819 46195 134 2118019 39649 0
1459947780684243 136 2159631 47944 133 2122788 40948 0
1459947780685936 130 2157309 46337 129 2122065 38414 0
1459947780687737 129 2153889 45868 127 2118838 38386 0
1459947780689607 133 2155856 44097 131 2120983 37365 0
1459947780691396 133 2157669 42323 129 2120401 34981 0
1459947780693517 137 2164461 45277 134 2126264 37653 0
1459947780695377 133 2165602 42791 129 2125269 35627 0
1459947780697083 132 2165374 39656 129 2124352 33688 0
1459947780698944 135 2169004 39903 134 2129907 36177 0
1459947780700994 135 2172350 39870 132 2132468 35710 0
1459947780702768 131 2170315 38630 130 2132268 33103 0
1459947780704450 128 2164599 40881 128 2129524 33045 0
1459947780706231 127 2158049 43724 124 2121874 37514 0
1459947780708083 131 2157131 41153 128 2119942 36363 0
1459947780710183 136 2162685 43057 134 2125841 38960 0
1459947780711896 134 2165245 42053 132 2128719 38569 0
1459947780713682 134 2167605 40942 132 2131372 38001 0
1459947780715519 125 2158260 46357 123 2122298 43396 0
1459947780717331 126 2150925 49496 124 2115213 46536 0
1459947780719011 129 2148003 48321 129 2115081 43020 0
1459947780720876 134 2151710 47962 133 2120080 44267 0
1459947780723018 139 2161527 53264 138 2131088 50956 0
1459947780724828 132 2161617 49185 128 2128436 49419 0
1459947780726681 128 2156580 49984 125 2122151 51351 0
1459947780728340 132 2157057 46518 129 2121477 47959 0
1459947780730171 131 2156216 43657 128 2119576 45963 0
1459947780731798 127 2150321 45679 124 2112704 48707 0
1459947780733478 127 2144887 47119 125 2107649 49561 0
1459947780735401 133 2147557 45899 131 2110668 48473 0
1459947780737243 131 2147459 42403 129 2110892 44892 0
1459947780739065 129 2144808 41533 127 2108538 43553 0
1459947780741166 136 2151324 44295 133 2114048 45230 0
1459947780742929 130 2149651 42375 129 2114008 41732 0
1459947780744742 133 2151949 41182 132 2117811 41977 0
1459947780746554 131 2151507 38370 128 2116197 40184 0
1459947780748257 129 2148540 38106 124 2109589 43135 0
1459947780750151 134 2152205 38506 131 2112457 42409 0
1459947780752069 135 2156863 39792 133 2117661 43892 0
1459947780754086 136 2162438 41822 134 2123738 46064 0
1459947780755784 122 2149657 50335 120 2111420 53819 0
1459947780757742 134 2153235 49700 131 2114145 52126 0
1459947780759580 133 2155253 47677 132 2117937 51549 0
1459947780761434 136 2160953 49207 135 2125273 54284 0
1459947780763067 129 2157248 48777 128 2123076 52068 0
1459947780765067 135 2161513 48897 131 2124890 49672 0
1459947780766789 129 2157764 48531 125 2118882 51328 0
1459947780768538 127 2151748 50284 125 2113344 52423 0
1459947780770263 130 2150042 47927 127 2110799 50673 0
1459947780772092 133 2152309 46272 129 2111012 46911 0
1459947780774059 132 2153119 43404 128 2109929 44244 0
1459947780775744 129 2150026 42863 126 2106370 44067 0
1459947780777425 129 2147175 42142 128 2105649 41287 0
1459947780779269 135 2152226 43506 131 2108825 40989 0
1459947780781402 137 2159443 46760 134 2115593 44025 0
1459947780783180 129 2155856 46412 125 2110312 45453 0
1459947780785186 134 2158949 45638 132 2114403 45673 0
1459947780787056 134 2161801 44701 130 2115615 43221 0
1459947780788744 125 2152910 49404 122 2106492 48253 0
1459947780790655 132 2153673 46248 131 2109602 47350 0
1459947780792507 131 2153097 43164 130 2111189 45113 0
1459947780794351 132 2153846 40481 130 2112652 42937 0
1459947780796524 139 2163496 46214 138 2124241 50265 0
1459947780798436 133 2164712 43724 131 2125964 47927 0
1459947780800553 136 2169673 44882 133 2130113 48006 0
1459947780802450 135 2172967 44411 134 2135217 48961 0
1459947780804204 131 2170883 42861 129 2133523 46696 0
1459947780806246 133 2171522 40101 131 2134521 43967 0
1459947780808249 133 2172111 37511 131 2135441 41380 0
1459947780810193 135 2175214 37441 133 2138849 41289 0
1459947780812098 133 2175515 34792 131 2139431 38599 0
1459947780813825 127 2168112 38896 124 2131007 43347 0
1459947780815929 140 2177928 44906 136 2138602 46961 0
1459947780818007 136 2181857 45019 135 2144323 48566 0
1459947780819900 133 2181639 41701 132 2145757 46093 0
1459947780821770 129 2176318 43347 127 2140679 47171 0
1459947780823625 131 2173973 42121 127 2135998 47799 0
1459947780825616 134 2175651 40377 132 2138083 45986 0
1459947780827209 128 2169518 42875 125 2131045 48880 0
1459947780829036 132 2168984 40016 130 2130957 45142 0
1459947780830843 135 2172332 39975 130 2130875 41689 0
1459947780832526 128 2166458 42265 125 2124400 44400 0
1459947780834321 132 2166163 39234 128 2122271 42893 0
1459947780836292 138 2173571 42997 135 2129268 45991 0
1459947780838176 132 2172720 40420 131 2130598 43624 0
1459947780840161 135 2175776 40079 133 2134385 43706 0
1459947780842086 134 2177313 38364 131 2135316 41149 0
1459947780844100 134 2178730 36672 131 2136174 38725 0
1459947780845886 133 2178756 33831 131 2136965 36428 0
1459947780847784 133 2178780 31209 131 2137694 34254 0
1459947780849665 132 2177522 29928 131 2138366 32197 0
1459947780851340 130 2173803 31017 128 2135146 32649 0
1459947780853193 131 2171654 30573 130 2134737 30474 0
1459947780855000 130 2168393 31189 128 2131800 30799 0
1459947780856377 111 2141067 53942 110 2106053 52127 0
1459947780858592 135 2146596 54824 133 2111757 53312 0
1459947780860537 135 2151693 55238 134 2118295 55175 0
1459947780862475 135 2156391 55253 133 2123043 55241 0
1459947780864577 136 2162002 56109 134 2128700 56140 0
1459947780866429 127 2155655 57575 125 2122395 57566 0
1459947780868327 127 2149804 58469 125 2116582 58425 0
1459947780870096 129 2146970 56513 127 2113784 56439 0
1459947780871947 133 2149477 54409 130 2115044 53191 0
1459947780873981 138 2158189 58189 135 2122606 56006 0
1459947780875752 129 2154700 56857 126 2118057 55823 0
1459947780877110 94 2106684 96679 93 2071623 94266 0
1459947780878734 133 2112339 94338 129 2074897 89919 0
1459947780880776 133 2117552 91773 130 2079195 86856 0
1459947780882628 129 2117238 84892 123 2074197 84676 0
1459947780884612 131 2119508 80352 130 2078550 82073 0
1459947780886724 135 2126721 80723 134 2087683 84080 0
1459947780888710 136 2134650 81726 132 2093542 82913 0
1459947780890545 132 2136840 77360 132 2098944 81415 0
1459947780892485 139 2147819 81437 137 2110324 85544 0
1459947780894205 133 2150260 77324 131 2113134 81451 0
1459947780895988 132 2151230 72178 129 2113165 75115 0
1459947780897957 130 2149565 68073 128 2111913 70399 0
1459947780899548 129 2146750 65348 126 2108199 68322 0
1459947780901171 127 2141595 64994 125 2103495 67319 0
1459947780902812 125 2134282 66656 125 2099159 66055 0
1459947780904526 127 2130101 65302 126 2096442 63398 0
1459947780906558 134 2135206 64907 132 2101617 63216 0
1459947780908468 136 2142473 66535 133 2107668 63855 0
1459947780910246 133 2145332 63971 130 2109406 60468 0
1459947780912058 135 2150527 63763 134 2116128 61940 0
1459947780914195 136 2156597 64376 135 2123605 63993 0
1459947780916137 135 2160912 63324 131 2125378 60627 0
1459947780918135 136 2166170 63223 133 2129572 59757 0
1459947780919970 132 2165897 58533 129 2128319 56242 0
1459947780921948 134 2168206 56088 132 2131004 54323 0
1459947780923587 128 2162654 56823 128 2128359 52517 0
1459947780925430 129 2158816 55920 129 2127200 49481 0
1459947780927267 130 2156558 53632 128 2124852 47779 0
1459947780929191 137 2163436 55783 134 2130367 49131 0
1459947780931102 133 2164657 52550 130 2130332 45324 0
1459947780933022 134 2167063 50662 131 2131579 42933 0
1459947780934870 134 2169281 48748 130 2131449 39697 0
1459947780936816 136 2173885 49184 134 2136449 41204 0
1459947780938526 127 2166610 52047 126 2130818 43174 0
1459947780940403 134 2168863 50057 131 2132027 40916 0
1459947780942317 132 2168380 46590 130 2131862 37870 0
1459947780944070 128 2162815 48079 128 2129150 37410 0
1459947780946061 134 2165365 46672 132 2131770 36902 0
1459947780948098 134 2167715 45192 132 2134185 36245 0
1459947780949834 132 2167322 42023 131 2135131 34285 0
1459947780951622 131 2165679 40252 129 2133443 33161 0
1459947780953564 127 2159045 43222 127 2129327 34363 0
1459947780955426 130 2156769 41942 128 2126813 33995 0
1459947780957278 131 2155951 39418 128 2124495 33475 0
1459947780959057 133 2157757 38003 131 2126198 32429 0
1459947780960702 129 2154302 38218 127 2122648 33166 0
1459947780962554 130 2152397 36988 129 2121936 31230 0
1459947780964629 137 2159600 40739 136 2130239 36445 0
1459947780966651 135 2163681 41318 132 2132774 35934 0
1459947780968774 139 2172563 46278 136 2140231 40000 0
1459947780970646 134 2174351 44310 132 2141985 38492 0
1459947780972491 131 2172159 42867 130 2141042 36352 0
1459947780974359 130 2168859 42560 126 2135053 39033 0
1459947780976479 137 2174776 44690 135 2141051 41513 0
1459947780978496 132 2173831 42068 131 2141461 38647 0
1459947780980509 134 2175520 40338 132 2143119 37155 0
1459947780982493 133 2175797 37441 131 2143367 34481 0
1459947780984444 133 2176052 34750 131 2143596 31998 0
1459947780986757 140 2176052 34750 139 2143596 31998 1
1459947780988738 134 2177567 33432 133 2146367 32053 0
1459947780990686 132 2176404 31891 129 2143802 31912 0
1459947780992796 137 2181732 34311 136 2150397 35498 0
1459947780994734 130 2177684 35361 132 2151357 33609 0
1459947780996757 137 2182912 37418 134 2154802 34159 0
1459947780998702 135 2185172 36577 133 2156698 33237 0
1459947781000524 131 2182135 36518 130 2154605 32568 0
1459947781002406 132 2180615 35065 131 2153956 30620 0
1459947781004466 137 2185614 36933 135 2158478 32395 0
1459947781006533 136 2188942 37115 134 2161366 32527 0
1459947781008424 133 2188170 34925 130 2158909 32249 0
1459947781010324 136 2191299 35080 132 2159204 30001 0
1459947781011933 130 2186503 36759 130 2156916 29766 0
1459947781013782 132 2184642 35602 129 2153526 30564 0
1459947781015650 134 2185486 33598 130 2151681 29876 0
1459947781017224 128 2185486 33598 122 2151681 29876 1
1459947781019142 132 2183704 32614 131 2151260 27928 0
1459947781021052 134 2184622 30912 131 2150872 26102 0
1459947781022701 125 2184622 30912 125 2150872 26102 1
1459947781024895 140 2184622 30912 138 2150872 26102 1
1459947781026862 137 2189308 32817 134 2154355 27273 0
1459947781028740 135 2191068 31875 134 2157566 28102 0
1459947781030498 132 2188850 31427 131 2156686 26717 0
1459947781032403 135 2190646 30626 132 2157154 25061 0
1459947781034109 130 2190646 30626 127 2157154 25061 1
1459947781036052 136 2193581 30939 133 2158866 24681 0
1459947781037918 132 2191167 30745 130 2156604 24836 0
1459947781039764 131 2187662 31574 130 2154519 24816 0
1459947781041889 137 2192110 33208 136 2160277 28185 0
1459947781043920 136 2194931 33214 135 2164305 29696 0
1459947781046166 137 2198812 34196 136 2169298 31979 0
1459947781048134 132 2195989 34125 130 2166221 32316 0
1459947781050035 132 2193387 33856 130 2163384 32405 0
1459947781051886 136 2196108 33720 134 2165889 32182 0
1459947781053836 134 2196057 31131 134 2168198 31796 0
1459947781055686 131 2192170 32281 129 2163927 33247 0
1459947781057686 133 2191146 30702 131 2162550 31918 0
1459947781059457 133 2190202 29172 130 2160000 31774 0
1459947781061430 140 2190202 29172 140 2160000 31774 1
1459947781063332 136 2193172 29630 132 2160210 29484 0
1459947781065088 135 2194630 28659 134 2162963 29718 0
1459947781066885 134 2194694 26479 129 2159101 30955 0
1459947781068719 134 2194753 24464 129 2155541 31817 0
1459947781070696 135 2196087 23782 131 2154819 29996 0
1459947781072671 136 2198597 24238 134 2157993 30578 0
1459947781074538 133 2197071 23750 131 2157079 29030 0
1459947781076518 135 2198224 22957 133 2158797 28345 0
1459947781078397 135 2199287 22143 134 2161660 28770 0
1459947781080541 138 2204107 24857 134 2164300 28956 0
1459947781082644 138 2208551 27011 136 2169294 31296 0
1459947781084455 132 2204967 28203 131 2167497 30506 0
1459947781086176 134 2204223 26683 131 2165841 29648 0
1459947781088061 137 2207378 27506 134 2168154 29463 0
1459947781089817 128 2207378 27506 126 2168154 29463 1
1459947781091619 132 2203886 28575 129 2163886 31094 0
1459947781093522 132 2200667 29309 130 2161232 31110 0
1459947781095429 133 2198979 28574 131 2160065 29754 0
1459947781097502 138 2203823 30807 135 2164109 31157 0
1459947781099633 137 2207009 31337 135 2167837 32159 0
1459947781101829 139 2212506 33955 136 2172554 33995 0
1459947781103617 128 2203493 39609 127 2165383 37949 0
1459947781105260 124 2203493 39609 122 2165383 37949 1
1459947781107077 128 2203493 39609 124 2165383 37949 1
1459947781108830 133 2201585 38272 132 2165172 35178 0
1459947781110385 128 2193426 42803 126 2157297 39687 0
1459947781112125 131 2189744 42852 129 2153878 39737 0
1459947781114049 133 2188910 40272 131 2153286 37177 0
1459947781115906 131 2185581 40193 128 2148900 38314 0
1459947781118109 139 2192752 43663 138 2157657 43393 0
1459947781119983 133 2191683 41236 132 2158050 40364 0
1459947781121883 131 2188137 41282 130 2155852 39235 0
1459947781123617 131 2184868 41068 129 2152546 39216 0
1459947781125360 130 2180575 41816 128 2148218 40141 0
1459947781127255 135 2183017 40800 130 2146788 38321 0
1459947781129179 136 2186548 40867 132 2148030 36472 0
1459947781131234 135 2188523 39495 130 2146615 34926 0
1459947781133308 133 2187784 37089 131 2146590 32219 0
1459947781135076 129 2181983 39538 127 2141447 34441 0
1459947781136878 133 2181755 36658 131 2141826 32099 0
1459947781138746 134 2182825 34780 132 2143455 31093 0
1459947781140583 128 2176131 38232 127 2138557 33177 0
1459947781142393 132 2175080 36213 129 2136602 32387 0
1459947781144224 134 2176671 34850 131 2137359 30554 0
1459947781146074 133 2176858 32299 131 2138057 28810 0
1459947781147900 131 2174470 31975 130 2137421 27145 0
1459947781149795 134 2176109 30987 133 2140674 28023 0
1459947781151737 136 2180180 32319 131 2141113 26238 0
1459947781153537 132 2178813 31053 131 2141518 24561 0
1459947781155232 124 2178813 31053 124 2141518 24561 1
1459947781157224 135 2181393 31004 131 2141891 22986 0
1459947781158952 131 2178651 31108 129 2139675 23232 0
1459947781160710 128 2178651 31108 126 2139675 23232 1
1459947781162441 132 2177403 29826 128 2136352 24479 0
1459947781164109 130 2173693 30914 129 2134569 24209 0
1459947781165807 131 2171553 30470 129 2132925 23831 0
1459947781167624 134 2173420 29810 132 2135250 24112 0
1459947781169567 132 2172581 28253 130 2134833 22611 0
1459947781171554 132 2171808 26757 130 2134449 21197 0
1459947781173342 129 2171808 26757 126 2134449 21197 1
1459947781175227 132 2171095 25322 131 2135375 20393 0
1459947781177154 133 2171718 23917 130 2134948 19191 0
1459947781178825 130 2171718 23917 126 2134948 19191 1
1459947781180541 129 2167172 26238 128 2131995 20413 0
1459947781182279 128 2161701 29230 127 2127992 22507 0
1459947781184105 134 2164338 29377 132 2130702 23246 0
1459947781186105 137 2170609 32862 135 2137040 27272 0
1459947781188008 133 2171270 30903 131 2137763 25808 0
1459947781189895 132 2170599 29106 129 2135870 25535 0
1459947781191752 135 2173820 29802 132 2137965 25471 0
1459947781193357 129 2169110 31814 127 2133496 27600 0
1459947781195026 128 2169110 31814 125 2133496 27600 1
1459947781196832 131 2167328 30970 129 2131936 26880 0
1459947781198353 126 2167328 30970 124 2131936 26880 1
1459947781200062 127 2167328 30970 125 2131936 26880 1
1459947781201586 123 2167328 30970 119 2131936 26880 1
1459947781203379 133 2168245 29395 130 2131778 24925 0
1459947781205496 132 2167810 27498 130 2131632 23110 0
1459947781207380 130 2164849 28077 127 2127658 24967 0
1459947781209315 129 2160840 29578 128 2125274 25213 0
1459947781211145 128 2155864 31853 128 2123076 25268 0
1459947781213113 133 2157677 31035 132 2126170 26145 0
1459947781215351 140 2157677 31035 136 2126170 26145 1
1459947781217178 130 2155508 30609 127 2122622 27371 0
1459947781219031 129 2152228 31239 128 2120632 27066 0
1459947781220820 131 2151765 29224 127 2117517 27822 0
1459947781222842 136 2157738 32446 134 2123605 31261 0
1459947781224610 130 2155564 31914 129 2122818 29543 0
1459947781226383 130 2153560 31266 129 2122092 27902 0
1459947781227983 129 2150433 31705 126 2117583 29878 0
1459947781229862 134 2153950 32470 131 2119826 29611 0
1459947781231857 135 2158472 34102 132 2123174 30384 0
1459947781233951 137 2165201 37640 135 2130101 34395 0
1459947781235819 135 2168844 38058 131 2131366 32874 0
1459947781238040 137 2174763 40540 134 2136373 34920 0
1459947781240174 135 2177659 40042 130 2135868 32655 0
1459947781242075 134 2179049 38194 134 2140523 34394 0
1459947781244012 132 2177770 36388 129 2138414 33649 0
1459947781245751 130 2174031 36991 127 2133910 35171 0
1459947781247678 133 2174424 34464 129 2132318 33890 0
1459947781249741 137 2179907 36825 136 2139810 38149 0
1459947781251873 142 2179907 36825 138 2139810 38149 1
1459947781253731 134 2181121 35067 133 2142877 37995 0
1459947781255593 135 2183520 34539 132 2144424 36452 0
1459947781257733 139 2190852 38599 136 2150970 39639 0
1459947781259576 130 2186091 39971 126 2144205 42778 0
1459947781261371 132 2184262 38533 130 2143088 40463 0
1459947781263011 129 2178736 40615 128 2139499 40609 0
1459947781264667 129 2173642 42136 127 2134910 41665 0
1459947781266471 134 2175346 40415 133 2138360 41589 0
1459947781268316 133 2175637 37525 132 2140260 40091 0
1459947781270556 142 2175637 37525 138 2140260 40091 1
1459947781272436 135 2178465 37200 132 2142012 38573 0
1459947781274206 130 2174672 37789 127 2137227 39969 0
1459947781276125 132 2173735 35699 130 2136656 37372 0
1459947781277845 128 2167751 38425 126 2131009 39657 0
1459947781279725 135 2171195 38598 132 2133483 38839 0
1459947781281603 135 2174370 38509 133 2137044 39087 0
1459947781283496 132 2173457 36341 129 2135207 37726 0
1459947781285387 134 2175175 35085 133 2138633 37937 0
1459947781287420 135 2178039 34983 132 2140512 36705 0
1459947781289563 139 2185799 39403 136 2147364 40154 0
1459947781291531 136 2189113 39379 134 2151121 40479 0
1459947781293773 138 2194728 41478 136 2157144 42869 0
1459947781295647 133 2193504 39364 130 2155017 41479 0
1459947781297670 136 2196216 38788 134 2158176 41150 0
1459947781299693 139 2202556 41602 135 2162368 41800 0
1459947781301655 138 2207121 42559 136 2167513 43277 0
1459947781303355 129 2199809 45974 127 2160736 46142 0
1459947781305065 130 2194348 47415 129 2157048 45936 0
1459947781306945 133 2193154 44810 131 2156208 43120 0
1459947781308972 141 2202293 49734 140 2166954 49657 0
1459947781310891 134 2201758 46340 131 2165340 47264 0
1459947781312850 135 2202545 43445 133 2166412 44560 0
1459947781314647 133 2200711 41740 132 2166121 41346 0
1459947781316519 134 2200300 38857 133 2167132 39047 0
1459947781318543 137 2203761 39012 135 2170624 39216 0
1459947781320588 137 2206952 38905 135 2173844 39120 0
1459947781322567 135 2207333 36217 133 2174252 36439 0
1459947781324778 141 2215365 40791 139 2182308 41019 0
1459947781326769 138 2218929 40890 136 2185895 41120 0
1459947781328663 134 2217095 39385 132 2184081 39578 0
1459947781330498 132 2212844 40226 130 2179849 40385 0
1459947781332362 133 2210205 39515 130 2175948 40824 0
1459947781334259 130 2203932 42209 128 2169792 43309 0
1459947781335958 126 2203932 42209 124 2169792 43309 1
1459947781338006 134 2203269 39521 132 2169237 40436 0
1459947781339927 135 2203938 37050 133 2170005 37984 0
1459947781342139 135 2204555 34724 132 2169433 35542 0
1459947781344445 143 2204555 34724 141 2169433 35542 1
1459947781346361 136 2206404 33715 136 2174026 36999 0
1459947781348014 127 2206404 33715 125 2174026 36999 1
1459947781349941 135 2206828 31472 134 2175700 35651 0
1459947781351784 136 2208499 30554 134 2177243 34287 0
1459947781353461 130 2202360 33825 129 2172265 36196 0
1459947781355289 134 2201820 31679 131 2170236 35237 0
1459947781357352 135 2202602 29925 133 2170926 33120 0
1459947781359189 132 2199483 30461 131 2169002 32305 0
1459947781361068 127 2199483 30461 126 2169002 32305 1
1459947781362594 124 2199483 30461 122 2169002 32305 1
1459947781364467 132 2196608 30731 131 2167228 31415 0
1459947781366350 137 2200358 31787 133 2168153 29813 0
1459947781367924 123 2200358 31787 121 2168153 29813 1
1459947781369615 125 2200358 31787 122 2168153 29813 1
1459947781371153 121 2200358 31787 119 2168153 29813 1
1459947781372709 128 2200358 31787 125 2168153 29813 1
1459947781374432 128 2200358 31787 126 2168153 29813 1
1459947781376251 130 2194855 34376 129 2163886 31416 0
1459947781378090 132 2192341 34006 130 2161232 31407 0
1459947781379911 132 2190024 33484 130 2158785 31208 0
1459947781381971 136 2193008 33619 135 2162929 32590 0
1459947781384137 142 2193008 33619 141 2162929 32590 1
1459947781386007 131 2189359 34355 129 2159070 33600 0
1459947781387853 128 2182155 38311 126 2151672 37794 0
1459947781389642 133 2181914 35539 130 2149972 36407 0
1459947781391052 122 2181914 35539 121 2149972 36407 1
1459947781392604 128 2175291 38866 126 2143285 39726 0
1459947781394634 137 2180706 40821 132 2144800 38019 0
1459947781396605 137 2185698 42233 133 2147477 37516 0
1459947781398689 136 2189020 41995 133 2149945 36860 0
1459947781400711 135 2190802 40357 135 2154780 38437 0
1459947781402894 141 2200125 45799 138 2163077 43083 0
1459947781404888 136 2202320 44243 134 2165606 42049 0
1459947781406724 134 2201783 41280 131 2164098 40153 0
1459947781408648 131 2197448 42050 129 2160147 40657 0
1459947781410634 134 2197292 38907 133 2161625 38843 0
1459947781412471 130 2192028 40719 129 2157868 39271 0
1459947781414249 130 2187175 42010 127 2151844 41754 0
1459947781416074 129 2181421 44030 127 2146291 43609 0
1459947781417881 128 2174837 46659 128 2142452 43741 0
1459947781419623 130 2171327 46247 126 2136352 45945 0
1459947781421209 129 2166812 46795 127 2132009 46358 0
1459947781422913 133 2167769 44022 130 2131845 42886 0
1459947781424639 131 2166092 42127 129 2130414 40853 0
1459947781426139 124 2166092 42127 116 2130414 40853 1
1459947781427496 123 2166092 42127 114 2130414 40853 1
1459947781428945 125 2166092 42127 117 2130414 40853 1
1459947781430446 125 2166092 42127 116 2130414 40853 1
1459947781431934 125 2166092 42127 115 2130414 40853 1
1459947781433491 127 2166092 42127 116 2130414 40853 1
1459947781434924 123 2166092 42127 112 2130414 40853 1
1459947781436365 123 2166092 42127 114 2130414 40853 1
1459947781438082 129 2166092 42127 122 2130414 40853 1
1459947781439493 124 2166092 42127 115 2130414 40853 1
1459947781441115 127 2166092 42127 117 2130414 40853 1
1459947781442736 124 2166092 42127 116 2130414 40853 1
1459947781444245 124 2166092 42127 114 2130414 40853 1
1459947781445608 121 2166092 42127 113 2130414 40853 1
1459947781447031 124 2166092 42127 113 2130414 40853 1
1459947781448535 124 2166092 42127 115 2130414 40853 1
1459947781449963 124 2166092 42127 115 2130414 40853 1
1459947781451367 122 2166092 42127 112 2130414 40853 1
1459947781452809 124 2166092 42127 115 2130414 40853 1
1459947781454558 128 2166092 42127 119 2130414 40853 1
1459947781456296 130 2166092 42127 121 2130414 40853 1
1459947781457873 128 2166092 42127 119 2130414 40853 1
1459947781459413 129 2166092 42127 120 2130414 40853 1
1459947781460869 123 2166092 42127 115 2130414 40853 1
1459947781462113 119 2166092 42127 110 2130414 40853 1
1459947781463531 121 2166092 42127 112 2130414 40853 1
1459947781465026 122 2166092 42127 112 2130414 40853 1
1459947781466360 124 2166092 42127 115 2130414 40853 1
1459947781467690 125 2166092 42127 117 2130414 40853 1
1459947781469327 126 2166092 42127 120 2130414 40853 1
1459947781470665 125 2166092 42127 119 2130414 40853 1
1459947781472184 130 2163266 41440 124 2122695 44776 0
1459947781473458 123 2163266 41440 117 2122695 44776 1
1459947781474982 127 2156820 44143 122 2113019 50196 0
1459947781476731 133 2158558 42296 128 2111779 47416 0
1459947781478332 132 2158880 39288 125 2106796 48304 0
1459947781479976 125 2158880 39288 118 2106796 48304 1
1459947781481576 128 2154057 40663 123 2099642 51124 0
1459947781482961 125 2145771 45124 119 2087927 57928 0
1459947781484625 128 2141972 45099 121 2079687 60997 0
1459947781485948 121 2129510 53062 116 2065691 69133 0
1459947781487499 124 2121862 55966 120 2057908 70905 0
1459947781489084 126 2117371 55732 123 2054573 68438 0
1459947781490521 124 2110671 57553 117 2043819 73004 0
1459947781492040 127 2108334 55209 121 2039025 71718 0
1459947781493089 105 2108334 55209 101 2039025 71718 1
1459947781494687 129 2108740 51269 124 2038446 66648 0
1459947781496608 137 2119354 57048 131 2046872 69209 0
1459947781498124 129 2118899 53009 123 2044400 66080 0
1459947781499686 127 2115920 51613 123 2042121 63017 0
1459947781501168 126 2111893 51291 120 2036180 63569 0
1459947781502711 131 2114581 49761 125 2037103 59453 0
1459947781504216 123 2106819 53028 117 2027714 63463 0
1459947781505619 124 2100943 54301 117 2019058 66482 0
1459947781507098 126 2098086 52690 121 2016199 63923 0
1459947781508509 122 2090333 55720 117 2008443 66078 0
1459947781509905 126 2088305 53234 121 2006413 62786 0
1459947781511271 126 2086436 50797 121 2004541 59604 0
1459947781512808 125 2083433 49596 118 1998976 60077 0
1459947781514536 133 2090904 52609 127 2005366 61273 0
1459947781516185 133 2097792 54848 126 2009976 60736 0
1459947781517657 127 2096462 51789 120 2006546 59152 0
1459947781519178 128 2096515 47791 122 2005944 55084 0
1459947781520757 127 2095284 45191 120 2002829 53651 0
1459947781522252 126 2092869 43885 120 1999957 52105 0
1459947781523674 124 2088083 44867 119 1996030 51653 0
1459947781525204 126 2086231 43067 123 1997530 48999 0
1459947781526749 128 2087084 40488 122 1997632 45265 0
1459947781528064 120 2087084 40488 112 1997632 45265 1
1459947781529423 120 2077630 46038 114 1987487 51080 0
1459947781530631 120 2068915 50474 113 1976854 56890 0
1459947781532100 126 2068561 46856 121 1977292 52849 0
1459947781533407 123 2064394 47035 119 1975136 50707 0
1459947781535072 130 2069513 48079 124 1979548 50812 0
1459947781536436 126 2069112 44691 121 1979775 47052 0
1459947781537835 123 2064902 45079 117 1974865 47902 0
1459947781539186 121 2058461 47494 117 1970338 48331 0
1459947781540674 123 2055083 46896 118 1967445 47221 0
1459947781542165 123 2051969 46102 117 1963498 47169 0
1459947781543920 128 2055498 45754 121 1964979 44849 0
1459947781545456 127 2057472 43999 121 1966345 42604 0
1459947781546819 115 2057472 43999 109 1966345 42604 1
1459947781548329 126 2058012 41058 122 1968884 41615 0
1459947781549705 123 2054669 40931 119 1967384 39744 0
1459947781551118 124 2052867 39393 121 1968562 37725 0
1459947781552524 122 2048646 40205 116 1963248 39675 0
1459947781553950 126 2049875 38196 121 1964749 37958 0
1459947781555308 124 2048448 36526 119 1963572 36076 0
1459947781556523 118 2039453 41964 114 1956087 40156 0
1459947781557725 119 2032440 45149 116 1951747 41018 0
1459947781559226 126 2034935 43921 120 1952866 38845 0
1459947781560533 123 2033395 41907 118 1951338 37218 0
1459947781561989 126 2035816 40864 120 1952489 35371 0
1459947781563425 126 2038047 39728 120 1953550 33585 0
1459947781564776 119 2038047 39728 113 1953550 33585 1
1459947781566287 125 2038824 37340 119 1953248 31238 0
1459947781567838 127 2042100 37442 122 1956810 32081 0
1459947781569147 122 2038720 37631 116 1952414 33626 0
1459947781570739 126 2040725 36539 121 1954761 33162 0
1459947781572310 126 2042573 35387 121 1956925 32566 0
1459947781573809 125 2042996 33012 121 1958920 31860 0
1459947781575288 123 2040826 32431 119 1958199 30034 0
1459947781576763 124 2040106 30560 121 1960094 29434 0
1459947781578198 126 2042002 29920 121 1961841 28745 0
1459947781579708 128 2046310 31554 123 1966012 30344 0
1459947781581308 126 2047722 30389 121 1967297 29157 0
1459947781582986 129 2052863 32754 126 1974881 33871 0
1459947781584677 129 2057603 34564 125 1980593 36490 0
1459947781586137 124 2055572 33734 121 1980739 33773 0
1459947781587486 125 2054980 31643 120 1979593 32189 0
1459947781589081 126 2055714 29847 120 1978537 30647 0
1459947781590776 127 2057671 29319 122 1980123 29714 0
1459947781592178 128 2060755 29871 123 1982865 29920 0
1459947781593540 125 2059758 28455 120 1981553 28790 0
1459947781594841 124 2057559 28257 117 1976504 31194 0
1459947781596029 117 2057559 28257 113 1976504 31194 1
1459947781597357 123 2054252 29097 119 1974409 30686 0
1459947781599108 132 2054252 29097 124 1974409 30686 1
1459947781600688 126 2055043 27552 120 1973758 28887 0
1459947781602300 127 2057052 27251 122 1975718 28437 0
1459947781603861 130 2062744 30370 125 1981365 31420 0
1459947781605501 128 2065432 30475 123 1984010 31404 0
1459947781606987 127 2066630 29198 121 1983889 29061 0
1459947781608730 131 2072854 32654 125 1988897 31407 0
1459947781610266 128 2074752 31852 124 1992234 32029 0
1459947781611806 126 2073942 30109 119 1988910 32589 0
1459947781613288 128 2075755 29427 123 1990966 31937 0
1459947781614519 120 2067186 35026 117 1985181 34773 0
1459947781615805 121 2060567 38390 117 1979848 36971 0
1459947781617418 129 2064705 39204 123 1982612 36630 0
1459947781618969 124 2062119 38524 121 1982600 33778 0
1459947781620547 124 2059735 37710 119 1980029 33508 0
1459947781621926 120 2052418 41508 116 1973819 36614 0
1459947781623151 120 2045672 44483 114 1965534 41390 0
1459947781624617 125 2045853 41174 120 1965576 38195 0
1459947781626298 129 2051140 42831 124 1970735 39967 0
1459947781627973 130 2057294 45157 125 1976771 42408 0
1459947781629513 129 2061687 45679 124 1981055 43044 0
1459947781631188 129 2065737 45844 124 1985005 43322 0
1459947781632612 125 2064351 43539 120 1983526 41299 0
1459947781634139 126 2064353 40139 121 1983443 38148 0
1459947781635742 129 2068195 40545 123 1985926 37456 0
1459947781637245 127 2069177 38282 121 1985655 34778 0
1459947781638808 128 2071362 37305 122 1986685 33010 0
1459947781640462 130 2075936 38607 123 1988915 32487 0
1459947781642031 123 2071193 39961 116 1982011 36312 0
1459947781643348 121 2064261 43229 117 1976926 38162 0
1459947781644774 123 2060430 43382 118 1973518 38321 0
1459947781646045 119 2060430 43382 113 1973518 38321 1
1459947781647527 126 2060738 40276 121 1974216 35971 0
1459947781649142 130 2066142 42111 124 1978700 37294 0
1459947781650603 123 2062164 42487 118 1975154 37648 0
1459947781651897 121 2055937 44907 115 1968045 41259 0
1459947781653278 121 2050196 46689 116 1962771 42896 0
1459947781654378 117 2039784 52639 112 1952789 48745 0
1459947781655798 125 2040425 49117 118 1951267 46338 0
1459947781657095 122 2037176 48273 117 1948584 45190 0
1459947781658736 126 2039301 46460 121 1951230 44099 0
1459947781660172 126 2041260 44636 120 1952390 41722 0
1459947781661847 131 2049466 48713 127 1962419 47708 0
1459947781663523 130 2055751 50701 125 1969105 50143 0
1459947781664777 125 2055145 47297 119 1967588 47622 0
1459947781666289 125 2054586 44115 119 1966190 45189 0
1459947781667820 128 2057911 43733 123 1970021 45190 0
1459947781669324 124 2055856 42209 119 1968433 43122 0
1459947781670711 124 2053962 40656 119 1966969 41102 0
1459947781672250 127 2056056 39409 122 1969459 40186 0
1459947781673683 124 2054146 38090 117 1965355 40829 0
1459947781675208 126 2054945 35851 119 1964131 38766 0
1459947781676705 127 2056962 34909 119 1963003 36776 0
1459947781678263 129 2061381 36255 123 1967083 37663 0
1459947781679731 121 2055215 39105 115 1960604 40692 0
1459947781681137 126 2055931 36709 119 1959751 38297 0
1459947781682797 127 2057871 35629 117 1956405 38389 0
1459947781684404 127 2059659 34494 116 1952040 39412 0
1459947781685748 128 2062588 34499 115 1946736 41220 0
1459947781687188 132 2070408 39012 118 1945687 38965 0
1459947781688626 128 2072497 37890 116 1942160 39171 0
1459947781690069 132 2079543 41424 117 1940188 37927 0
1459947781691583 135 2079543 41424 121 1940188 37927 1
1459947781693214 136 2079543 41424 123 1940188 37927 1
1459947781694833 138 2079543 41424 123 1940188 37927 1
1459947781696196 130 2083478 41815 115 1935810 38998 0
1459947781697648 128 2084546 39532 112 1927934 43210 0
1459947781698855 129 2086810 38530 112 1920674 46526 0
1459947781700459 135 2086810 38530 120 1920674 46526 1
1459947781701892 131 2091457 39803 113 1915261 47880 0
1459947781703457 136 2091457 39803 120 1915261 47880 1
1459947781704938 132 2097021 41823 116 1914111 45198 0
1459947781706220 127 2095751 39725 112 1907931 47363 0
1459947781707705 134 2103540 43801 115 1906073 45373 0
1459947781709378 140 2103540 43801 126 1906073 45373 1
1459947781710871 134 2110720 46999 120 1910761 46149 0
1459947781712257 134 2117340 49429 118 1912522 44167 0
1459947781713603 130 2118322 46473 111 1905186 47478 0
1459947781715282 137 2128188 51937 120 1909943 48153 0
1459947781716925 136 2136003 55083 119 1913048 47254 0
1459947781718565 138 2145767 59780 121 1918471 48561 0
1459947781720092 137 2153488 62227 120 1922190 48195 0
1459947781721608 134 2156766 60387 114 1917938 48347 0
1459947781723049 135 2161068 59635 116 1916579 45821 0
1459947781724654 137 2167594 60992 118 1917886 43446 0
1459947781726232 137 2173610 61773 118 1919091 41162 0
1459947781727877 136 2177876 60879 118 1920202 38970 0
1459947781729273 131 2175409 58395 116 1918666 37340 0
1459947781730626 134 2176975 55275 117 1918530 34547 0
1459947781731912 129 2172018 55524 113 1913284 36683 0
1459947781733399 133 2172569 51694 116 1912288 34734 0
1459947781734864 137 2178197 52843 116 1911370 32865 0
1459947781736302 133 2178265 48777 116 1910524 31076 0
1459947781737803 134 2179608 46204 116 1909744 29366 0
1459947781739494 142 2179608 46204 124 1909744 29366 1
1459947781741110 137 2184686 47275 120 1914145 31128 0
1459947781742570 136 2188087 46716 117 1914362 28896 0
1459947781744055 133 2187382 43715 117 1914562 26822 0
1459947781745431 136 2190572 43240 115 1912186 26915 0
1459947781747067 140 2198633 47292 121 1917676 29873 0
1459947781748382 129 2191984 49725 113 1912497 32312 0
1459947781749705 132 2189695 47949 114 1909003 33007 0
1459947781751143 135 2191425 45796 115 1907062 32217 0
1459947781752620 135 2193019 43688 116 1906552 30169 0
1459947781754256 139 2199609 46349 119 1909922 30919 0
1459947781755828 138 2204404 47147 123 1918149 36087 0
1459947781757246 137 2207544 46358 116 1916773 34534 0
1459947781758735 139 2212999 47765 121 1921905 36567 0
1459947781760195 137 2215468 46309 118 1922796 34531 0
1459947781761826 140 2221584 48329 122 1928737 37310 0
1459947781763555 141 2228502 50931 121 1932934 38264 0
1459947781765147 137 2229760 48112 118 1932963 35301 0
1459947781766578 132 2224520 49183 113 1926590 38417 0
1459947781768062 138 2227369 47966 117 1925835 36110 0
1459947781769554 133 2223595 47696 114 1921299 37469 0
1459947781771132 133 2220116 47175 115 1918397 37215 0
1459947781772473 132 2215629 47625 111 1910602 41492 0
1459947781773806 133 2212772 46536 116 1909816 38974 0
1459947781775549 141 2220379 49912 123 1918051 43521 0
1459947781777096 139 2224831 50117 116 1916683 41380 0
1459947781778633 136 2225096 46445 116 1915422 39309 0
1459947781780132 137 2226620 44221 117 1915539 36345 0
1459947781781820 139 2230585 44421 122 1922047 39505 0
1459947781783587 142 2238080 47860 120 1925487 39589 0
1459947781785115 135 2236030 46009 115 1922258 39472 0
1459947781786433 129 2236030 46009 108 1922258 39472 1
1459947781787631 127 2236030 46009 110 1922258 39472 1
1459947781789155 135 2234140 44156 118 1923121 37184 0
1459947781790708 136 2233677 41132 116 1921357 35905 0
1459947781792454 141 2239650 43425 121 1926130 37500 0
1459947781793957 134 2236197 43214 118 1926691 35087 0
1459947781828510 138 2238134 41622 116 1924648 34228 0
1459947781829919 136 2237359 39083 114 1920204 35648 0
1459947781831239 133 2232805 40226 111 1912268 40178 0
1459947781832732 140 2237567 41473 118 1913912 38554 0
1459947781834346 135 2235557 40084 115 1911587 37683 0
1459947781835754 135 2233704 38660 115 1909444 36714 0
1459947781837495 138 2235835 37604 115 1907468 35665 0
1459947781838953 137 2236520 35297 114 1904367 35736 0
1459947781840413 136 2235871 33136 116 1904068 33219 0
1459947781842031 137 2236553 31176 118 1906352 32729 0
1459947781843729 140 2241022 32860 118 1908458 32113 0
1459947781845319 139 2243862 32910 118 1910399 31394 0
1459947781847036 140 2247760 33931 119 1913469 31771 0
1459947781848656 139 2250073 33413 119 1916299 31897 0
1459947781850254 142 2256046 36308 119 1918908 31810 0
1459947781851896 141 2260272 37367 116 1917473 30646 0
1459947781853529 138 2260328 34498 115 1914870 30650 0
1459947781855291 139 2261659 33029 117 1915030 28403 0
1459947781857086 146 2261659 33029 122 1915030 28403 1
1459947781858616 140 2264166 32760 117 1915178 26320 0
1459947781859959 134 2264166 32760 111 1915178 26320 1
1459947781861604 137 2262638 31608 119 1917874 26749 0
1459947781863245 137 2261229 30436 117 1917800 24727 0
1459947781864756 138 2261210 28075 116 1916451 24037 0
1459947781866368 140 2263752 28225 118 1917768 23373 0
1459947781867793 134 2263752 28225 111 1917768 23373 1
1459947781869349 136 2260976 28577 114 1913862 25146 0
1459947781870902 138 2260977 26345 116 1912821 24140 0
1459947781872243 135 2260977 26345 112 1912821 24140 1
1459947781873933 141 2264818 27827 119 1915701 24909 0
1459947781875621 141 2268359 28917 118 1917076 24230 0
1459947781877061 137 2266503 28367 114 1913224 25887 0
1459947781878668 143 2272472 31653 120 1917353 27670 0
1459947781880059 135 2267735 33546 113 1912199 30258 0
1459947781881087 116 2267735 33546 94 1912199 30258 1
1459947781882489 137 2265928 32590 116 1911288 28733 0
1459947781884150 142 2270662 34407 120 1915568 30434 0
1459947781885832 142 2275026 35741 120 1919514 31693 0
1459947781887348 137 2272649 35138 115 1916751 31762 0
1459947781888728 134 2266618 37951 112 1910364 35167 0
1459947781890356 138 2266178 35391 116 1909596 33126 0
1459947781891996 141 2269612 35792 119 1912728 33426 0
1459947781893783 146 2269612 35792 122 1912728 33426 1
1459947781895234 138 2268938 33615 118 1914336 32296 0
1459947781896496 130 2258077 41000 111 1906858 36665 0
1459947781898033 138 2258304 38006 116 1906364 34254 0
1459947781899751 139 2259794 36409 118 1908469 33517 0
1459947781901417 140 2262447 36010 118 1910409 32687 0
1459947781902785 138 2262333 33300 116 1909638 30843 0
1459947781904281 137 2260948 31974 117 1910207 28958 0
1459947781905924 139 2262231 30659 119 1913292 29539 0
1459947781907476 139 2263414 29353 118 1914856 28672 0
1459947781909042 143 2269624 32784 120 1918857 30121 0
1459947781910475 140 2271509 31960 115 1916146 30265 0
1459947781911912 134 2271509 31960 111 1916146 30265 1
1459947781913161 135 2266847 33760 114 1912367 31383 0
1459947781914546 134 2261269 36263 111 1905043 35682 0
1459947781916007 138 2261247 33448 116 1904691 33217 0
1459947781917587 139 2262507 31995 116 1904367 30919 0
1459947781918929 136 2259828 31964 112 1898948 33498 0
1459947781920317 137 2258638 30562 115 1897792 31945 0
1459947781922002 139 2260101 29523 116 1898007 29647 0
1459947781923562 141 2264010 30820 116 1898205 27512 0
1459947781925221 137 2262494 29809 117 1899667 26710 0
1459947781926697 136 2259816 29948 115 1898455 25739 0
1459947781928280 143 2266307 33592 119 1902458 27418 0
1459947781929798 138 2265891 31349 113 1898468 28952 0
1459947781931283 140 2268068 30906 118 1901190 29199 0
1459947781932723 135 2263675 32540 112 1896019 31683 0
1459947781934172 135 2259625 33730 113 1892532 32421 0
1459947781935670 136 2257171 33355 117 1894437 31645 0
1459947781937263 140 2260029 33384 117 1896194 30791 0
1459947781938832 142 2265224 35564 118 1899093 31058 0
1459947781939918 118 2265224 35564 94 1899093 31058 1
1459947781941308 139 2266173 33660 114 1896646 30886 0
1459947781942764 136 2263208 33763 115 1895670 29372 0
1459947781944298 142 2268154 35685 117 1897330 28608 0
1459947781945746 136 2265034 35772 112 1892461 30861 0
1459947781947367 137 2263438 34448 114 1890532 30226 0
1459947781948807 133 2256846 37832 110 1883634 34222 0
1459947781950245 134 2252049 39297 111 1878555 36230 0
1459947781951677 136 2250187 37941 115 1878992 33802 0
1459947781953137 135 2247191 37737 112 1875555 34328 0
1459947781954669 140 2250829 38141 115 1876227 32265 0
1459947781956116 138 2251622 35893 116 1878126 31495 0
1459947781957838 146 2251622 35893 122 1878126 31495 1
1459947781959473 141 2256194 37302 118 1882437 33008 0
1459947781960833 136 2254008 36401 114 1881291 31484 0
1459947781962011 133 2254008 36401 108 1881291 31484 1
1459947781963651 140 2257113 36420 117 1884075 31590 0
1459947781965091 140 2259976 36213 116 1885361 30308 0
1459947781966364 136 2257495 35669 113 1882707 30386 0
1459947781967810 139 2259048 34313 115 1882820 28116 0
1459947781969261 136 2256639 33851 113 1880364 28182 0
1459947781970416 129 2256639 33851 107 1880364 28182 1
1459947781971895 139 2258259 32699 114 1879380 26886 0
1459947781973520 142 2263592 35060 119 1884873 29849 0
1459947781975147 139 2264668 33312 116 1886097 28645 0
1459947781976682 139 2265660 31624 114 1884665 27726 0
1459947781978275 139 2266575 29996 116 1885905 26702 0
1459947781979834 136 2263578 30414 114 1884488 25920 0
1459947781981410 139 2264655 29030 116 1885742 25051 0
1459947781982876 133 2264655 29030 110 1885742 25051 1
1459947781984197 133 2264655 29030 110 1885742 25051 1
1459947781985566 130 2264655 29030 108 1885742 25051 1
1459947781987197 138 2264368 27025 116 1886898 24159 0
1459947781988944 142 2269224 29389 119 1891804 26793 0
1459947781990482 141 2272420 30039 118 1895046 27688 0
1459947781991726 134 2272420 30039 109 1895046 27688 1
1459947781993106 138 2272420 30039 110 1895046 27688 1
1459947781994500 137 2270247 29695 113 1891635 28667 0
1459947781995846 138 2269523 28041 112 1887211 30505 0
1459947781997380 141 2272696 28775 118 1890812 31441 0
1459947781998852 137 2270501 28548 114 1889012 30643 0
1459947782000468 142 2274878 30352 117 1891192 30259 0
1459947782001976 137 2272513 30160 114 1889362 29581 0
1459947782003333 137 2270332 29812 110 1882555 33543 0
1459947782004664 134 2264482 32874 112 1878840 34346 0
1459947782006301 143 2270609 35953 118 1883095 35585 0
1459947782007786 137 2268577 35016 113 1880618 35087 0
1459947782009329 140 2270544 34093 115 1880894 32600 0
1459947782010901 142 2274917 35461 121 1888829 37368 0
1459947782012304 138 2273829 33692 116 1889744 35291 0
1459947782013552 133 2266426 37883 110 1882907 38835 0
1459947782015200 142 2271121 39251 120 1889404 41791 0
1459947782016653 137 2269049 38093 112 1885154 42443 0
1459947782018171 138 2268419 35696 114 1883796 40378 0
1459947782019631 139 2269118 33552 117 1886384 39609 0
1459947782021182 142 2273603 35064 117 1888770 38713 0
1459947782022797 140 2275177 33775 116 1889689 36536 0
1459947782024058 136 2271508 34517 111 1884137 38799 0
1459947782025545 138 2270686 32577 114 1882858 36945 0
1459947782026740 129 2270686 32577 104 1882858 36945 1
1459947782028125 137 2268648 31909 114 1881679 35144 0
1459947782029583 139 2269329 30044 112 1878032 35759 0
1459947782030842 132 2260997 35376 110 1872110 38423 0
1459947782032158 135 2257156 36152 109 1865371 41633 0
1459947782033545 134 2252335 37770 111 1861718 41746 0
1459947782034941 137 2251731 35375 110 1857071 42767 0
1459947782036344 136 2249894 34303 113 1856627 39833 0
1459947782037861 138 2250761 32422 116 1860058 39883 0
1459947782039222 136 2249000 31512 111 1856820 39751 0
1459947782040834 137 2248656 29366 114 1857675 37434 0
1459947782042488 144 2248656 29366 120 1857675 37434 1
1459947782043922 138 2249619 27959 115 1859744 36416 0
1459947782045496 139 2251787 27773 113 1859091 34172 0
1459947782046814 135 2248666 28480 109 1853369 36776 0
1459947782048388 136 2247068 27727 113 1853214 34044 0
1459947782049898 141 2251995 30102 115 1855631 33612 0
1459947782051317 137 2251417 28281 112 1854019 32471 0
1459947782052819 139 2253445 27940 115 1856373 32104 0
1459947782054354 138 2254034 26300 114 1857263 30416 0
1459947782056007 143 2254034 26300 120 1857263 30416 1
1459947782057510 138 2254577 24746 115 1859364 29976 0
1459947782058956 140 2257638 25634 115 1861301 29419 0
1459947782060412 140 2260460 26232 114 1861806 27586 0
1459947782061882 139 2261781 25400 112 1859712 27360 0
1459947782063608 143 2261781 25400 117 1859712 27360 1
1459947782065299 143 2261781 25400 120 1859712 27360 1
1459947782066821 136 2259159 25831 114 1860342 25802 0
1459947782068247 140 2261862 26304 113 1859642 24430 0
1459947782069667 138 2261794 24311 113 1858997 23115 0
1459947782070923 136 2259171 24828 112 1857122 23036 0
1459947782072294 134 2259171 24828 109 1857122 23036 1
1459947782073859 140 2261873 25379 115 1859234 23183 0
1459947782075447 143 2261873 25379 116 1859234 23183 1
1459947782076963 141 2265644 26872 116 1862461 24346 0
1459947782078310 139 2266560 25617 114 1862876 22825 0
1459947782079769 143 2272525 29113 118 1868378 26113 0
1459947782081501 147 2272525 29113 122 1868378 26113 1
1459947782083073 143 2278023 31907 120 1876010 31108 0
1459947782084575 141 2280532 31727 118 1880486 32804 0
1459947782085986 139 2280285 29475 116 1882053 31685 0
1459947782087300 135 2274937 32101 110 1875817 34957 0
1459947782088577 134 2268727 35317 109 1868788 38704 0
1459947782090135 140 2270682 34359 115 1869988 36787 0
1459947782091389 135 2266084 35911 110 1864695 38792 0
1459947782092646 133 2259286 39371 109 1858535 41439 0
1459947782094156 139 2260699 37597 115 1860536 40046 0
1459947782095791 142 2265841 39400 120 1868781 44518 0
1459947782097351 142 2270582 40691 118 1873822 45687 0
1459947782098882 142 2274952 41541 116 1875909 44041 0
1459947782100389 141 2277701 40829 119 1881673 45914 0
1459947782102011 139 2277675 37662 118 1885707 46045 0
1459947782103210 136 2273811 38280 111 1880466 47278 0
1459947782104505 134 2267689 40932 110 1874354 49217 0
1459947782106038 136 2264605 40576 114 1873840 45844 0
1459947782107467 138 2264322 37666 112 1870806 45058 0
1459947782109201 143 2270461 40383 115 1871849 42498 0
1459947782110695 145 2278681 44806 118 1876650 43603 0
1459947782112109 139 2278579 41398 114 1875956 40835 0
1459947782113624 140 2279765 39256 118 1880436 41774 0
1459947782115141 138 2278298 37541 115 1880726 38778 0
1459947782116664 136 2274385 38214 113 1878434 37860 0
1459947782118282 138 2273338 36192 116 1880161 36494 0
1459947782119799 142 2277493 37194 118 1884313 37470 0
1459947782121235 140 2278763 35459 116 1885581 35710 0
1459947782122380 133 2278763 35459 105 1885581 35710 1
1459947782123663 135 2273534 37507 110 1879069 38922 0
1459947782124930 134 2267434 40199 110 1873066 41414 0
1459947782126269 136 2264370 39881 110 1867532 43278 0
1459947782127629 139 2265386 37701 113 1866271 41058 0
1459947782128939 132 2265386 37701 106 1866271 41058 1
1459947782130206 137 2263762 36251 113 1865108 38921 0
1459947782131549 136 2260985 35977 112 1862756 38047 0
1459947782132923 136 2258425 35525 112 1860588 37072 0
1459947782134403 140 2261185 35293 117 1864989 38232 0
1459947782135966 139 2262449 33701 117 1869046 38985 0
1459947782137518 141 2266175 34503 117 1872786 39387 0
1459947782138944 139 2267050 32613 114 1872394 36669 0
1459947782140466 139 2267856 30808 115 1873313 34651 0
1459947782141990 140 2269879 30266 115 1874160 32724 0
1459947782143571 141 2273024 30801 118 1878781 34427 0
1459947782144960 137 2270804 30440 112 1875361 34889 0
1459947782146574 141 2273877 30894 114 1874768 32709 0
1459947782148107 140 2275430 29912 113 1872941 31836 0
1459947782149676 142 2279422 31255 117 1876377 32516 0
1459947782151180 139 2279262 28960 117 1879545 32895 0
1459947782152768 143 2284234 31281 117 1882465 33017 0
1459947782154367 141 2286258 30703 116 1883877 31739 0
1459947782156216 147 2286258 30703 120 1883877 31739 1
1459947782158178 148 2286258 30703 126 1883877 31739 1
1459947782160032 145 2293244 34744 119 1889019 33999 0
1459947782161738 145 2299684 37966 121 1896319 38072 0
1459947782163333 143 2303061 38112 117 1897929 36581 0
1459947782164444 137 2298494 39343 111 1891733 39434 0
1459947782165929 137 2294284 40149 115 1891141 36898 0
1459947782167304 133 2285283 45309 111 1885475 39237 0
1459947782168999 142 2288505 44739 116 1886652 37256 0
1459947782170427 137 2285075 44404 110 1880057 40424 0
1459947782171924 142 2288313 43919 116 1881657 38740 0
1459947782173665 143 2292578 44419 118 1885692 39433 0
1459947782175161 137 2288830 44402 112 1881732 40002 0
1459947782176728 140 2289215 41288 115 1881921 37050 0
1459947782178402 143 2293410 41929 117 1884655 36676 0
1459947782179924 139 2292157 39807 115 1884616 33845 0
1459947782181437 139 2291002 37761 116 1885860 32347 0
1459947782182868 136 2286097 39331 110 1879327 35841 0
1459947782184369 138 2284135 38066 110 1873304 38591 0
1459947782186000 142 2287446 38145 118 1877992 39897 0
1459947782187675 142 2290499 37978 118 1882313 40764 0
1459947782189432 141 2292033 36424 119 1887577 42432 0
1459947782191097 144 2297287 38422 118 1891150 42410 0
1459947782192774 144 2302131 39886 118 1894443 42132 0
1459947782194270 140 2301477 37371 115 1893639 39580 0
1459947782195780 139 2299594 36186 115 1892898 37169 0
1459947782197157 138 2296578 36138 113 1889655 37254 0
1459947782198692 139 2295077 34696 115 1889225 34738 0
1459947782199903 135 2288574 37979 109 1881149 39468 0
1459947782201069 132 2278739 44077 109 1873704 43247 0
1459947782202080 123 2278739 44077 100 1873704 43247 1
1459947782203197 133 2270952 47811 108 1865560 47374 0
1459947782204497 138 2270173 44792 112 1863173 45872 0
1459947782205917 142 2274575 45350 115 1864812 43799 0
1459947782207497 140 2276073 43188 114 1865043 40590 0
1459947782208972 144 2282574 45806 118 1870376 42334 0
1459947782210430 141 2284727 44212 115 1871452 40018 0
1459947782211967 140 2285432 41407 115 1872444 37806 0
1459947782213565 142 2288642 41131 118 1877199 39235 0
1459947782215157 145 2295441 44185 121 1885422 43750 0
1459947782216801 143 2299149 44151 117 1887883 42601 0
1459947782218300 136 2293607 45809 111 1882472 44260 0
1459947782219785 142 2296178 44601 117 1885163 43283 0
1459947782221312 141 2297269 42121 116 1886364 41008 0
1459947782223381 135 2290594 44982 134 1910511 60065 0
1459947782225509 138 2288281 43598 136 1935332 78254 0
1459947782227574 137 2284869 43336 135 1956934 92054 0
1459947782229506 136 2280443 44029 133 1974288 100860 0
1459947782231235 129 2267403 52609 127 1982606 100648 0
1459947782233245 137 2265622 50139 136 2001794 110473 0
1459947782235189 135 2261420 50094 134 2016923 115789 0
1459947782236996 132 2253706 53290 127 2021910 111340 0
1459947782238772 129 2242755 59221 127 2026508 106880 0
1459947782240738 135 2240339 56820 133 2038427 109517 0
1459947782242728 130 2231712 60332 127 2041734 104009 0
1459947782244750 133 2227599 59409 132 2051183 104594 0
1459947782246615 132 2222527 59441 131 2058614 103272 0
1459947782248480 133 2219132 57926 133 2068024 103878 0
1459947782250471 136 2219842 54054 133 2076699 103759 0
1459947782252425 134 2217936 51587 131 2082136 100665 0
1459947782254515 136 2218739 48297 134 2090989 100961 0
1459947782256515 136 2219480 45206 134 2099150 100596 0
1459947782258426 136 2220163 42303 133 2105393 98492 0
1459947782260306 133 2216952 41957 131 2108589 93743 0
1459947782262156 131 2211432 43767 128 2107695 87242 0
1459947782264065 133 2208903 42677 130 2109431 82026 0
1459947782265975 130 2202732 45030 128 2108471 76501 0
1459947782267785 128 2194483 49115 126 2105026 73699 0
1459947782269549 131 2190719 48746 130 2106970 69733 0
1459947782271492 136 2193649 47638 132 2111322 68297 0
1459947782273213 132 2191230 46145 129 2111494 63120 0
1459947782274792 123 2177480 55214 121 2101413 67480 0
1459947782276280 123 2164804 62585 121 2092120 70774 0
1459947782278218 135 2168478 61082 133 2098913 71506 0
1459947782280287 136 2173145 60612 135 2107735 74052 0
1459947782282374 137 2178728 61022 136 2117148 76943 0
1459947782284416 136 2182594 59818 136 2125825 78930 0
1459947782286479 133 2182318 55397 132 2128704 75418 0
1459947782288434 135 2184624 53195 133 2132639 73152 0
1459947782290086 133 2184190 49438 130 2132426 67632 0
1459947782291927 134 2185070 46386 131 2133510 63347 0
1459947782293679 133 2184601 43193 130 2133229 58656 0
1459947782295684 132 2182889 41396 131 2134250 55014 0
1459947782297317 123 2169790 50235 123 2124951 59287 0
1459947782299131 136 2174355 50518 134 2130459 59732 0
1459947782301069 136 2178563 50450 133 2134256 58566 0
1459947782303103 138 2185002 52444 136 2141597 60757 0
1459947782305166 138 2190938 53818 136 2148364 62249 0
1459947782307105 132 2188730 51647 129 2145643 59893 0
1459947782308939 135 2190535 49276 131 2145694 55260 0
1459947782310778 136 2193479 48140 132 2147021 52165 0
1459947782312539 133 2192353 45416 131 2146964 48140 0
1459947782314343 133 2191315 42823 131 2146912 44426 0
1459947782316118 132 2189078 41538 129 2144304 43358 0
1459947782318045 138 2194696 43471 134 2148300 43654 0
1459947782319687 129 2188355 45919 127 2143024 45106 0
1459947782321293 129 2182509 47719 127 2138160 46065 0
1459947782323067 133 2182240 44237 130 2137516 43059 0
1459947782324852 128 2175592 46908 127 2133082 43782 0
1459947782326566 131 2173303 45352 128 2130274 42948 0
1459947782328503 135 2176313 44583 131 2131526 40746 0
1459947782330191 122 2176313 44583 119 2131526 40746 1
1459947782331952 133 2176528 41297 131 2132680 38626 0
1459947782333898 133 2176726 38253 134 2137584 40129 0
1459947782335839 134 2178189 36612 132 2139545 38801 0
1459947782337637 133 2178257 33814 130 2138793 36462 0
1459947782339473 131 2175760 33473 129 2136819 35431 0
1459947782341473 130 2172178 34158 129 2135000 34338 0
1459947782343444 136 2176556 35525 134 2139723 36009 0
1459947782345400 132 2175472 33747 129 2137677 35081 0
1459947782347485 138 2182153 37269 135 2143470 37681 0
1459947782349437 136 2185752 37675 134 2147531 38481 0
1459947782351479 137 2190350 38969 136 2153835 41285 0
1459947782353416 134 2190748 36291 133 2155806 39876 0
1459947782355288 135 2192395 34974 130 2153783 38624 0
1459947782357091 134 2192634 32461 134 2157038 38607 0
1459947782358980 136 2195414 32487 133 2158759 37176 0
1459947782360978 134 2195417 29951 132 2159065 34554 0
1459947782362761 132 2192860 29968 132 2159348 32114 0
1459947782364728 131 2189222 30978 129 2155768 32904 0
1459947782366599 132 2187149 30468 130 2153748 32194 0
1459947782368592 135 2189077 29865 133 2155726 31501 0
1459947782370316 130 2184455 31791 128 2151149 33257 0
1459947782371868 125 2184455 31791 124 2151149 33257 1
1459947782373588 132 2182754 30874 129 2148210 33366 0
1459947782375331 132 2181186 29906 130 2146781 32076 0
1459947782377133 130 2177180 31261 128 2142903 33144 0
1459947782378995 135 2179887 31314 132 2144448 31979 0
1459947782380769 131 2177263 31285 130 2143313 30526 0
1459947782382630 134 2178684 30150 133 2146106 30716 0
1459947782384812 137 2183834 32541 136 2152521 34230 0
1459947782386840 139 2191141 36735 137 2159715 38187 0
1459947782388873 133 2190198 34734 132 2159947 35417 0
1459947782390723 135 2191888 33578 133 2161441 34027 0
1459947782392571 130 2187046 35416 127 2155138 37178 0
1459947782394548 131 2183863 35583 128 2150607 38449 0
1459947782396426 129 2178368 37868 125 2142590 42834 0
1459947782398316 133 2178423 34959 130 2141600 40399 0
1459947782400277 134 2179753 33453 132 2143247 38760 0
1459947782402173 128 2173299 36787 127 2138365 40230 0
1459947782404064 132 2172470 34677 133 2141545 40018 0
1459947782405703 129 2167865 36211 127 2136796 41268 0
1459947782407752 136 2172580 37729 134 2141378 42267 0
1459947782409638 133 2173087 35248 133 2144322 41678 0
1459947782411480 134 2174834 34105 132 2145756 39743 0
1459947782413371 134 2176445 32925 133 2148358 39037 0
1459947782415208 134 2177930 31721 132 2149477 37019 0
1459947782417180 134 2179299 30504 133 2151789 36257 0
1459947782419283 138 2185681 34003 136 2157760 38929 0
1459947782421132 134 2186444 32050 133 2159425 37421 0
1459947782422990 138 2192268 34915 136 2164799 39452 0
1459947782424881 138 2197637 37136 135 2168474 39756 0
1459947782426830 137 2201306 37616 135 2171861 39773 0
1459947782428583 130 2195728 39818 126 2163464 44405 0
1459947782430439 132 2193146 39086 129 2159563 44530 0
1459947782432360 136 2195886 38558 133 2161087 42456 0
1459947782434269 135 2197132 36694 132 2161212 39254 0
1459947782436043 129 2190601 39847 125 2152367 44340 0
1459947782437742 130 2185860 41103 128 2148053 44851 0
1459947782439703 132 2184049 39559 131 2147916 41472 0
1459947782441451 130 2179820 40366 128 2143950 41888 0
1459947782443467 138 2186161 43058 136 2150533 44684 0
1459947782445355 129 2180487 44924 129 2147642 43857 0
1459947782447183 132 2179096 42695 130 2146257 41706 0
1459947782449382 137 2184214 44077 133 2148820 40810 0
1459947782450956 119 2184214 44077 117 2148820 40810 1
1459947782453188 139 2191492 47342 138 2157583 45699 0
1459947782455218 136 2194361 46288 135 2161821 46035 0
1459947782457185 133 2193166 43772 132 2161888 42500 0
1459947782459121 126 2183104 49627 125 2152990 47381 0
1459947782461222 138 2189189 51358 135 2157587 47917 0
1459947782463379 140 2197358 54876 138 2165665 51620 0
1459947782465496 136 2199769 52811 133 2166712 48552 0
1459947782467623 138 2204552 53094 136 2171517 49188 0
1459947782469711 135 2205121 49470 134 2173387 47069 0
1459947782471744 136 2206925 47268 134 2175111 44980 0
1459947782473666 133 2204748 45580 133 2175420 41750 0
1459947782475769 138 2209142 46069 135 2178265 41111 0
1459947782477737 134 2208072 43454 132 2177048 39020 0
1459947782479551 132 2204526 43327 131 2174646 38185 0
1459947782481361 134 2203817 40595 131 2172431 37242 0
1459947782483422 133 2201883 39205 131 2170389 36213 0
1459947782485264 129 2194980 42504 127 2163387 39837 0
1459947782486954 130 2189897 43868 128 2158212 41494 0
1459947782488764 133 2189051 41219 132 2158561 38574 0
1459947782490548 128 2189051 41219 124 2158561 38574 1
1459947782492426 136 2192111 40819 135 2162723 39397 0
1459947782494328 133 2191092 38569 133 2164000 37496 0
1459947782496148 134 2191432 35869 130 2161337 37020 0
1459947782498041 138 2196866 38075 136 2166562 38944 0
1459947782500171 140 2204435 42078 136 2171379 40342 0
1459947782502117 133 2202453 40616 132 2170700 37815 0
1459947782504055 135 2203186 38118 134 2172634 36642 0
1459947782505985 133 2201302 36876 131 2170576 35675 0
1459947782508090 139 2207245 39473 136 2175079 37038 0
1459947782509845 132 2203763 39597 128 2168990 39756 0
1459947782511678 131 2199274 40641 126 2160817 44183 0
1459947782513487 130 2193855 42459 127 2154563 46496 0
1459947782515381 132 2191420 41385 130 2152637 44637 0
1459947782517260 129 2185335 43760 128 2148302 45145 0
1459947782519216 138 2191245 45789 137 2155825 48554 0
1459947782521072 131 2187733 45447 128 2151241 48985 0
1459947782522903 129 2181936 47239 124 2141895 53773 0
1459947782524839 135 2184272 45701 130 2140959 50433 0
1459947782526771 135 2186425 44115 130 2140096 47287 0
1459947782528699 134 2187130 41318 130 2139301 44324 0
1459947782530454 132 2185220 39850 129 2137288 42716 0
1459947782532271 130 2180899 40718 128 2134152 42268 0
1459947782534160 135 2183316 39764 134 2138941 43380 0
1459947782535849 130 2179144 40502 127 2134396 44179 0
1459947782537926 142 2179144 40502 139 2134396 44179 1
1459947782539725 134 2180418 38511 134 2139166 45124 0
1459947782541456 131 2177752 37958 131 2139723 42112 0
1459947782543371 133 2177855 35087 130 2138957 39528 0
1459947782545413 135 2180510 34792 133 2142090 39328 0
1459947782547322 130 2176557 35716 128 2138579 39491 0
1459947782549083 129 2171633 37463 128 2135342 39388 0
1459947782550985 132 2170934 35180 130 2134918 36700 0
1459947782552691 129 2166449 36564 127 2130687 37731 0
1459947782554714 137 2172555 39336 134 2135747 39447 0
1459947782556861 139 2180744 43811 137 2144251 44205 0
1459947782558779 137 2185733 44987 135 2149531 45618 0
1459947782560457 124 2185733 44987 122 2149531 45618 1
1459947782562140 131 2182652 44311 129 2146718 44646 0
1459947782564124 137 2187492 45311 134 2150525 44668 0
1459947782566162 133 2186834 42377 131 2150195 41481 0
1459947782568105 133 2186227 39624 131 2149891 38520 0
1459947782569763 128 2186227 39624 123 2149891 38520 1
1459947782571295 125 2186227 39624 122 2149891 38520 1
1459947782572991 127 2186227 39624 120 2149891 38520 1
1459947782574942 134 2186948 37192 132 2150890 36431 0
1459947782576967 137 2191452 38438 134 2154371 36793 0
1459947782578675 132 2189204 37506 131 2153740 34498 0
1459947782580196 128 2182012 41204 126 2146759 38237 0
1459947782581905 127 2174102 45275 125 2139043 42361 0
1459947782583863 135 2177050 44454 134 2143450 43113 0
1459947782585681 132 2175927 42015 130 2142392 40718 0
1459947782587164 127 2168492 45585 125 2135017 44334 0
1459947782588774 128 2162918 47160 126 2129498 45957 0
1459947782590426 130 2160340 45851 126 2124410 47055 0
1459947782592086 129 2156683 45638 127 2121000 46521 0
1459947782593706 125 2148192 49899 124 2114016 49323 0
1459947782595554 134 2151884 49404 133 2119098 50154 0
1459947782597367 128 2147608 49485 127 2116103 48995 0
1459947782598999 132 2148786 46704 129 2115902 45351 0
1459947782600686 125 2140912 50313 124 2109317 47877 0
1459947782602177 126 2134933 51893 124 2103246 49732 0
1459947782604092 135 2140941 53376 135 2111729 53667 0
1459947782605703 130 2140079 49999 128 2110590 50523 0
1459947782607557 134 2144405 50080 132 2114660 50327 0
1459947782609439 134 2148393 49843 131 2117132 48674 0
1459947782611151 130 2146949 47279 128 2115571 46309 0
1459947782612704 131 2146898 43631 129 2115412 42837 0
1459947782614567 137 2154531 47259 134 2121665 45254 0
1459947782616390 124 2144928 52418 122 2112069 50563 0
1459947782618424 134 2148875 51961 130 2113463 47897 0
1459947782620433 134 2152514 51255 132 2117308 47700 0
1459947782622180 132 2153308 47982 131 2119573 46061 0
1459947782624087 132 2154040 44908 131 2121661 44387 0
1459947782626003 131 2153435 41956 128 2119746 42684 0
1459947782627992 133 2155437 40524 131 2121820 41261 0
1459947782629734 132 2156003 37880 128 2119892 39813 0
1459947782631626 134 2159085 37761 130 2120675 37424 0
1459947782633914 142 2159085 37761 140 2120675 37424 1
1459947782635739 131 2158086 35730 129 2120117 35014 0
1459947782637525 131 2157165 33786 129 2119602 32751 0
1459947782639296 130 2155036 33108 129 2119128 30628 0
1459947782641029 129 2151793 33509 126 2114851 32177 0
1459947782642706 127 2146244 36006 125 2109628 34477 0
1459947782644184 126 2139848 39088 125 2104813 36221 0
1459947782645927 130 2139072 36749 128 2104214 33942 0
1459947782647896 135 2144757 39117 131 2107502 34321 0
1459947782649642 130 2143597 37128 127 2105413 33564 0
1459947782651629 139 2143597 37128 135 2105413 33564 1
1459947782653693 135 2148928 39142 132 2109887 35066 0
1459947782655448 130 2147443 37452 128 2108892 33243 0
1459947782657301 132 2148634 35623 130 2110534 32159 0
1459947782659185 133 2151011 35031 131 2113328 32222 0
1459947782661022 132 2151923 33135 130 2114624 30899 0
1459947782662863 134 2155324 33681 131 2117099 30766 0
1459947782665040 137 2162299 37479 137 2127060 37545 0
1459947782666916 133 2163609 35758 131 2128563 35997 0
1459947782669069 140 2163609 35758 138 2128563 35997 1
1459947782671233 140 2163609 35758 137 2128563 35997 1
1459947782673100 131 2162257 34210 129 2127389 34266 0
1459947782674985 133 2163570 32748 129 2126306 32585 0
1459947782676705 133 2164781 31305 130 2126588 30299 0
1459947782678260 128 2159497 33729 126 2121728 32411 0
1459947782680053 131 2158466 32043 128 2119808 31648 0
1459947782681912 132 2158795 29843 131 2121878 31083 0
1459947782684024 136 2164219 32511 135 2128906 35133 0
1459947782686005 136 2169219 34580 136 2136665 39541 0
1459947782687847 130 2166148 34708 128 2133578 39296 0
1459947782689503 121 2166148 34708 119 2133578 39296 1
1459947782691378 133 2167157 32926 132 2135852 38322 0
1459947782693080 132 2166807 30674 130 2135388 35755 0
1459947782694825 129 2162645 32113 128 2132400 35714 0
1459947782696755 132 2162648 29607 128 2129646 35461 0
1459947782698747 134 2165211 29655 133 2133507 36249 0
1459947782700749 133 2166293 28336 130 2133226 33675 0
