1459947780003832 140 2293760 0 138 2260992 0 0
1459947780007845 146 2301440 7080 146 2271232 9440 0
1459947780011808 144 2305960 10692 142 2275552 12684 0
1459947780015588 141 2306286 10157 139 2275694 11824 0
1459947780019128 141 2306587 9640 140 2277105 12201 0
1459947780022646 139 2304304 10989 137 2274566 13587 0
1459947780026073 140 2303480 10889 137 2272225 14682 0
1459947780029788 142 2305280 11698 139 2272627 13905 0
1459947780033568 144 2309500 14674 142 2276838 16700 0
1459947780037241 143 2312110 15933 138 2275600 16536 0
1459947780040491 139 2309396 17189 135 2270618 19836 0
1459947780044149 146 2315854 21799 143 2276265 23492 0
1459947780047416 138 2311567 24046 137 2273791 23935 0
1459947780050805 141 2311455 22269 137 2271511 24166 0
1459947780054465 141 2311352 20623 139 2271969 22700 0
1459947780058037 141 2311257 19097 140 2273671 22495 0
1459947780061681 146 2317570 23424 145 2281640 28083 0
1459947780065323 140 2315709 23308 139 2281306 26196 0
1459947780069149 142 2316554 22266 140 2282278 25046 0
1459947780072978 145 2321173 24784 142 2285735 26275 0
1459947780076634 144 2324151 25592 140 2286361 24800 0
1459947780080486 147 2330736 29663 145 2293339 29294 0
1459947780084213 144 2332967 29401 141 2294651 28215 0
1459947780087841 142 2332463 27567 140 2294581 26074 0
1459947780091443 141 2330719 27020 138 2291956 26455 0
1459947780094807 140 2327831 27570 137 2288256 27798 0
1459947780098374 141 2326449 26689 139 2287406 26409 0
1459947780102413 147 2332855 30508 145 2294302 30702 0
1459947780106235 140 2329800 30939 139 2292979 29521 0
1459947780109584 138 2324424 33476 135 2286640 33057 0
1459947780113042 140 2322028 33068 137 2283356 33501 0
1459947780116397 137 2315979 36059 136 2279048 34853 0
1459947780119907 143 2318083 35180 141 2281477 34369 0
1459947780123591 141 2317462 33002 139 2281156 31978 0
1459947780127460 142 2318170 31075 139 2280860 29751 0
1459947780130671 139 2314982 31584 136 2276747 31216 0
1459947780133950 140 2313324 30644 136 2272956 32271 0
1459947780137366 141 2313075 28477 138 2272021 30610 0
1459947780141549 148 2321806 34300 146 2281399 36863 0
1459947780145488 145 2326014 35500 143 2286204 38413 0
1459947780149017 143 2327334 33943 142 2289354 38315 0
1459947780153039 147 2333671 37132 143 2293538 39178 0
1459947780157119 149 2342072 41976 145 2299955 42033 0
1459947780160834 142 2340857 39815 141 2300751 39482 0
1459947780164401 140 2337177 40095 137 2296364 40440 0
1459947780168150 143 2337625 37375 140 2296160 37467 0
1459947780172055 146 2341878 38375 142 2298532 36726 0
1459947780176066 145 2344518 37810 142 2300719 35872 0
1459947780179718 140 2340552 38511 137 2296335 37110 0
1459947780183115 137 2333056 42412 134 2288453 41475 0
1459947780186467 135 2323586 47828 133 2279907 46111 0
1459947780190499 144 2326375 46662 141 2282269 44685 0
1459947780194309 145 2330226 46567 145 2289566 47920 0
1459947780197909 143 2331217 43841 140 2289893 44478 0
1459947780201763 143 2332130 41257 141 2291475 42461 0
1459947780205468 142 2331692 38436 140 2291653 39307 0
1459947780209346 143 2332568 36241 140 2291817 36387 0
1459947780213216 144 2334656 35334 142 2294528 36044 0
1459947780217424 147 2340421 37887 146 2302148 40252 0
1459947780221153 143 2340615 35106 142 2304052 38862 0
1459947780225023 142 2339514 33377 141 2304527 36263 0
1459947780228895 143 2339779 31013 139 2302405 35384 0
1459947780232912 149 2347703 35895 147 2310689 40256 0
1459947780236776 144 2348608 33925 142 2311926 38251 0
1459947780240907 144 2349443 32043 142 2313066 36313 0
1459947780244924 145 2351492 31428 141 2312837 33686 0
1459947780248223 135 2340581 39029 132 2301106 41867 0
1459947780251858 142 2339483 36991 139 2299252 40305 0
1459947780255383 139 2334630 38573 137 2294982 41091 0
1459947780258957 141 2332717 37322 139 2293606 39147 0
1459947780262655 143 2333513 35140 142 2296178 38459 0
1459947780266326 142 2332967 32897 139 2294709 36808 0
1459947780270292 145 2336303 33402 142 2297194 36223 0
1459947780273885 137 2329139 37395 135 2290525 39540 0
1459947780277645 145 2332775 37824 143 2294617 40223 0
1459947780281222 139 2328446 38858 137 2290710 40681 0
1459947780284582 132 2315496 47760 129 2276868 50262 0
1459947780288475 143 2317637 46002 141 2279467 48731 0
1459947780292284 146 2323451 47768 143 2284423 49492 0
1459947780295438 134 2313451 53254 132 2274912 54392 0
1459947780299081 143 2315752 51214 141 2277664 52679 0
1459947780302956 139 2312753 49975 137 2275081 50943 0
1459947780306785 143 2315109 48242 143 2280380 51848 0
1459947780310437 141 2314721 44830 139 2280145 48013 0
1459947780314055 144 2318203 44537 140 2281208 45241 0
1459947780317732 140 2316293 42817 136 2277068 45521 0
1459947780321311 139 2313252 42273 137 2274532 44301 0
1459947780325082 145 2318129 43466 142 2278594 44583 0
1459947780329090 140 2316225 41825 136 2274658 44726 0
1459947780333003 142 2317029 39299 141 2277430 43786 0
1459947780336885 142 2317771 36912 139 2277425 40368 0
1459947780340640 138 2313335 38117 138 2276141 38397 0
1459947780344371 140 2311805 36548 139 2276237 35485 0
1459947780348429 147 2319355 40652 144 2282725 38694 0
1459947780351684 138 2314795 41679 135 2277187 40776 0
1459947780355029 137 2309311 43476 135 2272081 42296 0
1459947780358874 140 2308096 41199 137 2269934 40969 0
1459947780362930 146 2314656 44027 143 2275635 43024 0
1459947780366604 141 2314303 40911 140 2277051 40967 0
1459947780369869 139 2311418 40373 137 2274516 40102 0
1459947780373067 136 2304918 43209 136 2270899 40302 0
1459947780376625 141 2305326 40209 138 2270125 37866 0
1459947780380329 143 2308262 39774 140 2271971 36609 0
1459947780384290 141 2308409 36801 140 2273673 35317 0
1459947780388228 145 2313664 38770 143 2279082 37543 0
1459947780391947 144 2317229 39027 142 2282788 38026 0
1459947780395738 144 2320515 39007 142 2286205 38205 0
1459947780399387 144 2323544 38752 143 2290635 39304 0
1459947780402658 136 2316097 42589 133 2281919 44267 0
1459947780406076 139 2313071 42049 137 2279004 43495 0
1459947780409723 139 2310282 41333 137 2276316 42573 0
1459947780412878 133 2300031 47552 132 2267438 47429 0
1459947780416217 135 2293141 50188 134 2261814 48907 0
1459947780420058 146 2300869 53391 142 2266869 49746 0
1459947780423868 144 2305433 53427 140 2268969 47795 0
1459947780427610 143 2308361 51952 139 2269625 44666 0
1459947780431336 145 2313620 52741 142 2274070 45274 0
1459947780434925 140 2312068 50050 139 2274328 41974 0
1459947780439377 149 2322157 55440 147 2284806 48353 0
1459947780443221 145 2326338 54962 141 2286785 46399 0
1459947780447258 145 2330192 54221 142 2289889 45636 0
1459947780450828 143 2331185 50900 140 2290191 42348 0
1459947780454374 139 2326981 50798 137 2286629 42321 0
1459947780458195 144 2329505 49156 142 2289746 41887 0
1459947780461698 142 2329272 45529 140 2290059 38903 0
1459947780465606 144 2331617 44134 142 2292908 38489 0
1459947780469529 142 2331219 41052 138 2290414 37780 0
1459947780472744 139 2327012 41721 136 2285555 39306 0
1459947780476592 146 2332094 43146 144 2291316 41545 0
1459947780480378 146 2336779 44094 144 2296626 43195 0
1459947780484090 143 2337258 41090 140 2296402 40026 0
1459947780487975 143 2337699 38286 141 2297475 37887 0
1459947780491552 140 2334266 38458 137 2293344 38734 0
1459947780494854 134 2323421 45450 134 2285696 42757 0
1459947780498362 134 2313423 51115 132 2276086 48275 0
1459947780501804 135 2305486 54437 132 2267226 52670 0
1459947780505593 139 2303289 52208 136 2264178 51363 0
1459947780509280 141 2303824 48622 139 2265209 48300 0
1459947780512924 144 2308157 48818 142 2269999 48942 0
1459947780516529 141 2308312 45147 139 2270575 45649 0
1459947780520038 139 2305895 43847 138 2269826 42772 0
1459947780523727 143 2308786 43087 141 2272975 42333 0
1459947780526753 127 2290972 56142 125 2255398 55227 0
1459947780530469 147 2300149 60215 144 2263515 58394 0
1459947780534004 142 2302209 57409 140 2265877 56009 0
1459947780537453 142 2304108 54674 142 2270615 56001 0
1459947780541380 145 2309699 55556 142 2274983 55651 0
1459947780545136 141 2309733 51247 139 2275169 51475 0
1459947780548836 142 2311045 48452 140 2276621 48791 0
1459947780552505 142 2312254 45781 140 2277959 46213 0
1459947780555988 137 2306969 47075 133 2270233 49723 0
1459947780559593 140 2305937 44348 138 2269511 46503 0
1459947780564039 147 2313945 48266 145 2277805 50515 0
1459947780567307 141 2313648 44768 139 2277771 46598 0
1459947780570690 142 2314654 42197 138 2276460 44165 0
1459947780574506 143 2316861 40935 142 2280371 44320 0
1459947780578018 142 2317616 38432 140 2281417 41821 0
1459947780581707 142 2318312 36070 140 2282381 39441 0
1459947780585325 141 2317673 33840 139 2281989 36719 0
1459947780588764 138 2313244 35278 135 2276508 38902 0
1459947780592365 139 2310441 35104 136 2272735 39339 0
1459947780595764 139 2307857 34742 136 2269257 39470 0
1459947780599290 144 2311875 35731 140 2271171 38150 0
1459947780603382 146 2318139 38714 143 2276775 40335 0
1459947780607203 144 2321354 38653 141 2279381 39586 0
1459947780610570 137 2315358 41160 136 2275384 40177 0
1459947780614010 136 2308550 44219 132 2266579 45154 0
1459947780618036 145 2313794 45598 141 2269982 44763 0
1459947780621648 140 2312228 43477 138 2269279 41912 0
1459947780625043 139 2309505 42590 137 2267351 40413 0
1459947780628613 140 2308274 40395 138 2266854 37712 0
1459947780632194 139 2305860 39464 137 2265116 36367 0
1459947780635503 139 2303634 38431 136 2262233 36181 0
1459947780639223 141 2304142 35896 139 2263416 34444 0
1459947780643065 141 2304610 33523 140 2265786 33938 0
1459947780646661 140 2303762 31685 137 2264131 32811 0
1459947780649818 136 2297860 34649 134 2258765 35193 0
1459947780653081 137 2293699 35777 135 2255098 35822 0
1459947780656471 137 2289863 36516 135 2251718 36138 0
1459947780660159 144 2295287 38663 142 2257562 38701 0
1459947780663987 145 2301567 41432 142 2262949 40644 0
1459947780667670 142 2303517 39992 139 2264076 38507 0
1459947780671040 138 2300194 39929 136 2261275 38080 0
1459947780674926 145 2306091 42245 140 2263812 37444 0
1459947780678487 141 2306407 39235 140 2266151 36674 0
1459947780682410 143 2309258 38798 142 2270867 38156 0
1459947780685936 144 2313167 39369 142 2275215 39183 0
1459947780689607 141 2312930 36510 139 2275383 36276 0
1459947780693517 145 2317832 38176 141 2278098 35944 0
1459947780697083 142 2318511 35819 139 2278041 33186 0
1459947780700994 145 2322977 37137 143 2283109 35265 0
1459947780704450 140 2320694 36339 139 2282661 32921 0
1459947780708083 140 2318589 35439 136 2278408 34269 0
1459947780711896 145 2323049 36781 143 2283447 36236 0
1459947780715519 139 2319480 37196 137 2280412 36202 0
1459947780719011 137 2313630 39682 135 2275054 38311 0
1459947780723018 147 2321037 43409 145 2282915 42564 0
1459947780726681 139 2317625 43161 135 2277362 44356 0
1459947780730171 142 2318320 40430 139 2277363 40891 0
1459947780733478 137 2312561 42579 134 2270964 43595 0
1459947780737243 141 2312372 39426 139 2271464 40650 0
1459947780741166 143 2314757 38544 140 2273205 39079 0
1459947780744742 141 2314396 35864 141 2276090 38685 0
1459947780748257 140 2312783 34548 136 2272350 39109 0
1459947780752069 145 2317696 36378 142 2276582 39955 0
1459947780755784 139 2314546 36438 136 2272804 40315 0
1459947780759580 145 2319322 37993 142 2277001 41034 0
1459947780763067 143 2321164 36723 141 2279590 40215 0
1459947780766789 142 2321583 34240 138 2278137 38412 0
1459947780770263 138 2316849 35928 135 2272957 40185 0
1459947780774059 143 2318885 34998 138 2272022 37906 0
1459947780777425 139 2315642 35252 136 2268600 38098 0
1459947780781402 147 2322892 39181 143 2274405 40473 0
1459947780785186 141 2321896 37037 138 2273357 38277 0
1459947780788744 139 2318417 37349 135 2268550 39716 0
1459947780792507 142 2319050 35015 140 2270519 38428 0
1459947780796524 147 2326034 38717 144 2277454 41818 0
1459947780800553 144 2328632 38087 142 2281287 42084 0
1459947780804204 143 2329747 36139 141 2283541 40874 0
1459947780808249 143 2330775 34263 141 2285619 39596 0
1459947780812098 145 2334283 34820 142 2288815 39448 0
1459947780815929 144 2336237 33900 141 2290481 37902 0
1459947780819900 145 2339318 34091 143 2294577 38716 0
1459947780823625 140 2335758 34708 136 2289393 40469 0
1459947780827209 141 2333756 33840 138 2287174 39352 0
1459947780830843 144 2335751 33035 140 2287688 36751 0
1459947780834321 140 2332470 33478 137 2284322 36981 0
1459947780838176 146 2337125 35154 144 2290179 39490 0
1459947780842086 145 2340137 35183 142 2293018 39021 0
1459947780845886 144 2341633 33813 141 2294355 37205 0
1459947780849665 143 2341732 31263 141 2295588 35435 0
1459947780853193 141 2339264 31095 139 2294165 33977 0
1459947780856377 130 2322909 43742 128 2278773 45511 0
1459947780860537 145 2327031 44124 144 2285063 47754 0
1459947780864577 146 2332111 45359 144 2290862 49369 0
1459947780868327 136 2323994 49297 134 2283408 52383 0
1459947780871947 141 2322911 46442 138 2281656 49904 0
1459947780875752 144 2325753 45433 141 2283881 48056 0
1459947780878734 123 2301493 64247 120 2259052 67189 0
1459947780882628 141 2302168 59850 136 2256643 64159 0
1459947780886724 143 2305351 58108 142 2262102 64179 0
1459947780890545 144 2309565 57453 142 2267135 63805 0
1459947780894205 146 2316010 58905 144 2274335 65457 0
1459947780897957 142 2316831 55060 138 2273292 61303 0
1459947780901171 138 2312468 54779 136 2269771 59758 0
1459947780904526 136 2305886 56566 135 2265245 59261 0
1459947780908468 145 2311338 57172 142 2270032 59044 0
1459947780912058 145 2316364 57339 142 2274445 58499 0
1459947780916137 145 2320998 57131 143 2279793 58859 0
1459947780919970 144 2323990 55425 141 2282164 56445 0
1459947780923587 141 2322908 52091 139 2281789 52379 0
1459947780927267 140 2320630 50120 139 2281444 48603 0
1459947780931102 144 2323650 48988 141 2283686 46872 0
1459947780934870 144 2326434 47727 140 2284473 43935 0
1459947780938526 141 2325161 45171 140 2285198 41170 0
1459947780942317 143 2326547 42920 140 2285866 38569 0
1459947780946061 141 2325265 40747 140 2286482 36123 0
1459947780949834 142 2325363 37654 141 2288330 35004 0
1459947780953564 140 2322894 36988 138 2286194 34237 0
1459947780957278 140 2320617 36196 137 2282945 34557 0
1459947780960702 141 2319798 34122 138 2281229 33438 0
1459947780964629 143 2321603 33120 143 2286047 35267 0
1459947780968774 148 2321603 33120 144 2286047 35267 1
1459947780972491 143 2323267 32066 141 2287929 34246 0
1459947780976479 144 2326081 32154 140 2288384 31990 0
1459947780980509 144 2328675 32033 142 2291364 32237 0
1459947780984444 143 2329787 30555 141 2292831 31070 0
1459947780988738 148 2329787 30555 147 2292831 31070 1
1459947780992796 145 2333372 31472 142 2295463 31068 0
1459947780996757 143 2334117 29700 143 2299169 32057 0
1459947781000524 144 2336084 29192 141 2300026 30342 0
1459947781004466 145 2339177 29762 143 2303376 31059 0
1459947781008424 145 2342028 30065 142 2305184 30299 0
1459947781011933 143 2342097 27779 141 2305571 28288 0
1459947781015650 143 2342160 25666 140 2304648 26928 0
1459947781019142 141 2339658 25965 136 2298677 30328 0
1459947781022701 140 2336072 27241 138 2295732 30672 0
1459947781026862 149 2336072 27241 147 2295732 30672 1
1459947781030498 143 2336606 25604 142 2298137 30493 0
1459947781034109 143 2337098 24057 139 2296515 29605 0
1459947781037918 145 2340112 24955 142 2298859 29453 0
1459947781041889 145 2342890 25566 143 2302300 30323 0
1459947781046166 147 2348011 28289 146 2309312 34419 0
1459947781050035 142 2346332 27625 139 2306817 34030 0
1459947781053836 145 2348624 27579 144 2310916 35150 0
1459947781057686 143 2348177 25835 140 2309575 33638 0
1459947781061430 147 2352885 28156 146 2316019 36951 0
1459947781065088 146 2355945 28777 143 2318120 36000 0
1459947781068719 144 2356206 26769 139 2314936 36121 0
1459947781072671 145 2357727 26079 142 2315841 34133 0
1459947781076518 145 2359129 25334 142 2316675 32235 0
1459947781080541 148 2364262 28086 145 2321284 33965 0
1459947781084455 145 2365154 26713 144 2324253 34048 0
1459947781088061 146 2367256 26564 142 2324430 31551 0
1459947781091619 141 2362794 28601 137 2318193 34834 0
1459947781095429 142 2359960 28977 139 2315004 35051 0
1459947781099633 149 2366308 32565 146 2321024 37862 0
1459947781103617 144 2365760 30525 141 2320174 35687 0
1459947781107077 135 2365760 30525 131 2320174 35687 1
1459947781110385 141 2361415 32145 139 2316830 35980 0
1459947781114049 142 2358689 32145 140 2315027 34830 0
1459947781118109 146 2361296 32036 143 2317205 34116 0
1459947781121883 141 2357299 33216 140 2315373 33138 0
1459947781125360 140 2352335 35197 138 2311124 34465 0
1459947781129179 146 2355438 35308 141 2311047 31842 0
1459947781133308 144 2355739 32826 139 2308416 31779 0
1459947781136878 141 2352176 33544 139 2305991 31531 0
1459947781140583 142 2350172 32770 140 2305035 29947 0
1459947781144224 144 2350884 30866 140 2304154 28419 0
1459947781147900 141 2347701 31388 141 2304621 26629 0
1459947781151737 146 2351166 32130 142 2306332 26125 0
1459947781155232 138 2344121 36113 137 2301509 28528 0
1459947781158952 143 2344026 33378 139 2299623 28037 0
1459947781162441 140 2340098 34390 136 2294044 30988 0
1459947781165807 141 2337757 33860 138 2291461 30947 0
1459947781169567 144 2339439 32765 141 2292920 29874 0
1459947781173342 141 2337150 32314 137 2289145 31019 0
1459947781177154 144 2338880 31384 142 2292065 31287 0
1459947781180541 139 2334075 33361 136 2287077 33439 0
1459947781184105 140 2330925 33657 139 2286319 31524 0
1459947781188008 146 2335701 35430 143 2290740 33136 0
1459947781191752 144 2337544 34361 141 2292255 31944 0
1459947781195026 139 2332843 36009 137 2288532 32879 0
1459947781198353 139 2328509 37189 136 2283820 34653 0
1459947781201586 134 2328509 37189 131 2283820 34653 1
1459947781205496 143 2329634 35320 140 2284596 32660 0
1459947781209315 140 2326831 35143 137 2281471 32987 0
1459947781213113 142 2326807 32418 141 2283711 32474 0
1459947781217178 146 2331905 34584 141 2285776 31839 0
1459947781220820 140 2328924 34629 137 2282559 32315 0
1459947781224610 144 2331296 34110 141 2284714 31776 0
1459947781227983 139 2327083 35328 137 2281580 32181 0
1459947781231857 145 2330879 36068 141 2283811 31723 0
1459947781235819 147 2336939 38836 144 2289708 34680 0
1459947781240174 146 2341245 39771 142 2292584 34621 0
1459947781244012 143 2341375 36783 141 2293955 33180 0
1459947781247678 142 2340215 34978 138 2291379 32960 0
1459947781251873 151 2340215 34978 148 2291379 32960 1
1459947781255593 145 2342985 34799 143 2295405 34096 0
1459947781259576 145 2345539 34434 141 2296556 32493 0
1459947781263011 140 2341493 35472 139 2295057 31335 0
1459947781266471 142 2340323 33777 140 2294955 28979 0
1459947781270556 148 2346925 37224 146 2302541 33708 0
1459947781274206 141 2344051 36963 138 2299294 34066 0
1459947781277845 139 2338842 38877 138 2296301 34162 0
1459947781281603 146 2342999 39672 142 2298662 33670 0
1459947781285387 143 2342992 36578 139 2296999 32572 0
1459947781289563 147 2348105 38434 144 2301865 34513 0
1459947781293773 148 2354099 40957 146 2308911 38312 0
1459947781297670 144 2354505 38131 142 2310287 36586 0
1459947781301655 149 2361279 41397 145 2315395 38436 0
1459947781305065 139 2354724 44204 138 2311144 39351 0
1459947781308972 147 2358921 44619 145 2316185 40924 0
1459947781312850 144 2358950 41160 142 2316993 38470 0
1459947781316519 143 2357697 39099 141 2316457 35957 0
1459947781320588 147 2361661 39699 145 2321083 37412 0
1459947781324778 148 2366596 41146 145 2325348 38421 0
1459947781328663 146 2368585 39765 144 2328000 37864 0
1459947781332362 142 2365299 39686 138 2322765 39731 0
1459947781335958 138 2357150 44097 135 2314098 44615 0
1459947781339927 144 2357317 40805 142 2315069 42024 0
1459947781344445 150 2365151 44839 146 2321084 44285 0
1459947781348014 141 2360853 45296 140 2318949 42792 0
1459947781351784 146 2363291 44004 144 2322101 42353 0
1459947781355289 142 2360418 43213 140 2319886 41085 0
1459947781359189 144 2360330 39916 142 2320404 38353 0
1459947781362594 136 2360330 39916 134 2320404 38353 1
1459947781366350 145 2361529 37902 143 2322162 36977 0
1459947781369615 133 2361529 37902 131 2322162 36977 1
1459947781372709 134 2361529 37902 131 2322162 36977 1
1459947781376251 139 2354954 41000 138 2317383 38493 0
1459947781379911 142 2352733 39843 139 2314257 38366 0
1459947781384137 150 2360925 44282 148 2322895 43331 0
1459947781387853 140 2355677 45659 137 2316778 45583 0
1459947781391052 137 2346999 50090 135 2308579 49578 0
1459947781394634 142 2345399 47650 139 2306141 47951 0
1459947781398689 146 2349044 47287 143 2309013 46852 0
1459947781402894 148 2354964 49050 147 2316781 50352 0
1459947781406724 145 2356582 46709 143 2318822 48300 0
1459947781410634 144 2356794 43254 141 2318144 45151 0
1459947781414249 140 2351869 44413 138 2313679 45739 0
1459947781417881 138 2344769 47488 136 2307002 48319 0
1459947781421209 141 2342063 46271 136 2300847 50217 0
1459947781424639 142 2340849 43774 139 2299013 47983 0
1459947781427496 131 2340849 43774 123 2299013 47983 1
1459947781430446 134 2340849 43774 125 2299013 47983 1
1459947781433491 135 2340849 43774 124 2299013 47983 1
1459947781436365 132 2340849 43774 121 2299013 47983 1
1459947781439493 136 2340849 43774 127 2299013 47983 1
1459947781442736 134 2340849 43774 125 2299013 47983 1
1459947781445608 131 2340849 43774 122 2299013 47983 1
1459947781448535 132 2340849 43774 122 2299013 47983 1
1459947781451367 131 2340849 43774 121 2299013 47983 1
1459947781454558 134 2340849 43774 124 2299013 47983 1
1459947781457873 138 2340849 43774 129 2299013 47983 1
1459947781460869 135 2340849 43774 126 2299013 47983 1
1459947781463531 128 2340849 43774 119 2299013 47983 1
1459947781466360 130 2340849 43774 121 2299013 47983 1
1459947781469327 134 2340849 43774 127 2299013 47983 1
1459947781472184 136 2340849 43774 129 2299013 47983 1
1459947781474982 134 2340849 43774 128 2299013 47983 1
1459947781478332 142 2339730 41385 135 2292202 50512 0
1459947781481576 135 2339730 41385 128 2292202 50512 1
1459947781484625 134 2339730 41385 128 2292202 50512 1
1459947781487499 130 2339730 41385 125 2292202 50512 1
1459947781490521 134 2339730 41385 128 2292202 50512 1
1459947781493089 125 2339730 41385 120 2292202 50512 1
1459947781496608 143 2339978 38380 136 2287203 51172 0
1459947781499686 136 2331247 43429 131 2276195 57321 0
1459947781502711 137 2324478 46275 130 2264767 63376 0
1459947781505619 132 2324478 46275 125 2264767 63376 1
1459947781508509 133 2313118 53131 127 2250392 71675 0
1459947781511271 135 2305205 56274 129 2239700 75931 0
1459947781514536 138 2301750 55061 132 2233683 75544 0
1459947781517657 139 2299845 52514 131 2226856 75935 0
1459947781520757 136 2294249 53569 129 2218002 78163 0
1459947781523674 133 2285250 57678 127 2207280 81939 0
1459947781526749 135 2279514 58458 130 2201236 81108 0
1459947781529423 128 2265266 67023 121 2184144 90527 0
1459947781532100 132 2257252 69173 125 2173507 93259 0
1459947781535072 135 2253704 67038 130 2170101 89112 0
1459947781537835 133 2247873 67175 127 2163121 88583 0
1459947781540674 130 2238657 70421 126 2155407 88773 0
1459947781543920 134 2235281 68030 128 2150855 86032 0
1459947781546819 128 2224489 72663 122 2138979 90257 0
1459947781549705 132 2219660 71436 128 2135711 86217 0
1459947781552524 133 2216489 68778 128 2132698 82258 0
1459947781555308 133 2213565 66098 128 2129920 78391 0
1459947781557725 127 2203190 70498 122 2119680 81706 0
1459947781560533 133 2201305 66726 127 2116640 78124 0
1459947781563425 134 2200848 61934 128 2115117 73423 0
1459947781566287 131 2196586 61023 125 2109873 72519 0
1459947781569147 133 2195217 57516 127 2107599 68949 0
1459947781572310 135 2196515 54219 130 2109342 65169 0
1459947781575288 133 2195152 51239 128 2108389 60954 0
1459947781578198 133 2193895 48393 129 2108791 56561 0
1459947781581308 135 2195296 45904 130 2110441 53663 0
1459947781584677 138 2200428 47048 134 2117082 55592 0
1459947781587486 133 2198759 44910 128 2115524 52683 0
1459947781590776 137 2202340 44703 130 2116648 49603 0
1459947781593540 135 2203082 41894 130 2117684 46682 0
1459947781596029 129 2196086 45070 123 2109679 50412 0
1459947781599108 137 2199876 45042 130 2111260 47930 0
1459947781602300 135 2200810 42384 129 2111437 44348 0
1459947781605501 137 2204231 42226 132 2115440 44574 0
1459947781608730 138 2208665 43015 132 2119131 44493 0
1459947781611806 136 2210193 41062 130 2119973 41793 0
1459947781614519 132 2206481 41275 128 2118190 40170 0
1459947781617418 133 2204339 40023 127 2115266 39726 0
1459947781620547 132 2201085 39895 128 2113850 37926 0
1459947781623151 127 2201085 39895 122 2113850 37926 1
1459947781626298 136 2203205 38732 131 2116385 37300 0
1459947781629513 139 2208999 41047 133 2121282 38899 0
1459947781632612 135 2209220 38044 130 2121956 36482 0
1459947781635742 136 2210704 36439 131 2123858 35384 0
1459947781638808 136 2212072 34853 130 2124331 33055 0
1459947781642031 135 2212053 32146 127 2120927 33609 0
1459947781644774 130 2205636 35549 125 2115229 36235 0
1459947781647527 131 2201000 37044 126 2111256 37065 0
1459947781650603 135 2201846 34929 128 2110154 35184 0
1459947781653278 130 2196226 37380 124 2104018 38091 0
1459947781655798 129 2189765 40414 123 2097081 41509 0
1459947781658736 133 2188929 38026 128 2097086 38271 0
1459947781661847 137 2193278 39065 132 2102211 40005 0
1459947781664777 136 2196008 38529 130 2104375 38874 0
1459947781667820 135 2197244 36658 129 2105090 36495 0
1459947781670711 132 2194544 36282 126 2101909 36574 0
1459947781673683 134 2194615 33512 127 2100257 35238 0
1459947781676705 135 2195960 32133 127 2098734 33888 0
1459947781679731 134 2195920 29658 127 2097330 32533 0
1459947781682797 135 2197163 28486 126 2094756 32363 0
1459947781685748 136 2199589 28497 124 2089823 34381 0
1459947781688626 138 2204386 30692 125 2086555 34706 0
1459947781691583 141 2204386 30692 127 2086555 34706 1
1459947781694833 146 2204386 30692 132 2086555 34706 1
1459947781697648 138 2208808 32370 122 2079702 38310 0
1459947781700459 142 2208808 32370 125 2079702 38310 1
1459947781703457 141 2208808 32370 124 2079702 38310 1
1459947781706220 139 2214164 34779 123 2074665 39960 0
1459947781709378 146 2214164 34779 129 2074665 39960 1
1459947781712257 144 2214164 34779 127 2074665 39960 1
1459947781715282 142 2214164 34779 124 2074665 39960 1
1459947781718565 146 2214164 34779 129 2074665 39960 1
1459947781721608 143 2214164 34779 124 2074665 39960 1
1459947781724654 145 2214164 34779 125 2074665 39960 1
1459947781727877 145 2214164 34779 126 2074665 39960 1
1459947781730626 140 2220382 37793 124 2071301 39938 0
1459947781733399 138 2223554 37764 121 2064360 43215 0
1459947781736302 144 2223554 37764 124 2064360 43215 1
1459947781739494 147 2223554 37764 128 2064360 43215 1
1459947781742570 145 2223554 37764 126 2064360 43215 1
1459947781745431 143 2223554 37764 124 2064360 43215 1
1459947781748382 144 2223554 37764 126 2064360 43215 1
1459947781751143 142 2231598 42229 123 2060521 43376 0
1459947781754256 145 2231598 42229 125 2060521 43376 1
1459947781757246 146 2231598 42229 128 2060521 43376 1
1459947781760195 147 2231598 42229 128 2060521 43376 1
1459947781763555 149 2231598 42229 130 2060521 43376 1
1459947781766578 143 2240294 46946 123 2056982 43248 0
1459947781769554 145 2250871 53028 124 2055000 41695 0
1459947781772473 141 2255501 53153 121 2049333 43661 0
1459947781775549 147 2267449 60015 129 2054348 44873 0
1459947781778633 146 2277184 64301 125 2053852 41824 0
1459947781781820 147 2287439 68730 128 2057234 41674 0
1459947781785115 147 2296892 72075 127 2059072 40113 0
1459947781787631 136 2296892 72075 117 2059072 40113 1
1459947781790708 144 2301767 70938 125 2058207 37776 0
1459947781793957 146 2308821 71898 127 2059969 36448 0
1459947781829919 145 2314044 71095 124 2057753 35641 0
1459947781832732 146 2320139 71159 123 2054431 35918 0
1459947781835754 144 2323198 68419 123 2051368 35934 0
1459947781838953 146 2328578 68032 123 2048544 35728 0
1459947781842031 146 2333537 67289 126 2049781 34076 0
1459947781845319 148 2340669 68607 126 2050921 32464 0
1459947781848656 149 2348524 70488 128 2054532 33256 0
1459947781851896 151 2358325 74016 126 2055301 31366 0
1459947781855291 148 2363520 73023 125 2054730 29440 0
1459947781858616 152 2373430 76453 128 2058044 30195 0
1459947781861604 145 2373605 70642 123 2054699 30919 0
1459947781864756 146 2375047 66452 125 2054175 28985 0
1459947781867793 146 2376376 62485 122 2049852 30704 0
1459947781870902 145 2376321 57653 123 2047147 30798 0
1459947781873933 146 2377550 54281 123 2044653 30689 0
1459947781877061 148 2381243 53445 124 2043634 29229 0
1459947781880059 148 2384648 52408 124 2042695 27810 0
1459947781882489 136 2384648 52408 114 2042695 27810 1
1459947781885832 150 2390347 53567 128 2046949 29559 0
1459947781888728 144 2387921 51618 122 2043191 30713 0
1459947781891996 149 2392084 51423 126 2044846 29839 0
1459947781895234 151 2398482 53303 128 2048932 31274 0
1459947781898033 142 2392860 54320 121 2043739 33617 0
1459947781901417 148 2395357 52378 126 2045351 32476 0
1459947781904281 145 2393819 49702 124 2044277 30927 0
1459947781907476 148 2396241 48052 126 2045847 29958 0
1459947781910475 150 2401034 48716 125 2046015 27772 0
1459947781913161 143 2396493 49096 121 2041050 30179 0
1459947781916007 144 2393586 47938 122 2037752 30860 0
1459947781918929 146 2393467 44301 122 2034712 31250 0
1459947781922002 146 2393357 40940 124 2034470 29030 0
1459947781925221 148 2395815 40007 125 2035527 27736 0
1459947781928280 150 2400641 41330 126 2037781 27647 0
1459947781931283 148 2402530 39843 124 2037299 25930 0
1459947781934172 143 2397872 41023 121 2033015 27853 0
1459947781937263 147 2398698 38579 125 2034185 26755 0
1459947781939918 139 2398698 38579 115 2034185 26755 1
1459947781942764 145 2396899 37222 122 2031424 27209 0
1459947781945746 148 2399081 36325 123 2030159 26249 0
1459947781948807 143 2399081 36325 119 2030159 26249 1
1459947781951677 143 2394692 37532 120 2025152 28813 0
1459947781954669 146 2394486 34788 122 2023097 28455 0
1459947781957838 151 2400696 37795 127 2027602 30384 0
1459947781960833 148 2402581 36580 124 2027915 28299 0
1459947781963651 145 2400479 35659 121 2024364 29361 0
1459947781966364 147 2401101 33446 123 2023650 27724 0
1459947781969261 146 2400394 31483 123 2022992 26164 0
1459947781971895 143 2395903 33162 119 2017265 29397 0
1459947781975147 149 2399443 33834 126 2020946 30493 0
1459947781978275 148 2401426 33018 123 2020499 28521 0
1459947781981410 147 2401974 30943 124 2021367 27092 0
1459947781984197 141 2401974 30943 118 2021367 27092 1
1459947781987197 143 2397359 32778 120 2017047 28956 0
1459947781990482 150 2402065 34555 126 2020745 30102 0
1459947781993106 144 2402065 34555 117 2020745 30102 1
1459947781995846 147 2402563 32314 122 2019034 29327 0
1459947781998852 148 2404302 31392 125 2021296 29121 0
1459947782001976 148 2405905 30417 123 2020822 27281 0
1459947782004664 145 2403543 30216 119 2015265 30271 0
1459947782007786 149 2406486 30568 124 2016542 29083 0
1459947782010901 149 2409199 30680 125 2018999 29075 0
1459947782013552 144 2405300 31877 121 2016144 29434 0
1459947782016653 149 2408105 31972 124 2017352 28248 0
1459947782019631 147 2408131 29498 123 2017186 26193 0
1459947782022797 150 2411995 30755 124 2018313 25185 0
1459947782025545 146 2410437 29787 121 2015512 25798 0
1459947782028125 141 2410437 29787 117 2015512 25798 1
1459947782030842 145 2407721 29962 119 2010370 28522 0
1459947782033545 142 2407721 29962 117 2010370 28522 1
1459947782036344 145 2405217 29928 119 2005629 30662 0
1459947782039222 146 2404189 28536 121 2003819 29934 0
1459947782042488 150 2408361 30152 126 2008550 31957 0
1459947782045496 148 2409647 28982 121 2006512 31338 0
1459947782048388 145 2406993 29163 120 2003353 31800 0
1459947782051317 147 2407106 26988 121 2001721 30819 0
1459947782054354 148 2408490 26155 123 2002776 29384 0
1459947782057510 149 2411046 26468 126 2007589 31525 0
1459947782060412 149 2413403 26572 123 2008186 29612 0
1459947782063608 150 2416855 27679 123 2008736 27805 0
1459947782066821 149 2418758 27270 125 2011803 28459 0
1459947782069667 148 2419232 25576 121 2009510 28347 0
1459947782072294 145 2415829 26713 118 2003557 31619 0
1459947782075447 150 2419092 27634 124 2005749 31168 0
1459947782078310 148 2419540 25888 123 2006489 29416 0
1459947782081501 155 2419540 25888 129 2006489 29416 1
1459947782084575 151 2423793 27786 127 2012292 32466 0
1459947782087300 145 2420034 29080 121 2009961 32077 0
1459947782090135 146 2417848 28822 120 2006532 32730 0
1459947782092646 142 2410713 33146 117 1999531 36625 0
1459947782095791 150 2414376 33932 126 2004597 38433 0
1459947782098882 151 2419032 35574 125 2007987 38556 0
1459947782102011 150 2422045 35571 127 2013673 40784 0
1459947782104505 144 2417142 37311 118 2007394 43384 0
1459947782107467 146 2415182 36202 121 2005446 41789 0
1459947782110695 152 2421055 38788 124 2007490 40408 0
1459947782113624 149 2422630 37209 125 2010654 40168 0
1459947782116664 147 2421522 35323 123 2011011 37358 0
1459947782119799 149 2423060 33981 125 2013900 37103 0
1459947782122380 146 2420638 33558 119 2008884 38828 0
1459947782124930 143 2414565 36533 118 2002979 41236 0
1459947782127629 146 2412807 35298 119 1998816 41851 0
1459947782130206 144 2408626 36393 117 1992418 44478 0
1459947782132923 144 2404772 37101 120 1990360 42899 0
1459947782135966 148 2406339 35646 125 1994863 43698 0
1459947782138944 149 2409063 35372 124 1997734 42931 0
1459947782141990 148 2410294 33743 123 1999101 40837 0
1459947782144960 147 2410149 31238 123 2000361 38807 0
1459947782148107 149 2412576 31034 121 1998962 37063 0
1459947782151180 150 2416093 31851 126 2004073 38878 0
1459947782154367 150 2419335 32351 124 2006224 37823 0
1459947782158178 157 2419335 32351 132 2006224 37823 1
1459947782161738 153 2426164 36118 128 2013327 41416 0
1459947782164444 148 2426059 33391 122 2012195 39222 0
1459947782167304 145 2422123 34410 121 2009872 38298 0
1459947782170427 149 2423614 33096 121 2007730 37278 0
1459947782173665 151 2427549 34137 125 2010876 37265 0
1459947782176728 147 2426056 32845 121 2008656 36399 0
1459947782179924 150 2428520 32549 124 2010449 35208 0
1459947782182868 147 2426951 31451 121 2008262 34472 0
1459947782186000 149 2428065 30020 121 2006246 33635 0
1459947782189432 151 2431652 30981 127 2012068 36374 0
1459947782192774 153 2437519 33968 126 2016155 37299 0
1459947782195780 148 2436527 32227 123 2016082 34451 0
1459947782198692 147 2434333 31731 122 2014735 33000 0
1459947782201069 142 2434333 31731 116 2014735 33000 1
1459947782203197 136 2434333 31731 111 2014735 33000 1
1459947782205917 149 2434870 29747 122 2013493 31565 0
1459947782208972 151 2437925 30240 124 2014908 30403 0
1459947782211967 149 2438182 28114 123 2014933 28050 0
1459947782215157 153 2443539 30855 128 2021356 31779 0
1459947782218300 149 2443357 28611 122 2019597 30917 0
1459947782221312 150 2444469 27400 125 2021815 30546 0
1459947782225509 147 2441654 27853 145 2049460 53644 0
1459947782229506 147 2439059 28067 144 2073665 71767 0
1459947782233245 144 2432827 31618 141 2092139 83191 0
1459947782236996 145 2428362 33262 141 2109170 92392 0
1459947782240738 142 2420406 37997 140 2123591 98467 0
1459947782244750 142 2413071 41789 140 2136885 103029 0
1459947782248480 143 2407589 43576 142 2151700 108637 0
1459947782252425 145 2405096 42469 142 2165358 112740 0
1459947782256515 146 2404077 40089 145 2181789 119079 0
1459947782260306 144 2400578 40182 141 2191816 119019 0
1459947782264065 141 2393512 43555 138 2197220 114702 0
1459947782267785 138 2383158 49696 136 2199642 107972 0
1459947782271492 143 2380013 48711 140 2206994 106314 0
1459947782274792 137 2369434 54657 134 2206092 98838 0
1459947782278218 139 2362241 57016 137 2209101 93889 0
1459947782282374 147 2365850 55888 146 2223394 99730 0
1459947782286479 144 2365337 51992 144 2234011 101725 0
1459947782290086 145 2366145 48674 141 2239958 99260 0
1459947782293679 144 2365609 45364 141 2245441 96559 0
1459947782297317 137 2356155 50533 136 2244095 90254 0
1459947782301069 145 2357680 47991 143 2251815 90318 0
1459947782305166 148 2362926 49077 146 2262771 93362 0
1459947782308939 144 2362642 45503 140 2265192 88299 0
1459947782312539 144 2362380 42188 142 2269983 85817 0
1459947782316118 142 2359579 41474 140 2271840 80824 0
1459947782319687 144 2359556 38253 140 2273552 76087 0
1459947782323067 142 2356975 37642 139 2273850 70417 0
1459947782326566 140 2352036 39253 138 2272845 65841 0
1459947782330191 140 2347483 40383 136 2269358 63910 0
1459947782333898 144 2348405 38078 143 2275104 64214 0
1459947782337637 144 2349255 35887 141 2277841 61720 0
1459947782341473 141 2346199 35899 139 2277804 56931 0
1459947782345400 144 2347222 34037 141 2280330 54812 0
1459947782349437 148 2353285 36966 146 2289059 58576 0
1459947782353416 145 2355034 35690 144 2294546 59057 0
1459947782357091 144 2355366 33208 141 2295764 55566 0
1459947782360978 144 2355673 30896 142 2298167 53439 0
1459947782364728 142 2353396 30581 140 2297822 49581 0
1459947782368592 143 2352576 28946 141 2298784 46594 0
1459947782371868 137 2344141 34460 137 2294551 46854 0
1459947782375331 142 2342764 33035 139 2293209 44429 0
1459947782378995 143 2342775 30464 140 2293252 40996 0
1459947782382630 143 2342785 28093 141 2294571 39009 0
1459947782386840 149 2342785 28093 147 2294571 39009 1
1459947782390723 144 2344074 27087 143 2298347 39442 0
1459947782394548 141 2341423 27413 138 2295428 39050 0
1459947782398316 141 2338979 27523 137 2291457 39659 0
1459947782402173 141 2336726 27448 139 2290356 37574 0
1459947782405703 141 2334649 27217 140 2290621 34883 0
1459947782409638 145 2337854 28045 143 2294706 35923 0
1459947782413371 144 2339529 27397 142 2297192 35407 0
1459947782417180 144 2341073 26679 142 2299483 34752 0
1459947782421132 146 2345056 28266 144 2304155 36344 0
1459947782424881 148 2351288 31802 145 2309742 38655 0
1459947782428583 143 2350633 29920 140 2308493 36786 0
1459947782432360 144 2351309 28205 141 2308621 34030 0
1459947782436043 142 2349372 27785 137 2303619 35981 0
1459947782439703 140 2345027 29619 138 2300288 36239 0
1459947782443467 145 2347421 29512 142 2302338 35296 0
1459947782447183 140 2343228 31070 139 2300387 34335 0
1459947782450956 139 2338083 33384 135 2293469 38029 0
1459947782455218 148 2344860 37022 147 2302451 43338 0
1459947782459121 141 2342147 36629 138 2299212 42937 0
1459947782463379 150 2342147 36629 147 2299212 42937 1
1459947782467623 146 2346046 37362 144 2303906 43909 0
1459947782471744 146 2349641 37757 144 2308233 44467 0
1459947782475769 146 2352955 37862 144 2312222 44670 0
1459947782479551 142 2350890 36807 141 2312059 41329 0
1459947782483422 144 2351546 34536 141 2311909 38237 0
1459947782486954 140 2347031 35998 137 2306651 40096 0
1459947782490548 141 2344149 35841 138 2303083 40251 0
1459947782494328 144 2345332 34130 144 2307474 41154 0
1459947782498041 146 2348982 34828 142 2308962 39310 0
1459947782502117 147 2353627 36389 144 2312894 39863 0
1459947782505985 145 2355349 35134 143 2315239 38909 0
1459947782509845 146 2358217 35033 142 2316120 36682 0
1459947782513487 139 2351901 38118 135 2307973 41326 0
1459947782517260 140 2347358 39327 138 2304302 41480 0
1459947782521072 145 2349570 38293 143 2307318 41019 0
1459947782524839 141 2346489 38140 136 2301138 43510 0
1459947782528699 144 2347489 36082 139 2299281 41821 0
1459947782532271 141 2344571 35952 139 2297569 40130 0
1459947782535849 142 2343161 34442 140 2297271 37268 0
1459947782539725 149 2350821 38813 147 2305956 42363 0
1459947782543371 143 2350203 36349 141 2306283 39354 0
1459947782547322 144 2350913 34163 141 2306584 36557 0
1459947782550985 141 2347727 34430 139 2304302 35803 0
1459947782554714 144 2348630 32573 141 2304758 33425 0
1459947782558779 148 2354583 35516 146 2311578 37100 0
1459947782562140 137 2345991 40661 135 2303785 41384 0
1459947782566162 145 2348310 39622 143 2306841 40968 0
1459947782569763 140 2344048 40454 136 2300699 43429 0
1459947782572991 136 2344048 40454 130 2300699 43429 1
1459947782576967 147 2349079 41931 144 2305276 44256 0
1459947782580196 139 2343477 43819 138 2301816 43987 0
1459947782583863 141 2340872 42795 139 2299906 42310 0
1459947782587164 138 2334631 45204 137 2295585 42986 0
1459947782590426 139 2330157 45795 136 2290322 44478 0
1459947782593706 138 2324753 47198 136 2285470 45475 0
1459947782597367 141 2323611 44562 139 2284837 42504 0
1459947782600686 138 2318718 45589 136 2280414 43260 0
1459947782604092 140 2316768 43824 139 2280176 40098 0
1459947782607557 142 2317530 41102 139 2279957 37166 0
1459947782611151 142 2318232 38538 140 2281035 35256 0
1459947782614567 145 2322720 39664 142 2284589 35777 0
1459947782618424 140 2320457 38650 136 2280185 37040 0
1459947782622180 144 2323491 38427 141 2282525 36303 0
1459947782626003 142 2323728 35642 138 2280842 35016 0
1459947782629734 142 2323946 33058 139 2280571 32529 0
1459947782633914 149 2323946 33058 145 2280571 32529 1
1459947782637525 141 2322867 31468 139 2280321 30217 0
1459947782641029 140 2320593 31105 136 2276250 31608 0
1459947782644184 136 2320593 31105 133 2276250 31608 1
1459947782647896 142 2321056 29101 139 2276337 29219 0
1459947782651629 145 2325323 30761 142 2280258 30550 0
1459947782655448 144 2327977 30803 139 2280032 28370 0
1459947782659185 143 2329143 29471 140 2281104 27141 0
1459947782662863 143 2330218 28159 139 2280812 25288 0
1459947782666916 144 2332489 28053 143 2285663 27784 0
1459947782671233 152 2332489 28053 148 2285663 27784 1
1459947782674985 142 2332023 26290 138 2283735 27389 0
1459947782678260 141 2330313 25811 139 2283238 25706 0
1459947782681912 141 2328737 25246 139 2282780 24119 0
1459947782686005 146 2333684 27833 145 2290037 28924 0
1459947782689503 135 2333684 27833 133 2290037 28924 1
1459947782693080 143 2334404 26322 141 2291607 28112 0
1459947782696755 141 2332508 26012 138 2289215 28119 0
1459947782700749 143 2333320 24728 140 2289570 26249 0
