1459947780003832 140 2293760 0 138 2260992 0 0
1459947780007845 146 2301440 7080 146 2271232 9440 0
1459947780011808 144 2305960 10692 142 2275552 12684 0
1459947780015588 141 2306286 10157 139 2275694 11824 0
1459947780019128 141 2306587 9640 140 2277105 12201 0
1459947780022646 139 2304304 10989 137 2274566 13587 0
1459947780026073 140 2303480 10889 137 2272225 14682 0
1459947780029788 142 2305280 11698 139 2272627 13905 0
1459947780033568 144 2309500 14674 142 2276838 16700 0
1459947780037241 143 2312110 15933 138 2275600 16536 0
1459947780040491 139 2309396 17189 135 2270618 19836 0
1459947780044149 146 2315854 21799 143 2276265 23492 0
1459947780047416 138 2311567 24046 137 2273791 23935 0
1459947780050805 141 2311455 22269 137 2271511 24166 0
1459947780054465 141 2311352 20623 139 2271969 22700 0
1459947780058037 141 2311257 19097 140 2273671 22495 0
1459947780061681 146 2317570 23424 145 2281640 28083 0
1459947780065323 140 2315709 23308 139 2281306 26196 0
1459947780069149 142 2316554 22266 140 2282278 25046 0
1459947780072978 145 2321173 24784 142 2285735 26275 0
1459947780076634 144 2324151 25592 140 2286361 24800 0
1459947780080486 147 2330736 29663 145 2293339 29294 0
1459947780084213 144 2332967 29401 141 2294651 28215 0
1459947780087841 142 2332463 27567 140 2294581 26074 0
1459947780091443 141 2330719 27020 138 2291956 26455 0
1459947780094807 140 2327831 27570 137 2288256 27798 0
1459947780098374 141 2326449 26689 139 2287406 26409 0
1459947780102413 147 2332855 30508 145 2294302 30702 0
1459947780106235 140 2329800 30939 139 2292979 29521 0
1459947780109584 138 2324424 33476 135 2286640 33057 0
1459947780113042 140 2322028 33068 137 2283356 33501 0
1459947780116397 137 2315979 36059 136 2279048 34853 0
1459947780119907 143 2318083 35180 141 2281477 34369 0
1459947780123591 141 2317462 33002 139 2281156 31978 0
1459947780127460 142 2318170 31075 139 2280860 29751 0
1459947780130671 139 2314982 31584 136 2276747 31216 0
1459947780133950 140 2313324 30644 136 2272956 32271 0
1459947780137366 141 2313075 28477 138 2272021 30610 0
1459947780141549 148 2321806 34300 146 2281399 36863 0
1459947780145488 145 2326014 35500 143 2286204 38413 0
1459947780149017 143 2327334 33943 142 2289354 38315 0
1459947780153039 147 2333671 37132 143 2293538 39178 0
1459947780157119 149 2342072 41976 145 2299955 42033 0
1459947780160834 142 2340857 39815 141 2300751 39482 0
1459947780164401 140 2337177 40095 137 2296364 40440 0
1459947780168150 143 2337625 37375 140 2296160 37467 0
1459947780172055 146 2341878 38375 142 2298532 36726 0
1459947780176066 145 2344518 37810 142 2300719 35872 0
1459947780179718 140 2340552 38511 137 2296335 37110 0
1459947780183115 137 2333056 42412 134 2288453 41475 0
1459947780186467 135 2323586 47828 133 2279907 46111 0
1459947780190499 144 2326375 46662 141 2282269 44685 0
1459947780194309 145 2330226 46567 145 2289566 47920 0
1459947780197909 143 2331217 43841 140 2289893 44478 0
1459947780201763 143 2332130 41257 141 2291475 42461 0
1459947780205468 142 2331692 38436 140 2291653 39307 0
1459947780209346 143 2332568 36241 140 2291817 36387 0
1459947780213216 144 2334656 35334 142 2294528 36044 0
1459947780217424 147 2340421 37887 146 2302148 40252 0
1459947780221153 143 2340615 35106 142 2304052 38862 0
1459947780225023 142 2339514 33377 141 2304527 36263 0
1459947780228895 143 2339779 31013 139 2302405 35384 0
1459947780232912 149 2347703 35895 147 2310689 40256 0
1459947780236776 144 2348608 33925 142 2311926 38251 0
1459947780240907 144 2349443 32043 142 2313066 36313 0
1459947780244924 145 2351492 31428 141 2312837 33686 0
1459947780248223 135 2340581 39029 132 2301106 41867 0
1459947780251858 142 2339483 36991 139 2299252 40305 0
1459947780255383 139 2334630 38573 137 2294982 41091 0
1459947780258957 141 2332717 37322 139 2293606 39147 0
1459947780262655 143 2333513 35140 142 2296178 38459 0
1459947780266326 142 2332967 32897 139 2294709 36808 0
1459947780270292 145 2336303 33402 142 2297194 36223 0
1459947780273885 137 2329139 37395 135 2290525 39540 0
1459947780277645 145 2332775 37824 143 2294617 40223 0
1459947780281222 139 2328446 38858 137 2290710 40681 0
1459947780284582 132 2315496 47760 129 2276868 50262 0
1459947780288475 143 2317637 46002 141 2279467 48731 0
1459947780292284 146 2323451 47768 143 2284423 49492 0
1459947780295438 134 2313451 53254 132 2274912 54392 0
1459947780299081 143 2315752 51214 141 2277664 52679 0
1459947780302956 139 2312753 49975 137 2275081 50943 0
1459947780306785 143 2315109 48242 143 2280380 51848 0
1459947780310437 141 2314721 44830 139 2280145 48013 0
1459947780314055 144 2318203 44537 140 2281208 45241 0
1459947780317732 140 2316293 42817 136 2277068 45521 0
1459947780321311 139 2313252 42273 137 2274532 44301 0
1459947780325082 145 2318129 43466 142 2278594 44583 0
1459947780329090 140 2316225 41825 136 2274658 44726 0
1459947780333003 142 2317029 39299 141 2277430 43786 0
1459947780336885 142 2317771 36912 139 2277425 40368 0
1459947780340640 138 2313335 38117 138 2276141 38397 0
1459947780344371 140 2311805 36548 139 2276237 35485 0
1459947780348429 147 2319355 40652 144 2282725 38694 0
1459947780351684 138 2314795 41679 135 2277187 40776 0
1459947780355029 137 2309311 43476 135 2272081 42296 0
1459947780358874 140 2308096 41199 137 2269934 40969 0
1459947780362930 146 2314656 44027 143 2275635 43024 0
1459947780366604 141 2314303 40911 140 2277051 40967 0
1459947780369869 139 2311418 40373 137 2274516 40102 0
1459947780373067 136 2304918 43209 136 2270899 40302 0
1459947780376625 141 2305326 40209 138 2270125 37866 0
1459947780380329 143 2308262 39774 140 2271971 36609 0
1459947780384290 141 2308409 36801 140 2273673 35317 0
1459947780388228 145 2313664 38770 143 2279082 37543 0
1459947780391947 144 2317229 39027 142 2282788 38026 0
1459947780395738 144 2320515 39007 142 2286205 38205 0
1459947780399387 144 2323544 38752 143 2290635 39304 0
1459947780402658 136 2316097 42589 133 2281919 44267 0
1459947780406076 139 2313071 42049 137 2279004 43495 0
1459947780409723 139 2310282 41333 137 2276316 42573 0
1459947780412878 133 2300031 47552 132 2267438 47429 0
1459947780416217 135 2293141 50188 134 2261814 48907 0
1459947780420058 146 2300869 53391 142 2266869 49746 0
1459947780423868 144 2305433 53427 140 2268969 47795 0
1459947780427610 143 2308361 51952 139 2269625 44666 0
1459947780431336 145 2313620 52741 142 2274070 45274 0
1459947780434925 140 2312068 50050 139 2274328 41974 0
1459947780439377 149 2322157 55440 147 2284806 48353 0
1459947780443221 145 2326338 54962 141 2286785 46399 0
1459947780447258 145 2330192 54221 142 2289889 45636 0
1459947780450828 143 2331185 50900 140 2290191 42348 0
1459947780454374 139 2326981 50798 137 2286629 42321 0
1459947780458195 144 2329505 49156 142 2289746 41887 0
1459947780461698 142 2329272 45529 140 2290059 38903 0
1459947780465606 144 2331617 44134 142 2292908 38489 0
1459947780469529 142 2331219 41052 138 2290414 37780 0
1459947780472744 139 2327012 41721 136 2285555 39306 0
1459947780476592 146 2332094 43146 144 2291316 41545 0
1459947780480378 146 2336779 44094 144 2296626 43195 0
1459947780484090 143 2337258 41090 140 2296402 40026 0
1459947780487975 143 2337699 38286 141 2297475 37887 0
1459947780491552 140 2334266 38458 137 2293344 38734 0
1459947780494854 134 2323421 45450 134 2285696 42757 0
1459947780498362 134 2313423 51115 132 2276086 48275 0
1459947780501804 135 2305486 54437 132 2267226 52670 0
1459947780505593 139 2303289 52208 136 2264178 51363 0
1459947780509280 141 2303824 48622 139 2265209 48300 0
1459947780512924 144 2308157 48818 142 2269999 48942 0
1459947780516529 141 2308312 45147 139 2270575 45649 0
1459947780520038 139 2305895 43847 138 2269826 42772 0
1459947780523727 143 2308786 43087 141 2272975 42333 0
1459947780526753 127 2290972 56142 125 2255398 55227 0
1459947780530469 147 2300149 60215 144 2263515 58394 0
1459947780534004 142 2302209 57409 140 2265877 56009 0
1459947780537453 142 2304108 54674 142 2270615 56001 0
1459947780541380 145 2309699 55556 142 2274983 55651 0
1459947780545136 141 2309733 51247 139 2275169 51475 0
1459947780548836 142 2311045 48452 140 2276621 48791 0
1459947780552505 142 2312254 45781 140 2277959 46213 0
1459947780555988 137 2306969 47075 133 2270233 49723 0
1459947780559593 140 2305937 44348 138 2269511 46503 0
1459947780564039 147 2313945 48266 145 2277805 50515 0
1459947780567307 141 2313648 44768 139 2277771 46598 0
1459947780570690 142 2314654 42197 138 2276460 44165 0
1459947780574506 143 2316861 40935 142 2280371 44320 0
1459947780578018 142 2317616 38432 140 2281417 41821 0
1459947780581707 142 2318312 36070 140 2282381 39441 0
1459947780585325 141 2317673 33840 139 2281989 36719 0
1459947780588764 138 2313244 35278 135 2276508 38902 0
1459947780592365 139 2310441 35104 136 2272735 39339 0
1459947780595764 139 2307857 34742 136 2269257 39470 0
1459947780599290 144 2311875 35731 140 2271171 38150 0
1459947780603382 146 2318139 38714 143 2276775 40335 0
1459947780607203 144 2321354 38653 141 2279381 39586 0
1459947780610570 137 2315358 41160 136 2275384 40177 0
1459947780614010 136 2308550 44219 132 2266579 45154 0
1459947780618036 145 2313794 45598 141 2269982 44763 0
1459947780621648 140 2312228 43477 138 2269279 41912 0
1459947780625043 139 2309505 42590 137 2267351 40413 0
1459947780628613 140 2308274 40395 138 2266854 37712 0
1459947780632194 139 2305860 39464 137 2265116 36367 0
1459947780635503 139 2303634 38431 136 2262233 36181 0
1459947780639223 141 2304142 35896 139 2263416 34444 0
1459947780643065 141 2304610 33523 140 2265786 33938 0
1459947780646661 140 2303762 31685 137 2264131 32811 0
1459947780649818 136 2297860 34649 134 2258765 35193 0
1459947780653081 137 2293699 35777 135 2255098 35822 0
1459947780656471 137 2289863 36516 135 2251718 36138 0
1459947780660159 144 2295287 38663 142 2257562 38701 0
1459947780663987 145 2301567 41432 142 2262949 40644 0
1459947780667670 142 2303517 39992 139 2264076 38507 0
1459947780671040 138 2300194 39929 136 2261275 38080 0
1459947780674926 145 2306091 42245 140 2263812 37444 0
1459947780678487 141 2306407 39235 140 2266151 36674 0
1459947780682410 143 2309258 38798 142 2270867 38156 0
1459947780685936 144 2313167 39369 142 2275215 39183 0
1459947780689607 141 2312930 36510 139 2275383 36276 0
1459947780693517 145 2317832 38176 141 2278098 35944 0
1459947780697083 142 2318511 35819 139 2278041 33186 0
1459947780700994 145 2322977 37137 143 2283109 35265 0
1459947780704450 140 2320694 36339 139 2282661 32921 0
1459947780708083 140 2318589 35439 136 2278408 34269 0
1459947780711896 145 2323049 36781 143 2283447 36236 0
1459947780715519 139 2319480 37196 137 2280412 36202 0
1459947780719011 137 2313630 39682 135 2275054 38311 0
1459947780723018 147 2321037 43409 145 2282915 42564 0
1459947780726681 139 2317625 43161 135 2277362 44356 0
1459947780730171 142 2318320 40430 139 2277363 40891 0
1459947780733478 137 2312561 42579 134 2270964 43595 0
1459947780737243 141 2312372 39426 139 2271464 40650 0
1459947780741166 143 2314757 38544 140 2273205 39079 0
1459947780744742 141 2314396 35864 141 2276090 38685 0
1459947780748257 140 2312783 34548 136 2272350 39109 0
1459947780752069 145 2317696 36378 142 2276582 39955 0
1459947780755784 139 2314546 36438 136 2272804 40315 0
1459947780759580 145 2319322 37993 142 2277001 41034 0
1459947780763067 143 2321164 36723 141 2279590 40215 0
1459947780766789 142 2321583 34240 138 2278137 38412 0
1459947780770263 138 2316849 35928 135 2272957 40185 0
1459947780774059 143 2318885 34998 138 2272022 37906 0
1459947780777425 139 2315642 35252 136 2268600 38098 0
1459947780781402 147 2322892 39181 143 2274405 40473 0
1459947780785186 141 2321896 37037 138 2273357 38277 0
1459947780788744 139 2318417 37349 135 2268550 39716 0
1459947780792507 142 2319050 35015 140 2270519 38428 0
1459947780796524 147 2326034 38717 144 2277454 41818 0
1459947780800553 144 2328632 38087 142 2281287 42084 0
1459947780804204 143 2329747 36139 141 2283541 40874 0
1459947780808249 143 2330775 34263 141 2285619 39596 0
1459947780812098 145 2334283 34820 142 2288815 39448 0
1459947780815929 144 2336237 33900 141 2290481 37902 0
1459947780819900 145 2339318 34091 143 2294577 38716 0
1459947780823625 140 2335758 34708 136 2289393 40469 0
1459947780827209 141 2333756 33840 138 2287174 39352 0
1459947780830843 144 2335751 33035 140 2287688 36751 0
1459947780834321 140 2332470 33478 137 2284322 36981 0
1459947780838176 146 2337125 35154 144 2290179 39490 0
1459947780842086 145 2340137 35183 142 2293018 39021 0
1459947780845886 144 2341633 33813 141 2294355 37205 0
1459947780849665 143 2341732 31263 141 2295588 35435 0
1459947780853193 141 2339264 31095 139 2294165 33977 0
1459947780856377 130 2322909 43742 128 2278773 45511 0
1459947780860537 145 2327031 44124 144 2285063 47754 0
1459947780864577 146 2332111 45359 144 2290862 49369 0
1459947780868327 136 2323994 49297 134 2283408 52383 0
1459947780871947 141 2322911 46442 138 2281656 49904 0
1459947780875752 144 2325753 45433 141 2283881 48056 0
1459947780878734 123 2301493 64247 120 2259052 67189 0
1459947780882628 141 2302168 59850 136 2256643 64159 0
1459947780886724 143 2305351 58108 142 2262102 64179 0
1459947780890545 144 2309565 57453 142 2267135 63805 0
1459947780894205 146 2316010 58905 144 2274335 65457 0
1459947780897957 142 2316831 55060 138 2273292 61303 0
1459947780901171 138 2312468 54779 136 2269771 59758 0
1459947780904526 136 2305886 56566 135 2265245 59261 0
1459947780908468 145 2311338 57172 142 2270032 59044 0
1459947780912058 145 2316364 57339 142 2274445 58499 0
1459947780916137 145 2320998 57131 143 2279793 58859 0
1459947780919970 144 2323990 55425 141 2282164 56445 0
1459947780923587 141 2322908 52091 139 2281789 52379 0
1459947780927267 140 2320630 50120 139 2281444 48603 0
1459947780931102 144 2323650 48988 141 2283686 46872 0
1459947780934870 144 2326434 47727 140 2284473 43935 0
1459947780938526 141 2325161 45171 140 2285198 41170 0
1459947780942317 143 2326547 42920 140 2285866 38569 0
1459947780946061 141 2325265 40747 140 2286482 36123 0
1459947780949834 142 2325363 37654 141 2288330 35004 0
1459947780953564 140 2322894 36988 138 2286194 34237 0
1459947780957278 140 2320617 36196 137 2282945 34557 0
1459947780960702 141 2319798 34122 138 2281229 33438 0
1459947780964629 143 2321603 33120 143 2286047 35267 0
1459947780968774 148 2321603 33120 144 2286047 35267 1
1459947780972491 143 2323267 32066 141 2287929 34246 0
1459947780976479 144 2326081 32154 140 2288384 31990 0
1459947780980509 144 2328675 32033 142 2291364 32237 0
1459947780984444 143 2329787 30555 141 2292831 31070 0
1459947780988738 148 2329787 30555 147 2292831 31070 1
1459947780992796 145 2333372 31472 142 2295463 31068 0
1459947780996757 143 2334117 29700 143 2299169 32057 0
1459947781000524 144 2336084 29192 141 2300026 30342 0
1459947781004466 145 2339177 29762 143 2303376 31059 0
1459947781008424 145 2342028 30065 142 2305184 30299 0
1459947781011933 143 2342097 27779 141 2305571 28288 0
1459947781015650 143 2342160 25666 140 2304648 26928 0
1459947781019142 141 2342160 25666 136 2304648 26928 1
1459947781022701 140 2338378 27145 138 2301237 27968 0
1459947781026862 149 2338378 27145 147 2301237 27968 1
1459947781030498 143 2338732 25350 142 2303212 27604 0
1459947781034109 143 2339058 23670 139 2301193 27307 0
1459947781037918 145 2341919 24457 142 2303172 26997 0
1459947781041889 145 2344556 24977 143 2306276 27749 0
1459947781046166 147 2344556 24977 146 2306276 27749 1
1459947781050035 142 2343147 24323 139 2304018 27662 0
1459947781053836 145 2345688 24765 144 2308336 29481 0
1459947781057686 143 2345471 23029 140 2307197 28226 0
1459947781061430 147 2345471 23029 146 2307197 28226 1
1459947781065088 146 2349111 24584 143 2309987 28592 0
1459947781068719 144 2349906 23396 139 2307439 28706 0
1459947781072671 145 2351919 23424 142 2308930 27837 0
1459947781076518 145 2353775 23305 142 2310304 26929 0
1459947781080541 148 2353775 23305 145 2310304 26929 1
1459947781084455 145 2355486 23061 144 2314131 28353 0
1459947781088061 146 2358343 23893 142 2315099 27029 0
1459947781091619 141 2358343 23893 137 2315099 27029 1
1459947781095429 142 2355857 24317 139 2312151 27633 0
1459947781099633 149 2355857 24317 146 2312151 27633 1
1459947781103617 144 2356125 22664 141 2311994 25618 0
1459947781107077 135 2356125 22664 131 2311994 25618 1
1459947781110385 141 2352532 24204 139 2309289 26109 0
1459947781114049 142 2350500 24185 140 2308075 25187 0
1459947781118109 146 2353747 25288 143 2310796 25728 0
1459947781121883 141 2350340 26452 140 2309465 24944 0
1459947781125360 140 2345919 28459 138 2305678 26486 0
1459947781129179 146 2349524 29558 141 2306026 24737 0
1459947781133308 144 2350287 27951 139 2303787 24867 0
1459947781136878 141 2347150 28658 139 2301723 24826 0
1459947781140583 142 2345538 27904 140 2301100 23459 0
1459947781144224 144 2346612 26714 140 2300526 22154 0
1459947781147900 141 2343762 27252 141 2301277 21115 0
1459947781151737 146 2347535 28600 142 2303249 21283 0
1459947781155232 138 2347535 28600 137 2303249 21283 1
1459947781158952 143 2347173 26697 139 2301227 21483 0
1459947781162441 140 2347173 26697 136 2301227 21483 1
1459947781165807 141 2344280 27277 138 2298083 22701 0
1459947781169567 144 2345453 26226 141 2299025 21795 0
1459947781173342 141 2342694 26719 137 2294773 24011 0
1459947781177154 144 2343991 25826 142 2297253 24422 0
1459947781180541 139 2343991 25826 136 2297253 24422 1
1459947781184105 140 2340066 27425 139 2295700 23945 0
1459947781188008 146 2344128 29027 143 2299388 25474 0
1459947781191752 144 2345313 27851 141 2300228 24257 0
1459947781195026 139 2340005 30567 137 2295882 26366 0
1459947781198353 139 2340005 30567 136 2295882 26366 1
1459947781201586 134 2340005 30567 131 2295882 26366 1
1459947781205496 143 2340232 28387 140 2295716 24458 0
1459947781209315 140 2336601 29515 137 2291723 26227 0
1459947781213113 142 2335814 27934 141 2293162 25504 0
1459947781217178 146 2340208 29802 141 2294488 24734 0
1459947781220820 140 2336579 30818 137 2290591 26393 0
1459947781224610 144 2338353 30046 141 2292118 25739 0
1459947781227983 139 2333589 32089 137 2288406 27149 0
1459947781231857 145 2336877 32613 141 2290104 26592 0
1459947781235819 147 2342468 35219 144 2295509 29497 0
1459947781240174 146 2346342 36039 142 2297932 29426 0
1459947781244012 143 2346074 33470 141 2298886 28006 0
1459947781247678 142 2344546 32262 138 2295925 28547 0
1459947781251873 151 2344546 32262 148 2295925 28547 1
1459947781255593 145 2346978 31983 143 2299595 29700 0
1459947781259576 145 2349220 31551 141 2300419 28138 0
1459947781263011 140 2344887 33080 139 2298618 27598 0
1459947781266471 142 2343452 31817 140 2298238 25790 0
1459947781270556 148 2343452 31817 146 2298238 25790 1
1459947781274206 141 2340849 31729 138 2295328 26457 0
1459947781277845 139 2335890 33821 138 2292645 26862 0
1459947781281603 146 2340278 35223 142 2295292 27203 0
1459947781285387 143 2340483 32660 139 2293892 26367 0
1459947781289563 147 2345792 35003 144 2299001 29017 0
1459947781293773 148 2351967 37960 146 2306271 33452 0
1459947781297670 144 2352539 35521 142 2307853 32296 0
1459947781301655 149 2359466 39131 145 2313151 34657 0
1459947781305065 139 2353052 41985 138 2309076 35705 0
1459947781308972 147 2357379 42693 145 2314279 37711 0
1459947781312850 144 2357528 39495 142 2315235 35646 0
1459947781316519 143 2356386 37461 141 2314837 33227 0
1459947781320588 147 2360453 38283 145 2319590 35013 0
1459947781324778 148 2365482 39928 145 2323972 36316 0
1459947781328663 146 2367558 38722 144 2326731 36022 0
1459947781332362 142 2364352 38651 138 2321595 37941 0
1459947781335958 138 2364352 38651 135 2321595 37941 1
1459947781339927 144 2363957 35995 142 2321980 35331 0
1459947781344445 150 2363957 35995 146 2321980 35331 1
1459947781348014 141 2359752 37057 140 2319775 34602 0
1459947781351784 146 2362276 36488 144 2322862 34744 0
1459947781355289 142 2359483 36211 140 2320588 34124 0
1459947781359189 144 2359468 33395 142 2321052 31885 0
1459947781362594 136 2359468 33395 134 2321052 31885 1
1459947781366350 145 2360734 31953 143 2322759 30967 0
1459947781369615 133 2360734 31953 131 2322759 30967 1
1459947781372709 134 2360734 31953 131 2322759 30967 1
1459947781376251 139 2354221 35459 138 2317933 32995 0
1459947781379911 142 2352057 34682 139 2314764 33337 0
1459947781384137 150 2352057 34682 148 2314764 33337 1
1459947781387853 140 2347502 36170 137 2309283 35784 0
1459947781391052 137 2347502 36170 135 2309283 35784 1
1459947781394634 142 2345863 34854 139 2306790 35285 0
1459947781398689 146 2349472 35458 143 2309612 35129 0
1459947781402894 148 2355359 38114 147 2317333 39502 0
1459947781406724 145 2356946 36599 143 2319331 38257 0
1459947781410634 144 2357129 33908 141 2318613 35929 0
1459947781414249 140 2352178 35821 138 2314111 37271 0
1459947781417881 138 2345054 39589 136 2307401 40544 0
1459947781421209 141 2342326 39010 136 2301215 43078 0
1459947781424639 142 2341091 37099 139 2299352 41428 0
1459947781427496 131 2341091 37099 123 2299352 41428 1
1459947781430446 134 2341091 37099 125 2299352 41428 1
1459947781433491 135 2341091 37099 124 2299352 41428 1
1459947781436365 132 2341091 37099 121 2299352 41428 1
1459947781439493 136 2341091 37099 127 2299352 41428 1
1459947781442736 134 2341091 37099 125 2299352 41428 1
1459947781445608 131 2341091 37099 122 2299352 41428 1
1459947781448535 132 2341091 37099 122 2299352 41428 1
1459947781451367 131 2341091 37099 121 2299352 41428 1
1459947781454558 134 2341091 37099 124 2299352 41428 1
1459947781457873 138 2341091 37099 129 2299352 41428 1
1459947781460869 135 2341091 37099 126 2299352 41428 1
1459947781463531 128 2341091 37099 119 2299352 41428 1
1459947781466360 130 2341091 37099 121 2299352 41428 1
1459947781469327 134 2341091 37099 127 2299352 41428 1
1459947781472184 136 2341091 37099 129 2299352 41428 1
1459947781474982 134 2341091 37099 128 2299352 41428 1
1459947781478332 142 2339953 35248 135 2292515 44493 0
1459947781481576 135 2339953 35248 128 2292515 44493 1
1459947781484625 134 2339953 35248 128 2292515 44493 1
1459947781487499 130 2339953 35248 125 2292515 44493 1
1459947781490521 134 2339953 35248 128 2292515 44493 1
1459947781493089 125 2339953 35248 120 2292515 44493 1
1459947781496608 143 2340184 32707 136 2287492 45646 0
1459947781499686 136 2340184 32707 131 2287492 45646 1
1459947781502711 137 2340184 32707 130 2287492 45646 1
1459947781505619 132 2340184 32707 125 2287492 45646 1
1459947781508509 133 2340184 32707 127 2287492 45646 1
1459947781511271 135 2340184 32707 129 2287492 45646 1
1459947781514536 138 2340184 32707 132 2287492 45646 1
1459947781517657 139 2340184 32707 131 2287492 45646 1
1459947781520757 136 2340184 32707 129 2287492 45646 1
1459947781523674 133 2340184 32707 127 2287492 45646 1
1459947781526749 135 2340184 32707 130 2287492 45646 1
1459947781529423 128 2340184 32707 121 2287492 45646 1
1459947781532100 132 2340184 32707 125 2287492 45646 1
1459947781535072 135 2340184 32707 130 2287492 45646 1
1459947781537835 133 2340184 32707 127 2287492 45646 1
1459947781540674 130 2340184 32707 126 2287492 45646 1
1459947781543920 134 2340184 32707 128 2287492 45646 1
1459947781546819 128 2340184 32707 122 2287492 45646 1
1459947781549705 132 2340184 32707 128 2287492 45646 1
1459947781552524 133 2340184 32707 128 2287492 45646 1
1459947781555308 133 2340184 32707 128 2287492 45646 1
1459947781557725 127 2340184 32707 122 2287492 45646 1
1459947781560533 133 2340184 32707 127 2287492 45646 1
1459947781563425 134 2340184 32707 128 2287492 45646 1
1459947781566287 131 2340184 32707 125 2287492 45646 1
1459947781569147 133 2340184 32707 127 2287492 45646 1
1459947781572310 135 2340184 32707 130 2287492 45646 1
1459947781575288 133 2340184 32707 128 2287492 45646 1
1459947781578198 133 2340184 32707 129 2287492 45646 1
1459947781581308 135 2340184 32707 130 2287492 45646 1
1459947781584677 138 2333997 35854 134 2280301 48707 0
1459947781587486 133 2333997 35854 128 2280301 48707 1
1459947781590776 137 2333997 35854 130 2280301 48707 1
1459947781593540 135 2333997 35854 130 2280301 48707 1
1459947781596029 129 2333997 35854 123 2280301 48707 1
1459947781599108 137 2333997 35854 130 2280301 48707 1
1459947781602300 135 2333997 35854 129 2280301 48707 1
1459947781605501 137 2327013 39489 132 2271112 53371 0
1459947781608730 138 2321855 41157 132 2262641 57009 0
1459947781611806 136 2314540 44684 130 2252272 62113 0
1459947781614519 132 2302676 52129 128 2240153 68431 0
1459947781617418 133 2293019 56958 127 2227701 74563 0
1459947781620547 132 2282836 61894 128 2217501 78139 0
1459947781623151 127 2282836 61894 122 2217501 78139 1
1459947781626298 136 2278569 60991 131 2211938 77161 0
1459947781629513 139 2278475 56311 133 2209370 73499 0
1459947781632612 135 2273269 56710 130 2203162 73478 0
1459947781635742 136 2269749 55523 131 2198719 71831 0
1459947781638808 136 2266504 54175 130 2193344 71174 0
1459947781642031 135 2262233 53878 127 2184549 73720 0
1459947781644774 130 2251896 59197 125 2173881 77794 0
1459947781647527 131 2243646 62176 126 2165326 79602 0
1459947781650603 135 2241161 59608 128 2159999 78292 0
1459947781653278 130 2232470 62962 124 2149969 81421 0
1459947781655798 129 2223178 66608 123 2139442 84762 0
1459947781658736 133 2219732 64580 128 2136138 81184 0
1459947781661847 137 2221675 61325 132 2138212 76753 0
1459947781664777 136 2222186 57004 130 2137564 71353 0
1459947781667820 135 2221377 53295 129 2135686 67508 0
1459947781670711 132 2216791 53357 126 2130115 67368 0
1459947781673683 134 2215124 50724 127 2126259 65657 0
1459947781676705 135 2214867 46997 127 2122705 63803 0
1459947781679731 134 2213350 44722 127 2119428 61838 0
1459947781682797 135 2213232 41336 126 2115127 60970 0
1459947781685748 136 2214403 39185 124 2108602 62220 0
1459947781688626 138 2218042 39478 125 2103867 61723 0
1459947781691583 141 2225237 43026 127 2102062 58563 0
1459947781694833 146 2225237 43026 132 2102062 58563 1
1459947781697648 138 2228030 42239 122 2093998 61420 0
1459947781700459 142 2235725 46032 125 2090404 59933 0
1459947781703457 141 2241538 47794 124 2085811 59483 0
1459947781706220 139 2244337 46641 123 2080297 59918 0
1459947781709378 146 2244337 46641 129 2080297 59918 1
1459947781712257 144 2253318 51276 127 2080333 55269 0
1459947781715282 142 2259037 52542 124 2076526 54459 0
1459947781718565 146 2259037 52542 129 2076526 54459 1
1459947781721608 143 2265589 54477 124 2073017 53438 0
1459947781724654 145 2274189 58148 125 2071062 51064 0
1459947781727877 145 2282117 60914 126 2070540 47554 0
1459947781730626 140 2283026 56993 124 2067499 46641 0
1459947781733399 138 2281304 54126 121 2060855 49121 0
1459947781736302 144 2287397 55514 124 2058570 47388 0
1459947781739494 147 2296854 59894 128 2061584 46463 0
1459947781742570 145 2303012 60891 126 2061802 43034 0
1459947781745431 143 2306129 59006 124 2059443 41844 0
1459947781748382 144 2310282 58225 126 2059829 38929 0
1459947781751143 142 2311551 54846 123 2056344 39098 0
1459947781754256 145 2316561 55179 125 2055692 36643 0
1459947781757246 146 2322459 56305 128 2058931 36766 0
1459947781760195 147 2329176 58099 128 2061917 36645 0
1459947781763555 149 2337929 61629 130 2067229 38679 0
1459947781766578 143 2338318 57172 123 2063166 39401 0
1459947781769554 145 2341236 55395 124 2060701 38594 0
1459947781772473 141 2338806 53306 121 2054588 41212 0
1459947781775549 147 2344246 54156 129 2059193 42237 0
1459947781778633 146 2347981 53368 125 2058318 39743 0
1459947781781820 147 2352704 53553 128 2061351 39434 0
1459947781785115 147 2357059 53383 127 2062867 37751 0
1459947781787631 136 2357059 53383 117 2062867 37751 1
1459947781790708 144 2357233 49373 125 2061705 35871 0
1459947781793957 146 2359954 48023 127 2063194 34440 0
1459947781829919 145 2361182 45403 124 2060726 34023 0
1459947781832732 146 2363594 44079 123 2057171 34640 0
1459947781835754 144 2363258 40944 123 2053894 34953 0
1459947781838953 146 2365508 39819 123 2050873 35006 0
1459947781842031 146 2367582 38620 126 2051928 33244 0
1459947781845319 148 2372054 39725 126 2052901 31543 0
1459947781848656 149 2377457 41602 128 2056358 32265 0
1459947781851896 151 2384998 45303 126 2056985 30322 0
1459947781855291 148 2388110 44631 125 2056283 28600 0
1459947781858616 152 2396098 48508 128 2059475 29308 0
1459947781861604 145 2394502 46188 123 2056018 30204 0
1459947781864756 146 2394311 42754 125 2055391 28421 0
1459947781867793 146 2394135 39574 122 2050973 30272 0
1459947781870902 145 2392693 37811 123 2048180 30481 0
1459947781873933 146 2392643 34902 123 2045605 30471 0
1459947781877061 148 2395157 34493 124 2044512 29097 0
1459947781880059 148 2397475 33935 124 2043504 27751 0
1459947781882489 136 2397475 33935 114 2043504 27751 1
1459947781885832 150 2402172 35613 128 2047695 29445 0
1459947781888728 144 2398822 35917 122 2043878 30661 0
1459947781891996 149 2402134 36163 126 2045480 29741 0
1459947781895234 151 2407747 38511 128 2049516 31138 0
1459947781898033 142 2401401 41351 121 2044277 33534 0
1459947781901417 148 2403231 39807 126 2045847 32362 0
1459947781904281 145 2401078 38681 124 2044735 30857 0
1459947781907476 148 2402933 37369 126 2046270 29861 0
1459947781910475 150 2407203 38386 125 2046405 27652 0
1459947781913161 143 2402180 40017 121 2041409 30096 0
1459947781916007 144 2398829 39978 122 2038083 30809 0
1459947781918929 146 2398300 37341 122 2035017 31227 0
1459947781922002 146 2397812 34872 124 2034751 29031 0
1459947781925221 148 2399922 34093 125 2035786 27716 0
1459947781928280 150 2404428 35583 126 2038020 27609 0
1459947781931283 148 2406022 34272 124 2037519 25913 0
1459947781934172 143 2401091 36139 121 2033217 27853 0
1459947781937263 147 2401665 33844 125 2034371 26740 0
1459947781939918 139 2401665 33844 115 2034371 26740 1
1459947781942764 145 2399634 33070 122 2031595 27208 0
1459947781945746 148 2401602 32300 123 2030316 26260 0
1459947781948807 143 2401602 32300 119 2030316 26260 1
1459947781951677 143 2397016 34002 120 2025297 28834 0
1459947781954669 146 2396629 31701 122 2023230 28485 0
1459947781957838 151 2402672 34795 127 2027725 30402 0
1459947781960833 148 2404403 33672 124 2028028 28306 0
1459947781963651 145 2402159 33109 121 2024468 29375 0
1459947781966364 147 2402650 30974 123 2023746 27745 0
1459947781969261 146 2401822 29316 123 2023080 26190 0
1459947781971895 143 2401822 29316 119 2023080 26190 1
1459947781975147 149 2404899 29862 126 2026306 27117 0
1459947781978275 148 2406456 28964 123 2025440 25795 0
1459947781981410 147 2406611 26844 124 2025922 24223 0
1459947781984197 141 2406611 26844 118 2025922 24223 1
1459947781987197 143 2401634 29333 120 2021246 26639 0
1459947781990482 150 2406006 31071 126 2024616 27663 0
1459947781993106 144 2406006 31071 117 2024616 27663 1
1459947781995846 147 2406196 28818 122 2022602 27356 0
1459947781998852 148 2407651 27908 125 2024586 27047 0
1459947782001976 148 2408993 26964 123 2023855 25606 0
1459947782004664 145 2408993 26964 119 2023855 25606 1
1459947782007786 149 2411510 27177 124 2024461 24163 0
1459947782010901 149 2413830 27192 125 2026299 23970 0
1459947782013552 144 2409569 28994 121 2022874 25254 0
1459947782016653 149 2412041 29007 124 2023556 23910 0
1459947782019631 147 2411760 26998 123 2022905 22641 0
1459947782022797 150 2415341 28189 124 2023585 21499 0
1459947782025545 146 2413522 27662 121 2020372 22780 0
1459947782028125 141 2413522 27662 117 2020372 22780 1
1459947782030842 145 2413522 27662 119 2020372 22780 1
1459947782033545 142 2413522 27662 117 2020372 22780 1
1459947782036344 145 2413522 27662 119 2020372 22780 1
1459947782039222 146 2411845 27045 121 2017410 23730 0
1459947782042488 150 2415419 28227 126 2021079 25259 0
1459947782045496 148 2416154 26698 121 2018062 26066 0
1459947782048388 145 2412991 27526 120 2014000 27772 0
1459947782051317 147 2412636 25702 121 2011536 27873 0
1459947782054354 148 2413588 24572 123 2011824 25961 0
1459947782057510 149 2415746 24641 126 2015930 27717 0
1459947782060412 149 2417735 24549 123 2015875 25601 0
1459947782063608 150 2420849 25502 123 2015824 23646 0
1459947782066821 149 2422440 24975 125 2018337 24115 0
1459947782069667 148 2422626 23195 121 2015534 24814 0
1459947782072294 145 2422626 23195 118 2015534 24814 1
1459947782075447 150 2425358 23900 124 2016790 24033 0
1459947782078310 148 2425316 22069 123 2016668 22267 0
1459947782081501 155 2425316 22069 129 2016668 22267 1
1459947782084575 151 2429118 23849 127 2021675 25143 0
1459947782087300 145 2424943 25833 121 2018611 26001 0
1459947782090135 146 2422374 26181 120 2014507 27752 0
1459947782092646 142 2422374 26181 117 2014507 27752 1
1459947782095791 150 2425126 26672 126 2018403 29175 0
1459947782098882 151 2428943 28106 125 2020715 29026 0
1459947782102011 150 2431181 27973 127 2025406 31083 0
1459947782104505 144 2431181 27973 118 2025406 31083 1
1459947782107467 146 2428124 28604 121 2022051 31746 0
1459947782110695 152 2432986 30851 124 2022798 29953 0
1459947782113624 149 2433628 29032 125 2024766 29427 0
1459947782116664 147 2431660 28576 123 2024021 27814 0
1459947782119799 149 2432406 27031 125 2025894 27368 0
1459947782122380 146 2432406 27031 119 2025894 27368 1
1459947782124930 143 2432406 27031 118 2025894 27368 1
1459947782127629 146 2432406 27031 119 2025894 27368 1
1459947782130206 144 2432406 27031 117 2025894 27368 1
1459947782132923 144 2426694 30184 120 2021221 29536 0
1459947782135966 148 2426548 27959 125 2023313 29156 0
1459947782138944 149 2427693 26830 124 2023961 27476 0
1459947782141990 148 2427469 24939 123 2023279 25957 0
1459947782144960 147 2425982 24359 123 2022650 24508 0
1459947782148107 149 2427172 23552 121 2019510 25487 0
1459947782151180 150 2429549 23903 126 2023015 26726 0
1459947782154367 150 2431740 24055 124 2023686 25257 0
1459947782158178 157 2431740 24055 132 2023686 25257 1
1459947782161738 153 2431740 24055 128 2023686 25257 1
1459947782164444 148 2431200 22672 122 2021745 25071 0
1459947782167304 145 2426862 24898 121 2018676 25941 0
1459947782170427 149 2427983 23985 121 2015846 26521 0
1459947782173665 151 2431576 25424 125 2018358 26764 0
1459947782176728 147 2429769 25102 121 2015553 27258 0
1459947782179924 150 2431943 25144 124 2016807 26284 0
1459947782182868 147 2430107 24871 121 2014123 26703 0
1459947782186000 149 2430974 23727 121 2011649 26896 0
1459947782189432 151 2434334 24970 127 2017048 29772 0
1459947782192774 153 2434334 24970 126 2017048 29772 1
1459947782195780 148 2433591 23703 123 2016906 27576 0
1459947782198692 147 2431626 23661 122 2015495 26721 0
1459947782201069 142 2431626 23661 116 2015495 26721 1
1459947782203197 136 2431626 23661 111 2015495 26721 1
1459947782205917 149 2432375 22502 122 2014194 25831 0
1459947782208972 151 2435625 23740 124 2015555 25066 0
1459947782211967 149 2436061 22287 123 2015529 23130 0
1459947782215157 153 2436061 22287 128 2015529 23130 1
1459947782218300 149 2436463 20916 122 2014225 22523 0
1459947782221312 150 2438114 20803 125 2016863 23195 0
1459947782225509 147 2435796 21313 145 2044895 47224 0
1459947782229506 147 2433659 21616 144 2069457 66177 0
1459947782233245 144 2427849 25282 141 2088260 78340 0
1459947782236996 145 2423773 27063 141 2105594 88199 0
1459947782240738 142 2416175 31951 140 2120294 94860 0
1459947782244750 142 2409171 35910 140 2133846 99942 0
1459947782248480 143 2403994 37876 142 2148899 106011 0
1459947782252425 145 2401781 36955 142 2162776 110521 0
1459947782256515 146 2401021 34766 145 2179409 117219 0
1459947782260306 144 2397761 35054 141 2189622 117476 0
1459947782264065 141 2390915 38625 138 2195197 113438 0
1459947782267785 138 2380764 44964 136 2197777 106953 0
1459947782271492 143 2377806 44177 140 2205275 105509 0
1459947782274792 137 2367399 50318 134 2204507 97973 0
1459947782278218 139 2360365 52869 137 2207639 93206 0
1459947782282374 147 2364121 52201 146 2222047 99206 0
1459947782286479 144 2363744 48469 144 2232769 101339 0
1459947782290086 145 2364676 45541 141 2238813 98993 0
1459947782293679 144 2364255 42370 141 2244385 96396 0
1459947782297317 137 2354907 47676 136 2243122 90028 0
1459947782301069 145 2356529 45447 143 2250918 90181 0
1459947782305166 148 2361865 46815 146 2261945 93300 0
1459947782308939 144 2361664 43342 140 2264430 88301 0
1459947782312539 144 2361479 40125 142 2269281 85874 0
1459947782316118 142 2358748 39507 140 2271193 80928 0
1459947782319687 144 2358790 36459 140 2272956 76230 0
1459947782323067 142 2356269 35933 139 2273301 70592 0
1459947782326566 140 2351385 37626 138 2272339 65963 0
1459947782330191 140 2346883 38836 136 2268892 63986 0
1459947782333898 144 2347852 36695 143 2274674 64318 0
1459947782337637 144 2348746 34652 141 2277445 61847 0
1459947782341473 141 2345730 34724 139 2277439 57019 0
1459947782345400 144 2346789 32988 141 2279994 54919 0
1459947782349437 148 2352886 36030 146 2288749 58699 0
1459947782353416 145 2354666 34856 144 2294260 59193 0
1459947782357091 144 2355027 32465 141 2295500 55712 0
1459947782360978 144 2355360 30235 142 2297924 53593 0
1459947782364728 142 2353107 29948 140 2297598 49705 0
1459947782368592 143 2352310 28342 141 2298578 46724 0
1459947782371868 137 2343895 33883 137 2294361 46959 0
1459947782375331 142 2342538 32485 139 2293034 44513 0
1459947782378995 143 2342567 29973 140 2293090 41087 0
1459947782382630 143 2342593 27655 141 2294422 39105 0
1459947782386840 149 2342593 27655 147 2294422 39105 1
1459947782390723 144 2343897 26697 143 2298210 39541 0
1459947782394548 141 2341260 27041 138 2295302 39131 0
1459947782398316 141 2338829 27169 137 2291341 39724 0
1459947782402173 141 2336587 27111 139 2290249 37625 0
1459947782405703 141 2334521 26896 140 2290523 34937 0
1459947782409638 145 2337736 27758 143 2294615 35980 0
1459947782413371 144 2339420 27141 142 2297108 35467 0
1459947782417180 144 2340972 26451 142 2299406 34814 0
1459947782421132 146 2344963 28063 144 2304084 36407 0
1459947782424881 148 2344963 28063 145 2304084 36407 1
1459947782428583 143 2344802 26017 140 2303277 34305 0
1459947782432360 144 2345934 25027 141 2303813 32118 0
1459947782436043 142 2344417 24468 137 2299187 33871 0
1459947782439703 140 2340459 26204 138 2296203 33974 0
1459947782443467 145 2343210 26692 142 2298572 33503 0
1459947782447183 140 2339346 28167 139 2296916 32411 0
1459947782450956 139 2339346 28167 135 2296916 32411 1
1459947782455218 148 2339346 28167 147 2296916 32411 1
1459947782459121 141 2337064 28069 138 2294109 32465 0
1459947782463379 150 2337064 28069 147 2294109 32465 1
1459947782467623 146 2341360 29837 144 2299201 34622 0
1459947782471744 146 2345321 31156 144 2303895 36245 0
1459947782475769 146 2348972 32087 144 2308223 37403 0
1459947782479551 142 2347218 31196 141 2308373 34618 0
1459947782483422 144 2348161 29627 141 2308511 32040 0
1459947782486954 140 2343910 31229 137 2303518 34138 0
1459947782490548 141 2341272 31220 138 2300195 34532 0
1459947782494328 144 2342680 30078 144 2304812 36090 0
1459947782498041 146 2346538 31284 142 2306508 34834 0
1459947782502117 147 2351374 33297 144 2310632 35913 0
1459947782505985 145 2353272 32445 143 2313153 35431 0
1459947782509845 146 2356302 32703 142 2314197 33625 0
1459947782513487 139 2356302 32703 135 2314197 33625 1
1459947782517260 140 2351415 34652 138 2310040 34829 0
1459947782521072 145 2353310 33691 143 2312608 34474 0
1459947782524839 141 2349937 34166 136 2306015 37857 0
1459947782528699 144 2350668 32170 139 2303777 36961 0
1459947782532271 141 2347502 32574 139 2301714 35974 0
1459947782535849 142 2345863 31539 140 2301092 33735 0
1459947782539725 149 2345863 31539 147 2301092 33735 1
1459947782543371 143 2345632 29287 141 2301799 31750 0
1459947782547322 144 2346699 27982 141 2302450 29870 0
1459947782550985 141 2343843 28427 139 2300491 29341 0
1459947782554714 144 2345050 27318 141 2301245 27743 0
1459947782558779 148 2345050 27318 146 2301245 27743 1
1459947782562140 137 2345050 27318 135 2301245 27743 1
1459947782566162 145 2347442 27389 143 2304500 28575 0
1459947782569763 140 2347442 27389 136 2304500 28575 1
1459947782572991 136 2347442 27389 130 2304500 28575 1
1459947782576967 147 2352208 29642 144 2308780 30288 0
1459947782580196 139 2346361 32715 138 2305046 31362 0
1459947782583863 141 2343531 32767 139 2302884 30903 0
1459947782587164 138 2337082 36151 137 2298331 32685 0
1459947782590426 139 2332417 37626 136 2292853 35180 0
1459947782593706 138 2326836 39830 136 2287803 37085 0
1459947782597367 141 2325531 37920 139 2286988 34937 0
1459947782600686 138 2320488 39605 136 2282397 36439 0
1459947782604092 140 2318399 38434 139 2282004 33953 0
1459947782607557 142 2319034 36016 139 2281642 31633 0
1459947782611151 142 2319619 33741 140 2282588 30033 0
1459947782614567 145 2323998 35141 142 2286020 30850 0
1459947782618424 140 2321635 34572 136 2281504 32601 0
1459947782622180 144 2324577 34583 141 2283741 32116 0
1459947782626003 142 2324729 32021 138 2281963 31244 0
1459947782629734 142 2324869 29648 139 2281604 29133 0
1459947782633914 149 2324869 29648 145 2281604 29133 1
1459947782637525 141 2323718 28391 139 2281273 27160 0
1459947782641029 140 2321377 28329 136 2277128 28858 0
1459947782644184 136 2321377 28329 133 2277128 28858 1
1459947782647896 142 2321779 26486 139 2277147 26620 0
1459947782651629 145 2325990 28298 142 2281004 28096 0
1459947782655448 144 2328592 28485 139 2280720 26162 0
1459947782659185 143 2329710 27290 140 2281738 25057 0
1459947782662863 143 2330741 26107 139 2281397 23413 0
1459947782666916 144 2332971 26123 143 2286202 26013 0
1459947782671233 152 2332971 26123 148 2286202 26013 1
1459947782674985 142 2332467 24545 138 2284232 25795 0
1459947782678260 141 2330723 24234 139 2283696 24272 0
1459947782681912 141 2329115 23822 139 2283202 22830 0
1459947782686005 146 2329115 23822 145 2283202 22830 1
1459947782689503 135 2329115 23822 133 2283202 22830 1
1459947782693080 143 2330192 22953 141 2285306 22986 0
1459947782696755 141 2328625 22602 138 2283406 22941 0
1459947782700749 143 2329741 21864 140 2284214 21893 0
