1459947780002004 130 2129920 0 129 2113536 0 0
1459947780003832 131 2131200 1180 129 2113536 0 0
1459947780005786 134 2136220 5714 134 2119936 5900 0
1459947780007845 137 2144687 13073 136 2128396 13238 0
1459947780009828 135 2149933 16887 133 2132355 15852 0
1459947780011808 133 2152209 17665 131 2133444 15617 0
1459947780013766 135 2156867 20578 133 2137008 17682 0
1459947780015588 127 2150921 24450 126 2131334 21530 0
1459947780017369 128 2146720 26411 127 2127383 23488 0
1459947780019128 132 2147967 25497 131 2128861 23015 0
1459947780020973 133 2150397 25745 130 2128943 21292 0
1459947780022646 125 2142397 31107 124 2121339 26637 0
1459947780024342 131 2142702 28957 128 2119449 26296 0
1459947780026073 129 2140423 28794 126 2115147 28206 0
1459947780027868 129 2138322 28480 128 2113741 27298 0
1459947780029788 133 2141505 29189 131 2116284 27510 0
1459947780031708 134 2145719 30793 132 2119909 28702 0
1459947780033568 134 2149604 31969 132 2123251 29540 0
1459947780035551 135 2154466 33953 131 2125052 28892 0
1459947780037241 131 2153828 31887 125 2119032 32183 0
1459947780038912 129 2150680 32296 125 2113482 34783 0
1459947780040491 130 2149058 31267 127 2110926 34421 0
1459947780042314 135 2153962 33345 132 2114969 35459 0
1459947780044149 134 2157203 33727 132 2118697 36124 0
1459947780045814 129 2153791 34236 127 2115733 36032 0
1459947780047416 129 2150646 34460 128 2114281 34555 0
1459947780049259 133 2152866 33814 130 2115502 32981 0
1459947780050805 128 2148513 35184 124 2108948 36445 0
1459947780052682 133 2150900 34635 130 2110586 35107 0
1459947780054465 130 2149260 33439 128 2109536 33331 0
1459947780056265 130 2147749 32218 129 2109848 31015 0
1459947780058037 133 2150196 31955 131 2112696 31216 0
1459947780059747 132 2151171 30357 130 2114041 30017 0
1459947780061681 139 2161030 37074 138 2125521 38254 0
1459947780063639 134 2163719 36656 133 2129704 39121 0
1459947780065323 129 2159798 37406 127 2125880 39588 0
1459947780067277 133 2161303 35871 132 2128755 39146 0
1459947780069149 132 2161411 33167 128 2126286 38363 0
1459947780070971 135 2165350 34207 130 2126569 35626 0
1459947780072978 135 2168982 34882 133 2130670 36623 0
1459947780074706 132 2168490 32609 127 2126771 37354 0
1459947780076634 134 2170596 32003 132 2129577 37021 0
1459947780078504 134 2172538 31292 133 2133443 37692 0
1459947780080486 140 2182008 37577 136 2140847 41573 0
1459947780082401 132 2180498 36032 130 2139993 39111 0
1459947780084213 133 2180386 33319 131 2140486 36509 0
1459947780085872 132 2179003 31989 130 2139660 34416 0
1459947780087841 132 2177728 30664 130 2138899 32428 0
1459947780089651 132 2176553 29351 129 2136917 31720 0
1459947780091443 129 2171629 31595 127 2132530 33284 0
1459947780093244 132 2170930 29769 131 2133606 31675 0
1459947780094807 128 2165166 32756 125 2126918 35365 0
1459947780096559 129 2161132 33914 128 2124592 34745 0
1459947780098374 133 2162533 32556 131 2126288 33593 0
1459947780100341 135 2166385 33563 132 2129131 33589 0
1459947780102413 137 2172496 36573 136 2136872 38100 0
1459947780104293 130 2169169 36781 129 2135048 36803 0
1459947780106235 130 2166102 36733 129 2133367 35476 0
1459947780108017 127 2159435 40008 126 2127977 37672 0
1459947780109584 128 2154569 41367 125 2121728 40488 0
1459947780111417 131 2153923 38730 128 2119808 39094 0
1459947780113042 129 2150767 38612 127 2116758 38850 0
1459947780114739 130 2149138 37096 129 2116506 36046 0
1459947780116397 127 2143796 39121 126 2112433 36982 0
1459947780118169 133 2146551 38604 132 2116359 37711 0
1459947780119907 132 2147811 36750 131 2118698 36920 0
1459947780121643 132 2148973 34949 128 2117014 35586 0
1459947780123591 132 2150044 33205 131 2119302 34914 0
1459947780125582 134 2153591 33880 132 2122691 35310 0
1459947780127460 129 2150461 34117 126 2118135 36750 0
1459947780129150 131 2150136 31750 127 2115215 36569 0
1459947780130671 127 2144716 34264 125 2109963 38552 0
1459947780132255 129 2142280 33832 126 2106402 38822 0
1459947780133950 131 2142594 31477 128 2105679 36455 0
1459947780135473 124 2133923 37009 122 2097332 41300 0
1459947780137366 135 2140010 39728 133 2103717 43960 0
1459947780139428 138 2149461 45337 136 2113444 49492 0
1459947780141549 138 2158174 49827 136 2122411 53891 0
1459947780143534 135 2162366 49799 134 2128117 54940 0
1459947780145488 135 2166231 49471 132 2130817 53136 0
1459947780147158 130 2163394 48221 130 2130746 49048 0
1459947780149017 135 2167178 47942 134 2135801 49876 0
1459947780150980 138 2174507 50952 135 2141741 51455 0
1459947780153039 136 2178703 50839 132 2143377 48943 0
1459947780154969 134 2180011 48073 131 2143605 45329 0
1459947780157119 142 2191457 54869 139 2154055 51421 0
1459947780159042 135 2193049 52050 133 2156009 49204 0
1459947780160834 129 2186837 53709 128 2151410 49597 0
1459947780162688 133 2186230 50071 131 2151011 46089 0
1459947780164401 128 2179270 52574 125 2142963 49906 0
1459947780166216 132 2177974 49660 130 2141944 46946 0
1459947780168150 135 2180619 48219 131 2142284 43592 0
1459947780170127 136 2184338 47879 133 2145158 42835 0
1459947780172055 133 2183926 44517 130 2143967 40585 0
1459947780174117 134 2184826 41869 132 2145429 38762 0
1459947780176066 134 2185656 39362 132 2146777 36976 0
1459947780177778 124 2173621 47380 123 2136500 43561 0
1459947780179718 135 2176606 46430 132 2138545 42043 0
1459947780181342 127 2169118 49704 125 2131471 45279 0
1459947780183115 128 2163495 51003 126 2126229 46572 0
1459947780184809 131 2162151 48256 128 2123957 45027 0
1459947780186467 119 2145552 59787 119 2110342 54059 0
1459947780188517 131 2145610 55170 130 2111871 51245 0
1459947780190499 136 2152064 56809 132 2115841 50900 0
1459947780192278 133 2154174 54315 132 2119500 50297 0
1459947780194309 138 2162519 57764 138 2130554 56557 0
1459947780196104 133 2163812 54443 130 2130504 52183 0
1459947780197909 133 2165004 51288 130 2130458 48148 0
1459947780199634 133 2166103 48294 130 2130415 44424 0
1459947780201763 135 2169676 47815 132 2132936 43277 0
1459947780203703 134 2171690 45935 132 2135260 42037 0
1459947780205468 131 2169706 44174 130 2134842 39136 0
1459947780207185 129 2165317 44767 126 2129337 41152 0
1459947780209346 137 2171511 46979 134 2134502 42699 0
1459947780211121 133 2172101 43852 131 2135424 40213 0
1459947780213216 135 2175205 43288 133 2138834 40214 0
1459947780215357 138 2181907 46084 137 2147097 44690 0
1459947780217424 136 2185525 45818 134 2150875 44680 0
1459947780219359 135 2187580 44133 134 2154357 44399 0
1459947780221153 132 2185635 42477 131 2153727 41509 0
1459947780222982 130 2181282 43170 129 2150587 41160 0
1459947780225023 134 2182389 40817 132 2151532 38815 0
1459947780226830 130 2178289 41406 126 2144723 42058 0
1459947780228895 134 2179630 39407 132 2146126 40065 0
1459947780230863 134 2180866 37467 132 2147419 38126 0
1459947780232912 141 2190965 43849 139 2157571 44506 0
1459947780234794 135 2192595 41926 134 2160530 43756 0
1459947780236776 133 2191538 39623 131 2159418 41361 0
1459947780238792 131 2188004 39784 130 2157113 40253 0
1459947780240907 137 2192426 40751 135 2161388 41049 0
1459947780242840 132 2190102 39708 127 2155089 43648 0
1459947780244924 137 2194360 40530 134 2158242 43145 0
1459947780246437 121 2177805 52624 120 2143229 53613 0
1459947780248223 130 2174063 51960 127 2138349 53922 0
1459947780250134 133 2174454 48260 130 2137690 50316 0
1459947780251858 132 2173534 45336 130 2137082 46944 0
1459947780253668 130 2170126 44935 127 2132682 47331 0
1459947780255383 129 2165704 45499 128 2129906 46191 0
1459947780257141 128 2160348 46881 127 2126067 46120 0
1459947780258957 133 2161810 44566 131 2127648 43973 0
1459947780260666 133 2163158 42327 132 2130385 43060 0
1459947780262655 132 2163121 39053 132 2132908 42021 0
1459947780264455 132 2163087 36032 132 2135234 40882 0
1459947780266326 132 2163055 33245 128 2132258 40430 0
1459947780268247 132 2163026 30673 128 2129515 39799 0
1459947780270292 138 2170679 35331 136 2137226 43798 0
1459947780272169 131 2168774 34325 130 2136655 40902 0
1459947780273885 124 2158058 41521 123 2127168 46451 0
1459947780275720 133 2159699 39790 131 2128663 44200 0
1459947780277645 137 2166332 42796 136 2136441 47916 0
1459947780279427 133 2167327 40369 132 2138491 46062 0
1459947780281222 126 2159284 44629 124 2130141 50160 0
1459947780282819 116 2139069 59776 114 2109643 65136 0
1459947780284582 129 2137074 56944 127 2107387 62126 0
1459947780286510 131 2137795 53159 130 2109147 58894 0
1459947780288475 135 2143579 54337 133 2114609 59328 0
1459947780290342 136 2150191 56187 132 2118365 58155 0
1459947780292284 135 2155007 56237 133 2123107 57983 0
1459947780293879 124 2145367 60729 123 2114679 61222 0
1459947780295438 126 2139040 61816 124 2108189 62421 0
1459947780297275 133 2142167 59869 131 2111166 60289 0
1459947780299081 131 2142490 55488 131 2113911 58108 0
1459947780300906 123 2132547 60318 121 2103641 63034 0
1459947780302956 133 2136181 58955 132 2108254 62361 0
1459947780304680 126 2130571 59519 127 2106106 59468 0
1459947780306785 139 2142040 65442 137 2116926 64797 0
1459947780308696 132 2143653 61816 130 2117941 60669 0
1459947780310437 129 2141300 59155 128 2116316 57426 0
1459947780312320 137 2149370 61973 134 2122498 58638 0
1459947780314055 131 2149130 57351 127 2119237 57061 0
1459947780316049 134 2152749 56206 129 2118791 53013 0
1459947780317732 125 2144565 59358 123 2110700 56329 0
1459947780319474 127 2139580 59314 124 2104521 57623 0
1459947780321311 131 2140105 55164 130 2106505 54950 0
1459947780323131 129 2138029 52767 128 2105774 51330 0
1459947780325082 137 2146355 56320 135 2114060 54958 0
1459947780327161 131 2146351 51923 127 2111459 53061 0
1459947780329090 130 2145067 49049 127 2109061 51125 0
1459947780331087 133 2147723 47666 131 2111970 49812 0
1459947780333003 130 2146332 45224 130 2113372 47212 0
1459947780335007 134 2150169 45228 132 2117224 47074 0
1459947780336885 131 2149867 41972 127 2114375 46021 0
1459947780338684 127 2144468 43668 126 2110469 46025 0
1459947780340640 130 2143331 41303 130 2111988 43829 0
1459947780342385 126 2137163 43761 125 2106988 45012 0
1459947780344371 133 2140437 43360 133 2112619 46686 0
1459947780346467 136 2147295 46294 134 2119090 49004 0
1459947780348429 137 2154897 49685 135 2126336 51855 0
1459947780350211 134 2158065 48724 131 2127896 49241 0
1459947780351684 122 2145626 56384 121 2116534 55868 0
1459947780353286 124 2136718 60190 122 2107339 59978 0
1459947780355029 130 2136186 55976 128 2106543 56025 0
1459947780357028 132 2138256 53510 130 2108369 53331 0
1459947780358874 129 2136324 51109 126 2104932 52331 0
1459947780360754 131 2137103 47834 130 2106884 50041 0
1459947780362930 140 2149341 55378 137 2117643 56050 0
1459947780364594 127 2143983 55989 127 2114762 54326 0
1459947780366604 135 2149284 56501 133 2119786 54712 0
1459947780368224 128 2145211 55840 125 2114177 55607 0
1459947780369869 129 2142736 53758 128 2112846 52488 0
1459947780371374 123 2132774 58740 121 2102659 57777 0
1459947780373067 128 2129991 56715 128 2102228 53659 0
1459947780374964 131 2131265 53458 130 2104391 51460 0
1459947780376625 131 2132439 50364 127 2102545 49140 0
1459947780378379 131 2133522 47427 129 2103403 46091 0
1459947780380329 133 2137080 47001 130 2105474 44399 0
1459947780382343 131 2137800 43993 130 2107383 42690 0
1459947780384290 133 2141024 43528 131 2110423 42157 0
1459947780386327 135 2146556 45227 134 2117066 44987 0
1459947780388228 134 2150376 45214 133 2121910 45937 0
1459947780390242 137 2157737 48467 135 2128935 48824 0
1459947780391947 130 2155563 46683 128 2126451 47297 0
1459947780393860 132 2156119 43548 130 2126722 43850 0
1459947780395738 137 2163032 46518 134 2132091 45374 0
1459947780397696 137 2169405 48758 136 2139601 48752 0
1459947780399387 131 2167600 46611 130 2138844 45640 0
1459947780401207 132 2167216 43322 128 2135586 45076 0
1459947780402658 119 2150222 55603 118 2119783 56122 0
1459947780404416 130 2148635 52721 129 2119294 52186 0
1459947780406076 128 2144612 52309 126 2115004 52062 0
1459947780407970 130 2143464 49280 129 2114889 48099 0
1459947780409723 129 2141125 47585 128 2113503 45618 0
1459947780411353 126 2135129 49393 126 2109665 45591 0
1459947780412878 123 2125762 54169 121 2099727 51190 0
1459947780414584 125 2119686 55537 124 2094405 52095 0
1459947780416217 127 2116645 54000 125 2090779 51367 0
1459947780418266 138 2127922 60177 135 2100236 56072 0
1459947780420058 132 2130638 57978 130 2102555 53828 0
1459947780421906 132 2133141 55756 127 2100852 51191 0
1459947780423868 135 2139289 57068 133 2106962 52824 0
1459947780425680 134 2143677 56654 129 2107475 49170 0
1459947780427610 133 2146442 54776 130 2109228 46944 0
1459947780429593 136 2152831 56386 133 2114684 48306 0
1459947780431336 134 2156161 55049 132 2118434 47989 0
1459947780433085 130 2154110 52637 128 2116771 45771 0
1459947780434925 130 2152220 50266 129 2116518 42427 0
1459947780437200 140 2163277 56531 139 2129085 50697 0
1459947780439377 136 2168350 56791 133 2132990 50336 0
1459947780441248 133 2169187 53126 130 2132750 46624 0
1459947780443221 137 2175079 54406 133 2136368 46317 0
1459947780445324 137 2180510 55162 133 2139704 45773 0
1459947780447258 133 2180397 50955 131 2140219 42671 0
1459947780449226 135 2182853 49238 134 2144534 43315 0
1459947780450828 131 2179997 48023 128 2140832 43343 0
1459947780452533 125 2169684 53777 122 2129739 50181 0
1459947780454374 134 2171697 51431 132 2132313 48633 0
1459947780456263 133 2172273 47943 132 2134686 47020 0
1459947780458195 134 2174084 45866 132 2136873 45362 0
1459947780459973 132 2173193 43102 130 2136329 42318 0
1459947780461698 133 2173652 40157 130 2135828 39472 0
1459947780463697 136 2177915 40949 134 2140486 40682 0
1459947780465606 133 2178005 37832 131 2140940 37922 0
1459947780467466 126 2169128 43059 123 2131119 44012 0
1459947780469529 136 2173744 43951 133 2134865 44026 0
1459947780471158 130 2170320 43673 127 2130638 44482 0
1459947780472744 128 2164603 45530 127 2126741 44597 0
1459947780474639 134 2167013 44194 133 2130829 44880 0
1459947780476592 135 2170515 43969 133 2134597 44847 0
1459947780478337 135 2173743 43509 133 2138071 44546 0
1459947780480378 136 2177999 44032 134 2142554 45197 0
1459947780482221 133 2178082 40669 131 2142846 41935 0
1459947780484090 133 2178159 37562 131 2143116 38907 0
1459947780486052 134 2179510 35872 133 2145925 38456 0
1459947780487975 131 2176915 35460 129 2143394 37783 0
1459947780489893 133 2177083 32844 131 2143621 35040 0
1459947780491552 127 2169558 37214 126 2137430 38008 0
1459947780493130 123 2157501 45420 122 2126603 45018 0
1459947780494854 126 2150226 48577 126 2121742 45981 0
1459947780496636 124 2140959 53323 124 2114700 48878 0
1459947780498362 126 2134976 54672 123 2106929 52222 0
1459947780500270 132 2137141 52395 130 2108725 49797 0
1459947780501804 116 2118656 65341 114 2089900 63259 0
1459947780503765 127 2115696 62964 125 2086626 61333 0
1459947780505593 129 2115527 58199 126 2084888 58142 0
1459947780507437 131 2117931 55868 130 2088406 56842 0
1459947780509280 131 2120147 53546 129 2090369 54210 0
1459947780511126 134 2126030 54785 134 2098578 57542 0
1459947780512924 132 2128893 53144 129 2099746 54123 0
1459947780514660 129 2127693 50098 128 2099543 50080 0
1459947780516529 132 2130426 48704 130 2101916 48354 0
1459947780518152 125 2123986 50835 125 2097703 48459 0
1459947780520038 134 2129569 52010 131 2101499 48173 0
1459947780521820 130 2129596 47971 128 2101159 44722 0
1459947780523727 135 2136021 50146 133 2107245 46839 0
1459947780525289 117 2118904 62007 116 2091096 58065 0
1459947780526753 116 2101844 72888 114 2073649 69611 0
1459947780528740 138 2114277 78655 135 2084445 74124 0
1459947780530469 134 2120619 78356 132 2090557 73968 0
1459947780532252 133 2125185 76443 130 2093632 71024 0
1459947780534004 132 2128114 73171 132 2099027 70448 0
1459947780535771 133 2132095 71124 132 2104000 69529 0
1459947780537453 133 2135765 68950 133 2109865 69503 0
1459947780539283 134 2140428 67862 130 2111431 65517 0
1459947780541380 135 2146007 67703 134 2117995 66449 0
1459947780543294 133 2148590 64794 132 2121486 64475 0
1459947780545136 130 2147131 61075 128 2119584 61189 0
1459947780546855 128 2143226 59902 126 2115271 60383 0
1459947780548836 136 2149866 61343 134 2121535 61440 0
1459947780550618 133 2152147 58653 132 2124750 59603 0
1459947780552505 131 2151690 54490 129 2123873 55753 0
1459947780554306 125 2143589 57699 122 2114105 60401 0
1459947780555988 128 2139961 56535 125 2108940 60442 0
1459947780557838 132 2141736 53754 129 2109299 56050 0
1459947780559593 130 2140812 50404 129 2109630 51976 0
1459947780561924 137 2148921 53941 134 2116335 54096 0
1459947780564039 138 2157676 57797 137 2126356 59107 0
1459947780565682 128 2152947 57639 127 2122794 57772 0
1459947780567307 133 2154988 55016 130 2123350 53771 0
1459947780569004 132 2155589 51271 127 2120023 52636 0
1459947780570690 132 2156143 47776 129 2119516 48990 0
1459947780572696 134 2159214 46874 132 2122888 48271 0
1459947780574506 135 2163325 47001 132 2125997 47365 0
1459947780576362 133 2164555 44463 131 2127583 45126 0
1459947780578018 131 2163129 42303 129 2126485 42611 0
1459947780579815 133 2164374 40146 131 2128033 40709 0
1459947780581707 132 2164242 37130 129 2126900 38572 0
1459947780583617 133 2165400 35297 131 2128415 36955 0
1459947780585325 129 2161348 36274 127 2124692 37498 0
1459947780587030 130 2158892 35703 127 2121260 37731 0
1459947780588764 126 2151508 39719 124 2114256 41239 0
1459947780590662 132 2152381 37420 129 2114199 38068 0
1459947780592365 126 2145506 40833 124 2107747 41040 0
1459947780594093 130 2144288 38764 125 2103079 42136 0
1459947780595764 130 2143165 36769 128 2102615 39270 0
1459947780597519 132 2144690 35302 128 2102188 36595 0
1459947780599290 134 2148656 36200 132 2106914 38093 0
1459947780601373 136 2154872 39101 131 2109991 37952 0
1459947780603382 137 2161882 42508 136 2119227 43502 0
1459947780605325 131 2160664 40308 128 2117502 41692 0
1459947780607203 135 2164662 40843 132 2121032 41688 0
1459947780609009 128 2159387 42514 126 2116606 42510 0
1459947780610570 127 2153244 44854 127 2113806 41769 0
1459947780612173 124 2143741 50108 121 2103544 47964 0
1459947780614010 128 2140101 49548 125 2099204 48216 0
1459947780616018 137 2148265 53203 133 2105443 50201 0
1459947780618036 133 2150671 51264 131 2108635 49221 0
1459947780619933 132 2151609 48124 130 2110297 46908 0
1459947780621648 132 2152474 45161 130 2111830 44656 0
1459947780623312 129 2149431 44436 127 2109403 43404 0
1459947780625043 129 2146626 43549 127 2107165 42075 0
1459947780627023 135 2151720 44842 132 2111502 42785 0
1459947780628613 127 2146176 46448 126 2107820 42835 0
1459947780630643 134 2150026 46368 131 2110826 42259 0
1459947780632194 125 2142055 50093 123 2103357 45841 0
1459947780633781 127 2137266 50592 125 2099032 46245 0
1459947780635503 131 2137972 47289 129 2100165 43676 0
1459947780637316 130 2137342 44173 128 2099929 40479 0
1459947780639223 134 2141882 44906 132 2104832 41836 0
1459947780641146 131 2142227 41715 130 2106792 40373 0
1459947780643065 131 2142545 38749 131 2109878 40063 0
1459947780644876 129 2140278 37810 126 2106323 40209 0
1459947780646661 131 2140748 35290 128 2105606 37727 0
1459947780648256 129 2138622 34491 127 2103665 36567 0
1459947780649818 126 2132822 37142 125 2099316 37719 0
1459947780651520 127 2128755 37988 126 2096586 37287 0
1459947780653081 128 2126286 37296 125 2092790 37872 0
1459947780654963 132 2129129 37003 129 2094410 36407 0
1459947780656471 123 2120230 42314 122 2086944 40444 0
1459947780658290 132 2123547 42065 130 2090301 40379 0
1459947780660159 135 2130444 45137 133 2097236 43617 0
1459947780662122 133 2134243 45112 130 2099789 42562 0
1459947780663987 136 2141585 48355 134 2107262 46126 0
1459947780665891 133 2144513 47276 130 2109032 44153 0
1459947780667670 132 2145932 44891 128 2108103 41558 0
1459947780669327 125 2138281 48436 124 2102127 43819 0
1459947780671040 132 2140187 46408 130 2104298 42396 0
1459947780672928 132 2141944 44402 128 2103739 39597 0
1459947780674926 138 2151244 49507 133 2109624 41928 0
1459947780676637 131 2150858 45994 130 2111209 40113 0
1459947780678487 132 2151782 43252 130 2112670 38326 0
1459947780680353 128 2147514 43806 128 2111457 36448 0
1459947780682410 136 2153819 46195 134 2118019 39649 0
1459947780684243 136 2159631 47944 133 2122788 40948 0
1459947780685936 130 2157309 46337 129 2122065 38414 0
1459947780687737 129 2153889 45868 127 2118838 38386 0
1459947780689607 133 2155856 44097 131 2120983 37365 0
1459947780691396 133 2157669 42323 129 2120401 34981 0
1459947780693517 137 2164461 45277 134 2126264 37653 0
1459947780695377 133 2165602 42791 129 2125269 35627 0
1459947780697083 132 2165374 39656 129 2124352 33688 0
1459947780698944 135 2169004 39903 134 2129907 36177 0
1459947780700994 135 2172350 39870 132 2132468 35710 0
1459947780702768 131 2170315 38630 130 2132268 33103 0
1459947780704450 128 2164599 40881 128 2129524 33045 0
1459947780706231 127 2158049 43724 124 2121874 37514 0
1459947780708083 131 2157131 41153 128 2119942 36363 0
1459947780710183 136 2162685 43057 134 2125841 38960 0
1459947780711896 134 2165245 42053 132 2128719 38569 0
1459947780713682 134 2167605 40942 132 2131372 38001 0
1459947780715519 125 2158260 46357 123 2122298 43396 0
1459947780717331 126 2150925 49496 124 2115213 46536 0
1459947780719011 129 2148003 48321 129 2115081 43020 0
1459947780720876 134 2151710 47962 133 2120080 44267 0
1459947780723018 139 2161527 53264 138 2131088 50956 0
1459947780724828 132 2161617 49185 128 2128436 49419 0
1459947780726681 128 2156580 49984 125 2122151 51351 0
1459947780728340 132 2157057 46518 129 2121477 47959 0
1459947780730171 131 2156216 43657 128 2119576 45963 0
1459947780731798 127 2150321 45679 124 2112704 48707 0
1459947780733478 127 2144887 47119 125 2107649 49561 0
1459947780735401 133 2147557 45899 131 2110668 48473 0
1459947780737243 131 2147459 42403 129 2110892 44892 0
1459947780739065 129 2144808 41533 127 2108538 43553 0
1459947780741166 136 2151324 44295 133 2114048 45230 0
1459947780742929 130 2149651 42375 129 2114008 41732 0
1459947780744742 133 2151949 41182 132 2117811 41977 0
1459947780746554 131 2151507 38370 128 2116197 40184 0
1459947780748257 129 2148540 38106 124 2109589 43135 0
1459947780750151 134 2152205 38506 131 2112457 42409 0
1459947780752069 135 2156863 39792 133 2117661 43892 0
1459947780754086 136 2162438 41822 134 2123738 46064 0
1459947780755784 122 2149657 50335 120 2111420 53819 0
1459947780757742 134 2153235 49700 131 2114145 52126 0
1459947780759580 133 2155253 47677 132 2117937 51549 0
1459947780761434 136 2160953 49207 135 2125273 54284 0
1459947780763067 129 2157248 48777 128 2123076 52068 0
1459947780765067 135 2161513 48897 131 2124890 49672 0
1459947780766789 129 2157764 48531 125 2118882 51328 0
1459947780768538 127 2151748 50284 125 2113344 52423 0
1459947780770263 130 2150042 47927 127 2110799 50673 0
1459947780772092 133 2152309 46272 129 2111012 46911 0
1459947780774059 132 2153119 43404 128 2109929 44244 0
1459947780775744 129 2150026 42863 126 2106370 44067 0
1459947780777425 129 2147175 42142 128 2105649 41287 0
1459947780779269 135 2152226 43506 131 2108825 40989 0
1459947780781402 137 2159443 46760 134 2115593 44025 0
1459947780783180 129 2155856 46412 125 2110312 45453 0
1459947780785186 134 2158949 45638 132 2114403 45673 0
1459947780787056 134 2161801 44701 130 2115615 43221 0
1459947780788744 125 2152910 49404 122 2106492 48253 0
1459947780790655 132 2153673 46248 131 2109602 47350 0
1459947780792507 131 2153097 43164 130 2111189 45113 0
1459947780794351 132 2153846 40481 130 2112652 42937 0
1459947780796524 139 2163496 46214 138 2124241 50265 0
1459947780798436 133 2164712 43724 131 2125964 47927 0
1459947780800553 136 2169673 44882 133 2130113 48006 0
1459947780802450 135 2172967 44411 134 2135217 48961 0
1459947780804204 131 2170883 42861 129 2133523 46696 0
1459947780806246 133 2171522 40101 131 2134521 43967 0
1459947780808249 133 2172111 37511 131 2135441 41380 0
1459947780810193 135 2175214 37441 133 2138849 41289 0
1459947780812098 133 2175515 34792 131 2139431 38599 0
1459947780813825 127 2168112 38896 124 2131007 43347 0
1459947780815929 140 2177928 44906 136 2138602 46961 0
1459947780818007 136 2181857 45019 135 2144323 48566 0
1459947780819900 133 2181639 41701 132 2145757 46093 0
1459947780821770 129 2176318 43347 127 2140679 47171 0
1459947780823625 131 2173973 42121 127 2135998 47799 0
1459947780825616 134 2175651 40377 132 2138083 45986 0
1459947780827209 128 2169518 42875 125 2131045 48880 0
1459947780829036 132 2168984 40016 130 2130957 45142 0
1459947780830843 135 2172332 39975 130 2130875 41689 0
1459947780832526 128 2166458 42265 125 2124400 44400 0
1459947780834321 132 2166163 39234 128 2122271 42893 0
1459947780836292 138 2173571 42997 135 2129268 45991 0
1459947780838176 132 2172720 40420 131 2130598 43624 0
1459947780840161 135 2175776 40079 133 2134385 43706 0
1459947780842086 134 2177313 38364 131 2135316 41149 0
1459947780844100 134 2178730 36672 131 2136174 38725 0
1459947780845886 133 2178756 33831 131 2136965 36428 0
1459947780847784 133 2178780 31209 131 2137694 34254 0
1459947780849665 132 2177522 29928 131 2138366 32197 0
1459947780851340 130 2173803 31017 128 2135146 32649 0
1459947780853193 131 2171654 30573 130 2134737 30474 0
1459947780855000 130 2168393 31189 128 2131800 30799 0
1459947780856377 111 2141067 53942 110 2106053 52127 0
1459947780858592 135 2146596 54824 133 2111757 53312 0
1459947780860537 135 2151693 55238 134 2118295 55175 0
1459947780862475 135 2156391 55253 133 2123043 55241 0
1459947780864577 136 2162002 56109 134 2128700 56140 0
1459947780866429 127 2155655 57575 125 2122395 57566 0
1459947780868327 127 2149804 58469 125 2116582 58425 0
1459947780870096 129 2146970 56513 127 2113784 56439 0
1459947780871947 133 2149477 54409 130 2115044 53191 0
1459947780873981 138 2158189 58189 135 2122606 56006 0
1459947780875752 129 2154700 56857 126 2118057 55823 0
1459947780877110 94 2106684 96679 93 2071623 94266 0
1459947780878734 133 2112339 94338 129 2074897 89919 0
1459947780880776 133 2117552 91773 130 2079195 86856 0
1459947780882628 129 2117238 84892 123 2074197 84676 0
1459947780884612 131 2119508 80352 130 2078550 82073 0
1459947780886724 135 2126721 80723 134 2087683 84080 0
1459947780888710 136 2134650 81726 132 2093542 82913 0
1459947780890545 132 2136840 77360 132 2098944 81415 0
1459947780892485 139 2147819 81437 137 2110324 85544 0
1459947780894205 133 2150260 77324 131 2113134 81451 0
1459947780895988 132 2151230 72178 129 2113165 75115 0
1459947780897957 130 2149565 68073 128 2111913 70399 0
1459947780899548 129 2146750 65348 126 2108199 68322 0
1459947780901171 127 2141595 64994 125 2103495 67319 0
1459947780902812 125 2134282 66656 125 2099159 66055 0
1459947780904526 127 2130101 65302 126 2096442 63398 0
1459947780906558 134 2135206 64907 132 2101617 63216 0
1459947780908468 136 2142473 66535 133 2107668 63855 0
1459947780910246 133 2145332 63971 130 2109406 60468 0
1459947780912058 135 2150527 63763 134 2116128 61940 0
1459947780914195 136 2156597 64376 135 2123605 63993 0
1459947780916137 135 2160912 63324 131 2125378 60627 0
1459947780918135 136 2166170 63223 133 2129572 59757 0
1459947780919970 132 2165897 58533 129 2128319 56242 0
1459947780921948 134 2168206 56088 132 2131004 54323 0
1459947780923587 128 2162654 56823 128 2128359 52517 0
1459947780925430 129 2158816 55920 129 2127200 49481 0
1459947780927267 130 2156558 53632 128 2124852 47779 0
1459947780929191 137 2163436 55783 134 2130367 49131 0
1459947780931102 133 2164657 52550 130 2130332 45324 0
1459947780933022 134 2167063 50662 131 2131579 42933 0
1459947780934870 134 2169281 48748 130 2131449 39697 0
1459947780936816 136 2173885 49184 134 2136449 41204 0
1459947780938526 127 2166610 52047 126 2130818 43174 0
1459947780940403 134 2168863 50057 131 2132027 40916 0
1459947780942317 132 2168380 46590 130 2131862 37870 0
1459947780944070 128 2162815 48079 128 2129150 37410 0
1459947780946061 134 2165365 46672 132 2131770 36902 0
1459947780948098 134 2167715 45192 132 2134185 36245 0
1459947780949834 132 2167322 42023 131 2135131 34285 0
1459947780951622 131 2165679 40252 129 2133443 33161 0
1459947780953564 127 2159045 43222 127 2129327 34363 0
1459947780955426 130 2156769 41942 128 2126813 33995 0
1459947780957278 131 2155951 39418 128 2124495 33475 0
1459947780959057 133 2157757 38003 131 2126198 32429 0
1459947780960702 129 2154302 38218 127 2122648 33166 0
1459947780962554 130 2152397 36988 129 2121936 31230 0
1459947780964629 137 2159600 40739 136 2130239 36445 0
1459947780966651 135 2163681 41318 132 2132774 35934 0
1459947780968774 139 2163681 41318 136 2132774 35934 1
1459947780970646 134 2166163 40378 132 2135111 35280 0
1459947780972491 131 2164611 38653 130 2134705 32896 0
1459947780974359 130 2161900 38131 126 2129211 35390 0
1459947780976479 137 2168361 41108 135 2135666 38576 0
1459947780978496 132 2167917 38304 131 2136497 36328 0
1459947780980509 134 2170068 37294 132 2138543 35375 0
1459947780982493 133 2170771 35028 131 2139149 33169 0
1459947780984444 133 2171419 32888 131 2139707 31092 0
1459947780986757 140 2171419 32888 139 2139707 31092 1
1459947780988738 134 2173296 32049 133 2142782 31497 0
1459947780990686 132 2172467 30308 129 2140497 31142 0
1459947780992796 137 2178103 33135 136 2147350 35027 0
1459947780994734 130 2174338 34016 132 2148548 33394 0
1459947780996757 137 2179827 36419 134 2152212 34163 0
1459947780998702 135 2182328 35878 133 2154310 33428 0
1459947781000524 131 2179513 35669 130 2152404 32572 0
1459947781002406 132 2178198 34093 131 2151927 30466 0
1459947781004466 137 2183386 36211 135 2156607 32400 0
1459947781006533 136 2186888 36611 134 2159642 32665 0
1459947781008424 133 2186277 34312 130 2157319 32253 0
1459947781010324 136 2189554 34652 132 2157738 30119 0
1459947781011933 130 2184895 36238 130 2155564 29768 0
1459947781013782 132 2183160 35005 129 2152280 30468 0
1459947781015650 134 2184120 33155 130 2150533 29697 0
1459947781017224 128 2184120 33155 122 2150533 29697 1
1459947781019142 132 2182445 32107 131 2150202 27680 0
1459947781021052 134 2183461 30535 131 2149897 25797 0
1459947781022701 125 2183461 30535 125 2149897 25797 1
1459947781024895 140 2183461 30535 138 2149897 25797 1
1459947781026862 137 2188238 32552 134 2153456 27062 0
1459947781028740 135 2190081 31707 134 2156737 27971 0
1459947781030498 132 2187940 31201 131 2155921 26536 0
1459947781032403 135 2189807 30484 132 2156449 24949 0
1459947781034109 130 2189807 30484 127 2156449 24949 1
1459947781036052 136 2192808 30868 133 2158216 24628 0
1459947781037918 132 2190454 30625 130 2156005 24740 0
1459947781039764 131 2187004 31411 130 2153967 24685 0
1459947781041889 137 2191504 33105 136 2159768 28104 0
1459947781043920 136 2194372 33162 135 2163836 29658 0
1459947781046166 137 2198296 34189 136 2168866 31977 0
1459947781048134 132 2195514 34081 130 2165823 32282 0
1459947781050035 132 2192949 33782 130 2163018 32344 0
1459947781051886 136 2195704 33682 134 2165552 32153 0
1459947781053836 134 2195684 31067 134 2167888 31794 0
1459947781055686 131 2191826 32195 129 2163641 33224 0
1459947781057686 133 2190829 30597 131 2162286 31876 0
1459947781059457 133 2189910 29052 130 2159757 31716 0
1459947781061430 140 2189910 29052 140 2159757 31716 1
1459947781063332 136 2192903 29541 132 2159985 29449 0
1459947781065088 135 2194382 28596 134 2162756 29702 0
1459947781066885 134 2194465 26438 129 2158910 30925 0
1459947781068719 134 2194542 24443 129 2155365 31775 0
1459947781070696 135 2195893 23778 131 2154657 29944 0
1459947781072671 136 2198418 24248 134 2157844 30542 0
1459947781074538 133 2196906 23746 131 2156942 28986 0
1459947781076518 135 2198072 22965 133 2158670 28314 0
1459947781078397 135 2199147 22161 134 2161543 28750 0
1459947781080541 138 2199147 22161 134 2161543 28750 1
1459947781082644 138 2199147 22161 136 2161543 28750 1
1459947781084455 132 2196298 23054 131 2160352 27600 0
1459947781086176 134 2196232 21312 131 2159254 26454 0
1459947781088061 137 2200011 23131 134 2162082 26994 0
1459947781089817 128 2200011 23131 126 2162082 26994 1
1459947781091619 132 2197095 24011 129 2158289 28381 0
1459947781093522 132 2194406 24612 130 2156072 28206 0
1459947781095429 133 2193208 23793 131 2155308 26705 0
1459947781097502 138 2193208 23793 135 2155308 26705 1
1459947781099633 137 2197223 25635 135 2159724 28689 0
1459947781101829 139 2197223 25635 136 2159724 28689 1
1459947781103617 128 2197223 25635 127 2159724 28689 1
1459947781105260 124 2197223 25635 122 2159724 28689 1
1459947781107077 128 2197223 25635 124 2159724 28689 1
1459947781108830 133 2195804 24939 132 2159955 26660 0
1459947781110385 128 2195804 24939 126 2159955 26660 1
1459947781112125 131 2191936 26555 129 2156328 27920 0
1459947781114049 133 2190931 25406 131 2155544 26459 0
1459947781115906 131 2187444 26635 128 2150982 28596 0
1459947781118109 139 2187444 26635 138 2150982 28596 1
1459947781119983 133 2186789 25156 132 2151896 27204 0
1459947781121883 131 2183626 26105 130 2150179 26660 0
1459947781123617 131 2180710 26752 129 2147316 27216 0
1459947781125360 130 2176742 28319 128 2143396 28701 0
1459947781127255 135 2179484 28633 130 2142343 27428 0
1459947781129179 136 2183291 29906 132 2143932 26750 0
1459947781131234 135 2185521 29625 130 2142837 25669 0
1459947781133308 133 2185017 27774 131 2143107 23912 0
1459947781135076 129 2179432 30752 127 2138236 26532 0
1459947781136878 133 2179403 28374 131 2138866 25040 0
1459947781138746 134 2180657 27313 132 2140727 24798 0
1459947781140583 128 2174133 31193 127 2136042 27178 0
1459947781142393 132 2173238 29580 129 2134283 26674 0
1459947781144224 134 2174973 28869 131 2135222 25455 0
1459947781146074 133 2175293 26908 131 2136087 24264 0
1459947781147900 131 2173028 26892 130 2135605 22812 0
1459947781149795 134 2174780 26406 133 2139000 24159 0
1459947781151737 136 2178955 28192 131 2139570 22797 0
1459947781153537 132 2177684 27160 131 2140096 21500 0
1459947781155232 124 2177684 27160 124 2140096 21500 1
1459947781157224 135 2180352 27498 131 2140581 20267 0
1459947781158952 131 2177692 27801 129 2138468 20630 0
1459947781160710 128 2177692 27801 126 2138468 20630 1
1459947781162441 132 2176519 26709 128 2135240 21993 0
1459947781164109 130 2172878 27978 129 2133544 21837 0
1459947781165807 131 2170801 27705 129 2131980 21570 0
1459947781167624 134 2172727 27315 132 2134379 22095 0
1459947781169567 132 2171942 25903 130 2134030 20689 0
1459947781171554 132 2171219 24545 130 2133708 19367 0
1459947781173342 129 2171219 24545 126 2133708 19367 1
1459947781175227 132 2170552 23241 131 2134692 18760 0
1459947781177154 133 2171217 22038 130 2134319 17637 0
1459947781178825 130 2171217 22038 126 2134319 17637 1
1459947781180541 129 2166710 24470 128 2131415 18935 0
1459947781182279 128 2166710 24470 127 2131415 18935 1
1459947781184105 134 2168955 24628 132 2133858 19707 0
1459947781186105 137 2168955 24628 135 2133858 19707 1
1459947781188008 133 2169745 23431 131 2134830 19063 0
1459947781189895 132 2169193 22108 129 2133166 19106 0
1459947781191752 135 2172524 23451 132 2135472 19739 0
1459947781193357 129 2172524 23451 127 2135472 19739 1
1459947781195026 128 2172524 23451 125 2135472 19739 1
1459947781196832 131 2170475 23506 129 2133758 19775 0
1459947781198353 126 2170475 23506 124 2133758 19775 1
1459947781200062 127 2170475 23506 125 2133758 19775 1
1459947781201586 123 2170475 23506 119 2133758 19775 1
1459947781203379 133 2171146 22288 130 2133458 18506 0
1459947781205496 132 2170485 21155 130 2133181 17314 0
1459947781207380 130 2170485 21155 127 2133181 17314 1
1459947781209315 129 2166035 23603 128 2130366 18555 0
1459947781211145 128 2160653 26720 128 2127771 19497 0
1459947781213113 133 2162091 25958 132 2130498 20487 0
1459947781215351 140 2162091 25958 136 2130498 20487 1
1459947781217178 130 2159577 26246 127 2126612 22467 0
1459947781219031 129 2155980 27510 128 2124310 22832 0
1459947781220820 131 2155224 26056 127 2120908 24183 0
1459947781222842 136 2155224 26056 134 2120908 24183 1
1459947781224610 130 2153247 25842 129 2120332 22823 0
1459947781226383 130 2151424 25503 129 2119801 21528 0
1459947781227983 129 2148464 26238 126 2115471 23837 0
1459947781229862 134 2152135 27572 131 2117879 24194 0
1459947781231857 135 2156799 29717 132 2121379 25530 0
1459947781233951 137 2156799 29717 135 2121379 25530 1
1459947781235819 135 2161099 31359 131 2123326 25330 0
1459947781238040 137 2161099 31359 134 2123326 25330 1
1459947781240174 135 2165063 32563 130 2123841 23825 0
1459947781242075 134 2167437 32207 134 2129435 27120 0
1459947781244012 132 2167065 30031 129 2128192 26146 0
1459947781245751 130 2164163 30359 127 2124487 27518 0
1459947781247678 133 2165327 29060 129 2123631 26156 0
1459947781249741 137 2165327 29060 136 2123631 26156 1
1459947781251873 142 2165327 29060 138 2123631 26156 1
1459947781253731 134 2167680 28959 133 2127962 28104 0
1459947781255593 135 2171130 29876 132 2130674 28409 0
1459947781257733 139 2171130 29876 136 2130674 28409 1
1459947781259576 130 2167910 30508 126 2125495 30963 0
1459947781261371 132 2167502 28500 130 2125840 28862 0
1459947781263011 129 2163285 30159 128 2123598 28673 0
1459947781264667 129 2159398 31384 127 2120251 29516 0
1459947781266471 134 2162215 31528 133 2124846 31446 0
1459947781268316 133 2163531 30278 132 2127802 31714 0
1459947781270556 142 2163531 30278 138 2127802 31714 1
1459947781272436 135 2167305 31391 132 2130527 31748 0
1459947781274206 130 2164384 31630 127 2126639 32850 0
1459947781276125 132 2164251 29280 130 2126895 30519 0
1459947781277845 128 2159008 31824 126 2122011 32636 0
1459947781279725 135 2163135 33142 132 2125188 33015 0
1459947781281603 135 2166940 34059 133 2129397 34315 0
1459947781283496 132 2166607 31704 129 2128157 32776 0
1459947781285387 134 2168860 31304 133 2132134 33882 0
1459947781287420 135 2172217 31953 132 2134521 33434 0
1459947781289563 139 2172217 31953 136 2134521 33434 1
1459947781291531 136 2176592 33489 134 2139281 35209 0
1459947781293773 138 2183185 36950 136 2146229 38863 0
1459947781295647 133 2182863 34359 130 2144954 37000 0
1459947781297670 136 2186406 34941 134 2148899 37746 0
1459947781299693 139 2193513 38762 135 2153816 39330 0
1459947781301655 138 2198784 40593 136 2159629 41615 0
1459947781303355 129 2192124 43560 127 2153467 44042 0
1459947781305065 130 2187264 44636 129 2150347 43476 0
1459947781306945 133 2186624 41738 131 2150031 40370 0
1459947781308972 141 2186624 41738 140 2150031 40370 1
1459947781310891 134 2187314 39113 131 2149739 37484 0
1459947781312850 135 2189230 37823 133 2152030 36667 0
1459947781314647 133 2188436 35599 132 2152862 34569 0
1459947781316519 134 2188984 33322 133 2154909 33755 0
1459947781318543 137 2193329 34724 135 2159356 35217 0
1459947781320588 137 2197335 35704 135 2163456 36245 0
1459947781322567 135 2198468 33958 133 2164676 34537 0
1459947781324778 141 2198468 33958 139 2164676 34537 1
1459947781326769 138 2203352 35808 136 2169640 36414 0
1459947781328663 134 2202735 33578 132 2169096 34069 0
1459947781330498 132 2199606 33838 130 2166035 34228 0
1459947781332362 133 2198001 32672 130 2163213 34154 0
1459947781334259 130 2192682 35022 128 2158051 36242 0
1459947781335958 126 2192682 35022 124 2158051 36242 1
1459947781338006 134 2192898 32484 132 2158413 33743 0
1459947781339927 135 2194377 31310 133 2160026 32593 0
1459947781342139 135 2195741 30120 132 2160233 30237 0
1459947781344445 143 2195741 30120 141 2160233 30237 1
1459947781346361 136 2198278 30105 136 2165544 32770 0
1459947781348014 127 2198278 30105 125 2165544 32770 1
1459947781349941 135 2199337 28729 134 2167880 32363 0
1459947781351784 136 2201593 28564 134 2170034 31820 0
1459947781353461 130 2195993 31493 129 2165620 33403 0
1459947781355289 134 2195951 29070 131 2164110 32184 0
1459947781357352 135 2197192 27942 133 2165278 30746 0
1459947781359189 132 2194496 28244 131 2163795 29709 0
1459947781361068 127 2194496 28244 126 2163795 29709 1
1459947781362594 124 2194496 28244 122 2163795 29709 1
1459947781364467 132 2192011 28327 131 2162428 28646 0
1459947781366350 137 2196120 29901 133 2163728 27606 0
1459947781367924 123 2196120 29901 121 2163728 27606 1
1459947781369615 125 2196120 29901 122 2163728 27606 1
1459947781371153 121 2196120 29901 119 2163728 27606 1
1459947781372709 128 2196120 29901 125 2163728 27606 1
1459947781374432 128 2196120 29901 126 2163728 27606 1
1459947781376251 130 2190948 32331 129 2159806 29063 0
1459947781378090 132 2188740 31840 130 2157471 28944 0
1459947781379911 132 2186704 31228 130 2155318 28666 0
1459947781381971 136 2189947 31778 135 2159733 30496 0
1459947781384137 142 2189947 31778 141 2159733 30496 1
1459947781386007 131 2186537 32438 129 2156123 31440 0
1459947781387853 128 2186537 32438 126 2156123 31440 1
1459947781389642 133 2185953 30440 130 2154075 30870 0
1459947781391052 122 2185953 30440 121 2154075 30870 1
1459947781392604 128 2185953 30440 126 2154075 30870 1
1459947781394634 137 2190535 32285 132 2154747 29078 0
1459947781396605 137 2194759 33656 133 2156647 28557 0
1459947781398689 136 2197373 33436 133 2158398 27940 0
1459947781400711 135 2198503 31864 135 2162573 29605 0
1459947781402894 141 2198503 31864 138 2162573 29605 1
1459947781404888 136 2200824 31514 134 2165141 29660 0
1459947781406724 134 2200404 29437 131 2163669 28698 0
1459947781408648 131 2196177 31033 129 2159752 30065 0
1459947781410634 134 2196120 28659 133 2161261 29107 0
1459947781412471 130 2190948 31187 129 2157532 30270 0
1459947781414249 130 2186180 33145 127 2151534 33433 0
1459947781416074 129 2180504 35786 127 2146005 35917 0
1459947781417881 128 2173992 38993 128 2142188 36628 0
1459947781419623 130 2170548 39120 126 2136109 39369 0
1459947781421209 129 2166093 40169 127 2131785 40278 0
1459947781422913 133 2167106 37964 130 2131639 37265 0
1459947781424639 131 2165480 36496 129 2130224 35656 0
1459947781426139 124 2165480 36496 116 2130224 35656 1
1459947781427496 123 2165480 36496 114 2130224 35656 1
1459947781428945 125 2165480 36496 117 2130224 35656 1
1459947781430446 125 2165480 36496 116 2130224 35656 1
1459947781431934 125 2165480 36496 115 2130224 35656 1
1459947781433491 127 2165480 36496 116 2130224 35656 1
1459947781434924 123 2165480 36496 112 2130224 35656 1
1459947781436365 123 2165480 36496 114 2130224 35656 1
1459947781438082 129 2165480 36496 122 2130224 35656 1
1459947781439493 124 2165480 36496 115 2130224 35656 1
1459947781441115 127 2165480 36496 117 2130224 35656 1
1459947781442736 124 2165480 36496 116 2130224 35656 1
1459947781444245 124 2165480 36496 114 2130224 35656 1
1459947781445608 121 2165480 36496 113 2130224 35656 1
1459947781447031 124 2165480 36496 113 2130224 35656 1
1459947781448535 124 2165480 36496 115 2130224 35656 1
1459947781449963 124 2165480 36496 115 2130224 35656 1
1459947781451367 122 2165480 36496 112 2130224 35656 1
1459947781452809 124 2165480 36496 115 2130224 35656 1
1459947781454558 128 2165480 36496 119 2130224 35656 1
1459947781456296 130 2165480 36496 121 2130224 35656 1
1459947781457873 128 2165480 36496 119 2130224 35656 1
1459947781459413 129 2165480 36496 120 2130224 35656 1
1459947781460869 123 2165480 36496 115 2130224 35656 1
1459947781462113 119 2165480 36496 110 2130224 35656 1
1459947781463531 121 2165480 36496 112 2130224 35656 1
1459947781465026 122 2165480 36496 112 2130224 35656 1
1459947781466360 124 2165480 36496 115 2130224 35656 1
1459947781467690 125 2165480 36496 117 2130224 35656 1
1459947781469327 126 2165480 36496 120 2130224 35656 1
1459947781470665 125 2165480 36496 119 2130224 35656 1
1459947781472184 130 2165480 36496 124 2130224 35656 1
1459947781473458 123 2165480 36496 117 2130224 35656 1
1459947781474982 127 2165480 36496 122 2130224 35656 1
1459947781476731 133 2166541 34622 128 2127640 35251 0
1459947781478332 132 2166239 32194 125 2121418 38232 0
1459947781479976 125 2166239 32194 118 2121418 38232 1
1459947781481576 128 2166239 32194 123 2121418 38232 1
1459947781482961 125 2166239 32194 119 2121418 38232 1
1459947781484625 128 2166239 32194 121 2121418 38232 1
1459947781485948 121 2166239 32194 116 2121418 38232 1
1459947781487499 124 2166239 32194 120 2121418 38232 1
1459947781489084 126 2166239 32194 123 2121418 38232 1
1459947781490521 124 2166239 32194 117 2121418 38232 1
1459947781492040 127 2166239 32194 121 2121418 38232 1
1459947781493089 105 2166239 32194 101 2121418 38232 1
1459947781494687 129 2162121 33473 124 2114402 41712 0
1459947781496608 137 2168565 36797 131 2116894 40750 0
1459947781498124 129 2164265 37885 123 2108951 44887 0
1459947781499686 127 2157741 40938 123 2101629 48129 0
1459947781501168 126 2157741 40938 120 2101629 48129 1
1459947781502711 131 2156847 38562 125 2097439 48230 0
1459947781504216 123 2156847 38562 117 2097439 48230 1
1459947781505619 124 2156847 38562 117 2097439 48230 1
1459947781507098 126 2149623 42208 121 2088456 52742 0
1459947781508509 122 2149623 42208 117 2088456 52742 1
1459947781509905 126 2142963 45048 121 2080175 56254 0
1459947781511271 126 2136824 47187 121 2072541 58896 0
1459947781512808 125 2129884 49897 118 2061663 64321 0
1459947781514536 133 2133726 49540 127 2063155 60671 0
1459947781516185 133 2137268 48934 126 2063251 56019 0
1459947781517657 127 2132853 49180 120 2055659 58640 0
1459947781519178 128 2130063 47908 122 2051220 58149 0
1459947781520757 127 2126211 47715 120 2044568 59737 0
1459947781522252 126 2121380 48439 120 2038436 60722 0
1459947781523674 124 2114367 51118 119 2031503 62369 0
1459947781525204 126 2110462 50723 123 2030231 58667 0
1459947781526749 128 2109422 47718 122 2027779 56343 0
1459947781528064 120 2109422 47718 112 2027779 56343 1
1459947781529423 120 2109422 47718 114 2027779 56343 1
1459947781530631 120 2109422 47718 113 2027779 56343 1
1459947781532100 126 2105903 47233 121 2024238 55204 0
1459947781533407 123 2098819 50072 119 2018414 56259 0
1459947781535072 130 2101248 48400 124 2019445 52813 0
1459947781536436 126 2098368 47273 121 2016555 51349 0
1459947781537835 123 2091873 49566 117 2008771 54512 0
1459947781539186 121 2083325 53572 117 2001595 56867 0
1459947781540674 123 2078005 54290 118 1996260 57341 0
1459947781542165 123 2073100 54568 117 1990062 58574 0
1459947781543920 128 2074979 52036 121 1989468 54544 0
1459947781545456 127 2075431 48386 121 1988920 50786 0
1459947781546819 115 2075431 48386 109 1988920 50786 1
1459947781548329 126 2074567 45400 122 1989695 47533 0
1459947781549705 123 2069931 46126 119 1986570 46699 0
1459947781551118 124 2066937 45281 121 1986249 43345 0
1459947781552524 122 2061617 46646 116 1979553 46130 0
1459947781553950 126 2061833 43200 121 1979780 42735 0
1459947781555308 124 2059472 42001 119 1977429 41562 0
1459947781556523 118 2059472 42001 114 1977429 41562 1
1459947781557725 119 2050895 46625 116 1971422 43851 0
1459947781559226 126 2051948 43953 120 1971004 40809 0
1459947781560533 123 2049079 43163 118 1968059 40334 0
1459947781561989 126 2050274 40892 120 1967904 37324 0
1459947781563425 126 2051376 38713 120 1967761 34539 0
1459947781564776 119 2051376 38713 113 1967761 34539 1
1459947781566287 125 2051112 35931 119 1966349 33141 0
1459947781567838 127 2053428 35258 122 1968887 32891 0
1459947781569147 122 2049163 36433 116 1963547 35243 0
1459947781570739 126 2050352 34682 121 1965024 33851 0
1459947781572310 126 2051448 32982 121 1966386 32462 0
1459947781573809 125 2051178 30653 121 1967642 31082 0
1459947781575288 123 2048369 30846 119 1966239 29945 0
1459947781576763 124 2047060 29642 121 1967506 28773 0
1459947781578198 126 2048413 28573 121 1968674 27602 0
1459947781579708 128 2052220 29850 123 1972311 28798 0
1459947781581308 126 2053170 28393 121 1973104 27279 0
1459947781582986 129 2057886 30521 126 1980235 31721 0
1459947781584677 129 2062233 32144 125 1985529 34122 0
1459947781586137 124 2059841 31837 121 1985289 31676 0
1459947781587486 125 2058915 30201 120 1983788 30584 0
1459947781589081 126 2059342 28234 120 1982404 29469 0
1459947781590776 127 2061015 27571 122 1983688 28350 0
1459947781592178 128 2063838 28019 123 1986152 28406 0
1459947781593540 125 2062600 26970 120 1984583 27631 0
1459947781594841 124 2060179 27093 117 1979297 30344 0
1459947781596029 117 2060179 27093 113 1979297 30344 1
1459947781597357 123 2056667 28213 119 1976984 30104 0
1459947781599108 132 2056667 28213 124 1976984 30104 1
1459947781600688 126 2057269 26563 120 1976132 28537 0
1459947781602300 127 2059104 26179 122 1977906 27943 0
1459947781603861 130 2059104 26179 125 1977906 27943 1
1459947781605501 128 2062076 26873 123 1980822 28447 0
1459947781606987 127 2063536 26119 121 1980950 26342 0
1459947781608730 131 2063536 26119 125 1980950 26342 1
1459947781610266 128 2066162 26499 124 1984908 27933 0
1459947781611806 126 2066023 24556 119 1982157 28286 0
1459947781613288 128 2068454 24879 123 1984740 28458 0
1459947781614519 120 2060456 30308 117 1979442 31117 0
1459947781615805 121 2054362 33557 117 1974558 33187 0
1459947781617418 129 2058984 35196 123 1977735 33523 0
1459947781618969 124 2056845 34417 121 1978104 31244 0
1459947781620547 124 2054873 33544 119 1975884 30848 0
1459947781621926 120 2047936 37318 116 1969998 33864 0
1459947781623151 120 2047936 37318 114 1969998 33864 1
1459947781624617 125 2047941 34406 120 1969691 31500 0
1459947781626298 129 2053065 36442 124 1974528 33499 0
1459947781627973 130 2059069 39129 125 1980268 36172 0
1459947781629513 129 2063324 39994 124 1984279 37044 0
1459947781631188 129 2067246 40485 124 1987977 37558 0
1459947781632612 125 2065742 38708 120 1986266 36200 0
1459947781634139 126 2065635 35780 121 1985968 33644 0
1459947781635742 129 2069377 36433 123 1988254 33122 0
1459947781637245 127 2070266 34406 121 1987801 30950 0
1459947781638808 128 2072366 33654 122 1988664 29327 0
1459947781640462 130 2076862 35169 123 1990739 28948 0
1459947781642031 123 2076862 35169 116 1990739 28948 1
1459947781643348 121 2069487 39219 117 1984972 32001 0
1459947781644774 123 2065248 40062 118 1980936 33220 0
1459947781646045 119 2065248 40062 113 1980936 33220 1
1459947781647527 126 2065180 36994 121 1981055 30734 0
1459947781649142 130 2070237 38765 124 1985005 31973 0
1459947781650603 123 2065939 39697 118 1980966 33197 0
1459947781651897 121 2065939 39697 115 1980966 33197 1
1459947781653278 121 2059417 42606 116 1974683 36395 0
1459947781654378 117 2059417 42606 112 1974683 36395 1
1459947781655798 125 2058525 40099 118 1971450 36530 0
1459947781657095 122 2053862 41263 117 1967190 37602 0
1459947781658736 126 2054684 38796 121 1968383 35764 0
1459947781660172 126 2055441 36463 120 1968203 33134 0
1459947781661847 131 2062539 40158 127 1976997 38652 0
1459947781663523 130 2067803 41872 125 1982544 40745 0
1459947781664777 125 2066255 40026 119 1979977 39926 0
1459947781666289 125 2064828 38212 119 1977611 38986 0
1459947781667820 128 2067353 37554 123 1980550 38649 0
1459947781669324 124 2064561 37193 119 1978139 37851 0
1459947781670711 124 2061987 36659 119 1975916 36941 0
1459947781672250 127 2063454 35147 122 1977707 35705 0
1459947781673683 124 2060966 34693 117 1972958 37292 0
1459947781675208 126 2061233 32228 119 1971140 36053 0
1459947781676705 127 2062759 31116 119 1969464 34780 0
1459947781678263 129 2066725 32342 123 1973039 35358 0
1459947781679731 121 2060142 35883 115 1966095 38996 0
1459947781681137 126 2060473 33384 119 1964813 37130 0
1459947781682797 127 2062058 32236 117 1961071 37677 0
1459947781684404 127 2063519 31064 116 1956342 39092 0
1459947781685748 128 2066146 31059 115 1950702 41235 0
1459947781687188 132 2066146 31059 118 1950702 41235 1
1459947781688626 128 2068568 30865 116 1946783 41625 0
1459947781690069 132 2068568 30865 117 1946783 41625 1
1459947781691583 135 2068568 30865 121 1946783 41625 1
1459947781693214 136 2068568 30865 123 1946783 41625 1
1459947781694833 138 2068568 30865 123 1946783 41625 1
1459947781696196 130 2073361 32871 115 1941890 42883 0
1459947781697648 128 2075219 32015 112 1933539 47229 0
1459947781698855 129 2078212 32272 112 1925841 50635 0
1459947781700459 135 2078212 32272 120 1925841 50635 1
1459947781701892 131 2083531 34654 113 1920024 52040 0
1459947781703457 136 2083531 34654 120 1920024 52040 1
1459947781704938 132 2089715 37647 116 1918502 49376 0
1459947781706220 127 2089016 35349 112 1911979 51531 0
1459947781707705 134 2089016 35349 115 1911979 51531 1
1459947781709378 140 2089016 35349 126 1911979 51531 1
1459947781710871 134 2089016 35349 120 1911979 51531 1
1459947781712257 134 2089016 35349 118 1911979 51531 1
1459947781713603 130 2092211 35533 111 1904685 54228 0
1459947781715282 137 2092211 35533 120 1904685 54228 1
1459947781716925 136 2092211 35533 119 1904685 54228 1
1459947781718565 138 2092211 35533 121 1904685 54228 1
1459947781720092 137 2092211 35533 120 1904685 54228 1
1459947781721608 134 2092211 35533 114 1904685 54228 1
1459947781723049 135 2092211 35533 116 1904685 54228 1
1459947781724654 137 2092211 35533 118 1904685 54228 1
1459947781726232 137 2092211 35533 118 1904685 54228 1
1459947781727877 136 2092211 35533 118 1904685 54228 1
1459947781729273 131 2096437 36651 116 1904361 50289 0
1459947781730626 134 2096437 36651 117 1904361 50289 1
1459947781731912 129 2097772 35018 113 1900222 50174 0
1459947781733399 133 2104123 38137 116 1900247 46277 0
1459947781734864 137 2104123 38137 116 1900247 46277 1
1459947781736302 133 2109978 40554 116 1900270 42682 0
1459947781737803 134 2116655 43541 116 1900291 39366 0
1459947781739494 142 2116655 43541 124 1900291 39366 1
1459947781741110 137 2116655 43541 120 1900291 39366 1
1459947781742570 136 2125371 48174 117 1901590 37488 0
1459947781744055 133 2129566 48277 117 1902788 35663 0
1459947781745431 136 2137273 51610 115 1901332 34217 0
1459947781747067 140 2137273 51610 121 1901332 34217 1
1459947781748382 129 2135418 49286 113 1897430 35139 0
1459947781749705 132 2137548 47399 114 1895113 34528 0
1459947781751143 135 2143352 49045 115 1894257 32618 0
1459947781752620 135 2148702 50145 116 1894748 30521 0
1459947781754256 139 2158754 55494 119 1899040 32093 0
1459947781755828 138 2166741 58521 123 1908117 37953 0
1459947781757246 137 2172824 59557 116 1907525 35532 0
1459947781758735 139 2180992 62434 121 1913379 38153 0
1459947781760195 137 2185962 62137 118 1914936 36607 0
1459947781761826 140 2194383 65045 122 1921491 39790 0
1459947781763555 141 2203426 68300 121 1926254 41072 0
1459947781765147 137 2206643 65930 118 1926805 38371 0
1459947781766578 132 2203209 63944 113 1920913 40804 0
1459947781768062 138 2207723 63109 117 1920601 37902 0
1459947781769554 133 2205484 60241 114 1916474 38744 0
1459947781771132 133 2203420 57436 115 1913949 38044 0
1459947781772473 132 2200237 55881 111 1906501 41936 0
1459947781773806 133 2198583 53039 116 1906035 39087 0
1459947781775549 141 2207298 56929 123 1914566 43897 0
1459947781777096 139 2212772 57528 116 1913470 41476 0
1459947781778633 136 2213979 54145 116 1912460 39165 0
1459947781780132 137 2216371 52120 117 1912809 36426 0
1459947781781820 139 2221137 52441 122 1919530 39776 0
1459947781783587 142 2229370 55934 120 1923166 40020 0
1459947781785115 135 2228000 52826 115 1920118 39702 0
1459947781786433 129 2228000 52826 108 1920118 39702 1
1459947781787631 127 2228000 52826 110 1920118 39702 1
1459947781789155 135 2226737 49861 118 1921148 37550 0
1459947781790708 136 2226853 46072 116 1919538 36099 0
1459947781792454 141 2233360 48470 121 1924454 37810 0
1459947781793957 134 2230398 47412 118 1925146 35493 0
1459947781828510 138 2232788 45910 116 1923223 34491 0
1459947781829919 136 2232431 42651 114 1918891 35789 0
1459947781831239 133 2232431 42651 111 1918891 35789 1
1459947781832732 140 2237222 43735 118 1920017 34030 0
1459947781834346 135 2235239 42146 115 1917215 33953 0
1459947781835754 135 2233410 40538 115 1914632 33680 0
1459947781837495 138 2235564 39356 115 1912251 33242 0
1459947781838953 137 2236270 36932 114 1908776 33847 0
1459947781840413 136 2235641 34625 116 1908132 31794 0
1459947781842031 137 2236341 32564 118 1910099 31123 0
1459947781843729 140 2240826 34154 118 1911912 30362 0
1459947781845319 139 2243681 34117 118 1913583 29530 0
1459947781847036 140 2247593 35057 119 1916404 29822 0
1459947781848656 139 2249919 34463 119 1919004 29889 0
1459947781850254 142 2255904 37287 119 1921401 29763 0
1459947781851896 141 2260141 38279 116 1919771 28939 0
1459947781853529 138 2260207 35349 115 1916988 29242 0
1459947781855291 139 2261548 33823 117 1916983 26961 0
1459947781857086 146 2261548 33823 122 1916983 26961 1
1459947781858616 140 2264064 33500 117 1916978 24857 0
1459947781859959 134 2264064 33500 111 1916978 24857 1
1459947781861604 137 2262544 32283 119 1919534 25271 0
1459947781863245 137 2261142 31051 117 1919330 23483 0
1459947781864756 138 2261130 28635 116 1917862 23000 0
1459947781866368 140 2263679 28747 118 1919069 22315 0
1459947781867793 134 2263679 28747 111 1919069 22315 1
1459947781869349 136 2260909 29054 114 1915061 24265 0
1459947781870902 138 2260915 26790 116 1913926 23414 0
1459947781872243 135 2260915 26790 112 1913926 23414 1
1459947781873933 141 2264761 28242 119 1916720 24160 0
1459947781875621 141 2268306 29303 118 1918016 23467 0
1459947781877061 137 2266454 28719 114 1914091 25251 0
1459947781878668 143 2266454 28719 120 1914091 25251 1
1459947781880059 135 2262187 30408 113 1909192 27793 0
1459947781881087 116 2262187 30408 94 1909192 27793 1
1459947781882489 137 2260813 29298 116 1908516 26243 0
1459947781884150 142 2265946 31741 120 1913013 28337 0
1459947781885832 142 2270678 33624 120 1917158 29945 0
1459947781887348 137 2268641 32874 115 1914580 29981 0
1459947781888728 134 2268641 32874 112 1914580 29981 1
1459947781890356 138 2268043 30855 116 1913483 28648 0
1459947781891996 141 2271332 31476 119 1916312 29017 0
1459947781893783 146 2271332 31476 122 1916312 29017 1
1459947781895234 138 2270524 29760 118 1917640 27974 0
1459947781896496 130 2270524 29760 111 1917640 27974 1
1459947781898033 138 2269779 28121 116 1916304 27019 0
1459947781899751 139 2270372 26471 118 1917632 26133 0
1459947781901417 140 2272199 26086 118 1918857 25220 0
1459947781902785 138 2271323 24855 116 1917426 24567 0
1459947781904281 137 2269235 24836 117 1917387 22682 0
1459947781905924 139 2269871 23481 119 1919911 23235 0
1459947781907476 139 2270457 22186 118 1920957 22384 0
1459947781909042 143 2270457 22186 120 1920957 22384 1
1459947781910475 140 2272277 22130 115 1918082 23285 0
1459947781911912 134 2272277 22130 111 1918082 23285 1
1459947781913161 135 2267555 24753 114 1914151 25088 0
1459947781914546 134 2267555 24753 111 1914151 25088 1
1459947781916007 138 2267042 23291 116 1913087 24107 0
1459947781917587 139 2267849 22215 116 1912107 23126 0
1459947781918929 136 2267849 22215 112 1912107 23126 1
1459947781920317 137 2266033 22152 115 1909923 23331 0
1459947781922002 139 2266919 21237 116 1909190 22183 0
1459947781923562 141 2270295 22690 116 1908514 21071 0
1459947781925221 137 2268288 22767 117 1909171 20030 0
1459947781926697 136 2265158 23873 115 1907217 20266 0
1459947781928280 143 2265158 23873 119 1907217 20266 1
1459947781929798 138 2265158 23873 113 1907217 20266 1
1459947781931283 140 2267392 24067 118 1909255 20561 0
1459947781932723 135 2267392 24067 112 1909255 20561 1
1459947781934172 135 2267392 24067 113 1909255 20561 1
1459947781935670 136 2264332 25006 117 1909854 19506 0
1459947781937263 140 2266631 25171 117 1910406 18491 0
1459947781938832 142 2271310 27517 118 1912195 18695 0
1459947781939918 118 2271310 27517 94 1912195 18695 1
1459947781941308 139 2271783 25803 114 1908724 20433 0
1459947781942764 136 2268379 26924 115 1906804 20605 0
1459947781944298 142 2272921 29008 117 1907594 19724 0
1459947781945746 136 2272921 29008 112 1907594 19724 1
1459947781947367 137 2270709 28780 114 1904483 21050 0
1459947781948807 133 2270709 28780 110 1904483 21050 1
1459947781950245 134 2270709 28780 111 1904483 21050 1
1459947781951677 136 2267389 29590 115 1902895 20868 0
1459947781953137 135 2267389 29590 112 1902895 20868 1
1459947781954669 140 2269449 29177 115 1901431 20586 0
1459947781956116 138 2268788 27506 116 1901361 19040 0
1459947781957838 146 2268788 27506 122 1901361 19040 1
1459947781959473 141 2272018 28335 118 1903857 19853 0
1459947781960833 136 2268596 29275 114 1901038 20899 0
1459947781962011 133 2268596 29275 108 1901038 20899 1
1459947781963651 140 2270561 28799 117 1902279 20410 0
1459947781965091 140 2272373 28219 116 1902143 18939 0
1459947781966364 136 2272373 28219 113 1902143 18939 1
1459947781967810 139 2272763 26374 115 1900738 18754 0
1459947781969261 136 2272763 26374 113 1900738 18754 1
1459947781970416 129 2272763 26374 107 1900738 18754 1
1459947781971895 139 2273123 24645 114 1898162 19661 0
1459947781973520 142 2277295 26565 119 1902188 21835 0
1459947781975147 139 2277301 24494 116 1902059 20247 0
1459947781976682 139 2277306 22585 114 1899380 21134 0
1459947781978275 139 2277311 20825 116 1899470 19565 0
1459947781979834 136 2273476 22733 114 1896993 20318 0
1459947781981410 139 2273780 21236 116 1897270 18985 0
1459947781982876 133 2273780 21236 110 1897270 18985 1
1459947781984197 133 2273780 21236 110 1897270 18985 1
1459947781985566 130 2273780 21236 108 1897270 18985 1
1459947781987197 138 2272780 20496 116 1897525 17736 0
1459947781988944 142 2276979 22765 119 1901600 20107 0
1459947781990482 141 2279570 23374 118 1904077 20819 0
1459947781991726 134 2279570 23374 109 1904077 20819 1
1459947781993106 138 2279570 23374 110 1904077 20819 1
1459947781994500 137 2276838 24064 113 1899960 22986 0
1459947781995846 138 2276838 24064 112 1899960 22986 1
1459947781997380 141 2279440 24582 118 1902565 23592 0
1459947781998852 137 2276718 25169 114 1899847 24253 0
1459947782000468 142 2280609 26789 117 1901181 23588 0
1459947782001976 137 2277796 27288 114 1898571 24150 0
1459947782003333 137 2277796 27288 110 1898571 24150 1
1459947782004664 134 2277796 27288 112 1898571 24150 1
1459947782006301 143 2282883 29845 118 1901285 24765 0
1459947782007786 137 2279892 30269 113 1897387 26423 0
1459947782009329 140 2280975 28902 115 1896353 25310 0
1459947782010901 142 2284533 29924 121 1903080 29533 0
1459947782012304 138 2282693 29281 116 1902881 27407 0
1459947782013552 133 2282693 29281 110 1902881 27407 1
1459947782015200 142 2286117 30150 120 1907818 29816 0
1459947782016653 137 2282874 30783 112 1902129 32729 0
1459947782018171 138 2281164 29953 114 1899445 32646 0
1459947782019631 139 2280868 27884 117 1900810 31354 0
1459947782021182 142 2284435 28993 117 1902069 30064 0
1459947782022797 140 2285163 27398 116 1901949 27824 0
1459947782024058 136 2285163 27398 111 1901949 27824 1
1459947782025545 138 2283274 26997 114 1899279 28111 0
1459947782026740 129 2283274 26997 104 1899279 28111 1
1459947782028125 137 2280253 27671 114 1896817 28182 0
1459947782029583 139 2280028 25716 112 1891988 30431 0
1459947782030842 132 2280028 25716 110 1891988 30431 1
1459947782032158 135 2280028 25716 109 1891988 30431 1
1459947782033545 134 2273420 29796 111 1886256 33336 0
1459947782034941 137 2271169 29543 110 1879692 36781 0
1459947782036344 136 2267813 30326 113 1877481 35945 0
1459947782037861 138 2267280 28447 116 1879282 34797 0
1459947782039222 136 2264228 29036 111 1874543 36446 0
1459947782040834 137 2262695 28180 114 1874014 34085 0
1459947782042488 144 2262695 28180 120 1874014 34085 1
1459947782043922 138 2262561 26100 115 1874806 32152 0
1459947782045496 139 2263718 25127 113 1872976 31326 0
1459947782046814 135 2263718 25127 109 1872976 31326 1
1459947782048388 136 2260945 25719 113 1871289 30432 0
1459947782049898 141 2264788 27252 115 1872294 28981 0
1459947782051317 137 2263211 26575 112 1869381 29401 0
1459947782052819 139 2264317 25518 115 1870535 28168 0
1459947782054354 138 2264057 23763 114 1870319 26165 0
1459947782056007 143 2264057 23763 120 1870319 26165 1
1459947782057510 138 2263817 22126 115 1871400 25116 0
1459947782058956 140 2266156 22553 115 1872396 24072 0
1459947782060412 140 2268312 22779 114 1872035 22523 0
1459947782061882 139 2269020 21651 112 1869142 23429 0
1459947782063608 143 2269020 21651 117 1869142 23429 1
1459947782065299 143 2269020 21651 120 1869142 23429 1
1459947782066821 136 2265832 22897 114 1869035 21696 0
1459947782068247 140 2268013 23119 113 1867656 21271 0
1459947782069667 138 2267464 21817 113 1866385 20780 0
1459947782070923 136 2264398 22938 112 1863933 21415 0
1459947782072294 134 2264398 22938 109 1863933 21415 1
1459947782073859 140 2266691 23259 115 1865513 21197 0
1459947782075447 143 2266691 23259 116 1865513 21197 1
1459947782076963 141 2270085 24570 116 1868249 22063 0
1459947782078310 139 2270654 23175 114 1868212 20373 0
1459947782079769 143 2270654 23175 118 1868212 20373 1
1459947782081501 147 2270654 23175 122 1868212 20373 1
1459947782083073 143 2270654 23175 120 1868212 20373 1
1459947782084575 141 2273739 24208 118 1873297 23469 0
1459947782085986 139 2274023 22577 116 1875425 23597 0
1459947782087300 135 2274023 22577 110 1875425 23597 1
1459947782088577 134 2274023 22577 109 1875425 23597 1
1459947782090135 140 2275564 22234 115 1876107 22382 0
1459947782091389 135 2275564 22234 110 1876107 22382 1
1459947782092646 133 2275564 22234 109 1876107 22382 1
1459947782094156 139 2275705 20626 115 1876736 21213 0
1459947782095791 142 2279675 22674 120 1883716 25989 0
1459947782097351 142 2283335 24276 118 1887590 27530 0
1459947782098882 142 2286709 25489 116 1888602 26311 0
1459947782100389 141 2288539 25184 119 1893374 28655 0
1459947782102011 139 2287666 24019 118 1896494 29292 0
1459947782103210 136 2287666 24019 111 1896494 29292 1
1459947782104505 134 2287666 24019 110 1896494 29292 1
1459947782106038 136 2283022 26423 114 1894250 29071 0
1459947782107467 138 2281300 25944 112 1889621 31065 0
1459947782109201 143 2286113 28354 115 1889194 29031 0
1459947782110695 145 2286113 28354 118 1889194 29031 1
1459947782112109 139 2285430 26767 114 1887520 28304 0
1459947782113624 140 2286080 25275 118 1891097 29390 0
1459947782115141 138 2284120 25106 115 1890555 27592 0
1459947782116664 136 2279753 27169 113 1887495 28256 0
1459947782118282 138 2278287 26397 116 1888514 26987 0
1459947782119799 142 2282055 27808 118 1892013 28104 0
1459947782121235 140 2282969 26478 116 1892679 26522 0
1459947782122380 133 2282969 26478 105 1892679 26522 1
1459947782123663 135 2282969 26478 110 1892679 26522 1
1459947782124930 134 2282969 26478 110 1892679 26522 1
1459947782126269 136 2282969 26478 110 1892679 26522 1
1459947782127629 139 2282532 24811 113 1889453 27422 0
1459947782128939 132 2282532 24811 106 1889453 27422 1
1459947782130206 137 2279569 25603 113 1886479 28020 0
1459947782131549 136 2275557 27299 112 1882457 29536 0
1459947782132923 136 2271859 28574 112 1878750 30645 0
1459947782134403 140 2273570 27918 117 1881732 30999 0
1459947782135966 139 2273867 26010 117 1884481 31111 0
1459947782137518 141 2276701 26589 117 1887015 31016 0
1459947782138944 139 2276753 24559 114 1885511 29977 0
1459947782140466 139 2276801 22684 115 1885405 27732 0
1459947782141990 140 2278125 22132 115 1885307 25654 0
1459947782143571 141 2280626 22708 118 1889057 27106 0
1459947782144960 137 2277812 23527 112 1884834 28880 0
1459947782146574 141 2280337 24016 114 1883501 27851 0
1459947782148107 140 2281385 23105 113 1880992 27987 0
1459947782149676 142 2284911 24550 117 1883799 28388 0
1459947782151180 139 2284322 23174 117 1886387 28556 0
1459947782152768 143 2288899 25582 117 1888773 28524 0
1459947782154367 141 2290558 25113 116 1889692 27142 0
1459947782156216 147 2290558 25113 120 1889692 27142 1
1459947782158178 148 2290558 25113 126 1889692 27142 1
1459947782160032 145 2290558 25113 119 1889692 27142 1
1459947782161738 145 2290558 25113 121 1889692 27142 1
1459947782163333 143 2294648 26921 117 1891819 26982 0
1459947782164444 137 2294648 26921 111 1891819 26982 1
1459947782165929 137 2290738 28420 115 1891220 25425 0
1459947782167304 133 2290738 28420 111 1891220 25425 1
1459947782168999 142 2293534 28776 116 1891948 24109 0
1459947782170427 137 2293534 28776 110 1891948 24109 1
1459947782171924 142 2296111 28903 116 1892619 22844 0
1459947782173665 143 2299767 30014 118 1895798 23989 0
1459947782175161 137 2295457 31641 112 1891048 26492 0
1459947782176728 140 2295324 29291 115 1890509 24918 0
1459947782178402 143 2299041 30429 117 1892572 24873 0
1459947782179924 139 2297348 29611 115 1891914 23534 0
1459947782181437 139 2295787 28735 116 1892588 22316 0
1459947782182868 136 2295787 28735 110 1892588 22316 1
1459947782184369 138 2295787 28735 110 1892588 22316 1
1459947782186000 142 2298188 28704 118 1895769 23505 0
1459947782187675 142 2300402 28502 118 1898702 24371 0
1459947782189432 141 2301163 26976 119 1902685 26139 0
1459947782191097 144 2305704 29054 118 1905077 26301 0
1459947782192774 144 2309890 30643 118 1907282 26279 0
1459947782194270 140 2308629 29410 115 1905475 25890 0
1459947782195780 139 2306187 29362 115 1903809 25402 0
1459947782197157 138 2302656 30323 113 1899713 27192 0
1459947782198692 139 2300681 29774 115 1898497 26187 0
1459947782199903 135 2300681 29774 109 1898497 26187 1
1459947782201069 132 2300681 29774 109 1898497 26187 1
1459947782202080 123 2300681 29774 100 1898497 26187 1
1459947782203197 133 2300681 29774 108 1898497 26187 1
1459947782204497 138 2297580 30305 112 1893536 28713 0
1459947782205917 142 2299841 30021 115 1892803 27144 0
1459947782207497 140 2299365 28112 114 1890847 26825 0
1459947782208972 144 2304047 30231 118 1894164 27787 0
1459947782210430 141 2304523 28308 115 1893382 26336 0
1459947782211967 140 2303682 26871 115 1892661 24942 0
1459947782213565 142 2305466 26416 118 1895836 25920 0
1459947782215157 145 2305466 26416 121 1895836 25920 1
1459947782216801 143 2308391 27048 117 1897483 25414 0
1459947782218300 136 2308391 27048 111 1897483 25414 1
1459947782219785 142 2309807 26240 117 1899002 24828 0
1459947782221312 141 2309833 24214 116 1899122 22999 0
1459947782223381 135 2302177 29379 134 1922273 42544 0
1459947782225509 138 2298959 30049 136 1946175 61255 0
1459947782227574 137 2294712 31615 135 1966930 75602 0
1459947782229506 136 2289517 33933 133 1983503 84973 0
1459947782231235 129 2275768 43955 127 1991101 85339 0
1459947782233245 137 2273333 42765 136 2009626 95748 0
1459947782235189 135 2268528 43851 134 2024143 101650 0
1459947782236996 132 2260259 48047 127 2028566 97786 0
1459947782238772 129 2248796 54860 127 2032644 93905 0
1459947782240738 135 2245908 53235 133 2044083 97114 0
1459947782242728 130 2236846 57429 127 2046949 92168 0
1459947782244750 133 2232332 57102 132 2055991 93302 0
1459947782246615 132 2226891 57655 131 2063046 92516 0
1459947782248480 133 2223155 56593 133 2072110 93644 0
1459947782250471 136 2223551 52536 133 2080466 94031 0
1459947782252425 134 2221356 50454 131 2085609 91425 0
1459947782254515 136 2221892 47006 134 2094190 92193 0
1459947782256515 136 2222386 43789 134 2102101 92283 0
1459947782258426 136 2222842 40787 133 2108114 90616 0
1459947782260306 133 2219422 40752 131 2111097 86286 0
1459947782262156 131 2213709 42834 128 2110007 80548 0
1459947782264065 133 2211002 41981 130 2111562 75689 0
1459947782265975 130 2204667 44540 128 2110436 70812 0
1459947782267785 128 2196267 48803 126 2106838 68595 0
1459947782269549 131 2192363 48588 130 2108641 64898 0
1459947782271492 136 2195164 47374 132 2112863 63719 0
1459947782273213 132 2192626 46010 129 2112915 58788 0
1459947782274792 123 2178767 55191 121 2102723 63590 0
1459947782276280 123 2165990 62656 121 2093327 67283 0
1459947782278218 135 2169572 61063 133 2100025 68201 0
1459947782280287 136 2174154 60516 135 2108760 70925 0
1459947782282374 137 2179658 60862 136 2118093 73986 0
1459947782284416 136 2183452 59604 136 2126696 76136 0
1459947782286479 133 2183109 55262 132 2129507 72779 0
1459947782288434 135 2185353 53013 133 2133379 70662 0
1459947782290086 133 2184862 49323 130 2133108 65390 0
1459947782291927 134 2185689 46232 131 2134138 61231 0
1459947782293679 133 2185172 43096 130 2133808 56750 0
1459947782295684 132 2183415 41348 131 2134784 53216 0
1459947782297317 123 2170275 50229 123 2125444 57668 0
1459947782299131 136 2174802 50477 134 2130913 58204 0
1459947782301069 136 2178975 50380 133 2134675 57124 0
1459947782303103 138 2185382 52351 136 2141983 59398 0
1459947782305166 138 2191289 53706 136 2148720 60968 0
1459947782307105 132 2189054 51569 129 2145971 58737 0
1459947782308939 135 2190834 49181 131 2145997 54171 0
1459947782310778 136 2193755 48030 132 2147300 51140 0
1459947782312539 133 2192607 45334 131 2147222 47215 0
1459947782314343 133 2191549 42766 131 2147150 43592 0
1459947782316118 132 2189294 41502 129 2144523 42606 0
1459947782318045 138 2194895 43422 134 2148502 42945 0
1459947782319687 129 2188538 45888 127 2143210 44467 0
1459947782321293 129 2182678 47704 127 2138331 45490 0
1459947782323067 133 2182396 44236 130 2137673 42541 0
1459947782324852 128 2175736 46919 127 2133227 43315 0
1459947782326566 131 2173436 45372 128 2130408 42529 0
1459947782328503 135 2176436 44592 131 2131649 40350 0
1459947782330191 122 2176436 44592 119 2131649 40350 1
1459947782331952 133 2176641 41297 131 2132793 38252 0
1459947782333898 133 2176830 38245 134 2137688 39776 0
1459947782335839 134 2178285 36598 132 2139641 38468 0
1459947782337637 133 2178346 33794 130 2138881 36162 0
1459947782339473 131 2175842 33460 129 2136900 35161 0
1459947782341473 130 2172254 34152 129 2135074 34096 0
1459947782343444 136 2176626 35514 134 2139791 35780 0
1459947782345400 132 2175537 33742 129 2137739 34874 0
1459947782347485 138 2182213 37259 135 2143528 37485 0
1459947782349437 136 2185807 37661 134 2147584 38296 0
1459947782351479 137 2190400 38953 136 2153884 41111 0
1459947782353416 134 2190795 36273 133 2155851 39713 0
1459947782355288 135 2192439 34954 130 2153825 38477 0
1459947782357091 134 2192674 32440 134 2157077 38468 0
1459947782358980 136 2195451 32465 133 2158795 37046 0
1459947782360978 134 2195451 29928 132 2159099 34431 0
1459947782362761 132 2192891 29948 132 2159379 31999 0
1459947782364728 131 2189251 30963 129 2155797 32800 0
1459947782366599 132 2187175 30457 130 2153775 32100 0
1459947782368592 135 2189101 29853 133 2155751 31413 0
1459947782370316 130 2184477 31782 128 2151172 33178 0
1459947782371868 125 2184477 31782 124 2151172 33178 1
1459947782373588 132 2182774 30868 129 2148231 33295 0
1459947782375331 132 2181204 29902 130 2146800 32011 0
1459947782377133 130 2177197 31258 128 2142921 33085 0
1459947782378995 135 2179903 31310 132 2144465 31923 0
1459947782380769 131 2177278 31282 130 2143328 30476 0
1459947782382630 134 2178698 30147 133 2146120 30669 0
1459947782384812 137 2183847 32537 136 2152534 34185 0
1459947782386840 139 2183847 32537 137 2152534 34185 1
1459947782388873 133 2183473 30338 132 2153327 32245 0
1459947782390723 135 2185689 30010 133 2155338 31579 0
1459947782392571 130 2181332 31681 127 2149512 34481 0
1459947782394548 131 2178595 31727 128 2145421 35558 0
1459947782396426 129 2178595 31727 125 2145421 35558 1
1459947782398316 133 2178632 29282 130 2144209 33896 0
1459947782400277 134 2179946 28205 132 2145652 32577 0
1459947782402173 128 2173477 31963 127 2140582 34703 0
1459947782404064 132 2172634 30242 133 2143589 34763 0
1459947782405703 129 2168016 32135 127 2138681 36571 0
1459947782407752 136 2172719 33960 134 2143116 37802 0
1459947782409638 133 2173215 31763 133 2145925 37437 0
1459947782411480 134 2174952 30882 132 2147234 35719 0
1459947782413371 134 2176553 29945 133 2149721 35221 0
1459947782415208 134 2178029 28966 132 2150734 33402 0
1459947782417180 134 2179390 27958 133 2152947 32833 0
1459947782419283 138 2179390 27958 136 2152947 32833 1
1459947782421132 134 2180645 26930 133 2154988 32148 0
1459947782422990 138 2180645 26930 136 2154988 32148 1
1459947782424881 138 2180645 26930 135 2154988 32148 1
1459947782426830 137 2185642 29432 135 2159429 33730 0
1459947782428583 130 2185642 29432 126 2159429 33730 1
1459947782430439 132 2183848 28785 129 2155843 34399 0
1459947782432360 136 2187314 29732 133 2157657 33384 0
1459947782434269 135 2189230 29175 132 2158050 31137 0
1459947782436043 129 2189230 29175 125 2158050 31137 1
1459947782437742 130 2184596 31166 128 2153292 33089 0
1459947782439703 132 2182884 30308 131 2152746 31006 0
1459947782441451 130 2178746 31754 128 2148402 32586 0
1459947782443467 138 2185171 35196 136 2154638 35788 0
1459947782445355 129 2179574 37605 129 2151426 35952 0
1459947782447183 132 2178254 35883 130 2149745 34691 0
1459947782449382 137 2183437 37857 133 2152036 34092 0
1459947782450956 119 2183437 37857 117 2152036 34092 1
1459947782453188 139 2190775 41664 138 2160548 39275 0
1459947782455218 136 2193700 41106 135 2164555 39900 0
1459947782457185 133 2192557 38947 132 2164409 36916 0
1459947782459121 126 2192557 38947 125 2164409 36916 1
1459947782461222 138 2197903 40832 135 2168114 37447 0
1459947782463379 140 2205391 44545 138 2175370 41210 0
1459947782465496 136 2207174 42708 133 2175659 38256 0
1459947782467623 138 2211378 43247 136 2179765 39052 0
1459947782469711 135 2211414 39901 134 2180990 37131 0
1459947782471744 136 2212727 37993 134 2182120 35271 0
1459947782473666 133 2210097 37447 133 2181881 32734 0
1459947782475769 138 2214073 38186 135 2184221 32333 0
1459947782477737 134 2212618 36542 132 2182538 31356 0
1459947782479551 132 2208717 37283 131 2179707 31515 0
1459947782481361 134 2207680 35325 131 2177097 31457 0
1459947782483422 133 2205445 34625 131 2174691 31216 0
1459947782485264 129 2205445 34625 127 2174691 31216 1
1459947782486954 130 2199544 37358 128 2168633 34361 0
1459947782488764 133 2197944 35913 132 2168168 32104 0
1459947782490548 128 2197944 35913 124 2168168 32104 1
1459947782492426 136 2200309 35287 135 2171579 32740 0
1459947782494328 133 2198649 34059 133 2172164 30721 0
1459947782496148 134 2198399 31627 130 2168863 31362 0
1459947782498041 138 2203289 33664 136 2173500 33186 0
1459947782500171 140 2203289 33664 136 2173500 33186 1
1459947782502117 133 2201397 32778 132 2172655 31371 0
1459947782504055 135 2202212 30969 134 2174436 30562 0
1459947782505985 133 2200404 30215 131 2172238 30200 0
1459947782508090 139 2206417 33397 136 2176611 31872 0
1459947782509845 132 2203000 33936 128 2170403 35104 0
1459947782511678 131 2203000 33936 126 2170403 35104 1
1459947782513487 130 2197290 36547 127 2163400 38816 0
1459947782515381 132 2194586 36183 130 2160784 38194 0
1459947782517260 129 2188253 39193 128 2155812 39792 0
1459947782519216 138 2193935 41369 137 2162749 43078 0
1459947782521072 131 2190213 41567 128 2157624 44436 0
1459947782522903 129 2190213 41567 124 2157624 44436 1
1459947782524839 135 2191902 39876 130 2155459 42959 0
1459947782526771 135 2193459 38196 130 2153463 41441 0
1459947782528699 134 2193615 35354 130 2151623 39898 0
1459947782530454 132 2191198 34818 129 2148647 39523 0
1459947782532271 130 2186410 36510 128 2144623 40143 0
1459947782534160 135 2188396 35488 134 2148594 40667 0
1459947782535849 130 2183827 36926 127 2143295 42373 0
1459947782537926 142 2183827 36926 139 2143295 42373 1
1459947782539725 134 2184735 34878 134 2147370 42818 0
1459947782541456 131 2181732 34920 131 2147286 39548 0
1459947782543371 133 2181524 32382 130 2145929 37708 0
1459947782545413 135 2183892 32035 133 2148518 37149 0
1459947782547322 130 2179675 33419 128 2144505 37945 0
1459947782549083 129 2174507 35571 128 2140805 38390 0
1459947782550985 132 2173583 33643 130 2139954 36173 0
1459947782552691 129 2168891 35338 127 2135330 37608 0
1459947782554714 137 2174806 38030 134 2140027 38999 0
1459947782556861 139 2174806 38030 137 2140027 38999 1
1459947782558779 137 2180259 40085 135 2145637 41124 0
1459947782560457 124 2180259 40085 122 2145637 41124 1
1459947782562140 131 2177606 39398 129 2143129 40222 0
1459947782564124 137 2182840 41145 134 2147217 40847 0
1459947782566162 133 2182545 38201 131 2147145 37720 0
1459947782568105 133 2182273 35466 131 2147079 34833 0
1459947782569763 128 2182273 35466 123 2147079 34833 1
1459947782571295 125 2182273 35466 122 2147079 34833 1
1459947782572991 127 2182273 35466 120 2147079 34833 1
1459947782574942 134 2183302 33644 132 2148298 33235 0
1459947782576967 137 2188091 35430 134 2151982 34034 0
1459947782578675 132 2186106 34491 131 2151538 31783 0
1459947782580196 128 2186106 34491 126 2151538 31783 1
1459947782581905 127 2186106 34491 125 2151538 31783 1
1459947782583863 135 2188116 33649 134 2154969 32462 0
1459947782585681 132 2186129 32851 130 2153012 31729 0
1459947782587164 127 2186129 32851 125 2153012 31729 1
1459947782588774 128 2186129 32851 126 2153012 31729 1
1459947782590426 130 2186129 32851 126 2153012 31729 1
1459947782592086 129 2180457 35512 127 2147367 34453 0
1459947782593706 125 2180457 35512 124 2147367 34453 1
1459947782595554 134 2181628 33817 133 2149843 34044 0
1459947782597367 128 2175028 37259 127 2144446 36358 0
1459947782598999 132 2174063 35236 129 2142031 35743 0
1459947782600686 125 2174063 35236 124 2142031 35743 1
1459947782602177 126 2174063 35236 124 2142031 35743 1
1459947782604092 135 2177014 35203 135 2147484 37977 0
1459947782605703 130 2173334 35843 128 2143551 38634 0
1459947782607557 134 2175062 34635 132 2145046 36993 0
1459947782609439 134 2176655 33397 131 2145144 34192 0
1459947782611151 130 2173003 34152 128 2141394 34976 0
1459947782612704 131 2170917 33405 129 2139217 34249 0
1459947782614567 137 2176674 36102 134 2143610 35623 0
1459947782616390 124 2176674 36102 122 2143610 35623 1
1459947782618424 134 2178141 34633 130 2142540 33824 0
1459947782620433 134 2179493 33174 132 2144114 32632 0
1459947782622180 132 2178180 31792 131 2144285 30239 0
1459947782624087 132 2176969 30423 131 2144442 28021 0
1459947782626003 131 2174573 30254 128 2140747 29236 0
1459947782627992 133 2174924 28214 131 2141181 27351 0
1459947782629734 132 2173968 26890 128 2137741 28385 0
1459947782631626 134 2175646 26336 130 2137129 26730 0
1459947782633914 142 2175646 26336 140 2137129 26730 1
1459947782635739 131 2173353 26391 129 2135285 26340 0
1459947782637525 131 2171239 26277 129 2133585 25848 0
1459947782639296 130 2168010 27199 129 2132018 25271 0
1459947782641029 129 2168010 27199 126 2132018 25271 1
1459947782642706 127 2168010 27199 125 2132018 25271 1
1459947782644184 126 2168010 27199 125 2132018 25271 1
1459947782645927 130 2165034 27817 128 2129294 25807 0
1459947782647896 135 2168690 29014 131 2130622 25015 0
1459947782649642 130 2165661 29539 127 2126727 26650 0
1459947782651629 139 2165661 29539 135 2126727 26650 1
1459947782653693 135 2169268 30556 132 2129536 27157 0
1459947782655448 130 2166193 31001 128 2127006 27367 0
1459947782657301 132 2165919 28831 130 2127233 25437 0
1459947782659185 133 2166946 27525 131 2128722 24822 0
1459947782661022 132 2166613 25680 130 2128815 22968 0
1459947782662863 134 2168866 25750 131 2130181 22432 0
1459947782665040 137 2168866 25750 137 2130181 22432 1
1459947782666916 133 2169663 24473 131 2131440 21840 0
1459947782669069 140 2169663 24473 138 2131440 21840 1
1459947782671233 140 2169663 24473 137 2131440 21840 1
1459947782673100 131 2167838 24243 129 2130041 21422 0
1459947782674985 133 2168715 23158 129 2128751 20936 0
1459947782676705 133 2169524 22093 130 2128842 19384 0
1459947782678260 128 2169524 22093 126 2128842 19384 1
1459947782680053 131 2167709 22038 128 2126366 20151 0
1459947782681912 132 2167316 20677 131 2127923 20012 0
1459947782684024 136 2167316 20677 135 2127923 20012 1
1459947782686005 136 2167316 20677 136 2127923 20012 1
1459947782687847 130 2164394 21754 128 2125519 20664 0
1459947782689503 121 2164394 21754 119 2125519 20664 1
1459947782691378 133 2165540 21111 132 2128422 21726 0
1459947782693080 132 2165317 19666 130 2128539 20135 0
1459947782694825 129 2161271 21858 128 2126086 20821 0
1459947782696755 132 2161381 20252 128 2123825 21277 0
1459947782698747 134 2164043 21123 133 2128141 23592 0
1459947782700749 133 2165217 20554 130 2128279 21876 0
