1459947780003832 140 2293760 0 138 2260992 0 0
1459947780007845 146 2301440 7080 146 2271232 9440 0
1459947780011808 144 2305960 10692 142 2275552 12684 0
1459947780015588 141 2306286 10157 139 2275694 11824 0
1459947780019128 141 2306587 9640 140 2277105 12201 0
1459947780022646 139 2304304 10989 137 2274566 13587 0
1459947780026073 140 2303480 10889 137 2272225 14682 0
1459947780029788 142 2305280 11698 139 2272627 13905 0
1459947780033568 144 2309500 14674 142 2276838 16700 0
1459947780037241 143 2312110 15933 138 2275600 16536 0
1459947780040491 139 2309396 17189 135 2270618 19836 0
1459947780044149 146 2315854 21799 143 2276265 23492 0
1459947780047416 138 2311567 24046 137 2273791 23935 0
1459947780050805 141 2311455 22269 137 2271511 24166 0
1459947780054465 141 2311352 20623 139 2271969 22700 0
1459947780058037 141 2311257 19097 140 2273671 22495 0
1459947780061681 146 2317570 23424 145 2281640 28083 0
1459947780065323 140 2315709 23308 139 2281306 26196 0
1459947780069149 142 2316554 22266 140 2282278 25046 0
1459947780072978 145 2321173 24784 142 2285735 26275 0
1459947780076634 144 2324151 25592 140 2286361 24800 0
1459947780080486 147 2330736 29663 145 2293339 29294 0
1459947780084213 144 2332967 29401 141 2294651 28215 0
1459947780087841 142 2332463 27567 140 2294581 26074 0
1459947780091443 141 2330719 27020 138 2291956 26455 0
1459947780094807 140 2327831 27570 137 2288256 27798 0
1459947780098374 141 2326449 26689 139 2287406 26409 0
1459947780102413 147 2332855 30508 145 2294302 30702 0
1459947780106235 140 2329800 30939 139 2292979 29521 0
1459947780109584 138 2324424 33476 135 2286640 33057 0
1459947780113042 140 2322028 33068 137 2283356 33501 0
1459947780116397 137 2315979 36059 136 2279048 34853 0
1459947780119907 143 2318083 35180 141 2281477 34369 0
1459947780123591 141 2317462 33002 139 2281156 31978 0
1459947780127460 142 2318170 31075 139 2280860 29751 0
1459947780130671 139 2314982 31584 136 2276747 31216 0
1459947780133950 140 2313324 30644 136 2272956 32271 0
1459947780137366 141 2313075 28477 138 2272021 30610 0
1459947780141549 148 2321806 34300 146 2281399 36863 0
1459947780145488 145 2326014 35500 143 2286204 38413 0
1459947780149017 143 2327334 33943 142 2289354 38315 0
1459947780153039 147 2333671 37132 143 2293538 39178 0
1459947780157119 149 2342072 41976 145 2299955 42033 0
1459947780160834 142 2340857 39815 141 2300751 39482 0
1459947780164401 140 2337177 40095 137 2296364 40440 0
1459947780168150 143 2337625 37375 140 2296160 37467 0
1459947780172055 146 2341878 38375 142 2298532 36726 0
1459947780176066 145 2344518 37810 142 2300719 35872 0
1459947780179718 140 2340552 38511 137 2296335 37110 0
1459947780183115 137 2333056 42412 134 2288453 41475 0
1459947780186467 135 2323586 47828 133 2279907 46111 0
1459947780190499 144 2326375 46662 141 2282269 44685 0
1459947780194309 145 2330226 46567 145 2289566 47920 0
1459947780197909 143 2331217 43841 140 2289893 44478 0
1459947780201763 143 2332130 41257 141 2291475 42461 0
1459947780205468 142 2331692 38436 140 2291653 39307 0
1459947780209346 143 2332568 36241 140 2291817 36387 0
1459947780213216 144 2334656 35334 142 2294528 36044 0
1459947780217424 147 2340421 37887 146 2302148 40252 0
1459947780221153 143 2340615 35106 142 2304052 38862 0
1459947780225023 142 2339514 33377 141 2304527 36263 0
1459947780228895 143 2339779 31013 139 2302405 35384 0
1459947780232912 149 2347703 35895 147 2310689 40256 0
1459947780236776 144 2348608 33925 142 2311926 38251 0
1459947780240907 144 2349443 32043 142 2313066 36313 0
1459947780244924 145 2351492 31428 141 2312837 33686 0
1459947780248223 135 2340581 39029 132 2301106 41867 0
1459947780251858 142 2339483 36991 139 2299252 40305 0
1459947780255383 139 2334630 38573 137 2294982 41091 0
1459947780258957 141 2332717 37322 139 2293606 39147 0
1459947780262655 143 2333513 35140 142 2296178 38459 0
1459947780266326 142 2332967 32897 139 2294709 36808 0
1459947780270292 145 2336303 33402 142 2297194 36223 0
1459947780273885 137 2329139 37395 135 2290525 39540 0
1459947780277645 145 2332775 37824 143 2294617 40223 0
1459947780281222 139 2328446 38858 137 2290710 40681 0
1459947780284582 132 2315496 47760 129 2276868 50262 0
1459947780288475 143 2317637 46002 141 2279467 48731 0
1459947780292284 146 2323451 47768 143 2284423 49492 0
1459947780295438 134 2313451 53254 132 2274912 54392 0
1459947780299081 143 2315752 51214 141 2277664 52679 0
1459947780302956 139 2312753 49975 137 2275081 50943 0
1459947780306785 143 2315109 48242 143 2280380 51848 0
1459947780310437 141 2314721 44830 139 2280145 48013 0
1459947780314055 144 2318203 44537 140 2281208 45241 0
1459947780317732 140 2316293 42817 136 2277068 45521 0
1459947780321311 139 2313252 42273 137 2274532 44301 0
1459947780325082 145 2318129 43466 142 2278594 44583 0
1459947780329090 140 2316225 41825 136 2274658 44726 0
1459947780333003 142 2317029 39299 141 2277430 43786 0
1459947780336885 142 2317771 36912 139 2277425 40368 0
1459947780340640 138 2313335 38117 138 2276141 38397 0
1459947780344371 140 2311805 36548 139 2276237 35485 0
1459947780348429 147 2319355 40652 144 2282725 38694 0
1459947780351684 138 2314795 41679 135 2277187 40776 0
1459947780355029 137 2309311 43476 135 2272081 42296 0
1459947780358874 140 2308096 41199 137 2269934 40969 0
1459947780362930 146 2314656 44027 143 2275635 43024 0
1459947780366604 141 2314303 40911 140 2277051 40967 0
1459947780369869 139 2311418 40373 137 2274516 40102 0
1459947780373067 136 2304918 43209 136 2270899 40302 0
1459947780376625 141 2305326 40209 138 2270125 37866 0
1459947780380329 143 2308262 39774 140 2271971 36609 0
1459947780384290 141 2308409 36801 140 2273673 35317 0
1459947780388228 145 2313664 38770 143 2279082 37543 0
1459947780391947 144 2317229 39027 142 2282788 38026 0
1459947780395738 144 2320515 39007 142 2286205 38205 0
1459947780399387 144 2323544 38752 143 2290635 39304 0
1459947780402658 136 2316097 42589 133 2281919 44267 0
1459947780406076 139 2313071 42049 137 2279004 43495 0
1459947780409723 139 2310282 41333 137 2276316 42573 0
1459947780412878 133 2300031 47552 132 2267438 47429 0
1459947780416217 135 2293141 50188 134 2261814 48907 0
1459947780420058 146 2300869 53391 142 2266869 49746 0
1459947780423868 144 2305433 53427 140 2268969 47795 0
1459947780427610 143 2308361 51952 139 2269625 44666 0
1459947780431336 145 2313620 52741 142 2274070 45274 0
1459947780434925 140 2312068 50050 139 2274328 41974 0
1459947780439377 149 2322157 55440 147 2284806 48353 0
1459947780443221 145 2326338 54962 141 2286785 46399 0
1459947780447258 145 2330192 54221 142 2289889 45636 0
1459947780450828 143 2331185 50900 140 2290191 42348 0
1459947780454374 139 2326981 50798 137 2286629 42321 0
1459947780458195 144 2329505 49156 142 2289746 41887 0
1459947780461698 142 2329272 45529 140 2290059 38903 0
1459947780465606 144 2331617 44134 142 2292908 38489 0
1459947780469529 142 2331219 41052 138 2290414 37780 0
1459947780472744 139 2327012 41721 136 2285555 39306 0
1459947780476592 146 2332094 43146 144 2291316 41545 0
1459947780480378 146 2336779 44094 144 2296626 43195 0
1459947780484090 143 2337258 41090 140 2296402 40026 0
1459947780487975 143 2337699 38286 141 2297475 37887 0
1459947780491552 140 2334266 38458 137 2293344 38734 0
1459947780494854 134 2323421 45450 134 2285696 42757 0
1459947780498362 134 2313423 51115 132 2276086 48275 0
1459947780501804 135 2305486 54437 132 2267226 52670 0
1459947780505593 139 2303289 52208 136 2264178 51363 0
1459947780509280 141 2303824 48622 139 2265209 48300 0
1459947780512924 144 2308157 48818 142 2269999 48942 0
1459947780516529 141 2308312 45147 139 2270575 45649 0
1459947780520038 139 2305895 43847 138 2269826 42772 0
1459947780523727 143 2308786 43087 141 2272975 42333 0
1459947780526753 127 2290972 56142 125 2255398 55227 0
1459947780530469 147 2300149 60215 144 2263515 58394 0
1459947780534004 142 2302209 57409 140 2265877 56009 0
1459947780537453 142 2304108 54674 142 2270615 56001 0
1459947780541380 145 2309699 55556 142 2274983 55651 0
1459947780545136 141 2309733 51247 139 2275169 51475 0
1459947780548836 142 2311045 48452 140 2276621 48791 0
1459947780552505 142 2312254 45781 140 2277959 46213 0
1459947780555988 137 2306969 47075 133 2270233 49723 0
1459947780559593 140 2305937 44348 138 2269511 46503 0
1459947780564039 147 2313945 48266 145 2277805 50515 0
1459947780567307 141 2313648 44768 139 2277771 46598 0
1459947780570690 142 2314654 42197 138 2276460 44165 0
1459947780574506 143 2316861 40935 142 2280371 44320 0
1459947780578018 142 2317616 38432 140 2281417 41821 0
1459947780581707 142 2318312 36070 140 2282381 39441 0
1459947780585325 141 2317673 33840 139 2281989 36719 0
1459947780588764 138 2313244 35278 135 2276508 38902 0
1459947780592365 139 2310441 35104 136 2272735 39339 0
1459947780595764 139 2307857 34742 136 2269257 39470 0
1459947780599290 144 2311875 35731 140 2271171 38150 0
1459947780603382 146 2318139 38714 143 2276775 40335 0
1459947780607203 144 2321354 38653 141 2279381 39586 0
1459947780610570 137 2315358 41160 136 2275384 40177 0
1459947780614010 136 2308550 44219 132 2266579 45154 0
1459947780618036 145 2313794 45598 141 2269982 44763 0
1459947780621648 140 2312228 43477 138 2269279 41912 0
1459947780625043 139 2309505 42590 137 2267351 40413 0
1459947780628613 140 2308274 40395 138 2266854 37712 0
1459947780632194 139 2305860 39464 137 2265116 36367 0
1459947780635503 139 2303634 38431 136 2262233 36181 0
1459947780639223 141 2304142 35896 139 2263416 34444 0
1459947780643065 141 2304610 33523 140 2265786 33938 0
1459947780646661 140 2303762 31685 137 2264131 32811 0
1459947780649818 136 2297860 34649 134 2258765 35193 0
1459947780653081 137 2293699 35777 135 2255098 35822 0
1459947780656471 137 2289863 36516 135 2251718 36138 0
1459947780660159 144 2295287 38663 142 2257562 38701 0
1459947780663987 145 2301567 41432 142 2262949 40644 0
1459947780667670 142 2303517 39992 139 2264076 38507 0
1459947780671040 138 2300194 39929 136 2261275 38080 0
1459947780674926 145 2306091 42245 140 2263812 37444 0
1459947780678487 141 2306407 39235 140 2266151 36674 0
1459947780682410 143 2309258 38798 142 2270867 38156 0
1459947780685936 144 2313167 39369 142 2275215 39183 0
1459947780689607 141 2312930 36510 139 2275383 36276 0
1459947780693517 145 2317832 38176 141 2278098 35944 0
1459947780697083 142 2318511 35819 139 2278041 33186 0
1459947780700994 145 2322977 37137 143 2283109 35265 0
1459947780704450 140 2320694 36339 139 2282661 32921 0
1459947780708083 140 2318589 35439 136 2278408 34269 0
1459947780711896 145 2323049 36781 143 2283447 36236 0
1459947780715519 139 2319480 37196 137 2280412 36202 0
1459947780719011 137 2313630 39682 135 2275054 38311 0
1459947780723018 147 2321037 43409 145 2282915 42564 0
1459947780726681 139 2317625 43161 135 2277362 44356 0
1459947780730171 142 2318320 40430 139 2277363 40891 0
1459947780733478 137 2312561 42579 134 2270964 43595 0
1459947780737243 141 2312372 39426 139 2271464 40650 0
1459947780741166 143 2314757 38544 140 2273205 39079 0
1459947780744742 141 2314396 35864 141 2276090 38685 0
1459947780748257 140 2312783 34548 136 2272350 39109 0
1459947780752069 145 2317696 36378 142 2276582 39955 0
1459947780755784 139 2314546 36438 136 2272804 40315 0
1459947780759580 145 2319322 37993 142 2277001 41034 0
1459947780763067 143 2321164 36723 141 2279590 40215 0
1459947780766789 142 2321583 34240 138 2278137 38412 0
1459947780770263 138 2316849 35928 135 2272957 40185 0
1459947780774059 143 2318885 34998 138 2272022 37906 0
1459947780777425 139 2315642 35252 136 2268600 38098 0
1459947780781402 147 2322892 39181 143 2274405 40473 0
1459947780785186 141 2321896 37037 138 2273357 38277 0
1459947780788744 139 2318417 37349 135 2268550 39716 0
1459947780792507 142 2319050 35015 140 2270519 38428 0
1459947780796524 147 2326034 38717 144 2277454 41818 0
1459947780800553 144 2328632 38087 142 2281287 42084 0
1459947780804204 143 2329747 36139 141 2283541 40874 0
1459947780808249 143 2330775 34263 141 2285619 39596 0
1459947780812098 145 2334283 34820 142 2288815 39448 0
1459947780815929 144 2336237 33900 141 2290481 37902 0
1459947780819900 145 2339318 34091 143 2294577 38716 0
1459947780823625 140 2335758 34708 136 2289393 40469 0
1459947780827209 141 2333756 33840 138 2287174 39352 0
1459947780830843 144 2335751 33035 140 2287688 36751 0
1459947780834321 140 2332470 33478 137 2284322 36981 0
1459947780838176 146 2337125 35154 144 2290179 39490 0
1459947780842086 145 2340137 35183 142 2293018 39021 0
1459947780845886 144 2341633 33813 141 2294355 37205 0
1459947780849665 143 2341732 31263 141 2295588 35435 0
1459947780853193 141 2339264 31095 139 2294165 33977 0
1459947780856377 130 2322909 43742 128 2278773 45511 0
1459947780860537 145 2327031 44124 144 2285063 47754 0
1459947780864577 146 2332111 45359 144 2290862 49369 0
1459947780868327 136 2323994 49297 134 2283408 52383 0
1459947780871947 141 2322911 46442 138 2281656 49904 0
1459947780875752 144 2325753 45433 141 2283881 48056 0
1459947780878734 123 2301493 64247 120 2259052 67189 0
1459947780882628 141 2302168 59850 136 2256643 64159 0
1459947780886724 143 2305351 58108 142 2262102 64179 0
1459947780890545 144 2309565 57453 142 2267135 63805 0
1459947780894205 146 2316010 58905 144 2274335 65457 0
1459947780897957 142 2316831 55060 138 2273292 61303 0
1459947780901171 138 2312468 54779 136 2269771 59758 0
1459947780904526 136 2305886 56566 135 2265245 59261 0
1459947780908468 145 2311338 57172 142 2270032 59044 0
1459947780912058 145 2316364 57339 142 2274445 58499 0
1459947780916137 145 2320998 57131 143 2279793 58859 0
1459947780919970 144 2323990 55425 141 2282164 56445 0
1459947780923587 141 2322908 52091 139 2281789 52379 0
1459947780927267 140 2320630 50120 139 2281444 48603 0
1459947780931102 144 2323650 48988 141 2283686 46872 0
1459947780934870 144 2326434 47727 140 2284473 43935 0
1459947780938526 141 2325161 45171 140 2285198 41170 0
1459947780942317 143 2326547 42920 140 2285866 38569 0
1459947780946061 141 2325265 40747 140 2286482 36123 0
1459947780949834 142 2325363 37654 141 2288330 35004 0
1459947780953564 140 2322894 36988 138 2286194 34237 0
1459947780957278 140 2320617 36196 137 2282945 34557 0
1459947780960702 141 2319798 34122 138 2281229 33438 0
1459947780964629 143 2321603 33120 143 2286047 35267 0
1459947780968774 148 2321603 33120 144 2286047 35267 1
1459947780972491 143 2323267 32066 141 2287929 34246 0
1459947780976479 144 2326081 32154 140 2288384 31990 0
1459947780980509 144 2328675 32033 142 2291364 32237 0
1459947780984444 143 2329787 30555 141 2292831 31070 0
1459947780988738 148 2329787 30555 147 2292831 31070 1
1459947780992796 145 2333372 31472 142 2295463 31068 0
1459947780996757 143 2334117 29700 143 2299169 32057 0
1459947781000524 144 2336084 29192 141 2300026 30342 0
1459947781004466 145 2339177 29762 143 2303376 31059 0
1459947781008424 145 2342028 30065 142 2305184 30299 0
1459947781011933 143 2342097 27779 141 2305571 28288 0
1459947781015650 143 2342160 25666 140 2304648 26928 0
1459947781019142 141 2342160 25666 136 2304648 26928 1
1459947781022701 140 2338378 27145 138 2301237 27968 0
1459947781026862 149 2338378 27145 147 2301237 27968 1
1459947781030498 143 2338732 25350 142 2303212 27604 0
1459947781034109 143 2339058 23670 139 2301193 27307 0
1459947781037918 145 2341919 24457 142 2303172 26997 0
1459947781041889 145 2344556 24977 143 2306276 27749 0
1459947781046166 147 2349547 27626 146 2312978 31759 0
1459947781050035 142 2347748 27124 139 2310196 31841 0
1459947781053836 145 2349930 27015 144 2314031 32889 0
1459947781057686 143 2349381 25409 140 2312447 31778 0
1459947781061430 147 2353995 27677 146 2318667 35029 0
1459947781065088 146 2356969 28255 143 2320561 34038 0
1459947781068719 144 2357150 26214 139 2317187 34488 0
1459947781072671 145 2358597 25500 142 2317916 32465 0
1459947781076518 145 2359931 24737 142 2318588 30548 0
1459947781080541 148 2365001 27478 145 2323048 32272 0
1459947781084455 145 2365835 26100 144 2325879 32360 0
1459947781088061 146 2367884 25949 142 2325929 29877 0
1459947781091619 141 2367884 25949 137 2325929 29877 1
1459947781095429 142 2364653 26899 139 2322135 31038 0
1459947781099633 149 2364653 26899 146 2322135 31038 1
1459947781103617 144 2364234 25182 141 2321198 29476 0
1459947781107077 135 2364234 25182 131 2321198 29476 1
1459947781110385 141 2360008 27109 139 2317774 30329 0
1459947781114049 142 2357392 27402 140 2315897 29688 0
1459947781118109 146 2360100 27758 143 2318007 29313 0
1459947781121883 141 2356197 29186 140 2316112 28768 0
1459947781125360 140 2351319 31401 138 2311805 30489 0
1459947781129179 146 2354502 31881 141 2311675 28226 0
1459947781133308 144 2354876 29735 139 2308995 28490 0
1459947781136878 141 2351381 30632 139 2306524 28541 0
1459947781140583 142 2349439 30027 140 2305526 27230 0
1459947781144224 144 2350209 28390 140 2304606 25949 0
1459947781147900 141 2347078 29057 141 2305038 24319 0
1459947781151737 146 2350592 30026 142 2306716 23966 0
1459947781155232 138 2343592 34133 137 2301863 26566 0
1459947781158952 143 2343538 31514 139 2299949 26253 0
1459947781162441 140 2343538 31514 136 2299949 26253 1
1459947781165807 141 2340929 31456 138 2296905 27006 0
1459947781169567 144 2342363 30320 141 2297939 25849 0
1459947781173342 141 2339845 30271 137 2293772 27669 0
1459947781177154 144 2341364 29306 142 2296331 27866 0
1459947781180541 139 2336364 31624 136 2291010 30593 0
1459947781184105 140 2333035 32221 139 2289944 29183 0
1459947781188008 146 2337646 33954 143 2294082 30717 0
1459947781191752 144 2339337 32860 141 2295336 29473 0
1459947781195026 139 2334496 34754 137 2291372 30823 0
1459947781198353 139 2330033 36151 136 2286438 32961 0
1459947781201586 134 2330033 36151 131 2286438 32961 1
1459947781205496 143 2331039 34253 140 2287010 30912 0
1459947781209315 140 2328126 34260 137 2283697 31550 0
1459947781213113 142 2328001 31698 141 2285763 30989 0
1459947781217178 146 2333005 33834 141 2287667 30323 0
1459947781220820 140 2329938 34016 137 2284303 31055 0
1459947781224610 144 2332231 33472 141 2286321 30489 0
1459947781227983 139 2327945 34807 137 2283062 31111 0
1459947781231857 145 2331674 35524 141 2285177 30630 0
1459947781235819 147 2337671 38277 144 2290967 33575 0
1459947781240174 146 2341920 39203 142 2293745 33512 0
1459947781244012 143 2341997 36211 141 2295026 32074 0
1459947781247678 142 2340788 34496 138 2292367 32019 0
1459947781251873 151 2340788 34496 148 2292367 32019 1
1459947781255593 145 2343513 34314 143 2296315 33157 0
1459947781259576 145 2346026 33949 141 2297395 31562 0
1459947781263011 140 2341942 35060 139 2295831 30537 0
1459947781266471 142 2340737 33430 140 2295669 28300 0
1459947781270556 148 2347306 36874 146 2303199 33031 0
1459947781274206 141 2344402 36669 138 2299901 33489 0
1459947781277845 139 2339165 38631 138 2296861 33674 0
1459947781281603 146 2343297 39421 142 2299178 33179 0
1459947781285387 143 2343266 36368 139 2297474 32156 0
1459947781289563 147 2348358 38220 144 2302303 34095 0
1459947781293773 148 2354332 40741 146 2309315 37895 0
1459947781297670 144 2354719 37915 142 2310659 36173 0
1459947781301655 149 2361476 41181 145 2315738 38028 0
1459947781305065 139 2354905 44019 138 2311460 38999 0
1459947781308972 147 2359088 44436 145 2316477 40577 0
1459947781312850 144 2359104 40979 142 2317262 38129 0
1459947781316519 143 2357839 38943 141 2316705 35662 0
1459947781320588 147 2361792 39545 145 2321312 37122 0
1459947781324778 148 2366717 40995 145 2325559 38136 0
1459947781328663 146 2368697 39617 144 2328194 37585 0
1459947781332362 142 2365402 39558 138 2322943 39487 0
1459947781335958 138 2365402 39558 135 2322943 39487 1
1459947781339927 144 2364924 36906 142 2323223 36660 0
1459947781344445 150 2372164 40696 146 2328601 38753 0
1459947781348014 141 2367318 41982 140 2325879 38234 0
1459947781351784 146 2369251 40484 144 2328489 37652 0
1459947781355289 142 2365913 40397 140 2325775 37211 0
1459947781359189 144 2365396 37716 142 2325833 34357 0
1459947781362594 136 2365396 37716 134 2325833 34357 1
1459947781366350 145 2366199 35509 143 2327167 32902 0
1459947781369615 133 2366199 35509 131 2327167 32902 1
1459947781372709 134 2366199 35509 131 2327167 32902 1
1459947781376251 139 2359259 39131 138 2321997 35097 0
1459947781379911 142 2356701 38430 139 2318510 35568 0
1459947781384137 150 2356701 38430 148 2318510 35568 1
1459947781387853 140 2351783 39960 137 2312736 38111 0
1459947781391052 137 2351783 39960 135 2312736 38111 1
1459947781394634 142 2349809 38656 139 2309973 37679 0
1459947781398689 146 2353110 38679 143 2312546 37107 0
1459947781402894 148 2358713 40822 147 2320038 41115 0
1459947781406724 145 2360038 38854 143 2321825 39549 0
1459947781410634 144 2359980 35871 141 2320912 37300 0
1459947781414249 140 2354806 37837 138 2316230 38700 0
1459947781417881 138 2347476 41636 136 2309354 42014 0
1459947781421209 141 2344559 41071 136 2303015 44574 0
1459947781424639 142 2343150 39160 139 2301011 42937 0
1459947781427496 131 2343150 39160 123 2301011 42937 1
1459947781430446 134 2343150 39160 125 2301011 42937 1
1459947781433491 135 2343150 39160 124 2301011 42937 1
1459947781436365 132 2343150 39160 121 2301011 42937 1
1459947781439493 136 2343150 39160 127 2301011 42937 1
1459947781442736 134 2343150 39160 125 2301011 42937 1
1459947781445608 131 2343150 39160 122 2301011 42937 1
1459947781448535 132 2343150 39160 122 2301011 42937 1
1459947781451367 131 2343150 39160 121 2301011 42937 1
1459947781454558 134 2343150 39160 124 2301011 42937 1
1459947781457873 138 2343150 39160 129 2301011 42937 1
1459947781460869 135 2343150 39160 126 2301011 42937 1
1459947781463531 128 2343150 39160 119 2301011 42937 1
1459947781466360 130 2343150 39160 121 2301011 42937 1
1459947781469327 134 2343150 39160 127 2301011 42937 1
1459947781472184 136 2343150 39160 129 2301011 42937 1
1459947781474982 134 2343150 39160 128 2301011 42937 1
1459947781478332 142 2341851 37297 135 2294044 46004 0
1459947781481576 135 2341851 37297 128 2294044 46004 1
1459947781484625 134 2341851 37297 128 2294044 46004 1
1459947781487499 130 2341851 37297 125 2294044 46004 1
1459947781490521 134 2341851 37297 128 2294044 46004 1
1459947781493089 125 2341851 37297 120 2294044 46004 1
1459947781496608 143 2341933 34459 136 2288901 47149 0
1459947781499686 136 2341933 34459 131 2288901 47149 1
1459947781502711 137 2341933 34459 130 2288901 47149 1
1459947781505619 132 2341933 34459 125 2288901 47149 1
1459947781508509 133 2341933 34459 127 2288901 47149 1
1459947781511271 135 2341933 34459 129 2288901 47149 1
1459947781514536 138 2341933 34459 132 2288901 47149 1
1459947781517657 139 2341933 34459 131 2288901 47149 1
1459947781520757 136 2341933 34459 129 2288901 47149 1
1459947781523674 133 2341933 34459 127 2288901 47149 1
1459947781526749 135 2341933 34459 130 2288901 47149 1
1459947781529423 128 2341933 34459 121 2288901 47149 1
1459947781532100 132 2341933 34459 125 2288901 47149 1
1459947781535072 135 2341933 34459 130 2288901 47149 1
1459947781537835 133 2341933 34459 127 2288901 47149 1
1459947781540674 130 2341933 34459 126 2288901 47149 1
1459947781543920 134 2341933 34459 128 2288901 47149 1
1459947781546819 128 2341933 34459 122 2288901 47149 1
1459947781549705 132 2341933 34459 128 2288901 47149 1
1459947781552524 133 2341933 34459 128 2288901 47149 1
1459947781555308 133 2341933 34459 128 2288901 47149 1
1459947781557725 127 2341933 34459 122 2288901 47149 1
1459947781560533 133 2341933 34459 127 2288901 47149 1
1459947781563425 134 2341933 34459 128 2288901 47149 1
1459947781566287 131 2341933 34459 125 2288901 47149 1
1459947781569147 133 2341933 34459 127 2288901 47149 1
1459947781572310 135 2341933 34459 130 2288901 47149 1
1459947781575288 133 2341933 34459 128 2288901 47149 1
1459947781578198 133 2341933 34459 129 2288901 47149 1
1459947781581308 135 2341933 34459 130 2288901 47149 1
1459947781584677 138 2335609 37595 134 2281600 50195 0
1459947781587486 133 2335609 37595 128 2281600 50195 1
1459947781590776 137 2335609 37595 130 2281600 50195 1
1459947781593540 135 2335609 37595 130 2281600 50195 1
1459947781596029 129 2335609 37595 123 2281600 50195 1
1459947781599108 137 2335609 37595 130 2281600 50195 1
1459947781602300 135 2335609 37595 129 2281600 50195 1
1459947781605501 137 2328499 41210 132 2272310 54837 0
1459947781608730 138 2323225 42851 132 2263745 58447 0
1459947781611806 136 2315803 46345 130 2253289 63518 0
1459947781614519 132 2303840 53751 128 2241090 69800 0
1459947781617418 133 2294092 58536 127 2228564 75892 0
1459947781620547 132 2283826 63425 128 2218297 79426 0
1459947781623151 127 2283826 63425 122 2218297 79426 1
1459947781626298 136 2279482 62473 131 2212672 78405 0
1459947781629513 139 2279317 57743 133 2210047 74698 0
1459947781632612 135 2274045 58090 130 2203787 74632 0
1459947781635742 136 2270465 56851 131 2199296 72941 0
1459947781638808 136 2267164 55451 130 2193876 72238 0
1459947781642031 135 2262841 55102 127 2185039 74740 0
1459947781644774 130 2252456 60370 125 2174332 78769 0
1459947781647527 131 2244162 63298 126 2165742 80533 0
1459947781650603 135 2241636 60679 128 2160383 79180 0
1459947781653278 130 2232908 63983 124 2150323 82267 0
1459947781655798 129 2223582 67581 123 2139769 85568 0
1459947781658736 133 2220104 65506 128 2136439 81952 0
1459947781661847 137 2222018 62152 132 2138489 77439 0
1459947781664777 136 2222502 57743 130 2137819 72006 0
1459947781667820 135 2221669 53998 129 2135921 68128 0
1459947781670711 132 2217061 54026 126 2130332 67957 0
1459947781673683 134 2215373 51361 127 2126459 66216 0
1459947781676705 135 2215096 47602 127 2122889 64332 0
1459947781679731 134 2213561 45297 127 2119598 62339 0
1459947781682797 135 2213426 41881 126 2115284 61444 0
1459947781685748 136 2214582 39674 124 2108747 62668 0
1459947781688626 138 2218207 39916 125 2104001 62147 0
1459947781691583 141 2225389 43418 127 2102185 58964 0
1459947781694833 146 2225389 43418 132 2102185 58964 1
1459947781697648 138 2228170 42589 122 2094111 61799 0
1459947781700459 142 2235854 46344 125 2090508 60290 0
1459947781703457 141 2241657 48073 124 2085907 59820 0
1459947781706220 139 2244447 46889 123 2080385 60236 0
1459947781709378 146 2244447 46889 129 2080385 60236 1
1459947781712257 144 2253419 51496 127 2080414 55557 0
1459947781715282 142 2259130 52737 124 2076601 54730 0
1459947781718565 146 2269515 58190 129 2079486 53114 0
1459947781721608 143 2275249 58929 124 2075746 52411 0
1459947781724654 145 2283095 61558 125 2073578 50314 0
1459947781727877 145 2290328 63416 126 2072859 47045 0
1459947781730626 140 2290596 58708 124 2069636 46339 0
1459947781733399 138 2288283 56253 121 2062825 48996 0
1459947781736302 144 2293830 56972 124 2060386 47415 0
1459947781739494 147 2302784 60776 128 2063258 46357 0
1459947781742570 145 2308479 61277 126 2063345 42816 0
1459947781745431 143 2311169 58968 124 2060866 41756 0
1459947781748382 144 2314928 57827 126 2061140 38746 0
1459947781751143 142 2315834 54144 123 2057553 39024 0
1459947781754256 145 2320509 54224 125 2056806 36662 0
1459947781757246 146 2326099 55140 128 2059958 36702 0
1459947781760195 147 2332532 56762 128 2062863 36512 0
1459947781763555 149 2341022 60154 130 2068101 38488 0
1459947781766578 143 2341169 55590 123 2063970 39288 0
1459947781769554 145 2343865 53732 124 2061442 38548 0
1459947781772473 141 2341230 51962 121 2055271 41224 0
1459947781775549 147 2346481 52743 129 2059822 42199 0
1459947781778633 146 2350042 51904 125 2058898 39753 0
1459947781781820 147 2354604 52055 128 2061886 39402 0
1459947781785115 147 2358810 51865 127 2063361 37682 0
1459947781787631 136 2358810 51865 117 2063361 37682 1
1459947781790708 144 2358847 47848 125 2062160 35844 0
1459947781793957 146 2361442 46501 127 2063613 34383 0
1459947781829919 145 2362554 43893 124 2061113 34000 0
1459947781832732 146 2364859 42588 123 2057528 34647 0
1459947781835754 144 2364424 39660 123 2054223 34986 0
1459947781838953 146 2366583 38551 123 2051176 35060 0
1459947781842031 146 2368573 37374 126 2052207 33271 0
1459947781845319 148 2372968 38505 126 2053158 31548 0
1459947781848656 149 2378299 40411 128 2056595 32251 0
1459947781851896 151 2385774 44144 126 2057203 30292 0
1459947781855291 148 2388825 43508 125 2056484 28587 0
1459947781858616 152 2396758 47421 128 2059661 29281 0
1459947781861604 145 2395111 45234 123 2056189 30192 0
1459947781864756 146 2394872 41919 125 2055549 28422 0
1459947781867793 146 2394652 38846 122 2051119 30284 0
1459947781870902 145 2393169 37177 123 2048315 30502 0
1459947781873933 146 2393082 34351 123 2045730 30501 0
1459947781877061 148 2395562 33953 124 2044627 29134 0
1459947781880059 148 2397848 33408 124 2043610 27794 0
1459947781882489 136 2397848 33408 114 2043610 27794 1
1459947781885832 150 2402516 35101 128 2047792 29478 0
1459947781888728 144 2399139 35470 122 2043968 30700 0
1459947781891996 149 2402426 35728 126 2045563 29771 0
1459947781895234 151 2408016 38089 128 2049593 31160 0
1459947781898033 142 2401649 40981 121 2044348 33559 0
1459947781901417 148 2403460 39448 126 2045913 32380 0
1459947781904281 145 2401289 38366 124 2044796 30879 0
1459947781907476 148 2403128 37063 126 2046326 29876 0
1459947781910475 150 2407383 38090 125 2046456 27661 0
1459947781913161 143 2402346 39757 121 2041456 30107 0
1459947781916007 144 2398982 39750 122 2038127 30822 0
1459947781918929 146 2398441 37142 122 2035058 31242 0
1459947781922002 146 2397942 34699 124 2034789 29048 0
1459947781925221 148 2400042 33924 125 2035821 27729 0
1459947781928280 150 2404538 35418 126 2038052 27619 0
1459947781931283 148 2406123 34111 124 2037549 25924 0
1459947781934172 143 2401184 35998 121 2033245 27865 0
1459947781937263 147 2401751 33708 125 2034397 26750 0
1459947781939918 139 2401751 33708 115 2034397 26750 1
1459947781942764 145 2399714 32951 122 2031619 27220 0
1459947781945746 148 2401676 32185 123 2030338 26273 0
1459947781948807 143 2401676 32185 119 2030338 26273 1
1459947781951677 143 2397085 33902 120 2025317 28847 0
1459947781954669 146 2396692 31614 122 2023249 28499 0
1459947781957838 151 2402730 34710 127 2027742 30414 0
1459947781960833 148 2404456 33589 124 2028044 28316 0
1459947781963651 145 2402207 33036 121 2024483 29385 0
1459947781966364 147 2402694 30904 123 2023760 27755 0
1459947781969261 146 2401863 29254 123 2023093 26200 0
1459947781971895 143 2401863 29254 119 2023093 26200 1
1459947781975147 149 2404937 29802 126 2026318 27126 0
1459947781978275 148 2406491 28905 123 2025451 25804 0
1459947781981410 147 2406643 26787 124 2025932 24232 0
1459947781984197 141 2406643 26787 118 2025932 24232 1
1459947781987197 143 2401664 29284 120 2021256 26648 0
1459947781990482 150 2406034 31024 126 2024625 27672 0
1459947781993106 144 2406034 31024 117 2024625 27672 1
1459947781995846 147 2406222 28773 122 2022611 27366 0
1459947781998852 148 2407675 27865 125 2024594 27056 0
1459947782001976 148 2409015 26923 123 2023862 25616 0
1459947782004664 145 2409015 26923 119 2023862 25616 1
1459947782007786 149 2411530 27138 124 2024467 24172 0
1459947782010901 149 2413849 27155 125 2026305 23977 0
1459947782013552 144 2409587 28961 121 2022879 25260 0
1459947782016653 149 2412058 28975 124 2023561 23915 0
1459947782019631 147 2411775 26970 123 2022910 22645 0
1459947782022797 150 2415355 28162 124 2023590 21502 0
1459947782025545 146 2413535 27638 121 2020377 22783 0
1459947782028125 141 2413535 27638 117 2020377 22783 1
1459947782030842 145 2413535 27638 119 2020377 22783 1
1459947782033545 142 2413535 27638 117 2020377 22783 1
1459947782036344 145 2413535 27638 119 2020377 22783 1
1459947782039222 146 2411857 27024 121 2017415 23733 0
1459947782042488 150 2415430 28206 126 2021084 25260 0
1459947782045496 148 2416164 26679 121 2018066 26067 0
1459947782048388 145 2413001 27509 120 2014004 27774 0
1459947782051317 147 2412645 25686 121 2011539 27875 0
1459947782054354 148 2413597 24556 123 2011827 25963 0
1459947782057510 149 2415754 24626 126 2015933 27719 0
1459947782060412 149 2417743 24535 123 2015878 25603 0
1459947782063608 150 2420856 25488 123 2015827 23648 0
1459947782066821 149 2422446 24962 125 2018340 24117 0
1459947782069667 148 2422632 23182 121 2015537 24815 0
1459947782072294 145 2422632 23182 118 2015537 24815 1
1459947782075447 150 2425363 23888 124 2016793 24034 0
1459947782078310 148 2425321 22059 123 2016671 22268 0
1459947782081501 155 2425321 22059 129 2016671 22268 1
1459947782084575 151 2429122 23839 127 2021678 25144 0
1459947782087300 145 2424946 25824 121 2018614 26003 0
1459947782090135 146 2422377 26174 120 2014509 27754 0
1459947782092646 142 2422377 26174 117 2014509 27754 1
1459947782095791 150 2425128 26665 126 2018405 29177 0
1459947782098882 151 2428944 28099 125 2020717 29028 0
1459947782102011 150 2431182 27966 127 2025408 31085 0
1459947782104505 144 2431182 27966 118 2025408 31085 1
1459947782107467 146 2428125 28598 121 2022053 31748 0
1459947782110695 152 2432987 30845 124 2022800 29955 0
1459947782113624 149 2433629 29027 125 2024768 29429 0
1459947782116664 147 2431661 28572 123 2024023 27815 0
1459947782119799 149 2432407 27027 125 2025896 27367 0
1459947782122380 146 2432407 27027 119 2025896 27367 1
1459947782124930 143 2432407 27027 118 2025896 27367 1
1459947782127629 146 2432407 27027 119 2025896 27367 1
1459947782130206 144 2432407 27027 117 2025896 27367 1
1459947782132923 144 2426695 30180 120 2021222 29535 0
1459947782135966 148 2426549 27956 125 2023314 29155 0
1459947782138944 149 2427694 26827 124 2023962 27474 0
1459947782141990 148 2427470 24937 123 2023279 25955 0
1459947782144960 147 2425983 24357 123 2022650 24506 0
1459947782148107 149 2427173 23551 121 2019510 25485 0
1459947782151180 150 2429550 23902 126 2023015 26724 0
1459947782154367 150 2431741 24054 124 2023686 25255 0
1459947782158178 157 2431741 24054 132 2023686 25255 1
1459947782161738 153 2431741 24054 128 2023686 25255 1
1459947782164444 148 2431201 22671 122 2021745 25069 0
1459947782167304 145 2426863 24897 121 2018676 25939 0
1459947782170427 149 2427984 23984 121 2015846 26519 0
1459947782173665 151 2431577 25423 125 2018358 26762 0
1459947782176728 147 2429770 25101 121 2015553 27256 0
1459947782179924 150 2431944 25143 124 2016807 26282 0
1459947782182868 147 2430108 24870 121 2014123 26701 0
1459947782186000 149 2430975 23727 121 2011649 26894 0
1459947782189432 151 2434335 24970 127 2017048 29770 0
1459947782192774 153 2434335 24970 126 2017048 29770 1
1459947782195780 148 2433592 23703 123 2016906 27574 0
1459947782198692 147 2431627 23661 122 2015495 26719 0
1459947782201069 142 2431627 23661 116 2015495 26719 1
1459947782203197 136 2431627 23661 111 2015495 26719 1
1459947782205917 149 2432376 22502 122 2014194 25829 0
1459947782208972 151 2435626 23740 124 2015555 25065 0
1459947782211967 149 2436062 22287 123 2015529 23129 0
1459947782215157 153 2436062 22287 128 2015529 23129 1
1459947782218300 149 2436464 20916 122 2014225 22523 0
1459947782221312 150 2438115 20803 125 2016863 23195 0
1459947782225509 147 2435797 21313 145 2044895 47224 0
1459947782229506 147 2433660 21616 144 2069457 66177 0
1459947782233245 144 2427850 25282 141 2088260 78340 0
1459947782236996 145 2423774 27063 141 2105594 88199 0
1459947782240738 142 2416176 31951 140 2120294 94860 0
1459947782244750 142 2409172 35910 140 2133846 99942 0
1459947782248480 143 2403995 37876 142 2148899 106011 0
1459947782252425 145 2401782 36955 142 2162776 110521 0
1459947782256515 146 2401022 34766 145 2179409 117219 0
1459947782260306 144 2397762 35054 141 2189622 117476 0
1459947782264065 141 2390916 38625 138 2195197 113438 0
1459947782267785 138 2380765 44964 136 2197777 106953 0
1459947782271492 143 2377807 44177 140 2205275 105509 0
1459947782274792 137 2367400 50318 134 2204507 97973 0
1459947782278218 139 2360366 52869 137 2207639 93206 0
1459947782282374 147 2364122 52200 146 2222047 99206 0
1459947782286479 144 2363744 48468 144 2232769 101339 0
1459947782290086 145 2364676 45540 141 2238813 98993 0
1459947782293679 144 2364255 42369 141 2244385 96396 0
1459947782297317 137 2354907 47675 136 2243122 90028 0
1459947782301069 145 2356529 45446 143 2250918 90181 0
1459947782305166 148 2361865 46814 146 2261945 93300 0
1459947782308939 144 2361664 43341 140 2264430 88301 0
1459947782312539 144 2361479 40124 142 2269281 85874 0
1459947782316118 142 2358748 39506 140 2271193 80928 0
1459947782319687 144 2358790 36458 140 2272956 76230 0
1459947782323067 142 2356269 35932 139 2273301 70592 0
1459947782326566 140 2351385 37625 138 2272339 65963 0
1459947782330191 140 2346883 38835 136 2268892 63986 0
1459947782333898 144 2347852 36695 143 2274674 64318 0
1459947782337637 144 2348746 34652 141 2277445 61847 0
1459947782341473 141 2345730 34724 139 2277439 57019 0
1459947782345400 144 2346789 32988 141 2279994 54919 0
1459947782349437 148 2352886 36030 146 2288749 58699 0
1459947782353416 145 2354666 34856 144 2294260 59193 0
1459947782357091 144 2355027 32465 141 2295500 55712 0
1459947782360978 144 2355360 30235 142 2297924 53593 0
1459947782364728 142 2353107 29948 140 2297598 49705 0
1459947782368592 143 2352310 28342 141 2298578 46724 0
1459947782371868 137 2343895 33883 137 2294361 46959 0
1459947782375331 142 2342538 32485 139 2293034 44513 0
1459947782378995 143 2342567 29973 140 2293090 41087 0
1459947782382630 143 2342593 27655 141 2294422 39105 0
1459947782386840 149 2342593 27655 147 2294422 39105 1
1459947782390723 144 2343897 26697 143 2298210 39541 0
1459947782394548 141 2341260 27041 138 2295302 39131 0
1459947782398316 141 2338829 27169 137 2291341 39724 0
1459947782402173 141 2336587 27111 139 2290249 37625 0
1459947782405703 141 2334521 26896 140 2290523 34937 0
1459947782409638 145 2337736 27758 143 2294615 35980 0
1459947782413371 144 2339420 27141 142 2297108 35467 0
1459947782417180 144 2340972 26451 142 2299406 34814 0
1459947782421132 146 2344963 28063 144 2304084 36407 0
1459947782424881 148 2344963 28063 145 2304084 36407 1
1459947782428583 143 2344802 26017 140 2303277 34305 0
1459947782432360 144 2345934 25027 141 2303813 32118 0
1459947782436043 142 2344417 24468 137 2299187 33871 0
1459947782439703 140 2340459 26204 138 2296203 33974 0
1459947782443467 145 2343210 26692 142 2298572 33503 0
1459947782447183 140 2339346 28167 139 2296916 32411 0
1459947782450956 139 2334504 30429 135 2290269 36005 0
1459947782455218 148 2334504 30429 147 2290269 36005 1
1459947782459121 141 2332600 29805 138 2287981 35300 0
1459947782463379 150 2332600 29805 147 2287981 35300 1
1459947782467623 146 2337245 31758 144 2293552 37678 0
1459947782471744 146 2341527 33224 144 2298688 39469 0
1459947782475769 146 2345475 34267 144 2303423 40750 0
1459947782479551 142 2343994 32953 141 2303948 38050 0
1459947782483422 144 2345189 31480 141 2304432 35523 0
1459947782486954 140 2341171 32723 137 2299758 37055 0
1459947782490548 141 2338747 32400 138 2296729 36951 0
1459947782494328 144 2340352 31348 144 2301617 38570 0
1459947782498041 146 2344392 32622 142 2303563 37350 0
1459947782502117 147 2349396 34686 144 2307917 38445 0
1459947782505985 145 2351449 33869 143 2310650 37961 0
1459947782509845 146 2354622 34147 142 2311890 36138 0
1459947782513487 139 2354622 34147 135 2311890 36138 1
1459947782517260 140 2349867 35862 138 2307913 36979 0
1459947782521072 145 2351883 34919 143 2310647 36610 0
1459947782524839 141 2348622 35196 136 2304207 39685 0
1459947782528699 144 2349455 33214 139 2302110 38516 0
1459947782532271 141 2346383 33450 139 2300177 37287 0
1459947782535849 142 2344831 32265 140 2299675 34835 0
1459947782539725 149 2344831 32265 147 2299675 34835 1
1459947782543371 143 2344681 29882 141 2300492 32867 0
1459947782547322 144 2345822 28599 141 2301246 30994 0
1459947782550985 141 2343034 28933 139 2299381 30291 0
1459947782554714 144 2344304 27843 141 2300221 28699 0
1459947782558779 148 2344304 27843 146 2300221 28699 1
1459947782562140 137 2344304 27843 135 2300221 28699 1
1459947782566162 145 2346755 27926 143 2303556 29530 0
1459947782569763 140 2342614 29560 136 2297670 32647 0
1459947782572991 136 2342614 29560 130 2297670 32647 1
1459947782576967 147 2347757 31991 144 2302484 34534 0
1459947782580196 139 2342258 34559 138 2299242 34824 0
1459947782583863 141 2339749 34171 139 2297533 33677 0
1459947782587164 138 2333596 37173 137 2293398 34856 0
1459947782590426 139 2329203 38316 136 2288306 36825 0
1459947782593706 138 2323874 40234 136 2283612 38275 0
1459947782597367 141 2322801 38078 139 2283124 35733 0
1459947782600686 138 2317972 39554 136 2278834 36894 0
1459947782604092 140 2316080 38206 139 2278720 34116 0
1459947782607557 142 2316896 35973 139 2278615 31546 0
1459947782611151 142 2317648 33855 140 2279798 30171 0
1459947782614567 145 2322181 35389 142 2283448 31178 0
1459947782618424 140 2319960 34670 136 2279133 32719 0
1459947782622180 144 2323033 34794 141 2281555 32395 0
1459947782626003 142 2323306 32326 138 2279948 31344 0
1459947782629734 142 2323557 30032 139 2279747 29080 0
1459947782633914 149 2323557 30032 145 2279747 29080 1
1459947782637525 141 2322509 28651 139 2279561 26978 0
1459947782641029 140 2320262 28482 136 2275550 28567 0
1459947782644184 136 2320262 28482 133 2275550 28567 1
1459947782647896 142 2320751 26707 139 2275692 26466 0
1459947782651629 145 2325042 28576 142 2279663 28059 0
1459947782655448 144 2327718 28810 139 2279484 26030 0
1459947782659185 143 2328905 27653 140 2280599 25024 0
1459947782662863 143 2329999 26500 139 2280347 23301 0
1459947782666916 144 2332287 26539 143 2285234 25986 0
1459947782671233 152 2332287 26539 148 2285234 25986 1
1459947782674985 142 2331837 24879 138 2283340 25700 0
1459947782678260 141 2330142 24497 139 2282874 24121 0
1459947782681912 141 2328579 24023 139 2282444 22631 0
1459947782686005 146 2328579 24023 145 2282444 22631 1
1459947782689503 135 2328579 24023 133 2282444 22631 1
1459947782693080 143 2329698 23178 141 2284608 22857 0
1459947782696755 141 2328170 22775 138 2282763 22771 0
1459947782700749 143 2329321 22056 140 2283622 21784 0
