1459947780007845 153 2506752 0 151 2473984 0 0
1459947780015588 152 2505472 1180 150 2472704 1180 0
1459947780022646 150 2501732 4534 148 2468964 4534 0
1459947780029788 151 2499564 6177 147 2464236 8537 0
1459947780037241 154 2501405 7391 149 2462437 9527 0
1459947780044149 152 2500542 7607 147 2458219 12670 0
1459947780050805 149 2495907 11284 146 2453050 16444 0
1459947780058037 150 2492914 13160 148 2450845 17191 0
1459947780065323 152 2492715 12314 151 2452652 17513 0
1459947780072978 153 2493811 12362 150 2453038 16500 0
1459947780080486 155 2497382 14688 152 2455954 17898 0
1459947780087841 152 2496834 14045 149 2454802 17560 0
1459947780094807 150 2493768 15772 146 2449900 20706 0
1459947780102413 154 2496062 16654 152 2453061 22002 0
1459947780109584 148 2490497 20482 145 2447015 25856 0
1459947780116397 148 2485366 23610 146 2442721 27793 0
1459947780123591 152 2485756 22125 150 2443883 26692 0
1459947780130671 150 2483556 22423 146 2439834 28338 0
1459947780137366 151 2482808 21360 147 2437381 28384 0
1459947780145488 157 2489798 26135 154 2444080 32342 0
1459947780153039 155 2493682 27674 151 2446416 31968 0
1459947780160834 155 2497263 28812 152 2449849 32635 0
1459947780168150 151 2495444 28237 148 2447894 31886 0
1459947780176066 155 2498887 29204 151 2449932 31273 0
1459947780183115 148 2493101 32255 144 2442851 35356 0
1459947780190499 149 2489047 33471 147 2440163 35070 0
1459947780197909 154 2491710 33311 152 2444085 35945 0
1459947780205468 153 2492885 31791 149 2443860 33342 0
1459947780213216 153 2493968 30305 150 2444933 31726 0
1459947780221153 154 2496246 30037 153 2449762 33699 0
1459947780228895 153 2497066 28446 149 2449094 31681 0
1459947780236776 156 2501662 30460 153 2453598 33357 0
1459947780244924 155 2504619 30806 151 2455190 32218 0
1459947780251858 148 2498385 34145 146 2450258 34246 0
1459947780258957 150 2495198 34414 147 2446991 34581 0
1459947780266326 151 2493540 33252 149 2446539 32294 0
1459947780273885 150 2490732 33242 148 2444843 31334 0
1459947780281222 151 2489423 31850 150 2445839 29804 0
1459947780288475 148 2484376 34012 144 2439077 33707 0
1459947780295438 150 2482284 33282 147 2436684 33278 0
1459947780302956 150 2480355 32458 147 2434478 32711 0
1459947780310437 152 2481137 30643 151 2437564 33000 0
1459947780317732 151 2480578 28764 147 2435289 32517 0
1459947780325082 152 2481342 27221 149 2435752 30402 0
1459947780333003 150 2479487 26803 147 2433618 29992 0
1459947780340640 150 2477777 26285 148 2432931 28280 0
1459947780348429 154 2481320 27497 152 2437418 30206 0
1459947780355029 146 2474346 31776 144 2431314 33472 0
1459947780362930 152 2475597 30446 149 2432087 31570 0
1459947780369869 150 2474190 29363 147 2430240 30805 0
1459947780376625 149 2471613 29443 146 2427257 31147 0
1459947780384290 151 2471798 27312 149 2428347 29718 0
1459947780391947 154 2475808 28875 152 2433192 31862 0
1459947780399387 154 2479505 30027 153 2438938 34669 0
1459947780406076 147 2473953 32798 145 2433995 36515 0
1459947780412878 145 2466275 37312 144 2428159 39041 0
1459947780420058 150 2465597 35021 147 2426619 37409 0
1459947780427610 153 2468812 35248 148 2426479 34614 0
1459947780434925 152 2470496 34046 149 2427630 32970 0
1459947780443221 157 2478448 38717 153 2433811 36092 0
1459947780450828 153 2480659 37730 149 2434389 33805 0
1459947780458195 152 2481417 35481 149 2434922 31654 0
1459947780465606 153 2483396 34533 151 2437973 31994 0
1459947780472744 150 2481380 33692 147 2435666 31620 0
1459947780480378 155 2485922 35246 153 2441219 34268 0
1459947780487975 153 2487549 33992 150 2442498 32769 0
1459947780494854 146 2480089 38212 144 2435997 36200 0
1459947780501804 145 2471932 42745 142 2427444 41255 0
1459947780509280 149 2469532 41617 147 2425959 39399 0
1459947780516529 152 2471159 39865 150 2428430 38598 0
1459947780523727 150 2470099 37726 148 2428148 35841 0
1459947780530469 148 2466562 38038 145 2424048 36818 0
1459947780537453 152 2468421 36780 150 2426669 36357 0
1459947780545136 152 2470135 35486 149 2427805 34563 0
1459947780552505 152 2471715 34170 150 2430132 34007 0
1459947780559593 149 2469332 33696 145 2425877 35271 0
1459947780567307 154 2473535 34938 152 2430915 37159 0
1459947780574506 153 2476130 34600 149 2431719 34996 0
1459947780581707 151 2475962 32050 149 2432460 32945 0
1459947780588764 148 2471967 33228 145 2428024 34460 0
1459947780595764 148 2468284 34026 144 2422654 36716 0
1459947780603382 154 2472569 35317 150 2425384 36363 0
1459947780610570 151 2472679 32658 149 2426620 34662 0
1459947780618036 151 2472780 30200 146 2423920 34442 0
1459947780625043 149 2470314 30113 146 2421431 34045 0
1459947780632194 150 2469320 28675 147 2420416 32320 0
1459947780639223 149 2467124 28458 147 2419481 30656 0
1459947780646661 149 2465099 28099 147 2418619 29055 0
1459947780653081 146 2459393 31163 144 2413984 31057 0
1459947780660159 150 2459252 28857 147 2413551 29028 0
1459947780667670 153 2462962 30023 149 2415712 28752 0
1459947780674926 152 2465103 29650 147 2415144 27028 0
1459947780682410 152 2467076 29152 151 2419740 29153 0
1459947780689607 152 2468895 28551 150 2422697 29601 0
1459947780697083 153 2471852 29046 149 2424143 28621 0
1459947780704450 152 2473298 28109 150 2426756 28793 0
1459947780711896 152 2474631 27141 149 2427885 27584 0
1459947780719011 147 2469460 29786 145 2423806 29188 0
1459947780726681 154 2473653 31323 151 2427726 30520 0
1459947780733478 149 2471118 31211 146 2424939 30703 0
1459947780741166 152 2472621 30158 149 2426210 29476 0
1459947780748257 151 2472727 27899 148 2426102 27272 0
1459947780755784 152 2474105 26989 149 2427282 26229 0
1459947780763067 154 2477935 28411 152 2432210 28722 0
1459947780770263 150 2476346 27655 146 2429073 29369 0
1459947780777425 151 2476161 25664 146 2426181 29739 0
1459947780785186 154 2479830 27042 150 2428635 29677 0
1459947780792507 151 2479373 25350 148 2428337 27631 0
1459947780800553 155 2484071 27700 152 2433183 29939 0
1459947780808249 153 2485842 27168 150 2435090 29358 0
1459947780815929 154 2488755 27731 151 2438128 29865 0
1459947780823625 151 2487601 26627 149 2438369 27753 0
1459947780830843 152 2487817 24745 148 2437311 26558 0
1459947780838176 152 2488016 22994 149 2437616 24764 0
1459947780845886 154 2490759 23726 151 2440457 25448 0
1459947780853193 151 2489448 23080 149 2440516 23513 0
1459947780860537 148 2484399 25929 146 2436730 25165 0
1459947780868327 150 2482305 25833 148 2435800 24054 0
1459947780875752 152 2482934 24394 149 2436223 22564 0
1459947780882628 143 2471994 32572 138 2422533 33421 0
1459947780890545 153 2474709 32530 151 2426552 34514 0
1459947780897957 154 2478492 33475 150 2428977 34053 0
1459947780904526 146 2471739 37083 144 2423533 36410 0
1459947780912058 155 2477034 39066 152 2428754 38378 0
1459947780919970 155 2481915 40513 150 2431007 37456 0
1459947780927267 150 2480015 39098 148 2430524 34973 0
1459947780934870 154 2483383 39148 150 2432639 34190 0
1459947780942317 152 2483928 36592 149 2433309 32135 0
1459947780949834 151 2483151 34449 149 2433926 30193 0
1459947780957278 149 2479874 34777 146 2430655 30848 0
1459947780964629 151 2479413 32484 149 2431480 29198 0
1459947780972491 155 2484108 34275 152 2436080 31157 0
1459947780980509 153 2485877 33227 150 2437761 30271 0
1459947780988738 156 2491347 35674 155 2445710 35234 0
1459947780996757 153 2492550 33995 151 2447918 34517 0
1459947781004466 153 2493659 32361 151 2449954 33697 0
1459947781011933 155 2497241 33135 151 2451831 32794 0
1459947781019142 152 2496704 31041 147 2448441 33355 0
1459947781026862 154 2498769 30518 152 2451716 33768 0
1459947781034109 152 2498112 28738 150 2452175 31552 0
1459947781041889 154 2500067 28294 152 2455158 31837 0
1459947781050035 154 2501869 27744 152 2457908 31884 0
1459947781057686 154 2503530 27107 152 2460443 31730 0
1459947781065088 156 2507621 28761 153 2464060 32586 0
1459947781072671 154 2508833 27631 149 2462275 31685 0
1459947781080541 156 2512510 28862 153 2465749 32412 0
1459947781088061 155 2514620 28552 153 2468952 32832 0
1459947781095429 151 2511445 29247 147 2464225 34624 0
1459947781103617 156 2514918 30164 153 2467547 34981 0
1459947781110385 148 2507880 34295 145 2460369 38864 0
1459947781118109 153 2507791 31696 150 2460152 36026 0
1459947781125360 150 2503869 32833 148 2457392 35754 0
1459947781133308 154 2505374 31654 149 2456128 34125 0
1459947781140583 151 2502921 31441 148 2453683 33711 0
1459947781147900 152 2501940 29888 149 2452709 31974 0
1459947781155232 152 2501035 28386 149 2451811 30303 0
1459947781162441 151 2498921 28116 146 2447143 32238 0
1459947781169567 152 2498252 26534 149 2446679 30145 0
1459947781177154 152 2497636 25028 149 2446252 28182 0
1459947781184105 150 2494508 25955 147 2443298 28702 0
1459947781191752 154 2496744 25988 151 2445695 28669 0
1459947781198353 149 2492405 27956 147 2442785 29111 0
1459947781205496 148 2487125 30637 144 2436262 32848 0
1459947781213113 150 2484818 30369 148 2435369 31104 0
1459947781220820 152 2485251 28395 149 2435825 29095 0
1459947781227983 151 2484370 26987 149 2436246 27209 0
1459947781235819 156 2489958 30030 152 2440474 28980 0
1459947781244012 153 2491270 28892 151 2443091 29128 0
1459947781251873 156 2496319 31289 152 2446784 30257 0
1459947781259576 155 2499694 31955 151 2448909 29851 0
1459947781266471 151 2497685 31309 148 2447027 29251 0
1459947781274206 154 2499673 30695 150 2447853 27726 0
1459947781281603 152 2498946 28966 149 2447334 26036 0
1459947781289563 155 2502115 29625 151 2449416 25920 0
1459947781297670 156 2506317 31183 153 2453895 28024 0
1459947781305065 155 2508910 31137 150 2454184 26100 0
1459947781312850 155 2511301 30908 153 2458290 27846 0
1459947781320588 155 2513505 30525 153 2462076 29160 0
1459947781328663 157 2518097 32373 153 2465566 30098 0
1459947781335958 149 2512090 35380 146 2459823 33039 0
1459947781344445 156 2515512 35770 153 2463489 33836 0
1459947781351784 153 2514827 33605 152 2465588 33127 0
1459947781359189 153 2514196 31560 150 2464963 31113 0
1459947781366350 148 2507214 35530 146 2459267 33932 0
1459947781372709 143 2494377 44587 140 2446336 43201 0
1459947781379911 149 2490223 44931 147 2443376 42553 0
1459947781387853 155 2494074 44970 152 2447047 42612 0
1459947781394634 149 2489944 45262 146 2442751 43241 0
1459947781402894 156 2495097 46475 154 2449031 45651 0
1459947781410634 153 2496007 43683 151 2450980 43881 0
1459947781417881 149 2491726 44216 146 2446377 44695 0
1459947781424639 151 2490339 42038 148 2444693 42754 0
1459947781430446 140 2490339 42038 131 2444693 42754 1
1459947781436365 142 2490339 42038 130 2444693 42754 1
1459947781442736 143 2490339 42038 134 2444693 42754 1
1459947781448535 139 2490339 42038 129 2444693 42754 1
1459947781454558 141 2490339 42038 130 2444693 42754 1
1459947781460869 145 2490339 42038 135 2444693 42754 1
1459947781466360 137 2490339 42038 127 2444693 42754 1
1459947781472184 144 2490339 42038 136 2444693 42754 1
1459947781478332 146 2482661 45830 140 2432901 50283 0
1459947781484625 143 2471743 52313 136 2416910 61095 0
1459947781490521 140 2457838 61044 134 2399608 72270 0
1459947781496608 143 2448859 64551 136 2386218 78966 0
1459947781502711 144 2441861 65957 138 2376434 81814 0
1459947781508509 140 2430290 71470 134 2362295 88456 0
1459947781514536 145 2426023 69819 139 2355660 87660 0
1459947781520757 145 2422089 67989 138 2348264 87629 0
1459947781526749 142 2414623 69559 137 2340165 88247 0
1459947781532100 138 2402620 75188 130 2323739 96494 0
1459947781537835 142 2396675 74793 137 2317556 94654 0
1459947781543920 140 2388634 76361 135 2309296 94872 0
1459947781549705 138 2378661 79587 133 2299122 96838 0
1459947781555308 142 2374588 77123 136 2293583 94378 0
1459947781560533 138 2365713 79278 132 2283356 96431 0
1459947781566287 141 2361371 77086 134 2276488 95227 0
1459947781572310 142 2358648 73572 136 2272717 91263 0
1459947781578198 141 2354858 71317 136 2269240 87337 0
1459947781584677 145 2356484 67244 140 2271155 82279 0
1459947781590776 142 2354143 64147 136 2267801 78941 0
1459947781596029 140 2349425 63483 134 2262149 77983 0
1459947781602300 144 2350196 59233 137 2260778 73153 0
1459947781608730 146 2353466 57620 140 2263354 69812 0
1459947781614519 143 2352641 53878 137 2261889 65707 0
1459947781620547 140 2348040 53908 136 2259258 62997 0
1459947781626298 140 2343799 53605 135 2255553 61490 0
1459947781632612 145 2346289 51713 139 2257257 58257 0
1459947781638808 145 2348585 49788 138 2257548 53974 0
1459947781644774 141 2345581 48666 134 2252697 54228 0
1459947781650603 141 2342812 47415 135 2249505 52933 0
1459947781655798 137 2335139 50782 131 2241442 56229 0
1459947781661847 144 2337026 48553 137 2241689 52064 0
1459947781667820 144 2338765 46362 137 2241917 48206 0
1459947781673683 140 2335248 45980 134 2238287 47785 0
1459947781679731 143 2335846 42939 136 2237500 44775 0
1459947781685748 144 2337678 41272 133 2232935 45484 0
1459947781691583 148 2344486 44324 133 2228726 45809 0
1459947781697648 150 2353323 49007 134 2226126 44626 0
1459947781703457 150 2361469 52688 133 2222449 44527 0
1459947781709378 151 2370259 56674 134 2220340 42992 0
1459947781715282 151 2378362 59716 134 2218395 41425 0
1459947781721608 153 2388392 64296 133 2215322 41020 0
1459947781727877 152 2396358 66616 133 2212489 40425 0
1459947781733399 147 2397302 62281 130 2206038 43212 0
1459947781739494 153 2405852 65297 134 2205211 40598 0
1459947781745431 152 2412454 66282 133 2203168 39308 0
1459947781751143 151 2417261 65534 132 2200005 39152 0
1459947781757246 154 2425532 68039 134 2199649 36420 0
1459947781763555 155 2434437 70932 136 2201881 35632 0
1459947781769554 152 2438806 69418 131 2197539 36850 0
1459947781775549 152 2442834 67707 132 2194816 36481 0
1459947781781820 155 2450387 69380 134 2194866 33676 0
1459947781787631 151 2452230 65658 130 2189792 35722 0
1459947781793957 153 2456489 64454 134 2190234 33338 0
1459947781832732 154 2461695 64218 131 2186801 33896 0
1459947781838953 154 2466495 63625 130 2182357 35343 0
1459947781845319 155 2472200 63913 133 2182100 32817 0
1459947781851896 158 2481299 67307 134 2183143 31214 0
1459947781858616 159 2490967 70961 134 2184104 29661 0
1459947781864756 153 2492200 66553 132 2182430 28885 0
1459947781870902 153 2493336 62401 130 2178327 30409 0
1459947781877061 155 2496944 60851 131 2175825 30339 0
1459947781882489 151 2495150 57750 127 2168398 34814 0
1459947781888728 155 2498616 56433 133 2169231 32862 0
1459947781895234 158 2505651 58510 135 2172559 33362 0
1459947781901417 153 2505737 54017 131 2170507 32645 0
1459947781907476 155 2508376 52229 133 2171176 30710 0
1459947781913161 154 2509529 49211 131 2169232 30101 0
1459947781918929 153 2509312 45566 130 2166160 30580 0
1459947781925221 155 2511672 44181 132 2165888 28440 0
1459947781931283 156 2515127 43914 133 2166918 27167 0
1459947781937263 153 2514472 41086 131 2165307 26528 0
1459947781942764 151 2511308 40791 127 2158702 30543 0
1459947781948807 153 2510952 37932 128 2153893 32588 0
1459947781954669 152 2509343 36450 128 2149460 34128 0
1459947781960833 157 2514260 38135 133 2151773 33593 0
1459947781966364 154 2514953 35794 129 2148785 33721 0
1459947781971895 154 2515592 33586 129 2146031 33624 0
1459947781978275 156 2518741 33865 132 2147332 32196 0
1459947781984197 153 2517804 32082 129 2144691 32113 0
1459947781990482 155 2519500 31139 131 2144817 29720 0
1459947781995846 155 2521064 30147 127 2139813 32010 0
1459947782001976 156 2523785 30300 131 2140320 29976 0
1459947782007786 155 2525014 29065 129 2138227 29562 0
1459947782013552 156 2527427 29018 131 2138858 27833 0
1459947782019631 155 2528371 27621 131 2139439 26194 0
1459947782025545 156 2530522 27445 130 2138695 24832 0
1459947782030842 151 2526104 29371 126 2132889 28243 0
1459947782036344 151 2522032 30829 124 2124977 33329 0
1459947782042488 156 2524678 30859 130 2125363 31081 0
1459947782048388 155 2525837 29516 128 2123159 30683 0
1459947782054354 156 2528185 29375 129 2122407 28978 0
1459947782060412 157 2531630 30256 132 2125553 29615 0
1459947782066821 158 2536086 32000 132 2128454 29975 0
1459947782072294 154 2535074 30432 127 2124728 31067 0
1459947782078310 158 2539261 31914 131 2126413 30192 0
1459947782084575 161 2546961 36518 136 2134366 35165 0
1459947782090135 153 2543819 36560 127 2130178 36277 0
1459947782095791 154 2542203 35192 129 2128877 34640 0
1459947782102011 158 2545833 35788 134 2134078 36728 0
1459947782107467 153 2542779 35806 127 2129913 37697 0
1459947782113624 159 2547644 37493 132 2132473 37111 0
1459947782119799 157 2549569 36337 132 2134833 36387 0
1459947782124930 153 2546223 36581 126 2129329 38617 0
1459947782130206 153 2543139 36565 125 2122975 41457 0
1459947782135966 154 2541576 35148 129 2122237 38897 0
1459947782141990 156 2542695 33433 131 2124117 37591 0
1459947782148107 156 2543726 31772 130 2124570 35071 0
1459947782154367 158 2547237 32526 133 2128827 36256 0
1459947782161738 163 2556874 38868 138 2139152 42941 0
1459947782167304 154 2554238 38260 129 2137150 41430 0
1459947782173665 158 2556928 37750 130 2136585 38713 0
1459947782179924 156 2556848 34873 130 2136064 36168 0
1459947782186000 155 2555494 33395 128 2133024 36144 0
1459947782192774 160 2560646 35535 133 2136621 36636 0
1459947782198692 155 2558995 34279 129 2134817 35435 0
1459947782203197 147 2547233 42442 122 2124194 42458 0
1459947782208972 157 2549190 40930 129 2123361 39907 0
1459947782215157 159 2553554 41755 133 2127713 40801 0
1459947782221312 157 2555017 39841 131 2129165 38951 0
1459947782229506 157 2556366 37971 154 2159943 64281 0
1459947782236996 154 2553769 37397 151 2184477 81876 0
1459947782244750 151 2547535 40221 149 2204534 93969 0
1459947782252425 154 2545628 38835 152 2226864 107213 0
1459947782260306 155 2545150 36240 152 2247450 117813 0
1459947782267785 149 2537030 40893 146 2258747 119023 0
1459947782274792 150 2530824 43418 147 2270442 120505 0
1459947782282374 153 2528943 41758 151 2286343 125749 0
1459947782290086 154 2528489 38913 151 2301002 129438 0
1459947782297317 150 2522950 40977 147 2309396 127063 0
1459947782305166 155 2524244 38968 153 2324814 131349 0
1459947782312539 154 2524157 36002 150 2335187 130650 0
1459947782319687 153 2522797 34442 149 2343470 128078 0
1459947782326566 150 2517703 36446 147 2348546 122750 0
1459947782333898 151 2514287 36746 149 2355785 119834 0
1459947782341473 152 2512418 35597 149 2362459 116623 0
1459947782349437 156 2515815 35946 153 2373731 117903 0
1459947782357091 154 2516386 33664 151 2381563 115911 0
1459947782364728 152 2514353 32907 150 2387503 112331 0
1459947782371868 150 2509919 34423 148 2390419 106243 0
1459947782378995 153 2509671 31961 149 2394387 101600 0
1459947782386840 155 2512002 31613 154 2404445 102934 0
1459947782394548 152 2510311 30701 149 2407317 97540 0
1459947782402173 150 2506192 32098 147 2407405 90000 0
1459947782409638 153 2506235 29630 151 2412606 87763 0
1459947782417180 154 2507555 28532 151 2417401 85326 0
1459947782424881 156 2511332 29784 153 2424381 85094 0
1459947782432360 153 2510974 27786 149 2425696 79658 0
1459947782439703 151 2508084 28279 147 2424348 74676 0
1459947782447183 152 2506699 27344 150 2426945 71235 0
1459947782455218 153 2506703 25210 151 2430619 69056 0
1459947782463379 156 2510546 26783 152 2435286 67964 0
1459947782471744 156 2514089 27956 153 2440869 67801 0
1459947782479551 153 2513515 26299 152 2444736 66069 0
1459947782486954 151 2510426 27091 148 2443181 62340 0
1459947782494328 153 2510138 25238 150 2444307 58507 0
1459947782502117 156 2513713 26562 152 2447905 57253 0
1459947782509845 155 2515729 26344 151 2449942 54658 0
1459947782517260 148 2508627 30831 145 2444140 55735 0
1459947782524839 152 2507200 29737 148 2442631 52770 0
1459947782532271 153 2507165 27445 148 2441240 49928 0
1459947782539725 156 2510972 28810 153 2446358 50745 0
1459947782547322 153 2510642 26862 151 2448516 48769 0
1459947782554714 152 2509058 26223 150 2449225 45612 0
1459947782562140 152 2507597 25520 150 2449879 42651 0
1459947782569763 153 2507530 23586 148 2447922 41121 0
1459947782576967 152 2506189 22979 147 2444838 40750 0
1459947782583863 150 2502392 24682 148 2443275 39006 0
1459947782590426 148 2496332 28338 146 2439274 39646 0
1459947782597367 149 2492026 30093 147 2436865 38768 0
1459947782604092 148 2486776 32580 146 2433364 38965 0
1459947782611151 151 2485776 30955 148 2432697 36534 0
1459947782618424 153 2487414 30046 149 2433362 34292 0
1459947782626003 152 2487644 27910 149 2433975 32177 0
1459947782633914 155 2491696 29465 151 2437100 32544 0
1459947782641029 149 2487752 30798 146 2433581 33244 0
1459947782647896 149 2484116 31742 145 2429057 34816 0
1459947782655448 154 2487164 32072 150 2431286 34151 0
1459947782662863 152 2487414 29796 149 2432061 32197 0
1459947782671233 158 2495324 34760 155 2440456 37420 0
1459947782678260 151 2493656 33580 148 2439235 35621 0
1459947782686005 152 2493399 31192 151 2441949 35340 0
1459947782693080 149 2489322 32513 147 2439331 34991 0
1459947782700749 151 2488123 31076 148 2438198 33301 0
