1459947780002004 130 2129920 0 129 2113536 0 0
1459947780003832 131 2131200 1180 129 2113536 0 0
1459947780005786 134 2136220 5714 134 2119936 5900 0
1459947780007845 137 2144687 13073 136 2128396 13238 0
1459947780009828 135 2149933 16887 133 2132355 15852 0
1459947780011808 133 2152209 17665 131 2133444 15617 0
1459947780013766 135 2156867 20578 133 2137008 17682 0
1459947780015588 127 2150921 24450 126 2131334 21530 0
1459947780017369 128 2146720 26411 127 2127383 23488 0
1459947780019128 132 2147967 25497 131 2128861 23015 0
1459947780020973 133 2150397 25745 130 2128943 21292 0
1459947780022646 125 2142397 31107 124 2121339 26637 0
1459947780024342 131 2142702 28957 128 2119449 26296 0
1459947780026073 129 2140423 28794 126 2115147 28206 0
1459947780027868 129 2138322 28480 128 2113741 27298 0
1459947780029788 133 2141505 29189 131 2116284 27510 0
1459947780031708 134 2145719 30793 132 2119909 28702 0
1459947780033568 134 2149604 31969 132 2123251 29540 0
1459947780035551 135 2154466 33953 131 2125052 28892 0
1459947780037241 131 2153828 31887 125 2119032 32183 0
1459947780038912 129 2150680 32296 125 2113482 34783 0
1459947780040491 130 2149058 31267 127 2110926 34421 0
1459947780042314 135 2153962 33345 132 2114969 35459 0
1459947780044149 134 2157203 33727 132 2118697 36124 0
1459947780045814 129 2153791 34236 127 2115733 36032 0
1459947780047416 129 2150646 34460 128 2114281 34555 0
1459947780049259 133 2152866 33814 130 2115502 32981 0
1459947780050805 128 2148513 35184 124 2108948 36445 0
1459947780052682 133 2150900 34635 130 2110586 35107 0
1459947780054465 130 2149260 33439 128 2109536 33331 0
1459947780056265 130 2147749 32218 129 2109848 31015 0
1459947780058037 133 2150196 31955 131 2112696 31216 0
1459947780059747 132 2151171 30357 130 2114041 30017 0
1459947780061681 139 2161030 37074 138 2125521 38254 0
1459947780063639 134 2163719 36656 133 2129704 39121 0
1459947780065323 129 2159798 37406 127 2125880 39588 0
1459947780067277 133 2161303 35871 132 2128755 39146 0
1459947780069149 132 2161411 33167 128 2126286 38363 0
1459947780070971 135 2165350 34207 130 2126569 35626 0
1459947780072978 135 2168982 34882 133 2130670 36623 0
1459947780074706 132 2168490 32609 127 2126771 37354 0
1459947780076634 134 2170596 32003 132 2129577 37021 0
1459947780078504 134 2172538 31292 133 2133443 37692 0
1459947780080486 140 2182008 37577 136 2140847 41573 0
1459947780082401 132 2180498 36032 130 2139993 39111 0
1459947780084213 133 2180386 33319 131 2140486 36509 0
1459947780085872 132 2179003 31989 130 2139660 34416 0
1459947780087841 132 2177728 30664 130 2138899 32428 0
1459947780089651 132 2176553 29351 129 2136917 31720 0
1459947780091443 129 2171629 31595 127 2132530 33284 0
1459947780093244 132 2170930 29769 131 2133606 31675 0
1459947780094807 128 2165166 32756 125 2126918 35365 0
1459947780096559 129 2161132 33914 128 2124592 34745 0
1459947780098374 133 2162533 32556 131 2126288 33593 0
1459947780100341 135 2166385 33563 132 2129131 33589 0
1459947780102413 137 2172496 36573 136 2136872 38100 0
1459947780104293 130 2169169 36781 129 2135048 36803 0
1459947780106235 130 2166102 36733 129 2133367 35476 0
1459947780108017 127 2159435 40008 126 2127977 37672 0
1459947780109584 128 2154569 41367 125 2121728 40488 0
1459947780111417 131 2153923 38730 128 2119808 39094 0
1459947780113042 129 2150767 38612 127 2116758 38850 0
1459947780114739 130 2149138 37096 129 2116506 36046 0
1459947780116397 127 2143796 39121 126 2112433 36982 0
1459947780118169 133 2146551 38604 132 2116359 37711 0
1459947780119907 132 2147811 36750 131 2118698 36920 0
1459947780121643 132 2148973 34949 128 2117014 35586 0
1459947780123591 132 2150044 33205 131 2119302 34914 0
1459947780125582 134 2153591 33880 132 2122691 35310 0
1459947780127460 129 2150461 34117 126 2118135 36750 0
1459947780129150 131 2150136 31750 127 2115215 36569 0
1459947780130671 127 2144716 34264 125 2109963 38552 0
1459947780132255 129 2142280 33832 126 2106402 38822 0
1459947780133950 131 2142594 31477 128 2105679 36455 0
1459947780135473 124 2133923 37009 122 2097332 41300 0
1459947780137366 135 2140010 39728 133 2103717 43960 0
1459947780139428 138 2149461 45337 136 2113444 49492 0
1459947780141549 138 2158174 49827 136 2122411 53891 0
1459947780143534 135 2162366 49799 134 2128117 54940 0
1459947780145488 135 2166231 49471 132 2130817 53136 0
1459947780147158 130 2163394 48221 130 2130746 49048 0
1459947780149017 135 2167178 47942 134 2135801 49876 0
1459947780150980 138 2174507 50952 135 2141741 51455 0
1459947780153039 136 2178703 50839 132 2143377 48943 0
1459947780154969 134 2180011 48073 131 2143605 45329 0
1459947780157119 142 2191457 54869 139 2154055 51421 0
1459947780159042 135 2193049 52050 133 2156009 49204 0
1459947780160834 129 2186837 53709 128 2151410 49597 0
1459947780162688 133 2186230 50071 131 2151011 46089 0
1459947780164401 128 2179270 52574 125 2142963 49906 0
1459947780166216 132 2177974 49660 130 2141944 46946 0
1459947780168150 135 2180619 48219 131 2142284 43592 0
1459947780170127 136 2184338 47879 133 2145158 42835 0
1459947780172055 133 2183926 44517 130 2143967 40585 0
1459947780174117 134 2184826 41869 132 2145429 38762 0
1459947780176066 134 2185656 39362 132 2146777 36976 0
1459947780177778 124 2173621 47380 123 2136500 43561 0
1459947780179718 135 2176606 46430 132 2138545 42043 0
1459947780181342 127 2169118 49704 125 2131471 45279 0
1459947780183115 128 2163495 51003 126 2126229 46572 0
1459947780184809 131 2162151 48256 128 2123957 45027 0
1459947780186467 119 2145552 59787 119 2110342 54059 0
1459947780188517 131 2145610 55170 130 2111871 51245 0
1459947780190499 136 2152064 56809 132 2115841 50900 0
1459947780192278 133 2154174 54315 132 2119500 50297 0
1459947780194309 138 2162519 57764 138 2130554 56557 0
1459947780196104 133 2163812 54443 130 2130504 52183 0
1459947780197909 133 2165004 51288 130 2130458 48148 0
1459947780199634 133 2166103 48294 130 2130415 44424 0
1459947780201763 135 2169676 47815 132 2132936 43277 0
1459947780203703 134 2171690 45935 132 2135260 42037 0
1459947780205468 131 2169706 44174 130 2134842 39136 0
1459947780207185 129 2165317 44767 126 2129337 41152 0
1459947780209346 137 2171511 46979 134 2134502 42699 0
1459947780211121 133 2172101 43852 131 2135424 40213 0
1459947780213216 135 2175205 43288 133 2138834 40214 0
1459947780215357 138 2181907 46084 137 2147097 44690 0
1459947780217424 136 2185525 45818 134 2150875 44680 0
1459947780219359 135 2187580 44133 134 2154357 44399 0
1459947780221153 132 2185635 42477 131 2153727 41509 0
1459947780222982 130 2181282 43170 129 2150587 41160 0
1459947780225023 134 2182389 40817 132 2151532 38815 0
1459947780226830 130 2178289 41406 126 2144723 42058 0
1459947780228895 134 2179630 39407 132 2146126 40065 0
1459947780230863 134 2180866 37467 132 2147419 38126 0
1459947780232912 141 2190965 43849 139 2157571 44506 0
1459947780234794 135 2192595 41926 134 2160530 43756 0
1459947780236776 133 2191538 39623 131 2159418 41361 0
1459947780238792 131 2188004 39784 130 2157113 40253 0
1459947780240907 137 2192426 40751 135 2161388 41049 0
1459947780242840 132 2190102 39708 127 2155089 43648 0
1459947780244924 137 2194360 40530 134 2158242 43145 0
1459947780246437 121 2177805 52624 120 2143229 53613 0
1459947780248223 130 2174063 51960 127 2138349 53922 0
1459947780250134 133 2174454 48260 130 2137690 50316 0
1459947780251858 132 2173534 45336 130 2137082 46944 0
1459947780253668 130 2170126 44935 127 2132682 47331 0
1459947780255383 129 2165704 45499 128 2129906 46191 0
1459947780257141 128 2160348 46881 127 2126067 46120 0
1459947780258957 133 2161810 44566 131 2127648 43973 0
1459947780260666 133 2163158 42327 132 2130385 43060 0
1459947780262655 132 2163121 39053 132 2132908 42021 0
1459947780264455 132 2163087 36032 132 2135234 40882 0
1459947780266326 132 2163055 33245 128 2132258 40430 0
1459947780268247 132 2163026 30673 128 2129515 39799 0
1459947780270292 138 2170679 35331 136 2137226 43798 0
1459947780272169 131 2168774 34325 130 2136655 40902 0
1459947780273885 124 2158058 41521 123 2127168 46451 0
1459947780275720 133 2159699 39790 131 2128663 44200 0
1459947780277645 137 2166332 42796 136 2136441 47916 0
1459947780279427 133 2167327 40369 132 2138491 46062 0
1459947780281222 126 2159284 44629 124 2130141 50160 0
1459947780282819 116 2139069 59776 114 2109643 65136 0
1459947780284582 129 2137074 56944 127 2107387 62126 0
1459947780286510 131 2137795 53159 130 2109147 58894 0
1459947780288475 135 2143579 54337 133 2114609 59328 0
1459947780290342 136 2150191 56187 132 2118365 58155 0
1459947780292284 135 2155007 56237 133 2123107 57983 0
1459947780293879 124 2145367 60729 123 2114679 61222 0
1459947780295438 126 2139040 61816 124 2108189 62421 0
1459947780297275 133 2142167 59869 131 2111166 60289 0
1459947780299081 131 2142490 55488 131 2113911 58108 0
1459947780300906 123 2132547 60318 121 2103641 63034 0
1459947780302956 133 2136181 58955 132 2108254 62361 0
1459947780304680 126 2130571 59519 127 2106106 59468 0
1459947780306785 139 2142040 65442 137 2116926 64797 0
1459947780308696 132 2143653 61816 130 2117941 60669 0
1459947780310437 129 2141300 59155 128 2116316 57426 0
1459947780312320 137 2149370 61973 134 2122498 58638 0
1459947780314055 131 2149130 57351 127 2119237 57061 0
1459947780316049 134 2152749 56206 129 2118791 53013 0
1459947780317732 125 2144565 59358 123 2110700 56329 0
1459947780319474 127 2139580 59314 124 2104521 57623 0
1459947780321311 131 2140105 55164 130 2106505 54950 0
1459947780323131 129 2138029 52767 128 2105774 51330 0
1459947780325082 137 2146355 56320 135 2114060 54958 0
1459947780327161 131 2146351 51923 127 2111459 53061 0
1459947780329090 130 2145067 49049 127 2109061 51125 0
1459947780331087 133 2147723 47666 131 2111970 49812 0
1459947780333003 130 2146332 45224 130 2113372 47212 0
1459947780335007 134 2150169 45228 132 2117224 47074 0
1459947780336885 131 2149867 41972 127 2114375 46021 0
1459947780338684 127 2144468 43668 126 2110469 46025 0
1459947780340640 130 2143331 41303 130 2111988 43829 0
1459947780342385 126 2137163 43761 125 2106988 45012 0
1459947780344371 133 2140437 43360 133 2112619 46686 0
1459947780346467 136 2147295 46294 134 2119090 49004 0
1459947780348429 137 2154897 49685 135 2126336 51855 0
1459947780350211 134 2158065 48724 131 2127896 49241 0
1459947780351684 122 2145626 56384 121 2116534 55868 0
1459947780353286 124 2136718 60190 122 2107339 59978 0
1459947780355029 130 2136186 55976 128 2106543 56025 0
1459947780357028 132 2138256 53510 130 2108369 53331 0
1459947780358874 129 2136324 51109 126 2104932 52331 0
1459947780360754 131 2137103 47834 130 2106884 50041 0
1459947780362930 140 2149341 55378 137 2117643 56050 0
1459947780364594 127 2143983 55989 127 2114762 54326 0
1459947780366604 135 2149284 56501 133 2119786 54712 0
1459947780368224 128 2145211 55840 125 2114177 55607 0
1459947780369869 129 2142736 53758 128 2112846 52488 0
1459947780371374 123 2132774 58740 121 2102659 57777 0
1459947780373067 128 2129991 56715 128 2102228 53659 0
1459947780374964 131 2131265 53458 130 2104391 51460 0
1459947780376625 131 2132439 50364 127 2102545 49140 0
1459947780378379 131 2133522 47427 129 2103403 46091 0
1459947780380329 133 2137080 47001 130 2105474 44399 0
1459947780382343 131 2137800 43993 130 2107383 42690 0
1459947780384290 133 2141024 43528 131 2110423 42157 0
1459947780386327 135 2146556 45227 134 2117066 44987 0
1459947780388228 134 2150376 45214 133 2121910 45937 0
1459947780390242 137 2157737 48467 135 2128935 48824 0
1459947780391947 130 2155563 46683 128 2126451 47297 0
1459947780393860 132 2156119 43548 130 2126722 43850 0
1459947780395738 137 2163032 46518 134 2132091 45374 0
1459947780397696 137 2169405 48758 136 2139601 48752 0
1459947780399387 131 2167600 46611 130 2138844 45640 0
1459947780401207 132 2167216 43322 128 2135586 45076 0
1459947780402658 119 2150222 55603 118 2119783 56122 0
1459947780404416 130 2148635 52721 129 2119294 52186 0
1459947780406076 128 2144612 52309 126 2115004 52062 0
1459947780407970 130 2143464 49280 129 2114889 48099 0
1459947780409723 129 2141125 47585 128 2113503 45618 0
1459947780411353 126 2135129 49393 126 2109665 45591 0
1459947780412878 123 2125762 54169 121 2099727 51190 0
1459947780414584 125 2119686 55537 124 2094405 52095 0
1459947780416217 127 2116645 54000 125 2090779 51367 0
1459947780418266 138 2127922 60177 135 2100236 56072 0
1459947780420058 132 2130638 57978 130 2102555 53828 0
1459947780421906 132 2133141 55756 127 2100852 51191 0
1459947780423868 135 2139289 57068 133 2106962 52824 0
1459947780425680 134 2143677 56654 129 2107475 49170 0
1459947780427610 133 2146442 54776 130 2109228 46944 0
1459947780429593 136 2152831 56386 133 2114684 48306 0
1459947780431336 134 2156161 55049 132 2118434 47989 0
1459947780433085 130 2154110 52637 128 2116771 45771 0
1459947780434925 130 2152220 50266 129 2116518 42427 0
1459947780437200 140 2163277 56531 139 2129085 50697 0
1459947780439377 136 2168350 56791 133 2132990 50336 0
1459947780441248 133 2169187 53126 130 2132750 46624 0
1459947780443221 137 2175079 54406 133 2136368 46317 0
1459947780445324 137 2180510 55162 133 2139704 45773 0
1459947780447258 133 2180397 50955 131 2140219 42671 0
1459947780449226 135 2182853 49238 134 2144534 43315 0
1459947780450828 131 2179997 48023 128 2140832 43343 0
1459947780452533 125 2169684 53777 122 2129739 50181 0
1459947780454374 134 2171697 51431 132 2132313 48633 0
1459947780456263 133 2172273 47943 132 2134686 47020 0
1459947780458195 134 2174084 45866 132 2136873 45362 0
1459947780459973 132 2173193 43102 130 2136329 42318 0
1459947780461698 133 2173652 40157 130 2135828 39472 0
1459947780463697 136 2177915 40949 134 2140486 40682 0
1459947780465606 133 2178005 37832 131 2140940 37922 0
1459947780467466 126 2169128 43059 123 2131119 44012 0
1459947780469529 136 2173744 43951 133 2134865 44026 0
1459947780471158 130 2170320 43673 127 2130638 44482 0
1459947780472744 128 2164603 45530 127 2126741 44597 0
1459947780474639 134 2167013 44194 133 2130829 44880 0
1459947780476592 135 2170515 43969 133 2134597 44847 0
1459947780478337 135 2173743 43509 133 2138071 44546 0
1459947780480378 136 2177999 44032 134 2142554 45197 0
1459947780482221 133 2178082 40669 131 2142846 41935 0
1459947780484090 133 2178159 37562 131 2143116 38907 0
1459947780486052 134 2179510 35872 133 2145925 38456 0
1459947780487975 131 2176915 35460 129 2143394 37783 0
1459947780489893 133 2177083 32844 131 2143621 35040 0
1459947780491552 127 2169558 37214 126 2137430 38008 0
1459947780493130 123 2157501 45420 122 2126603 45018 0
1459947780494854 126 2150226 48577 126 2121742 45981 0
1459947780496636 124 2140959 53323 124 2114700 48878 0
1459947780498362 126 2134976 54672 123 2106929 52222 0
1459947780500270 132 2137141 52395 130 2108725 49797 0
1459947780501804 116 2118656 65341 114 2089900 63259 0
1459947780503765 127 2115696 62964 125 2086626 61333 0
1459947780505593 129 2115527 58199 126 2084888 58142 0
1459947780507437 131 2117931 55868 130 2088406 56842 0
1459947780509280 131 2120147 53546 129 2090369 54210 0
1459947780511126 134 2126030 54785 134 2098578 57542 0
1459947780512924 132 2128893 53144 129 2099746 54123 0
1459947780514660 129 2127693 50098 128 2099543 50080 0
1459947780516529 132 2130426 48704 130 2101916 48354 0
1459947780518152 125 2123986 50835 125 2097703 48459 0
1459947780520038 134 2129569 52010 131 2101499 48173 0
1459947780521820 130 2129596 47971 128 2101159 44722 0
1459947780523727 135 2136021 50146 133 2107245 46839 0
1459947780525289 117 2118904 62007 116 2091096 58065 0
1459947780526753 116 2101844 72888 114 2073649 69611 0
1459947780528740 138 2114277 78655 135 2084445 74124 0
1459947780530469 134 2120619 78356 132 2090557 73968 0
1459947780532252 133 2125185 76443 130 2093632 71024 0
1459947780534004 132 2128114 73171 132 2099027 70448 0
1459947780535771 133 2132095 71124 132 2104000 69529 0
1459947780537453 133 2135765 68950 133 2109865 69503 0
1459947780539283 134 2140428 67862 130 2111431 65517 0
1459947780541380 135 2146007 67703 134 2117995 66449 0
1459947780543294 133 2148590 64794 132 2121486 64475 0
1459947780545136 130 2147131 61075 128 2119584 61189 0
1459947780546855 128 2143226 59902 126 2115271 60383 0
1459947780548836 136 2149866 61343 134 2121535 61440 0
1459947780550618 133 2152147 58653 132 2124750 59603 0
1459947780552505 131 2151690 54490 129 2123873 55753 0
1459947780554306 125 2143589 57699 122 2114105 60401 0
1459947780555988 128 2139961 56535 125 2108940 60442 0
1459947780557838 132 2141736 53754 129 2109299 56050 0
1459947780559593 130 2140812 50404 129 2109630 51976 0
1459947780561924 137 2148921 53941 134 2116335 54096 0
1459947780564039 138 2157676 57797 137 2126356 59107 0
1459947780565682 128 2152947 57639 127 2122794 57772 0
1459947780567307 133 2154988 55016 130 2123350 53771 0
1459947780569004 132 2155589 51271 127 2120023 52636 0
1459947780570690 132 2156143 47776 129 2119516 48990 0
1459947780572696 134 2159214 46874 132 2122888 48271 0
1459947780574506 135 2163325 47001 132 2125997 47365 0
1459947780576362 133 2164555 44463 131 2127583 45126 0
1459947780578018 131 2163129 42303 129 2126485 42611 0
1459947780579815 133 2164374 40146 131 2128033 40709 0
1459947780581707 132 2164242 37130 129 2126900 38572 0
1459947780583617 133 2165400 35297 131 2128415 36955 0
1459947780585325 129 2161348 36274 127 2124692 37498 0
1459947780587030 130 2158892 35703 127 2121260 37731 0
1459947780588764 126 2151508 39719 124 2114256 41239 0
1459947780590662 132 2152381 37420 129 2114199 38068 0
1459947780592365 126 2145506 40833 124 2107747 41040 0
1459947780594093 130 2144288 38764 125 2103079 42136 0
1459947780595764 130 2143165 36769 128 2102615 39270 0
1459947780597519 132 2144690 35302 128 2102188 36595 0
1459947780599290 134 2148656 36200 132 2106914 38093 0
1459947780601373 136 2154872 39101 131 2109991 37952 0
1459947780603382 137 2161882 42508 136 2119227 43502 0
1459947780605325 131 2160664 40308 128 2117502 41692 0
1459947780607203 135 2164662 40843 132 2121032 41688 0
1459947780609009 128 2159387 42514 126 2116606 42510 0
1459947780610570 127 2153244 44854 127 2113806 41769 0
1459947780612173 124 2143741 50108 121 2103544 47964 0
1459947780614010 128 2140101 49548 125 2099204 48216 0
1459947780616018 137 2148265 53203 133 2105443 50201 0
1459947780618036 133 2150671 51264 131 2108635 49221 0
1459947780619933 132 2151609 48124 130 2110297 46908 0
1459947780621648 132 2152474 45161 130 2111830 44656 0
1459947780623312 129 2149431 44436 127 2109403 43404 0
1459947780625043 129 2146626 43549 127 2107165 42075 0
1459947780627023 135 2151720 44842 132 2111502 42785 0
1459947780628613 127 2146176 46448 126 2107820 42835 0
1459947780630643 134 2150026 46368 131 2110826 42259 0
1459947780632194 125 2142055 50093 123 2103357 45841 0
1459947780633781 127 2137266 50592 125 2099032 46245 0
1459947780635503 131 2137972 47289 129 2100165 43676 0
1459947780637316 130 2137342 44173 128 2099929 40479 0
1459947780639223 134 2141882 44906 132 2104832 41836 0
1459947780641146 131 2142227 41715 130 2106792 40373 0
1459947780643065 131 2142545 38749 131 2109878 40063 0
1459947780644876 129 2140278 37810 126 2106323 40209 0
1459947780646661 131 2140748 35290 128 2105606 37727 0
1459947780648256 129 2138622 34491 127 2103665 36567 0
1459947780649818 126 2132822 37142 125 2099316 37719 0
1459947780651520 127 2128755 37988 126 2096586 37287 0
1459947780653081 128 2126286 37296 125 2092790 37872 0
1459947780654963 132 2129129 37003 129 2094410 36407 0
1459947780656471 123 2120230 42314 122 2086944 40444 0
1459947780658290 132 2123547 42065 130 2090301 40379 0
1459947780660159 135 2130444 45137 133 2097236 43617 0
1459947780662122 133 2134243 45112 130 2099789 42562 0
1459947780663987 136 2141585 48355 134 2107262 46126 0
1459947780665891 133 2144513 47276 130 2109032 44153 0
1459947780667670 132 2145932 44891 128 2108103 41558 0
1459947780669327 125 2138281 48436 124 2102127 43819 0
1459947780671040 132 2140187 46408 130 2104298 42396 0
1459947780672928 132 2141944 44402 128 2103739 39597 0
1459947780674926 138 2151244 49507 133 2109624 41928 0
1459947780676637 131 2150858 45994 130 2111209 40113 0
1459947780678487 132 2151782 43252 130 2112670 38326 0
1459947780680353 128 2147514 43806 128 2111457 36448 0
1459947780682410 136 2153819 46195 134 2118019 39649 0
1459947780684243 136 2159631 47944 133 2122788 40948 0
1459947780685936 130 2157309 46337 129 2122065 38414 0
1459947780687737 129 2153889 45868 127 2118838 38386 0
1459947780689607 133 2155856 44097 131 2120983 37365 0
1459947780691396 133 2157669 42323 129 2120401 34981 0
1459947780693517 137 2164461 45277 134 2126264 37653 0
1459947780695377 133 2165602 42791 129 2125269 35627 0
1459947780697083 132 2165374 39656 129 2124352 33688 0
1459947780698944 135 2169004 39903 134 2129907 36177 0
1459947780700994 135 2172350 39870 132 2132468 35710 0
1459947780702768 131 2170315 38630 130 2132268 33103 0
1459947780704450 128 2164599 40881 128 2129524 33045 0
1459947780706231 127 2158049 43724 124 2121874 37514 0
1459947780708083 131 2157131 41153 128 2119942 36363 0
1459947780710183 136 2162685 43057 134 2125841 38960 0
1459947780711896 134 2165245 42053 132 2128719 38569 0
1459947780713682 134 2167605 40942 132 2131372 38001 0
1459947780715519 125 2158260 46357 123 2122298 43396 0
1459947780717331 126 2150925 49496 124 2115213 46536 0
1459947780719011 129 2148003 48321 129 2115081 43020 0
1459947780720876 134 2151710 47962 133 2120080 44267 0
1459947780723018 139 2161527 53264 138 2131088 50956 0
1459947780724828 132 2161617 49185 128 2128436 49419 0
1459947780726681 128 2156580 49984 125 2122151 51351 0
1459947780728340 132 2157057 46518 129 2121477 47959 0
1459947780730171 131 2156216 43657 128 2119576 45963 0
1459947780731798 127 2150321 45679 124 2112704 48707 0
1459947780733478 127 2144887 47119 125 2107649 49561 0
1459947780735401 133 2147557 45899 131 2110668 48473 0
1459947780737243 131 2147459 42403 129 2110892 44892 0
1459947780739065 129 2144808 41533 127 2108538 43553 0
1459947780741166 136 2151324 44295 133 2114048 45230 0
1459947780742929 130 2149651 42375 129 2114008 41732 0
1459947780744742 133 2151949 41182 132 2117811 41977 0
1459947780746554 131 2151507 38370 128 2116197 40184 0
1459947780748257 129 2148540 38106 124 2109589 43135 0
1459947780750151 134 2152205 38506 131 2112457 42409 0
1459947780752069 135 2156863 39792 133 2117661 43892 0
1459947780754086 136 2162438 41822 134 2123738 46064 0
1459947780755784 122 2149657 50335 120 2111420 53819 0
1459947780757742 134 2153235 49700 131 2114145 52126 0
1459947780759580 133 2155253 47677 132 2117937 51549 0
1459947780761434 136 2160953 49207 135 2125273 54284 0
1459947780763067 129 2157248 48777 128 2123076 52068 0
1459947780765067 135 2161513 48897 131 2124890 49672 0
1459947780766789 129 2157764 48531 125 2118882 51328 0
1459947780768538 127 2151748 50284 125 2113344 52423 0
1459947780770263 130 2150042 47927 127 2110799 50673 0
1459947780772092 133 2152309 46272 129 2111012 46911 0
1459947780774059 132 2153119 43404 128 2109929 44244 0
1459947780775744 129 2150026 42863 126 2106370 44067 0
1459947780777425 129 2147175 42142 128 2105649 41287 0
1459947780779269 135 2152226 43506 131 2108825 40989 0
1459947780781402 137 2159443 46760 134 2115593 44025 0
1459947780783180 129 2155856 46412 125 2110312 45453 0
1459947780785186 134 2158949 45638 132 2114403 45673 0
1459947780787056 134 2161801 44701 130 2115615 43221 0
1459947780788744 125 2152910 49404 122 2106492 48253 0
1459947780790655 132 2153673 46248 131 2109602 47350 0
1459947780792507 131 2153097 43164 130 2111189 45113 0
1459947780794351 132 2153846 40481 130 2112652 42937 0
1459947780796524 139 2163496 46214 138 2124241 50265 0
1459947780798436 133 2164712 43724 131 2125964 47927 0
1459947780800553 136 2169673 44882 133 2130113 48006 0
1459947780802450 135 2172967 44411 134 2135217 48961 0
1459947780804204 131 2170883 42861 129 2133523 46696 0
1459947780806246 133 2171522 40101 131 2134521 43967 0
1459947780808249 133 2172111 37511 131 2135441 41380 0
1459947780810193 135 2175214 37441 133 2138849 41289 0
1459947780812098 133 2175515 34792 131 2139431 38599 0
1459947780813825 127 2168112 38896 124 2131007 43347 0
1459947780815929 140 2177928 44906 136 2138602 46961 0
1459947780818007 136 2181857 45019 135 2144323 48566 0
1459947780819900 133 2181639 41701 132 2145757 46093 0
1459947780821770 129 2176318 43347 127 2140679 47171 0
1459947780823625 131 2173973 42121 127 2135998 47799 0
1459947780825616 134 2175651 40377 132 2138083 45986 0
1459947780827209 128 2169518 42875 125 2131045 48880 0
1459947780829036 132 2168984 40016 130 2130957 45142 0
1459947780830843 135 2172332 39975 130 2130875 41689 0
1459947780832526 128 2166458 42265 125 2124400 44400 0
1459947780834321 132 2166163 39234 128 2122271 42893 0
1459947780836292 138 2173571 42997 135 2129268 45991 0
1459947780838176 132 2172720 40420 131 2130598 43624 0
1459947780840161 135 2175776 40079 133 2134385 43706 0
1459947780842086 134 2177313 38364 131 2135316 41149 0
1459947780844100 134 2178730 36672 131 2136174 38725 0
1459947780845886 133 2178756 33831 131 2136965 36428 0
1459947780847784 133 2178780 31209 131 2137694 34254 0
1459947780849665 132 2177522 29928 131 2138366 32197 0
1459947780851340 130 2173803 31017 128 2135146 32649 0
1459947780853193 131 2171654 30573 130 2134737 30474 0
1459947780855000 130 2168393 31189 128 2131800 30799 0
1459947780856377 111 2141067 53942 110 2106053 52127 0
1459947780858592 135 2146596 54824 133 2111757 53312 0
1459947780860537 135 2151693 55238 134 2118295 55175 0
1459947780862475 135 2156391 55253 133 2123043 55241 0
1459947780864577 136 2162002 56109 134 2128700 56140 0
1459947780866429 127 2155655 57575 125 2122395 57566 0
1459947780868327 127 2149804 58469 125 2116582 58425 0
1459947780870096 129 2146970 56513 127 2113784 56439 0
1459947780871947 133 2149477 54409 130 2115044 53191 0
1459947780873981 138 2158189 58189 135 2122606 56006 0
1459947780875752 129 2154700 56857 126 2118057 55823 0
1459947780877110 94 2106684 96679 93 2071623 94266 0
1459947780878734 133 2112339 94338 129 2074897 89919 0
1459947780880776 133 2117552 91773 130 2079195 86856 0
1459947780882628 129 2117238 84892 123 2074197 84676 0
1459947780884612 131 2119508 80352 130 2078550 82073 0
1459947780886724 135 2126721 80723 134 2087683 84080 0
1459947780888710 136 2134650 81726 132 2093542 82913 0
1459947780890545 132 2136840 77360 132 2098944 81415 0
1459947780892485 139 2147819 81437 137 2110324 85544 0
1459947780894205 133 2150260 77324 131 2113134 81451 0
1459947780895988 132 2151230 72178 129 2113165 75115 0
1459947780897957 130 2149565 68073 128 2111913 70399 0
1459947780899548 129 2146750 65348 126 2108199 68322 0
1459947780901171 127 2141595 64994 125 2103495 67319 0
1459947780902812 125 2134282 66656 125 2099159 66055 0
1459947780904526 127 2130101 65302 126 2096442 63398 0
1459947780906558 134 2135206 64907 132 2101617 63216 0
1459947780908468 136 2142473 66535 133 2107668 63855 0
1459947780910246 133 2145332 63971 130 2109406 60468 0
1459947780912058 135 2150527 63763 134 2116128 61940 0
1459947780914195 136 2156597 64376 135 2123605 63993 0
1459947780916137 135 2160912 63324 131 2125378 60627 0
1459947780918135 136 2166170 63223 133 2129572 59757 0
1459947780919970 132 2165897 58533 129 2128319 56242 0
1459947780921948 134 2168206 56088 132 2131004 54323 0
1459947780923587 128 2162654 56823 128 2128359 52517 0
1459947780925430 129 2158816 55920 129 2127200 49481 0
1459947780927267 130 2156558 53632 128 2124852 47779 0
1459947780929191 137 2163436 55783 134 2130367 49131 0
1459947780931102 133 2164657 52550 130 2130332 45324 0
1459947780933022 134 2167063 50662 131 2131579 42933 0
1459947780934870 134 2169281 48748 130 2131449 39697 0
1459947780936816 136 2173885 49184 134 2136449 41204 0
1459947780938526 127 2166610 52047 126 2130818 43174 0
1459947780940403 134 2168863 50057 131 2132027 40916 0
1459947780942317 132 2168380 46590 130 2131862 37870 0
1459947780944070 128 2162815 48079 128 2129150 37410 0
1459947780946061 134 2165365 46672 132 2131770 36902 0
1459947780948098 134 2167715 45192 132 2134185 36245 0
1459947780949834 132 2167322 42023 131 2135131 34285 0
1459947780951622 131 2165679 40252 129 2133443 33161 0
1459947780953564 127 2159045 43222 127 2129327 34363 0
1459947780955426 130 2156769 41942 128 2126813 33995 0
1459947780957278 131 2155951 39418 128 2124495 33475 0
1459947780959057 133 2157757 38003 131 2126198 32429 0
1459947780960702 129 2154302 38218 127 2122648 33166 0
1459947780962554 130 2152397 36988 129 2121936 31230 0
1459947780964629 137 2159600 40739 136 2130239 36445 0
1459947780966651 135 2163681 41318 132 2132774 35934 0
1459947780968774 139 2163681 41318 136 2132774 35934 1
1459947780970646 134 2166163 40378 132 2135111 35280 0
1459947780972491 131 2164611 38653 130 2134705 32896 0
1459947780974359 130 2161900 38131 126 2129211 35390 0
1459947780976479 137 2168361 41108 135 2135666 38576 0
1459947780978496 132 2167917 38304 131 2136497 36328 0
1459947780980509 134 2170068 37294 132 2138543 35375 0
1459947780982493 133 2170771 35028 131 2139149 33169 0
1459947780984444 133 2171419 32888 131 2139707 31092 0
1459947780986757 140 2171419 32888 139 2139707 31092 1
1459947780988738 134 2173296 32049 133 2142782 31497 0
1459947780990686 132 2172467 30308 129 2140497 31142 0
1459947780992796 137 2178103 33135 136 2147350 35027 0
1459947780994734 130 2174338 34016 132 2148548 33394 0
1459947780996757 137 2179827 36419 134 2152212 34163 0
1459947780998702 135 2182328 35878 133 2154310 33428 0
1459947781000524 131 2179513 35669 130 2152404 32572 0
1459947781002406 132 2178198 34093 131 2151927 30466 0
1459947781004466 137 2183386 36211 135 2156607 32400 0
1459947781006533 136 2186888 36611 134 2159642 32665 0
1459947781008424 133 2186277 34312 130 2157319 32253 0
1459947781010324 136 2189554 34652 132 2157738 30119 0
1459947781011933 130 2184895 36238 130 2155564 29768 0
1459947781013782 132 2183160 35005 129 2152280 30468 0
1459947781015650 134 2184120 33155 130 2150533 29697 0
1459947781017224 128 2184120 33155 122 2150533 29697 1
1459947781019142 132 2182445 32107 131 2150202 27680 0
1459947781021052 134 2183461 30535 131 2149897 25797 0
1459947781022701 125 2183461 30535 125 2149897 25797 1
1459947781024895 140 2183461 30535 138 2149897 25797 1
1459947781026862 137 2188238 32552 134 2153456 27062 0
1459947781028740 135 2190081 31707 134 2156737 27971 0
1459947781030498 132 2187940 31201 131 2155921 26536 0
1459947781032403 135 2189807 30484 132 2156449 24949 0
1459947781034109 130 2189807 30484 127 2156449 24949 1
1459947781036052 136 2192808 30868 133 2158216 24628 0
1459947781037918 132 2190454 30625 130 2156005 24740 0
1459947781039764 131 2187004 31411 130 2153967 24685 0
1459947781041889 137 2191504 33105 136 2159768 28104 0
1459947781043920 136 2194372 33162 135 2163836 29658 0
1459947781046166 137 2198296 34189 136 2168866 31977 0
1459947781048134 132 2195514 34081 130 2165823 32282 0
1459947781050035 132 2192949 33782 130 2163018 32344 0
1459947781051886 136 2195704 33682 134 2165552 32153 0
1459947781053836 134 2195684 31067 134 2167888 31794 0
1459947781055686 131 2191826 32195 129 2163641 33224 0
1459947781057686 133 2190829 30597 131 2162286 31876 0
1459947781059457 133 2189910 29052 130 2159757 31716 0
1459947781061430 140 2189910 29052 140 2159757 31716 1
1459947781063332 136 2192903 29541 132 2159985 29449 0
1459947781065088 135 2194382 28596 134 2162756 29702 0
1459947781066885 134 2194465 26438 129 2158910 30925 0
1459947781068719 134 2194542 24443 129 2155365 31775 0
1459947781070696 135 2195893 23778 131 2154657 29944 0
1459947781072671 136 2198418 24248 134 2157844 30542 0
1459947781074538 133 2196906 23746 131 2156942 28986 0
1459947781076518 135 2198072 22965 133 2158670 28314 0
1459947781078397 135 2199147 22161 134 2161543 28750 0
1459947781080541 138 2199147 22161 134 2161543 28750 1
1459947781082644 138 2199147 22161 136 2161543 28750 1
1459947781084455 132 2196298 23054 131 2160352 27600 0
1459947781086176 134 2196232 21312 131 2159254 26454 0
1459947781088061 137 2200011 23131 134 2162082 26994 0
1459947781089817 128 2200011 23131 126 2162082 26994 1
1459947781091619 132 2197095 24011 129 2158289 28381 0
1459947781093522 132 2194406 24612 130 2156072 28206 0
1459947781095429 133 2193208 23793 131 2155308 26705 0
1459947781097502 138 2193208 23793 135 2155308 26705 1
1459947781099633 137 2197223 25635 135 2159724 28689 0
1459947781101829 139 2197223 25635 136 2159724 28689 1
1459947781103617 128 2197223 25635 127 2159724 28689 1
1459947781105260 124 2197223 25635 122 2159724 28689 1
1459947781107077 128 2197223 25635 124 2159724 28689 1
1459947781108830 133 2195804 24939 132 2159955 26660 0
1459947781110385 128 2195804 24939 126 2159955 26660 1
1459947781112125 131 2191936 26555 129 2156328 27920 0
1459947781114049 133 2190931 25406 131 2155544 26459 0
1459947781115906 131 2187444 26635 128 2150982 28596 0
1459947781118109 139 2187444 26635 138 2150982 28596 1
1459947781119983 133 2186789 25156 132 2151896 27204 0
1459947781121883 131 2183626 26105 130 2150179 26660 0
1459947781123617 131 2180710 26752 129 2147316 27216 0
1459947781125360 130 2176742 28319 128 2143396 28701 0
1459947781127255 135 2179484 28633 130 2142343 27428 0
1459947781129179 136 2183291 29906 132 2143932 26750 0
1459947781131234 135 2185521 29625 130 2142837 25669 0
1459947781133308 133 2185017 27774 131 2143107 23912 0
1459947781135076 129 2179432 30752 127 2138236 26532 0
1459947781136878 133 2179403 28374 131 2138866 25040 0
1459947781138746 134 2180657 27313 132 2140727 24798 0
1459947781140583 128 2174133 31193 127 2136042 27178 0
1459947781142393 132 2173238 29580 129 2134283 26674 0
1459947781144224 134 2174973 28869 131 2135222 25455 0
1459947781146074 133 2175293 26908 131 2136087 24264 0
1459947781147900 131 2173028 26892 130 2135605 22812 0
1459947781149795 134 2174780 26406 133 2139000 24159 0
1459947781151737 136 2178955 28192 131 2139570 22797 0
1459947781153537 132 2177684 27160 131 2140096 21500 0
1459947781155232 124 2177684 27160 124 2140096 21500 1
1459947781157224 135 2180352 27498 131 2140581 20267 0
1459947781158952 131 2177692 27801 129 2138468 20630 0
1459947781160710 128 2177692 27801 126 2138468 20630 1
1459947781162441 132 2176519 26709 128 2135240 21993 0
1459947781164109 130 2172878 27978 129 2133544 21837 0
1459947781165807 131 2170801 27705 129 2131980 21570 0
1459947781167624 134 2172727 27315 132 2134379 22095 0
1459947781169567 132 2171942 25903 130 2134030 20689 0
1459947781171554 132 2171219 24545 130 2133708 19367 0
1459947781173342 129 2171219 24545 126 2133708 19367 1
1459947781175227 132 2170552 23241 131 2134692 18760 0
1459947781177154 133 2171217 22038 130 2134319 17637 0
1459947781178825 130 2171217 22038 126 2134319 17637 1
1459947781180541 129 2166710 24470 128 2131415 18935 0
1459947781182279 128 2161275 27567 127 2127458 21102 0
1459947781184105 134 2163945 27874 132 2130210 21990 0
1459947781186105 137 2163945 27874 135 2130210 21990 1
1459947781188008 133 2165126 26785 131 2131467 21431 0
1459947781189895 132 2164935 24867 129 2130066 21047 0
1459947781191752 135 2168599 26302 132 2132614 21751 0
1459947781193357 129 2164297 28212 127 2128563 23784 0
1459947781195026 128 2164297 28212 125 2128563 23784 1
1459947781196832 131 2162891 27302 129 2127389 23007 0
1459947781198353 126 2162891 27302 124 2127389 23007 1
1459947781200062 127 2162891 27302 125 2127389 23007 1
1459947781201586 123 2162891 27302 119 2127389 23007 1
1459947781203379 133 2164155 26334 130 2127586 21391 0
1459947781205496 132 2164040 24381 130 2127768 19887 0
1459947781207380 130 2161374 24933 127 2124096 21718 0
1459947781209315 129 2157636 26430 128 2121991 21961 0
1459947781211145 128 2152910 28721 128 2120050 22033 0
1459947781213113 133 2154953 28361 132 2123381 23381 0
1459947781215351 140 2154953 28361 136 2123381 23381 1
1459947781217178 130 2152997 27947 127 2120051 24622 0
1459947781219031 129 2149914 28605 128 2118262 24347 0
1459947781220820 131 2149631 26629 127 2115332 25144 0
1459947781222842 136 2149631 26629 134 2115332 25144 1
1459947781224610 130 2148091 25967 129 2115191 23308 0
1459947781226383 130 2146671 25246 129 2115061 21606 0
1459947781227983 129 2144082 25659 126 2111101 23567 0
1459947781229862 134 2148095 27354 131 2113851 24260 0
1459947781231857 135 2153075 29807 132 2117666 25881 0
1459947781233951 137 2153075 29807 135 2117666 25881 1
1459947781235819 135 2157666 31710 131 2119903 25921 0
1459947781238040 137 2164458 35493 134 2125805 29336 0
1459947781240174 135 2168159 36132 130 2126126 27340 0
1459947781242075 134 2170291 35275 134 2131542 30197 0
1459947781244012 132 2169697 33066 129 2130135 29133 0
1459947781245751 130 2166589 33346 127 2126278 30411 0
1459947781247678 133 2167564 31639 129 2125282 28952 0
1459947781249741 137 2173583 34715 136 2133324 34104 0
1459947781251873 142 2173583 34715 138 2133324 34104 1
1459947781253731 134 2175291 33577 133 2136898 34733 0
1459947781255593 135 2178146 33585 132 2138912 33876 0
1459947781257733 139 2178146 33585 136 2138912 33876 1
1459947781259576 130 2174378 34434 126 2133089 36596 0
1459947781261371 132 2173464 32584 130 2132841 33964 0
1459947781263011 129 2168782 34354 128 2130052 33880 0
1459947781264667 129 2164465 35648 127 2126201 34782 0
1459947781266471 134 2166886 35095 133 2130331 35871 0
1459947781268316 133 2167838 33230 132 2132858 35398 0
1459947781270556 142 2167838 33230 138 2132858 35398 1
1459947781272436 135 2171275 33802 132 2135188 34780 0
1459947781274206 130 2168044 34139 127 2130936 35981 0
1459947781276125 132 2167625 31856 130 2130856 33242 0
1459947781277845 128 2162119 34442 126 2125662 35431 0
1459947781279725 135 2166003 35332 132 2128554 35328 0
1459947781281603 135 2169584 35872 133 2132500 36206 0
1459947781283496 132 2169045 33565 129 2131018 34742 0
1459947781285387 134 2171108 32844 133 2134772 35487 0
1459947781287420 135 2174290 33211 132 2136952 34724 0
1459947781289563 139 2174290 33211 136 2136952 34724 1
1459947781291531 136 2178503 34500 134 2141522 36224 0
1459947781293773 138 2184947 37745 136 2148295 39638 0
1459947781295647 133 2184488 35219 130 2146859 37864 0
1459947781297670 136 2187904 35617 134 2150655 38405 0
1459947781299693 139 2194894 39277 135 2155435 39810 0
1459947781301655 138 2200057 40968 136 2161121 41941 0
1459947781303355 129 2193297 43998 127 2154843 44451 0
1459947781305065 130 2188345 45124 129 2151615 43952 0
1459947781306945 133 2187620 42265 131 2151200 40900 0
1459947781308972 141 2187620 42265 140 2151200 40900 1
1459947781310891 134 2188232 39527 131 2150817 38056 0
1459947781312850 135 2190076 38138 133 2153024 37117 0
1459947781314647 133 2189216 35950 132 2153779 34913 0
1459947781316519 134 2189703 33590 133 2155755 34006 0
1459947781318543 137 2193992 34919 135 2160136 35388 0
1459947781320588 137 2197946 35835 135 2164175 36346 0
1459947781322567 135 2199031 34035 133 2165338 34578 0
1459947781324778 141 2199031 34035 139 2165338 34578 1
1459947781326769 138 2203871 35838 136 2170250 36405 0
1459947781328663 134 2203213 33644 132 2169659 34104 0
1459947781330498 132 2200046 33933 130 2166554 34301 0
1459947781332362 133 2198407 32791 130 2163691 34259 0
1459947781334259 130 2193056 35161 128 2158492 36374 0
1459947781335958 126 2193056 35161 124 2158492 36374 1
1459947781338006 134 2193243 32586 132 2158819 33834 0
1459947781339927 135 2194695 31379 133 2160401 32648 0
1459947781342139 135 2196034 30161 132 2160579 30261 0
1459947781344445 143 2196034 30161 141 2160579 30261 1
1459947781346361 136 2198548 30122 136 2165863 32767 0
1459947781348014 127 2198548 30122 125 2165863 32767 1
1459947781349941 135 2199586 28725 134 2168174 32338 0
1459947781351784 136 2201823 28542 134 2170305 31775 0
1459947781353461 130 2196205 31490 129 2165869 33380 0
1459947781355289 134 2196146 29082 131 2164340 32181 0
1459947781357352 135 2197372 27939 133 2165490 30727 0
1459947781359189 132 2194662 28253 131 2163991 29707 0
1459947781361068 127 2194662 28253 126 2163991 29707 1
1459947781362594 124 2194662 28253 122 2163991 29707 1
1459947781364467 132 2192164 28347 131 2162609 28659 0
1459947781366350 137 2196261 29909 133 2163895 27605 0
1459947781367924 123 2196261 29909 121 2163895 27605 1
1459947781369615 125 2196261 29909 122 2163895 27605 1
1459947781371153 121 2196261 29909 119 2163895 27605 1
1459947781372709 128 2196261 29909 125 2163895 27605 1
1459947781374432 128 2196261 29909 126 2163895 27605 1
1459947781376251 130 2191078 32349 129 2159960 29074 0
1459947781378090 132 2188860 31865 130 2157613 28965 0
1459947781379911 132 2186815 31259 130 2155449 28696 0
1459947781381971 136 2190050 31798 135 2159854 30515 0
1459947781384137 142 2190050 31798 141 2159854 30515 1
1459947781386007 131 2186632 32463 129 2156235 31466 0
1459947781387853 128 2186632 32463 126 2156235 31466 1
1459947781389642 133 2186041 30470 130 2154179 30902 0
1459947781391052 122 2186041 30470 121 2154179 30902 1
1459947781392604 128 2186041 30470 126 2154179 30902 1
1459947781394634 137 2190616 32307 132 2154843 29099 0
1459947781396605 137 2194834 33671 133 2156735 28570 0
1459947781398689 136 2197442 33444 133 2158480 27945 0
1459947781400711 135 2198566 31868 135 2162648 29604 0
1459947781402894 141 2198566 31868 138 2162648 29604 1
1459947781404888 136 2200883 31514 134 2165211 29653 0
1459947781406724 134 2200459 29441 131 2163733 28697 0
1459947781408648 131 2196228 31040 129 2159811 30070 0
1459947781410634 134 2196167 28670 133 2161315 29107 0
1459947781412471 130 2190991 31201 129 2157582 30274 0
1459947781414249 130 2186219 33161 127 2151580 33440 0
1459947781416074 129 2180540 35804 127 2146047 35926 0
1459947781417881 128 2174025 39011 128 2142227 36640 0
1459947781419623 130 2170579 39139 126 2136145 39383 0
1459947781421209 129 2166122 40189 127 2131818 40294 0
1459947781422913 133 2167133 37981 130 2131669 37282 0
1459947781424639 131 2165505 36513 129 2130252 35674 0
1459947781426139 124 2165505 36513 116 2130252 35674 1
1459947781427496 123 2165505 36513 114 2130252 35674 1
1459947781428945 125 2165505 36513 117 2130252 35674 1
1459947781430446 125 2165505 36513 116 2130252 35674 1
1459947781431934 125 2165505 36513 115 2130252 35674 1
1459947781433491 127 2165505 36513 116 2130252 35674 1
1459947781434924 123 2165505 36513 112 2130252 35674 1
1459947781436365 123 2165505 36513 114 2130252 35674 1
1459947781438082 129 2165505 36513 122 2130252 35674 1
1459947781439493 124 2165505 36513 115 2130252 35674 1
1459947781441115 127 2165505 36513 117 2130252 35674 1
1459947781442736 124 2165505 36513 116 2130252 35674 1
1459947781444245 124 2165505 36513 114 2130252 35674 1
1459947781445608 121 2165505 36513 113 2130252 35674 1
1459947781447031 124 2165505 36513 113 2130252 35674 1
1459947781448535 124 2165505 36513 115 2130252 35674 1
1459947781449963 124 2165505 36513 115 2130252 35674 1
1459947781451367 122 2165505 36513 112 2130252 35674 1
1459947781452809 124 2165505 36513 115 2130252 35674 1
1459947781454558 128 2165505 36513 119 2130252 35674 1
1459947781456296 130 2165505 36513 121 2130252 35674 1
1459947781457873 128 2165505 36513 119 2130252 35674 1
1459947781459413 129 2165505 36513 120 2130252 35674 1
1459947781460869 123 2165505 36513 115 2130252 35674 1
1459947781462113 119 2165505 36513 110 2130252 35674 1
1459947781463531 121 2165505 36513 112 2130252 35674 1
1459947781465026 122 2165505 36513 112 2130252 35674 1
1459947781466360 124 2165505 36513 115 2130252 35674 1
1459947781467690 125 2165505 36513 117 2130252 35674 1
1459947781469327 126 2165505 36513 120 2130252 35674 1
1459947781470665 125 2165505 36513 119 2130252 35674 1
1459947781472184 130 2165505 36513 124 2130252 35674 1
1459947781473458 123 2165505 36513 117 2130252 35674 1
1459947781474982 127 2165505 36513 122 2130252 35674 1
1459947781476731 133 2166564 34637 128 2127666 35269 0
1459947781478332 132 2166261 32209 125 2121442 38250 0
1459947781479976 125 2166261 32209 118 2121442 38250 1
1459947781481576 128 2166261 32209 123 2121442 38250 1
1459947781482961 125 2166261 32209 119 2121442 38250 1
1459947781484625 128 2166261 32209 121 2121442 38250 1
1459947781485948 121 2166261 32209 116 2121442 38250 1
1459947781487499 124 2166261 32209 120 2121442 38250 1
1459947781489084 126 2166261 32209 123 2121442 38250 1
1459947781490521 124 2166261 32209 117 2121442 38250 1
1459947781492040 127 2166261 32209 121 2121442 38250 1
1459947781493089 105 2166261 32209 101 2121442 38250 1
1459947781494687 129 2162141 33489 124 2114424 41730 0
1459947781496608 137 2168583 36811 131 2116914 40765 0
1459947781498124 129 2164282 37899 123 2108970 44903 0
1459947781499686 127 2157757 40952 123 2101646 48145 0
1459947781501168 126 2157757 40952 120 2101646 48145 1
1459947781502711 131 2156862 38576 125 2097454 48246 0
1459947781504216 123 2156862 38576 117 2097454 48246 1
1459947781505619 124 2156862 38576 117 2097454 48246 1
1459947781507098 126 2149637 42222 121 2088470 52757 0
1459947781508509 122 2149637 42222 117 2088470 52757 1
1459947781509905 126 2142976 45063 121 2080188 56269 0
1459947781511271 126 2136836 47202 121 2072553 58910 0
1459947781512808 125 2129895 49912 118 2061674 64335 0
1459947781514536 133 2133736 49553 127 2063165 60683 0
1459947781516185 133 2137277 48946 126 2063260 56029 0
1459947781517657 127 2132862 49191 120 2055667 58649 0
1459947781519178 128 2130072 47918 122 2051228 58159 0
1459947781520757 127 2126220 47724 120 2044575 59747 0
1459947781522252 126 2121389 48448 120 2038442 60732 0
1459947781523674 124 2114375 51128 119 2031508 62378 0
1459947781525204 126 2110469 50733 123 2030236 58676 0
1459947781526749 128 2109428 47728 122 2027783 56351 0
1459947781528064 120 2109428 47728 112 2027783 56351 1
1459947781529423 120 2109428 47728 114 2027783 56351 1
1459947781530631 120 2109428 47728 113 2027783 56351 1
1459947781532100 126 2105908 47243 121 2024242 55211 0
1459947781533407 123 2098823 50082 119 2018418 56265 0
1459947781535072 130 2101252 48408 124 2019449 52819 0
1459947781536436 126 2098371 47281 121 2016559 51355 0
1459947781537835 123 2091875 49574 117 2008775 54517 0
1459947781539186 121 2083327 53580 117 2001599 56871 0
1459947781540674 123 2078007 54298 118 1996264 57345 0
1459947781542165 123 2073102 54576 117 1990065 58577 0
1459947781543920 128 2074980 52044 121 1989471 54547 0
1459947781545456 127 2075432 48394 121 1988923 50789 0
1459947781546819 115 2075432 48394 109 1988923 50789 1
1459947781548329 126 2074568 45408 122 1989698 47535 0
1459947781549705 123 2069932 46133 119 1986572 46701 0
1459947781551118 124 2066938 45287 121 1986251 43347 0
1459947781552524 122 2061618 46651 116 1979555 46132 0
1459947781553950 126 2061834 43205 121 1979782 42736 0
1459947781555308 124 2059473 42005 119 1977431 41563 0
1459947781556523 118 2049616 47809 114 1968864 46212 0
1459947781557725 119 2041809 51269 116 1963526 47521 0
1459947781559226 126 2043572 48888 120 1963725 43991 0
1459947781560533 123 2041357 47109 118 1961348 42744 0
1459947781561989 126 2043155 45086 120 1961717 39744 0
1459947781563425 126 2044813 43091 120 1962057 36953 0
1459947781564776 119 2044813 43091 113 1962057 36953 1
1459947781566287 125 2045061 39953 119 1961091 34956 0
1459947781567838 127 2047850 39402 122 1964040 34944 0
1459947781569147 122 2044021 39852 116 1959079 36787 0
1459947781570739 126 2045611 38204 121 1960905 35597 0
1459947781572310 126 2047077 36571 121 1962589 34367 0
1459947781573809 125 2047149 33779 121 1964141 33113 0
1459947781575288 123 2044655 33438 119 1963012 31566 0
1459947781576763 124 2043636 31764 121 1964531 30500 0
1459947781578198 126 2045256 30776 121 1965932 29408 0
1459947781579708 128 2049310 32108 123 1969783 30660 0
1459947781581308 126 2050487 30684 121 1970773 29177 0
1459947781582986 129 2055412 32826 126 1978086 33639 0
1459947781584677 129 2059952 34447 125 1983548 36045 0
1459947781586137 124 2057738 33795 121 1983463 33306 0
1459947781587486 125 2056977 31855 120 1982104 31954 0
1459947781589081 126 2057555 29899 120 1980852 30611 0
1459947781590776 127 2059368 29234 122 1982257 29515 0
1459947781592178 128 2062319 29671 123 1984833 29583 0
1459947781593540 125 2061200 28383 120 1983367 28621 0
1459947781594841 124 2058888 28295 117 1978176 31169 0
1459947781596029 117 2058888 28295 113 1978176 31169 1
1459947781597357 123 2055477 29228 119 1975951 30784 0
1459947781599108 132 2055477 29228 124 1975951 30784 1
1459947781600688 126 2056172 27585 120 1975179 29089 0
1459947781602300 127 2058093 27200 122 1977028 28520 0
1459947781603861 130 2063704 30248 125 1982572 31402 0
1459947781605501 128 2066317 30292 123 1985123 31300 0
1459947781606987 127 2067445 28965 121 1984915 29045 0
1459947781608730 131 2073605 32381 125 1989843 31318 0
1459947781610266 128 2075444 31546 124 1993106 31879 0
1459947781611806 126 2074579 29877 119 1989714 32514 0
1459947781613288 128 2076342 29167 123 1991707 31810 0
1459947781614519 120 2067727 34829 117 1985864 34709 0
1459947781615805 121 2061065 38247 117 1980478 36961 0
1459947781617418 129 2065164 39037 123 1983193 36576 0
1459947781618969 124 2062543 38403 121 1983136 33770 0
1459947781620547 124 2060126 37629 119 1980523 33539 0
1459947781621926 120 2052778 41462 116 1974274 36678 0
1459947781623151 120 2052778 41462 114 1974274 36678 1
1459947781624617 125 2052404 38566 120 1973633 34402 0
1459947781626298 129 2057179 39955 124 1978162 35890 0
1459947781627973 130 2062861 42071 125 1983618 38115 0
1459947781629513 129 2066819 42433 124 1987367 38593 0
1459947781631188 129 2070468 42481 124 1990823 38763 0
1459947781632612 125 2068712 40780 120 1988889 37515 0
1459947781634139 126 2068373 37905 121 1988387 35046 0
1459947781635742 129 2071901 38195 123 1990484 34241 0
1459947781637245 127 2072593 35849 121 1989857 32142 0
1459947781638808 128 2074511 34816 122 1990559 30277 0
1459947781640462 130 2078839 36086 123 1992486 29688 0
1459947781642031 123 2078839 36086 116 1992486 29688 1
1459947781643348 121 2071309 40207 117 1986583 32809 0
1459947781644774 123 2066927 41103 118 1982421 34081 0
1459947781646045 119 2066927 41103 113 1982421 34081 1
1459947781647527 126 2066728 38074 121 1982424 31421 0
1459947781649142 130 2071664 39650 124 1986267 32508 0
1459947781650603 123 2067255 40616 118 1982129 33781 0
1459947781651897 121 2067255 40616 115 1982129 33781 1
1459947781653278 121 2060630 43548 116 1975755 37016 0
1459947781654378 117 2060630 43548 112 1975755 37016 1
1459947781655798 125 2059643 41054 118 1972439 37180 0
1459947781657095 122 2054893 42224 117 1968102 38272 0
1459947781658736 126 2055634 39608 121 1969224 36316 0
1459947781660172 126 2056317 37143 120 1968978 33704 0
1459947781661847 131 2063347 40722 127 1977711 39121 0
1459947781663523 130 2068548 42334 125 1983202 41126 0
1459947781664777 125 2066942 40505 119 1980584 40326 0
1459947781666289 125 2065462 38704 119 1978170 39399 0
1459947781667820 128 2067937 37962 123 1981065 38989 0
1459947781669324 124 2065099 37611 119 1978614 38201 0
1459947781670711 124 2062483 37083 119 1976354 37298 0
1459947781672250 127 2063911 35501 122 1978111 36004 0
1459947781673683 124 2061387 35052 117 1973331 37597 0
1459947781675208 126 2061621 32528 119 1971484 36361 0
1459947781676705 127 2063116 31365 119 1969781 35089 0
1459947781678263 129 2067055 32545 123 1973331 35620 0
1459947781679731 121 2060446 36094 115 1966364 39259 0
1459947781681137 126 2060753 33557 119 1965061 37391 0
1459947781682797 127 2062316 32376 117 1961300 37935 0
1459947781684404 127 2063757 31174 116 1956553 39346 0
1459947781685748 128 2066365 31143 115 1950897 41485 0
1459947781687188 132 2066365 31143 118 1950897 41485 1
1459947781688626 128 2068770 30926 116 1946963 41869 0
1459947781690069 132 2068770 30926 117 1946963 41869 1
1459947781691583 135 2068770 30926 121 1946963 41869 1
1459947781693214 136 2068770 30926 123 1946963 41869 1
1459947781694833 138 2068770 30926 123 1946963 41869 1
1459947781696196 130 2073547 32913 115 1942056 43120 0
1459947781697648 128 2075391 32041 112 1933692 47460 0
1459947781698855 129 2078371 32284 112 1925982 50859 0
1459947781700459 135 2078371 32284 120 1925982 50859 1
1459947781701892 131 2083678 34653 113 1920154 52257 0
1459947781703457 136 2083678 34653 120 1920154 52257 1
1459947781704938 132 2089850 37635 116 1918621 49586 0
1459947781706220 127 2089140 35348 112 1912088 51733 0
1459947781707705 134 2089140 35348 115 1912088 51733 1
1459947781709378 140 2089140 35348 126 1912088 51733 1
1459947781710871 134 2089140 35348 120 1912088 51733 1
1459947781712257 134 2089140 35348 118 1912088 51733 1
1459947781713603 130 2092325 35523 111 1904786 54422 0
1459947781715282 137 2092325 35523 120 1904786 54422 1
1459947781716925 136 2092325 35523 119 1904786 54422 1
1459947781718565 138 2092325 35523 121 1904786 54422 1
1459947781720092 137 2092325 35523 120 1904786 54422 1
1459947781721608 134 2092325 35523 114 1904786 54422 1
1459947781723049 135 2092325 35523 116 1904786 54422 1
1459947781724654 137 2092325 35523 118 1904786 54422 1
1459947781726232 137 2092325 35523 118 1904786 54422 1
1459947781727877 136 2092325 35523 118 1904786 54422 1
1459947781729273 131 2096542 36634 116 1904454 50475 0
1459947781730626 134 2104269 40894 117 1905428 47429 0
1459947781731912 129 2104992 38366 113 1901206 47614 0
1459947781733399 133 2110779 40703 116 1901154 43941 0
1459947781734864 137 2110779 40703 116 1901154 43941 1
1459947781736302 133 2116114 42441 116 1901106 40551 0
1459947781737803 134 2122312 44839 116 1901062 37422 0
1459947781739494 142 2122312 44839 124 1901062 37422 1
1459947781741110 137 2131866 50142 120 1906141 39180 0
1459947781742570 136 2139393 53163 117 1906983 36895 0
1459947781744055 133 2142492 51866 117 1907759 34728 0
1459947781745431 136 2149189 53987 115 1905915 33713 0
1459947781747067 140 2160483 60181 121 1911895 36592 0
1459947781748382 129 2156815 58860 113 1907168 38090 0
1459947781749705 132 2157273 54684 114 1904090 37951 0
1459947781751143 135 2161536 54341 115 1902532 36421 0
1459947781752620 135 2165466 53717 116 1902376 33718 0
1459947781754256 139 2174208 57580 119 1906072 34491 0
1459947781755828 138 2180988 59331 123 1914600 39657 0
1459947781757246 137 2185958 59277 116 1913501 37570 0
1459947781758735 139 2193100 61229 121 1918888 39600 0
1459947781760195 137 2197124 60154 118 1920014 37544 0
1459947781761826 140 2204673 62413 122 1926172 40287 0
1459947781763555 141 2212912 65132 121 1930569 41193 0
1459947781765147 137 2215388 62325 118 1930783 38171 0
1459947781766578 132 2211270 61250 113 1924580 40905 0
1459947781768062 138 2215154 60045 117 1923982 38260 0
1459947781769554 133 2212335 57951 114 1919590 39317 0
1459947781771132 133 2209736 55818 115 1916822 38796 0
1459947781772473 132 2206060 54845 111 1909150 42837 0
1459947781773806 133 2203951 52503 116 1908477 40109 0
1459947781775549 141 2212247 56049 123 1916817 44663 0
1459947781777096 139 2217335 56360 116 1915545 42344 0
1459947781778633 136 2218185 52740 116 1914373 40115 0
1459947781780132 137 2220249 50522 117 1914572 37165 0
1459947781781820 139 2224712 50688 122 1921156 40330 0
1459947781783587 142 2232666 54060 120 1924665 40414 0
1459947781785115 135 2231038 51335 115 1921500 40173 0
1459947781786433 129 2231038 51335 108 1921500 40173 1
1459947781787631 127 2231038 51335 110 1921500 40173 1
1459947781789155 135 2229538 48706 118 1922422 37884 0
1459947781790708 136 2229435 44994 116 1920712 36499 0
1459947781792454 141 2235740 47290 121 1925536 38094 0
1459947781793957 134 2232592 46496 118 1926143 35677 0
1459947781828510 138 2234810 44908 116 1924143 34732 0
1459947781829919 136 2234295 41873 114 1919739 36077 0
1459947781831239 133 2234295 41873 111 1919739 36077 1
1459947781832732 140 2238940 42883 118 1920799 34235 0
1459947781834346 135 2236822 41483 115 1917936 34198 0
1459947781835754 135 2234870 40041 115 1915297 33958 0
1459947781837495 138 2236910 38793 115 1912864 33547 0
1459947781838953 137 2237511 36316 114 1909341 34173 0
1459947781840413 136 2236785 34146 116 1908653 32136 0
1459947781842031 137 2237396 32041 118 1910579 31401 0
1459947781843729 140 2241799 33596 118 1912355 30584 0
1459947781845319 139 2244578 33533 118 1913992 29703 0
1459947781847036 140 2248420 34455 119 1916781 29953 0
1459947781848656 139 2250682 33848 119 1919352 29982 0
1459947781850254 142 2256607 36665 119 1921722 29824 0
1459947781851896 141 2260789 37655 116 1920067 29019 0
1459947781853529 138 2260804 34727 115 1917261 29337 0
1459947781855291 139 2262098 33206 117 1917234 27068 0
1459947781857086 146 2262098 33206 122 1917234 27068 1
1459947781858616 140 2264571 32891 117 1917210 24975 0
1459947781859959 134 2264571 32891 111 1917210 24975 1
1459947781861604 137 2263011 31758 119 1919747 25362 0
1459947781863245 137 2261573 30601 117 1919526 23582 0
1459947781864756 138 2261527 28251 116 1918043 23106 0
1459947781866368 140 2264045 28364 118 1919235 22399 0
1459947781867793 134 2264045 28364 111 1919235 22399 1
1459947781869349 136 2261246 28727 114 1915214 24355 0
1459947781870902 138 2261226 26500 116 1914067 23508 0
1459947781872243 135 2261226 26500 112 1914067 23508 1
1459947781873933 141 2265047 27952 119 1916850 24237 0
1459947781875621 141 2268570 29015 118 1918136 23528 0
1459947781877061 137 2266697 28473 114 1914201 25315 0
1459947781878668 143 2272651 31737 120 1918254 27073 0
1459947781880059 135 2267900 33636 113 1913030 29772 0
1459947781881087 116 2267900 33636 94 1913030 29772 1
1459947781882489 137 2266080 32685 116 1912054 28345 0
1459947781884150 142 2270802 34484 120 1916274 30021 0
1459947781885832 142 2275155 35802 120 1920165 31262 0
1459947781887348 137 2272768 35204 115 1917352 31412 0
1459947781888728 134 2266728 38021 112 1910918 34887 0
1459947781890356 138 2266279 35463 116 1910107 32908 0
1459947781891996 141 2269705 35851 119 1913199 33188 0
1459947781893783 146 2269705 35851 122 1913199 33188 1
1459947781895234 138 2269024 33677 118 1914770 32043 0
1459947781896496 130 2269024 33677 111 1914770 32043 1
1459947781898033 138 2268396 31623 116 1913658 30563 0
1459947781899751 139 2269097 29798 118 1915193 29590 0
1459947781901417 140 2271023 29246 118 1916608 28583 0
1459947781902785 138 2270239 27683 116 1915353 27505 0
1459947781904281 137 2268236 27365 117 1915476 25469 0
1459947781905924 139 2268950 25885 119 1918149 25943 0
1459947781907476 139 2269608 24468 118 1919333 25008 0
1459947781909042 143 2269608 24468 120 1919333 25008 1
1459947781910475 140 2271494 24295 115 1916585 25587 0
1459947781911912 134 2271494 24295 111 1916585 25587 1
1459947781913161 135 2266833 26692 114 1912771 27103 0
1459947781914546 134 2266833 26692 111 1912771 27103 1
1459947781916007 138 2266376 25026 116 1911815 25865 0
1459947781917587 139 2267235 23862 116 1910934 24655 0
1459947781918929 136 2267235 23862 112 1910934 24655 1
1459947781920317 137 2265467 23626 115 1908842 24656 0
1459947781922002 139 2266397 22637 116 1908193 23326 0
1459947781923562 141 2269814 24018 116 1907595 22053 0
1459947781925221 137 2267844 23956 117 1908324 21002 0
1459947781926697 136 2264748 24937 115 1906436 21101 0
1459947781928280 143 2264748 24937 119 1906436 21101 1
1459947781929798 138 2264454 23258 113 1902135 23416 0
1459947781931283 140 2266743 23550 118 1904570 23831 0
1459947781932723 135 2266743 23550 112 1904570 23831 1
1459947781934172 135 2262453 25664 113 1900415 25798 0
1459947781935670 136 2259778 26124 117 1901705 24971 0
1459947781937263 140 2262432 26530 117 1902894 24116 0
1459947781938832 142 2267439 29073 118 1905270 24421 0
1459947781939918 118 2267439 29073 94 1905270 24421 1
1459947781941308 139 2268215 27516 114 1902340 25213 0
1459947781942764 136 2265090 28246 115 1900919 24552 0
1459947781944298 142 2269889 30463 117 1902169 23786 0
1459947781945746 136 2269889 30463 112 1902169 23786 1
1459947781947367 137 2267913 29903 114 1899482 24404 0
1459947781948807 133 2267913 29903 110 1899482 24404 1
1459947781950245 134 2267913 29903 111 1899482 24404 1
1459947781951677 136 2264812 30424 115 1898284 23600 0
1459947781953137 135 2260673 31862 112 1893340 26313 0
1459947781954669 140 2263257 31755 115 1892622 24918 0
1459947781956116 138 2263080 29437 116 1893240 23541 0
1459947781957838 146 2263080 29437 122 1893240 23541 1
1459947781959473 141 2266756 30526 118 1896370 24587 0
1459947781960833 136 2263745 30916 114 1894136 24725 0
1459947781962011 133 2263745 30916 108 1894136 24725 1
1459947781963651 140 2266089 30661 117 1895916 24434 0
1459947781965091 140 2268250 30257 116 1896277 22858 0
1459947781966364 136 2265122 30775 113 1892770 24304 0
1459947781967810 139 2266079 29252 115 1892097 23025 0
1459947781969261 136 2263121 29692 113 1888916 24157 0
1459947781970416 129 2263121 29692 107 1888916 24157 1
1459947781971895 139 2264234 28398 114 1887264 23791 0
1459947781973520 142 2269100 30665 119 1892141 26428 0
1459947781975147 139 2269746 28865 116 1892797 24968 0
1459947781976682 139 2270342 27158 114 1890842 24819 0
1459947781978275 139 2270891 25542 116 1891599 23578 0
1459947781979834 136 2267557 26618 114 1889737 23450 0
1459947781981410 139 2268324 25245 116 1890581 22395 0
1459947781982876 133 2268324 25245 110 1890581 22395 1
1459947781984197 133 2268324 25245 110 1890581 22395 1
1459947781985566 130 2268324 25245 108 1890581 22395 1
1459947781987197 138 2267751 23800 116 1891359 21362 0
1459947781988944 142 2272342 26173 119 1895916 23894 0
1459947781990482 141 2275295 26850 118 1898837 24720 0
1459947781991726 134 2275295 26850 109 1898837 24720 1
1459947781993106 138 2275295 26850 110 1898837 24720 1
1459947781994500 137 2272897 26962 113 1895130 26205 0
1459947781995846 138 2271966 25712 112 1890432 28487 0
1459947781997380 141 2274948 26452 118 1893782 29349 0
1459947781998852 137 2272577 26570 114 1891750 28928 0
1459947782000468 142 2276791 28379 117 1893717 28481 0
1459947782001976 137 2274276 28478 114 1891690 28123 0
1459947782003333 137 2274276 28478 110 1891690 28123 1
1459947782004664 134 2268118 31929 112 1887261 30007 0
1459947782006301 143 2273961 34820 118 1890858 30978 0
1459947782007786 137 2271667 34212 113 1887774 31399 0
1459947782009329 140 2273393 33130 115 1887491 29205 0
1459947782010901 142 2277544 34367 121 1894910 33763 0
1459947782012304 138 2276250 32874 116 1895350 31530 0
1459947782013552 133 2276250 32874 110 1895350 31530 1
1459947782015200 142 2280177 33926 120 1900875 34160 0
1459947782016653 137 2277398 33836 112 1895729 36234 0
1459947782018171 138 2276116 32373 114 1893545 35416 0
1459947782019631 139 2276214 29933 117 1895371 34333 0
1459947782021182 142 2280144 31217 117 1897055 33202 0
1459947782022797 140 2281207 29758 116 1897327 30859 0
1459947782024058 136 2277067 31248 111 1891178 34116 0
1459947782025545 138 2275811 29963 114 1889349 33135 0
1459947782026740 129 2275811 29963 104 1889349 33135 1
1459947782028125 137 2273373 29869 114 1887663 32099 0
1459947782029583 139 2273685 27823 112 1883549 33383 0
1459947782030842 132 2265013 33643 110 1877196 36629 0
1459947782032158 135 2260858 34843 109 1870060 40345 0
1459947782033545 134 2255748 36830 111 1866041 40897 0
1459947782034941 137 2254877 34754 110 1861056 42296 0
1459947782036344 136 2252794 33957 113 1860301 39687 0
1459947782037861 138 2253434 31894 116 1863444 39484 0
1459947782039222 136 2251464 31217 111 1859942 39626 0
1459947782040834 137 2250928 29271 114 1860554 37094 0
1459947782042488 144 2250928 29271 120 1860554 37094 1
1459947782043922 138 2251714 27708 115 1862398 35896 0
1459947782045496 139 2253718 27391 113 1861538 33883 0
1459947782046814 135 2250446 28267 109 1855625 36685 0
1459947782048388 136 2248709 27658 113 1855294 34122 0
1459947782049898 141 2253508 29921 115 1857549 33534 0
1459947782051317 137 2252812 28223 112 1855787 32537 0
1459947782052819 139 2254731 27787 115 1858003 32038 0
1459947782054354 138 2255220 26066 114 1858766 30238 0
1459947782056007 143 2255220 26066 120 1858766 30238 1
1459947782057510 138 2255670 24444 115 1860749 29703 0
1459947782058956 140 2258645 25277 115 1862577 29068 0
1459947782060412 140 2261388 25831 114 1862983 27171 0
1459947782061882 139 2262637 24963 112 1860797 27062 0
1459947782063608 143 2262637 24963 117 1860797 27062 1
1459947782065299 143 2262637 24963 120 1860797 27062 1
1459947782066821 136 2259948 25490 114 1861342 25449 0
1459947782068247 140 2262589 25933 113 1860564 24176 0
1459947782069667 138 2262464 24021 113 1859847 22947 0
1459947782070923 136 2259789 24610 112 1857906 22942 0
1459947782072294 134 2259789 24610 109 1857906 22942 1
1459947782073859 140 2262442 25133 115 1859957 23039 0
1459947782075447 143 2262442 25133 116 1859957 23039 1
1459947782076963 141 2266168 26604 116 1863127 24162 0
1459947782078310 139 2267043 25332 114 1863490 22608 0
1459947782079769 143 2267043 25332 118 1863490 22608 1
1459947782081501 147 2267043 25332 122 1863490 22608 1
1459947782083073 143 2267043 25332 120 1863490 22608 1
1459947782084575 141 2270410 26456 118 1868944 25869 0
1459947782085986 139 2270954 24890 116 1871412 26122 0
1459947782087300 135 2266335 27202 110 1866007 29062 0
1459947782088577 134 2266335 27202 109 1866007 29062 1
1459947782090135 140 2268477 27051 115 1867425 28098 0
1459947782091389 135 2264052 29016 110 1862332 30596 0
1459947782092646 133 2257412 32869 109 1856357 33712 0
1459947782094156 139 2258971 31738 115 1858529 33080 0
1459947782095791 142 2264248 34123 120 1866931 38241 0
1459947782097351 142 2269113 35942 118 1872117 40033 0
1459947782098882 142 2273598 37269 116 1874337 38952 0
1459947782100389 141 2276453 36989 119 1880224 41335 0
1459947782102011 139 2276525 34165 118 1884371 41928 0
1459947782103210 136 2272751 34973 111 1879234 43387 0
1459947782104505 134 2266712 37806 110 1873218 45542 0
1459947782106038 136 2263705 37623 114 1872792 42375 0
1459947782107467 138 2263493 34878 112 1869840 41785 0
1459947782109201 143 2269697 37872 115 1870958 39551 0
1459947782110695 145 2269697 37872 118 1870958 39551 1
1459947782112109 139 2270296 35466 114 1870709 36690 0
1459947782113624 140 2272129 34384 118 1875599 38331 0
1459947782115141 138 2271258 32499 115 1876267 35952 0
1459947782116664 136 2267895 33059 113 1874323 34934 0
1459947782118282 138 2267355 30973 116 1876371 34092 0
1459947782119799 142 2271977 32814 118 1880819 35529 0
1459947782121235 140 2273678 31818 116 1882360 34173 0
1459947782122380 133 2273678 31818 105 1882360 34173 1
1459947782123663 135 2268846 33785 110 1876100 37273 0
1459947782124930 134 2263112 36430 110 1870329 39680 0
1459947782126269 136 2260386 36095 110 1865009 41483 0
1459947782127629 139 2261713 34498 113 1863945 39222 0
1459947782128939 132 2261713 34498 106 1863945 39222 1
1459947782130206 137 2260376 33033 113 1862964 37061 0
1459947782131549 136 2257864 32767 112 1860779 36178 0
1459947782132923 136 2255548 32341 112 1858765 35207 0
1459947782134403 140 2258533 32566 117 1863308 36645 0
1459947782135966 139 2260005 31378 117 1867497 37643 0
1459947782137518 141 2263922 32537 117 1871358 38262 0
1459947782138944 139 2264973 30963 114 1871078 35529 0
1459947782140466 139 2265941 29437 115 1872100 33695 0
1459947782141990 140 2268114 29140 115 1873042 31930 0
1459947782143571 141 2271397 29890 118 1877750 33775 0
1459947782144960 137 2269304 29483 112 1874410 34214 0
1459947782146574 141 2272494 30120 114 1873891 32018 0
1459947782148107 140 2274155 29297 113 1872133 31136 0
1459947782149676 142 2278246 30780 117 1875632 31929 0
1459947782151180 139 2278178 28437 117 1878858 32408 0
1459947782152768 143 2283235 30877 117 1881832 32617 0
1459947782154367 141 2285337 30402 116 1883293 31415 0
1459947782156216 147 2285337 30402 120 1883293 31415 1
1459947782158178 148 2285337 30402 126 1883293 31415 1
1459947782160032 145 2285337 30402 119 1883293 31415 1
1459947782161738 145 2285337 30402 121 1883293 31415 1
1459947782163333 143 2289835 32172 117 1885920 31382 0
1459947782164444 137 2286301 32915 111 1880662 33776 0
1459947782165929 137 2283043 33345 115 1880935 31388 0
1459947782167304 133 2274920 38227 111 1876066 33422 0
1459947782168999 142 2278951 38956 116 1877978 32572 0
1459947782170427 137 2276267 38385 110 1872060 35481 0
1459947782171924 142 2280193 39005 116 1874285 34760 0
1459947782173665 143 2285092 40474 118 1878896 36295 0
1459947782175161 137 2281929 40226 112 1875467 36619 0
1459947782176728 140 2282853 37935 115 1876146 34384 0
1459947782178402 143 2287545 39296 117 1879332 34634 0
1459947782179924 139 2286750 36958 115 1879709 32275 0
1459947782181437 139 2286017 34745 116 1881336 31253 0
1459947782182868 136 2281501 36192 110 1875156 34507 0
1459947782184369 138 2279898 34841 110 1869459 37062 0
1459947782186000 142 2283540 35477 118 1874447 38764 0
1459947782187675 142 2286898 35801 118 1879045 39974 0
1459947782189432 141 2288714 34678 119 1884564 41939 0
1459947782191097 144 2294228 37051 118 1888372 42172 0
1459947782192774 144 2299311 38842 118 1891882 42113 0
1459947782194270 140 2298877 36206 115 1891278 39378 0
1459947782195780 139 2297197 34925 115 1890721 36813 0
1459947782197157 138 2294368 34803 113 1887648 36768 0
1459947782198692 139 2293040 33307 115 1887375 34146 0
1459947782199903 135 2293040 33307 109 1887375 34146 1
1459947782201069 132 2293040 33307 109 1887375 34146 1
1459947782202080 123 2293040 33307 100 1887375 34146 1
1459947782203197 133 2293040 33307 108 1887375 34146 1
1459947782204497 138 2290536 33012 112 1883283 35249 0
1459947782205917 142 2293347 33024 115 1883351 32558 0
1459947782207497 140 2293379 30473 114 1882134 31135 0
1459947782208972 144 2298528 32839 118 1886132 32387 0
1459947782210430 141 2299435 31109 115 1885977 29997 0
1459947782211967 140 2298991 29086 115 1885835 27783 0
1459947782213565 142 2301142 28796 118 1889544 29031 0
1459947782215157 145 2306965 31914 121 1896803 33454 0
1459947782216801 143 2309773 32008 117 1898375 32289 0
1459947782218300 136 2303401 35380 111 1892144 35509 0
1459947782219785 142 2305207 34280 117 1894080 34519 0
1459947782221312 141 2305592 31956 116 1894585 32287 0
1459947782223381 135 2298267 36211 134 1918090 51433 0
1459947782225509 138 2295354 36066 136 1942319 69750 0
1459947782227574 137 2291389 36902 135 1963375 83711 0
1459947782229506 136 2286454 38568 133 1980226 92705 0
1459947782231235 129 2272944 48007 127 1988080 92703 0
1459947782233245 137 2270730 46296 136 2006841 102755 0
1459947782235189 135 2266129 46920 134 2021576 108311 0
1459947782236996 132 2258047 50703 127 2026200 104112 0
1459947782238772 129 2246757 57148 127 2030463 99908 0
1459947782240738 135 2244029 55197 133 2042073 102805 0
1459947782242728 130 2235114 59102 127 2045096 97559 0
1459947782244750 133 2230735 58520 132 2054282 98406 0
1459947782246615 132 2225418 58848 131 2061471 97345 0
1459947782248480 133 2221797 57587 133 2070658 98208 0
1459947782250471 136 2222299 53550 133 2079127 98343 0
1459947782252425 134 2220201 51299 131 2084375 95497 0
1459947782254515 136 2220827 47868 134 2093053 96036 0
1459947782256515 136 2221404 44660 134 2101053 95908 0
1459947782258426 136 2221936 41661 133 2107148 94034 0
1459947782260306 133 2218587 41493 131 2110207 89507 0
1459947782262156 131 2212939 43456 128 2109187 83454 0
1459947782264065 133 2210293 42500 130 2110806 78427 0
1459947782265975 130 2204013 44967 128 2109739 73282 0
1459947782267785 128 2195664 49149 126 2106195 70822 0
1459947782269549 131 2191807 48863 130 2108048 66997 0
1459947782271492 136 2194652 47667 132 2112316 65697 0
1459947782273213 132 2192154 46245 129 2112411 60651 0
1459947782274792 123 2178331 55374 121 2102258 65270 0
1459947782276280 123 2165588 62793 121 2092899 68797 0
1459947782278218 135 2169201 61218 133 2099631 69628 0
1459947782280287 136 2173812 60685 135 2108397 72269 0
1459947782282374 137 2179342 61041 136 2117758 75252 0
1459947782284416 136 2183160 59792 136 2126388 77327 0
1459947782286479 133 2182840 55414 132 2129223 73899 0
1459947782288434 135 2185105 53172 133 2133117 71715 0
1459947782290086 133 2184633 49451 130 2132867 66342 0
1459947782291927 134 2185478 46366 131 2133916 62126 0
1459947782293679 133 2184977 43204 130 2133603 57559 0
1459947782295684 132 2183235 41433 131 2134595 53976 0
1459947782297317 123 2170109 50295 123 2125269 58355 0
1459947782299131 136 2174649 50550 134 2130752 58851 0
1459947782301069 136 2178834 50458 133 2134527 57733 0
1459947782303103 138 2185252 52432 136 2141847 59970 0
1459947782305166 138 2191169 53789 136 2148595 61505 0
1459947782307105 132 2188943 51637 129 2145856 59224 0
1459947782308939 135 2190731 49251 131 2145891 54629 0
1459947782310778 136 2193660 48103 132 2147203 51570 0
1459947782312539 133 2192520 45394 131 2147132 47605 0
1459947782314343 133 2191469 42815 131 2147067 43944 0
1459947782316118 132 2189220 41542 129 2144447 42924 0
1459947782318045 138 2194827 43465 134 2148432 43243 0
1459947782319687 129 2188476 45923 127 2143145 44737 0
1459947782321293 129 2182621 47732 127 2138271 45733 0
1459947782323067 133 2182343 44257 130 2137618 42761 0
1459947782324852 128 2175687 46934 127 2133176 43514 0
1459947782326566 131 2173391 45383 128 2130361 42708 0
1459947782328503 135 2176394 44606 131 2131606 40519 0
1459947782330191 122 2176394 44606 119 2131606 40519 1
1459947782331952 133 2176603 41313 131 2132754 38411 0
1459947782333898 133 2176795 38262 134 2137652 39925 0
1459947782335839 134 2178252 36616 132 2139607 38608 0
1459947782337637 133 2178316 33814 130 2138850 36288 0
1459947782339473 131 2175815 33477 129 2136872 35276 0
1459947782341473 130 2172229 34166 129 2135048 34200 0
1459947782343444 136 2176603 35528 134 2139767 35878 0
1459947782345400 132 2175515 33754 129 2137717 34964 0
1459947782347485 138 2182192 37272 135 2143507 37570 0
1459947782349437 136 2185788 37675 134 2147565 38375 0
1459947782351479 137 2190383 38967 136 2153866 41185 0
1459947782353416 134 2190779 36287 133 2155835 39782 0
1459947782355288 135 2192424 34968 130 2153810 38540 0
1459947782357091 134 2192660 32454 134 2157063 38528 0
1459947782358980 136 2195438 32479 133 2158782 37103 0
1459947782360978 134 2195439 29942 132 2159087 34485 0
1459947782362761 132 2192880 29960 132 2159368 32049 0
1459947782364728 131 2189241 30973 129 2155787 32845 0
1459947782366599 132 2187166 30465 130 2153766 32140 0
1459947782368592 135 2189093 29861 133 2155743 31451 0
1459947782370316 130 2184470 31789 128 2151165 33212 0
1459947782371868 125 2184470 31789 124 2151165 33212 1
1459947782373588 132 2182768 30873 129 2148225 33327 0
1459947782375331 132 2181199 29907 130 2146794 32041 0
1459947782377133 130 2177192 31263 128 2142915 33112 0
1459947782378995 135 2179898 31315 132 2144459 31949 0
1459947782380769 131 2177273 31287 130 2143323 30499 0
1459947782382630 134 2178693 30151 133 2146115 30690 0
1459947782384812 137 2183842 32542 136 2152529 34205 0
1459947782386840 139 2183842 32542 137 2152529 34205 1
1459947782388873 133 2183469 30342 132 2153322 32263 0
1459947782390723 135 2185685 30014 133 2155333 31596 0
1459947782392571 130 2181328 31685 127 2149507 34497 0
1459947782394548 131 2178591 31731 128 2145416 35571 0
1459947782396426 129 2173508 33937 125 2137805 39808 0
1459947782398316 133 2173942 31685 130 2137188 37265 0
1459947782400277 134 2175622 30758 132 2139180 36189 0
1459947782402173 128 2169491 34006 127 2134616 37567 0
1459947782404064 132 2168959 31838 133 2138089 37833 0
1459947782405703 129 2164629 33341 127 2133610 39005 0
1459947782407752 136 2169597 35316 134 2138441 40411 0
1459947782409638 133 2170337 33238 133 2141615 40179 0
1459947782411480 134 2172299 32450 132 2143261 38557 0
1459947782413371 134 2174108 31581 133 2146058 38123 0
1459947782415208 134 2175775 30650 132 2147357 36341 0
1459947782417180 134 2177312 29672 133 2149834 35785 0
1459947782419283 138 2177312 29672 136 2149834 35785 1
1459947782421132 134 2178729 28659 133 2152118 35094 0
1459947782422990 138 2178729 28659 136 2152118 35094 1
1459947782424881 138 2178729 28659 135 2152118 35094 1
1459947782426830 137 2183875 31164 135 2156783 36653 0
1459947782428583 130 2179659 32614 126 2149564 40443 0
1459947782430439 132 2178333 31288 129 2146749 39877 0
1459947782432360 136 2182230 32436 133 2149274 39088 0
1459947782434269 135 2184543 32033 132 2150321 37000 0
1459947782436043 129 2184543 32033 125 2150321 37000 1
1459947782437742 130 2180275 33463 128 2146167 37938 0
1459947782439703 132 2178901 32114 131 2146177 34983 0
1459947782441451 130 2175074 33132 128 2142346 35779 0
1459947782443467 138 2181786 36730 136 2149055 39168 0
1459947782445355 129 2176453 38775 129 2146280 38666 0
1459947782447183 132 2175377 36736 130 2145001 36823 0
1459947782449382 137 2180785 38852 133 2147662 36399 0
1459947782450956 119 2180785 38852 117 2147662 36399 1
1459947782453188 139 2188331 42772 138 2156515 41717 0
1459947782455218 136 2191447 42303 135 2160837 42441 0
1459947782457185 133 2190480 39889 132 2160981 39258 0
1459947782459121 126 2190480 39889 125 2160981 39258 1
1459947782461222 138 2195988 41850 135 2164954 39852 0
1459947782463379 140 2203626 45621 138 2172456 43654 0
1459947782465496 136 2205547 43827 133 2172972 40719 0
1459947782467623 138 2209878 44396 136 2177288 41516 0
1459947782469711 135 2210031 41068 134 2178707 39580 0
1459947782471744 136 2211452 39169 134 2180015 37693 0
1459947782473666 133 2208922 38440 133 2179941 34815 0
1459947782475769 138 2212989 39186 135 2182433 34392 0
1459947782477737 134 2211619 37386 132 2180890 33127 0
1459947782479551 132 2207796 37989 131 2178187 33028 0
1459947782481361 134 2206831 35909 131 2175696 32743 0
1459947782483422 133 2204662 35102 131 2173399 32300 0
1459947782485264 129 2204662 35102 127 2173399 32300 1
1459947782486954 130 2198822 37741 128 2167442 35267 0
1459947782488764 133 2197279 36214 132 2167070 32853 0
1459947782490548 128 2197279 36214 124 2167070 32853 1
1459947782492426 136 2199696 35612 135 2170567 33510 0
1459947782494328 133 2198084 34314 133 2171231 31504 0
1459947782496148 134 2197878 31822 130 2168003 32017 0
1459947782498041 138 2202808 33880 136 2172707 33852 0
1459947782500171 140 2209913 37783 136 2177044 35205 0
1459947782502117 133 2207503 37052 132 2175922 33487 0
1459947782504055 135 2207841 34469 134 2177448 32276 0
1459947782505985 133 2205593 33847 131 2175014 31996 0
1459947782508090 139 2211201 36371 136 2179171 33328 0
1459947782509845 132 2207410 37022 128 2172763 36631 0
1459947782511678 131 2207410 37022 126 2172763 36631 1
1459947782513487 130 2201356 39709 127 2165575 40394 0
1459947782515381 132 2198335 39390 130 2162789 39805 0
1459947782517260 129 2191710 42419 128 2157661 41422 0
1459947782519216 138 2197122 44094 137 2164453 44447 0
1459947782521072 131 2193151 44308 128 2159195 45821 0
1459947782522903 129 2193151 44308 124 2159195 45821 1
1459947782524839 135 2194611 42192 130 2156907 44349 0
1459947782526771 135 2195957 40135 130 2154798 42827 0
1459947782528699 134 2195917 37035 130 2152854 41272 0
1459947782530454 132 2193320 36534 129 2149782 40878 0
1459947782532271 130 2188366 38245 128 2145670 41474 0
1459947782534160 135 2190199 36947 134 2149559 41818 0
1459947782535849 130 2185489 38401 127 2144184 43504 0
1459947782537926 142 2185489 38401 139 2144184 43504 1
1459947782539725 134 2186267 36117 134 2148189 43797 0
1459947782541456 131 2183144 36173 131 2148041 40510 0
1459947782543371 133 2182825 33639 130 2146625 38650 0
1459947782545413 135 2185091 33099 133 2149159 37966 0
1459947782547322 130 2180780 34486 128 2145095 38744 0
1459947782549083 129 2175526 36633 128 2141349 39169 0
1459947782550985 132 2174523 34695 130 2140456 36931 0
1459947782552691 129 2169758 36376 127 2135792 38343 0
1459947782554714 137 2175605 38924 134 2140453 39644 0
1459947782556861 139 2183555 43212 137 2148590 44047 0
1459947782558779 137 2188324 44233 135 2153531 45160 0
1459947782560457 124 2188324 44233 122 2153531 45160 1
1459947782562140 131 2185041 43803 129 2150406 44511 0
1459947782564124 137 2189694 44670 134 2153925 44277 0
1459947782566162 133 2188864 41945 131 2153329 41365 0
1459947782568105 133 2188099 39373 131 2152780 38638 0
1459947782569763 128 2188099 39373 123 2152780 38638 1
1459947782571295 125 2188099 39373 122 2152780 38638 1
1459947782572991 127 2188099 39373 120 2152780 38638 1
1459947782574942 134 2188673 36825 132 2153554 36332 0
1459947782576967 137 2193042 37976 134 2156827 36510 0
1459947782578675 132 2190670 37195 131 2156004 34414 0
1459947782580196 128 2183363 41024 126 2148846 38323 0
1459947782581905 127 2175347 45207 125 2140967 42592 0
1459947782583863 135 2178198 44303 134 2145223 43188 0
1459947782585681 132 2176986 41958 130 2144027 40915 0
1459947782587164 127 2169468 45609 125 2136524 44633 0
1459947782588774 128 2163818 47253 126 2130888 46341 0
1459947782590426 130 2161169 46002 126 2125692 47509 0
1459947782592086 129 2157447 45838 127 2122182 47032 0
1459947782593706 125 2148896 50138 124 2115106 49879 0
1459947782595554 134 2152533 49573 133 2120103 50588 0
1459947782597367 128 2148206 49688 127 2117029 49467 0
1459947782598999 132 2149337 46849 129 2116756 45853 0
1459947782600686 125 2141420 50486 124 2110104 48401 0
1459947782602177 126 2135401 52089 124 2103972 50271 0
1459947782604092 135 2141372 53524 135 2112399 54111 0
1459947782605703 130 2140477 50166 128 2111207 50981 0
1459947782607557 134 2144772 50205 132 2115228 50705 0
1459947782609439 134 2148731 49932 131 2117655 48981 0
1459947782611151 130 2147261 47385 128 2116053 46630 0
1459947782612704 131 2147186 43751 129 2115856 43168 0
1459947782614567 137 2154797 47348 134 2122074 45527 0
1459947782616390 124 2145173 52519 122 2112446 50844 0
1459947782618424 134 2149101 52036 130 2113811 48129 0
1459947782620433 134 2152722 51308 132 2117629 47888 0
1459947782622180 132 2153500 48016 131 2119869 46211 0
1459947782624087 132 2154217 44925 131 2121934 44503 0
1459947782626003 131 2153598 41984 128 2119997 42810 0
1459947782627992 133 2155588 40538 131 2122052 41359 0
1459947782629734 132 2156142 37881 128 2120106 39920 0
1459947782631626 134 2159213 37752 130 2120872 37507 0
1459947782633914 142 2159213 37752 140 2120872 37507 1
1459947782635739 131 2158204 35731 129 2120298 35104 0
1459947782637525 131 2157274 33796 129 2119769 32847 0
1459947782639296 130 2155136 33125 129 2119282 30728 0
1459947782641029 129 2151886 33533 126 2114993 32280 0
1459947782642706 127 2146329 36034 125 2109759 34582 0
1459947782644184 126 2139927 39119 125 2104934 36327 0
1459947782645927 130 2139145 36782 128 2104326 34048 0
1459947782647896 135 2144824 39143 131 2107605 34411 0
1459947782649642 130 2143659 37157 127 2105508 33654 0
1459947782651629 139 2143659 37157 135 2105508 33654 1
1459947782653693 135 2148985 39164 132 2109975 35142 0
1459947782655448 130 2147495 37477 128 2108973 33319 0
1459947782657301 132 2148681 35643 130 2110609 32223 0
1459947782659185 133 2151055 35046 131 2113397 32275 0
1459947782661022 132 2151963 33145 130 2114687 30943 0
1459947782662863 134 2155360 33687 131 2117157 30802 0
1459947782665040 137 2162332 37482 137 2127114 37574 0
1459947782666916 133 2163639 35758 131 2128613 36020 0
1459947782669069 140 2163639 35758 138 2128613 36020 1
1459947782671233 140 2163639 35758 137 2128613 36020 1
1459947782673100 131 2162284 34212 129 2127435 34290 0
1459947782674985 133 2163595 32748 129 2126349 32612 0
1459947782676705 133 2164804 31303 130 2126627 30321 0
1459947782678260 128 2159518 33729 126 2121764 32434 0
1459947782680053 131 2158485 32044 128 2119841 31672 0
1459947782681912 132 2158813 29842 131 2121908 31102 0
1459947782684024 136 2164235 32509 135 2128933 35149 0
1459947782686005 136 2169234 34577 136 2136690 39553 0
1459947782687847 130 2166162 34706 128 2133601 39309 0
1459947782689503 121 2166162 34706 119 2133601 39309 1
1459947782691378 133 2167170 32923 132 2135873 38331 0
1459947782693080 132 2166819 30672 130 2135407 35764 0
1459947782694825 129 2162656 32112 128 2132418 35724 0
1459947782696755 132 2162658 29605 128 2129662 35472 0
1459947782698747 134 2165220 29654 133 2133522 36258 0
1459947782700749 133 2166302 28334 130 2133240 33684 0
