1459947780007845 153 2506752 0 151 2473984 0 0
1459947780015588 152 2505472 1180 150 2472704 1180 0
1459947780022646 150 2501732 4534 148 2468964 4534 0
1459947780029788 151 2499564 6177 147 2464236 8537 0
1459947780037241 154 2501405 7391 149 2462437 9527 0
1459947780044149 152 2500542 7607 147 2458219 12670 0
1459947780050805 149 2495907 11284 146 2453050 16444 0
1459947780058037 150 2492914 13160 148 2450845 17191 0
1459947780065323 152 2492715 12314 151 2452652 17513 0
1459947780072978 153 2493811 12362 150 2453038 16500 0
1459947780080486 155 2497382 14688 152 2455954 17898 0
1459947780087841 152 2496834 14045 149 2454802 17560 0
1459947780094807 150 2493768 15772 146 2449900 20706 0
1459947780102413 154 2496062 16654 152 2453061 22002 0
1459947780109584 148 2490497 20482 145 2447015 25856 0
1459947780116397 148 2485366 23610 146 2442721 27793 0
1459947780123591 152 2485756 22125 150 2443883 26692 0
1459947780130671 150 2483556 22423 146 2439834 28338 0
1459947780137366 151 2482808 21360 147 2437381 28384 0
1459947780145488 157 2489798 26135 154 2444080 32342 0
1459947780153039 155 2493682 27674 151 2446416 31968 0
1459947780160834 155 2497263 28812 152 2449849 32635 0
1459947780168150 151 2495444 28237 148 2447894 31886 0
1459947780176066 155 2498887 29204 151 2449932 31273 0
1459947780183115 148 2493101 32255 144 2442851 35356 0
1459947780190499 149 2489047 33471 147 2440163 35070 0
1459947780197909 154 2491710 33311 152 2444085 35945 0
1459947780205468 153 2492885 31791 149 2443860 33342 0
1459947780213216 153 2493968 30305 150 2444933 31726 0
1459947780221153 154 2496246 30037 153 2449762 33699 0
1459947780228895 153 2497066 28446 149 2449094 31681 0
1459947780236776 156 2501662 30460 153 2453598 33357 0
1459947780244924 155 2504619 30806 151 2455190 32218 0
1459947780251858 148 2498385 34145 146 2450258 34246 0
1459947780258957 150 2495198 34414 147 2446991 34581 0
1459947780266326 151 2493540 33252 149 2446539 32294 0
1459947780273885 150 2490732 33242 148 2444843 31334 0
1459947780281222 151 2489423 31850 150 2445839 29804 0
1459947780288475 148 2484376 34012 144 2439077 33707 0
1459947780295438 150 2482284 33282 147 2436684 33278 0
1459947780302956 150 2480355 32458 147 2434478 32711 0
1459947780310437 152 2481137 30643 151 2437564 33000 0
1459947780317732 151 2480578 28764 147 2435289 32517 0
1459947780325082 152 2481342 27221 149 2435752 30402 0
1459947780333003 150 2479487 26803 147 2433618 29992 0
1459947780340640 150 2477777 26285 148 2432931 28280 0
1459947780348429 154 2481320 27497 152 2437418 30206 0
1459947780355029 146 2474346 31776 144 2431314 33472 0
1459947780362930 152 2475597 30446 149 2432087 31570 0
1459947780369869 150 2474190 29363 147 2430240 30805 0
1459947780376625 149 2471613 29443 146 2427257 31147 0
1459947780384290 151 2471798 27312 149 2428347 29718 0
1459947780391947 154 2475808 28875 152 2433192 31862 0
1459947780399387 154 2479505 30027 153 2438938 34669 0
1459947780406076 147 2473953 32798 145 2433995 36515 0
1459947780412878 145 2466275 37312 144 2428159 39041 0
1459947780420058 150 2465597 35021 147 2426619 37409 0
1459947780427610 153 2468812 35248 148 2426479 34614 0
1459947780434925 152 2470496 34046 149 2427630 32970 0
1459947780443221 157 2478448 38717 153 2433811 36092 0
1459947780450828 153 2480659 37730 149 2434389 33805 0
1459947780458195 152 2481417 35481 149 2434922 31654 0
1459947780465606 153 2483396 34533 151 2437973 31994 0
1459947780472744 150 2481380 33692 147 2435666 31620 0
1459947780480378 155 2485922 35246 153 2441219 34268 0
1459947780487975 153 2487549 33992 150 2442498 32769 0
1459947780494854 146 2480089 38212 144 2435997 36200 0
1459947780501804 145 2471932 42745 142 2427444 41255 0
1459947780509280 149 2469532 41617 147 2425959 39399 0
1459947780516529 152 2471159 39865 150 2428430 38598 0
1459947780523727 150 2470099 37726 148 2428148 35841 0
1459947780530469 148 2466562 38038 145 2424048 36818 0
1459947780537453 152 2468421 36780 150 2426669 36357 0
1459947780545136 152 2470135 35486 149 2427805 34563 0
1459947780552505 152 2471715 34170 150 2430132 34007 0
1459947780559593 149 2469332 33696 145 2425877 35271 0
1459947780567307 154 2473535 34938 152 2430915 37159 0
1459947780574506 153 2476130 34600 149 2431719 34996 0
1459947780581707 151 2475962 32050 149 2432460 32945 0
1459947780588764 148 2471967 33228 145 2428024 34460 0
1459947780595764 148 2468284 34026 144 2422654 36716 0
1459947780603382 154 2472569 35317 150 2425384 36363 0
1459947780610570 151 2472679 32658 149 2426620 34662 0
1459947780618036 151 2472780 30200 146 2423920 34442 0
1459947780625043 149 2470314 30113 146 2421431 34045 0
1459947780632194 150 2469320 28675 147 2420416 32320 0
1459947780639223 149 2467124 28458 147 2419481 30656 0
1459947780646661 149 2465099 28099 147 2418619 29055 0
1459947780653081 146 2459393 31163 144 2413984 31057 0
1459947780660159 150 2459252 28857 147 2413551 29028 0
1459947780667670 153 2462962 30023 149 2415712 28752 0
1459947780674926 152 2465103 29650 147 2415144 27028 0
1459947780682410 152 2467076 29152 151 2419740 29153 0
1459947780689607 152 2468895 28551 150 2422697 29601 0
1459947780697083 153 2471852 29046 149 2424143 28621 0
1459947780704450 152 2473298 28109 150 2426756 28793 0
1459947780711896 152 2474631 27141 149 2427885 27584 0
1459947780719011 147 2469460 29786 145 2423806 29188 0
1459947780726681 154 2473653 31323 151 2427726 30520 0
1459947780733478 149 2471118 31211 146 2424939 30703 0
1459947780741166 152 2472621 30158 149 2426210 29476 0
1459947780748257 151 2472727 27899 148 2426102 27272 0
1459947780755784 152 2474105 26989 149 2427282 26229 0
1459947780763067 154 2477935 28411 152 2432210 28722 0
1459947780770263 150 2476346 27655 146 2429073 29369 0
1459947780777425 151 2476161 25664 146 2426181 29739 0
1459947780785186 154 2479830 27042 150 2428635 29677 0
1459947780792507 151 2479373 25350 148 2428337 27631 0
1459947780800553 155 2484071 27700 152 2433183 29939 0
1459947780808249 153 2485842 27168 150 2435090 29358 0
1459947780815929 154 2488755 27731 151 2438128 29865 0
1459947780823625 151 2487601 26627 149 2438369 27753 0
1459947780830843 152 2487817 24745 148 2437311 26558 0
1459947780838176 152 2488016 22994 149 2437616 24764 0
1459947780845886 154 2490759 23726 151 2440457 25448 0
1459947780853193 151 2489448 23080 149 2440516 23513 0
1459947780860537 148 2484399 25929 146 2436730 25165 0
1459947780868327 150 2482305 25833 148 2435800 24054 0
1459947780875752 152 2482934 24394 149 2436223 22564 0
1459947780882628 143 2471994 32572 138 2422533 33421 0
1459947780890545 153 2474709 32530 151 2426552 34514 0
1459947780897957 154 2478492 33475 150 2428977 34053 0
1459947780904526 146 2471739 37083 144 2423533 36410 0
1459947780912058 155 2477034 39066 152 2428754 38378 0
1459947780919970 155 2481915 40513 150 2431007 37456 0
1459947780927267 150 2480015 39098 148 2430524 34973 0
1459947780934870 154 2483383 39148 150 2432639 34190 0
1459947780942317 152 2483928 36592 149 2433309 32135 0
1459947780949834 151 2483151 34449 149 2433926 30193 0
1459947780957278 149 2479874 34777 146 2430655 30848 0
1459947780964629 151 2479413 32484 149 2431480 29198 0
1459947780972491 155 2484108 34275 152 2436080 31157 0
1459947780980509 153 2485877 33227 150 2437761 30271 0
1459947780988738 156 2491347 35674 155 2445710 35234 0
1459947780996757 153 2492550 33995 151 2447918 34517 0
1459947781004466 153 2493659 32361 151 2449954 33697 0
1459947781011933 155 2497241 33135 151 2451831 32794 0
1459947781019142 152 2496704 31041 147 2448441 33355 0
1459947781026862 154 2498769 30518 152 2451716 33768 0
1459947781034109 152 2498112 28738 150 2452175 31552 0
1459947781041889 154 2500067 28294 152 2455158 31837 0
1459947781050035 154 2501869 27744 152 2457908 31884 0
1459947781057686 154 2503530 27107 152 2460443 31730 0
1459947781065088 156 2507621 28761 153 2464060 32586 0
1459947781072671 154 2508833 27631 149 2462275 31685 0
1459947781080541 156 2512510 28862 153 2465749 32412 0
1459947781088061 155 2514620 28552 153 2468952 32832 0
1459947781095429 151 2511445 29247 147 2464225 34624 0
1459947781103617 156 2514918 30164 153 2467547 34981 0
1459947781110385 148 2507880 34295 145 2460369 38864 0
1459947781118109 153 2507791 31696 150 2460152 36026 0
1459947781125360 150 2503869 32833 148 2457392 35754 0
1459947781133308 154 2505374 31654 149 2456128 34125 0
1459947781140583 151 2502921 31441 148 2453683 33711 0
1459947781147900 152 2501940 29888 149 2452709 31974 0
1459947781155232 152 2501035 28386 149 2451811 30303 0
1459947781162441 151 2498921 28116 146 2447143 32238 0
1459947781169567 152 2498252 26534 149 2446679 30145 0
1459947781177154 152 2497636 25028 149 2446252 28182 0
1459947781184105 150 2494508 25955 147 2443298 28702 0
1459947781191752 154 2496744 25988 151 2445695 28669 0
1459947781198353 149 2492405 27956 147 2442785 29111 0
1459947781205496 148 2487125 30637 144 2436262 32848 0
1459947781213113 150 2484818 30369 148 2435369 31104 0
1459947781220820 152 2485251 28395 149 2435825 29095 0
1459947781227983 151 2484370 26987 149 2436246 27209 0
1459947781235819 156 2489958 30030 152 2440474 28980 0
1459947781244012 153 2491270 28892 151 2443091 29128 0
1459947781251873 156 2496319 31289 152 2446784 30257 0
1459947781259576 155 2499694 31955 151 2448909 29851 0
1459947781266471 151 2497685 31309 148 2447027 29251 0
1459947781274206 154 2499673 30695 150 2447853 27726 0
1459947781281603 152 2498946 28966 149 2447334 26036 0
1459947781289563 155 2502115 29625 151 2449416 25920 0
1459947781297670 156 2506317 31183 153 2453895 28024 0
1459947781305065 155 2508910 31137 150 2454184 26100 0
1459947781312850 155 2511301 30908 153 2458290 27846 0
1459947781320588 155 2513505 30525 153 2462076 29160 0
1459947781328663 157 2518097 32373 153 2465566 30098 0
1459947781335958 149 2512090 35380 146 2459823 33039 0
1459947781344445 156 2515512 35770 153 2463489 33836 0
1459947781351784 153 2514827 33605 152 2465588 33127 0
1459947781359189 153 2514196 31560 150 2464963 31113 0
1459947781366350 148 2507214 35530 146 2459267 33932 0
1459947781372709 143 2507214 35530 140 2459267 33932 1
1459947781379911 149 2502057 37507 147 2455296 34941 0
1459947781387853 155 2504983 37274 152 2458036 34736 0
1459947781394634 149 2500001 38953 146 2452881 36773 0
1459947781402894 156 2504368 39935 154 2458369 38959 0
1459947781410634 153 2504554 36986 151 2459588 37039 0
1459947781417881 149 2499605 38657 146 2454312 39008 0
1459947781424639 151 2497603 37481 148 2452008 38083 0
1459947781430446 140 2497603 37481 131 2452008 38083 1
1459947781436365 142 2497603 37481 130 2452008 38083 1
1459947781442736 143 2497603 37481 134 2452008 38083 1
1459947781448535 139 2497603 37481 129 2452008 38083 1
1459947781454558 141 2497603 37481 130 2452008 38083 1
1459947781460869 145 2497603 37481 135 2452008 38083 1
1459947781466360 137 2497603 37481 127 2452008 38083 1
1459947781472184 144 2497603 37481 136 2452008 38083 1
1459947781478332 146 2489357 42153 140 2439644 46504 0
1459947781484625 143 2489357 42153 136 2439644 46504 1
1459947781490521 140 2489357 42153 134 2439644 46504 1
1459947781496608 143 2489357 42153 136 2439644 46504 1
1459947781502711 144 2479195 48226 138 2425686 55736 0
1459947781508509 140 2464707 57813 134 2407699 67962 0
1459947781514536 145 2457751 59707 139 2397517 72038 0
1459947781520757 145 2451339 60952 138 2386850 76242 0
1459947781526749 142 2441588 65179 137 2375737 80529 0
1459947781532100 138 2427478 73092 130 2356532 91941 0
1459947781537835 142 2419591 74651 137 2347787 92818 0
1459947781543920 140 2409760 77880 135 2337166 95357 0
1459947781549705 138 2398137 82509 133 2324814 99293 0
1459947781555308 142 2392542 81219 136 2317267 98491 0
1459947781560533 138 2382264 84347 132 2305190 101928 0
1459947781566287 141 2376629 82951 134 2296617 101867 0
1459947781572310 142 2372714 80078 136 2291273 98833 0
1459947781578198 141 2367825 78327 136 2286347 95651 0
1459947781584677 145 2368438 72772 140 2286926 88711 0
1459947781590776 142 2365163 70104 136 2282339 86007 0
1459947781596029 140 2359584 69769 134 2275551 85544 0
1459947781602300 144 2359561 64338 137 2273133 81088 0
1459947781608730 146 2362100 61651 140 2274744 76238 0
1459947781614519 143 2360600 58215 137 2272389 72451 0
1459947781620547 140 2355378 58479 136 2268938 69970 0
1459947781626298 140 2350564 58347 135 2264477 68615 0
1459947781632612 145 2352526 55596 139 2265484 64183 0
1459947781638808 145 2354334 52919 138 2265133 59491 0
1459947781644774 141 2350881 51966 134 2259689 59861 0
1459947781650603 141 2347698 50839 135 2255950 58630 0
1459947781655798 137 2339644 54291 131 2247383 61945 0
1459947781661847 144 2341179 51464 137 2247166 57304 0
1459947781667820 144 2342594 48747 137 2246966 53011 0
1459947781673683 140 2338778 48455 134 2242941 52578 0
1459947781679731 143 2339100 44966 136 2241791 49529 0
1459947781685748 144 2340677 42907 133 2236891 50176 0
1459947781691583 148 2347251 45615 133 2232373 50420 0
1459947781697648 150 2355872 49998 134 2229488 49138 0
1459947781703457 150 2363819 53417 133 2225549 48930 0
1459947781709378 151 2372425 57177 134 2223197 47274 0
1459947781715282 151 2380359 60024 134 2221029 45577 0
1459947781721608 153 2390233 64437 133 2217751 45037 0
1459947781727877 152 2398056 66613 133 2214729 44303 0
1459947781733399 147 2398867 62156 130 2208103 46949 0
1459947781739494 153 2407295 65070 134 2207114 44191 0
1459947781745431 152 2413785 65969 133 2204923 42757 0
1459947781751143 151 2418488 65150 132 2201623 42457 0
1459947781757246 154 2426663 67596 134 2201141 39584 0
1459947781763555 155 2435479 70443 136 2203256 38441 0
1459947781769554 152 2439767 68892 131 2198806 39538 0
1459947781775549 152 2443720 67153 132 2195984 39050 0
1459947781781820 155 2451204 68805 134 2195942 36036 0
1459947781787631 151 2452983 65069 130 2190784 37975 0
1459947781793957 153 2457183 63857 134 2191149 35344 0
1459947781832732 154 2462335 63618 131 2187645 35811 0
1459947781838953 154 2467085 63025 130 2183135 37170 0
1459947781845319 155 2472743 63317 133 2182817 34558 0
1459947781851896 158 2481799 66719 134 2183804 32768 0
1459947781858616 159 2491428 70383 134 2184714 31047 0
1459947781864756 153 2492625 65987 132 2182993 30207 0
1459947781870902 153 2493728 61848 130 2178846 31669 0
1459947781877061 155 2497305 60314 131 2176303 31537 0
1459947781882489 151 2495483 57280 127 2168839 35953 0
1459947781888728 155 2498923 55976 133 2169638 33881 0
1459947781895234 158 2505934 58065 135 2172935 34273 0
1459947781901417 153 2505997 53586 131 2170854 33512 0
1459947781907476 155 2508615 51813 133 2171496 31484 0
1459947781913161 154 2509749 48810 131 2169527 30838 0
1459947781918929 153 2509514 45211 130 2166432 31280 0
1459947781925221 155 2511858 43839 132 2166139 29105 0
1459947781931283 156 2515299 43586 133 2167149 27762 0
1459947781937263 153 2514631 40795 131 2165520 27094 0
1459947781942764 151 2511455 40534 127 2158898 31080 0
1459947781948807 153 2511087 37705 128 2154074 33098 0
1459947781954669 152 2509468 36251 128 2149626 34611 0
1459947781960833 157 2514375 37942 133 2151926 34027 0
1459947781966364 154 2515059 35608 129 2148926 34132 0
1459947781971895 154 2515690 33407 129 2146161 34013 0
1459947781978275 156 2518831 33693 132 2147452 32545 0
1459947781984197 153 2517887 31929 129 2144802 32444 0
1459947781990482 155 2519577 30992 131 2144919 30017 0
1459947781995846 155 2521135 30006 127 2139907 32291 0
1459947782001976 156 2523851 30165 131 2140406 30228 0
1459947782007786 155 2525075 28936 129 2138306 29801 0
1459947782013552 156 2527483 28895 131 2138930 28048 0
1459947782019631 155 2528423 27503 131 2139506 26387 0
1459947782025545 156 2530569 27333 130 2138757 25015 0
1459947782030842 151 2526148 29272 126 2132946 28416 0
1459947782036344 151 2522072 30741 124 2125029 33493 0
1459947782042488 156 2524715 30775 130 2125411 31228 0
1459947782048388 155 2525871 29436 128 2123203 30823 0
1459947782054354 156 2528217 29299 129 2122447 29110 0
1459947782060412 157 2531660 30184 132 2125590 29733 0
1459947782066821 158 2536114 31931 132 2128488 30081 0
1459947782072294 154 2535100 30370 127 2124759 31166 0
1459947782078310 158 2539285 31855 131 2126442 30282 0
1459947782084575 161 2546983 36462 136 2134393 35246 0
1459947782090135 153 2543839 36510 127 2130203 36354 0
1459947782095791 154 2542221 35148 129 2128900 34713 0
1459947782102011 158 2545849 35747 134 2134099 36794 0
1459947782107467 153 2542794 35769 127 2129932 37759 0
1459947782113624 159 2547658 37458 132 2132491 37168 0
1459947782119799 157 2549582 36304 132 2134850 36438 0
1459947782124930 153 2546235 36551 126 2129344 38666 0
1459947782130206 153 2543150 36538 125 2122989 41503 0
1459947782135966 154 2541586 35124 129 2122250 38940 0
1459947782141990 156 2542704 33410 131 2124129 37629 0
1459947782148107 156 2543735 31749 130 2124581 35106 0
1459947782154367 158 2547245 32504 133 2128838 36287 0
1459947782161738 163 2556881 38847 138 2139162 42969 0
1459947782167304 154 2554244 38242 129 2137159 41457 0
1459947782173665 158 2556933 37733 130 2136593 38739 0
1459947782179924 156 2556852 34859 130 2136071 36192 0
1459947782186000 155 2555497 33383 128 2133030 36166 0
1459947782192774 160 2560648 35523 133 2136627 36656 0
1459947782198692 155 2558997 34268 129 2134823 35455 0
1459947782203197 147 2547235 42432 122 2124199 42478 0
1459947782208972 157 2549192 40921 129 2123365 39926 0
1459947782215157 159 2553556 41747 133 2127717 40818 0
1459947782221312 157 2555019 39834 131 2129169 38967 0
1459947782229506 157 2556368 37964 154 2159947 64296 0
1459947782236996 154 2553771 37391 151 2184481 81889 0
1459947782244750 151 2547537 40215 149 2204538 93981 0
1459947782252425 154 2545630 38830 152 2226868 107223 0
1459947782260306 155 2545152 36236 152 2247453 117823 0
1459947782267785 149 2537032 40890 146 2258750 119033 0
1459947782274792 150 2530826 43415 147 2270445 120514 0
1459947782282374 153 2528945 41756 151 2286346 125757 0
1459947782290086 154 2528491 38911 151 2301005 129445 0
1459947782297317 150 2522952 40976 147 2309398 127070 0
1459947782305166 155 2524246 38967 153 2324816 131355 0
1459947782312539 154 2524159 36001 150 2335189 130655 0
1459947782319687 153 2522799 34441 149 2343472 128083 0
1459947782326566 150 2517705 36445 147 2348548 122755 0
1459947782333898 151 2514289 36745 149 2355787 119838 0
1459947782341473 152 2512420 35596 149 2362461 116627 0
1459947782349437 156 2515817 35946 153 2373733 117907 0
1459947782357091 154 2516388 33664 151 2381565 115915 0
1459947782364728 152 2514355 32907 150 2387505 112335 0
1459947782371868 150 2509921 34423 148 2390421 106246 0
1459947782378995 153 2509673 31961 149 2394389 101603 0
1459947782386840 155 2512004 31613 154 2404447 102937 0
1459947782394548 152 2510313 30701 149 2407319 97543 0
1459947782402173 150 2506194 32098 147 2407407 90003 0
1459947782409638 153 2506237 29630 151 2412608 87766 0
1459947782417180 154 2507557 28532 151 2417403 85329 0
1459947782424881 156 2511334 29784 153 2424383 85097 0
1459947782432360 153 2510976 27787 149 2425698 79660 0
1459947782439703 151 2508086 28280 147 2424350 74678 0
1459947782447183 152 2506701 27346 150 2426947 71237 0
1459947782455218 153 2506704 25212 151 2430621 69058 0
1459947782463379 156 2510547 26785 152 2435288 67965 0
1459947782471744 156 2514090 27958 153 2440871 67801 0
1459947782479551 153 2513516 26301 152 2444737 66068 0
1459947782486954 151 2510427 27093 148 2443181 62339 0
1459947782494328 153 2510139 25240 150 2444307 58506 0
1459947782502117 156 2513714 26564 152 2447905 57252 0
1459947782509845 155 2515730 26346 151 2449942 54657 0
1459947782517260 148 2508628 30833 145 2444140 55734 0
1459947782524839 152 2507201 29739 148 2442631 52769 0
1459947782532271 153 2507165 27447 148 2441240 49927 0
1459947782539725 156 2510972 28812 153 2446358 50744 0
1459947782547322 153 2510642 26864 151 2448516 48768 0
1459947782554714 152 2509058 26225 150 2449225 45612 0
1459947782562140 152 2507597 25522 150 2449879 42651 0
1459947782569763 153 2507530 23588 148 2447922 41121 0
1459947782576967 152 2506189 22981 147 2444838 40750 0
1459947782583863 150 2502392 24684 148 2443275 39006 0
1459947782590426 148 2496332 28340 146 2439274 39646 0
1459947782597367 149 2492026 30094 147 2436865 38768 0
1459947782604092 148 2486776 32581 146 2433364 38965 0
1459947782611151 151 2485776 30956 148 2432697 36534 0
1459947782618424 153 2487414 30047 149 2433362 34292 0
1459947782626003 152 2487644 27911 149 2433975 32177 0
1459947782633914 155 2491696 29466 151 2437100 32544 0
1459947782641029 149 2487752 30798 146 2433581 33244 0
1459947782647896 149 2484116 31742 145 2429057 34816 0
1459947782655448 154 2487164 32072 150 2431286 34151 0
1459947782662863 152 2487414 29796 149 2432061 32197 0
1459947782671233 158 2495324 34760 155 2440456 37420 0
1459947782678260 151 2493656 33580 148 2439235 35621 0
1459947782686005 152 2493399 31192 151 2441949 35340 0
1459947782693080 149 2489322 32513 147 2439331 34991 0
1459947782700749 151 2488123 31076 148 2438198 33301 0
