1459947871376344 133 2179072 0 132 2162688 0 0
1459947871378266 133 2179072 0 131 2161408 1180 0
1459947871380294 137 2184192 4720 134 2164068 3539 0
1459947871382352 138 2190192 9882 134 2166520 5522 0
1459947871384172 132 2188043 11089 127 2159820 11265 0
1459947871386051 130 2183502 14408 127 2153644 16077 0
1459947871387992 132 2181875 14780 129 2150510 17708 0
1459947871390001 136 2185496 16963 134 2154021 19561 0
1459947871391982 138 2191394 21074 136 2159818 23376 0
1459947871393558 123 2177631 32114 123 2148522 31962 0
1459947871395245 127 2170063 36581 125 2140668 36703 0
1459947871396780 125 2160526 42514 123 2130868 42869 0
1459947871398420 128 2155574 43756 126 2125673 44307 0
1459947871400355 133 2157409 42029 130 2126004 41150 0
1459947871402320 132 2157821 39125 131 2127589 39397 0
1459947871404166 131 2156921 36897 129 2126491 37331 0
1459947871405887 124 2147131 43038 121 2115238 44786 0
1459947871407975 136 2153466 45515 133 2120225 45884 0
1459947871409901 132 2154186 42623 130 2120982 42997 0
1459947871411812 137 2161250 45805 131 2122960 41460 0
1459947871413551 135 2165202 45869 131 2124783 39901 0
1459947871415172 129 2161165 46006 125 2118784 42313 0
1459947871417012 131 2160003 43481 128 2117094 40564 0
1459947871418876 133 2161492 41457 131 2119376 39497 0
1459947871421156 146 2179505 54824 141 2134279 50150 0
1459947871423138 135 2182031 52868 134 2139058 50638 0
1459947871425176 136 2185639 52063 134 2143464 50742 0
1459947871427157 135 2187685 49882 131 2143685 46981 0
1459947871428607 108 2155012 76104 106 2111889 72621 0
1459947871430296 134 2158171 73070 131 2114577 69425 0
1459947871431910 129 2154683 70575 124 2108095 69975 0
1459947871433688 133 2156588 66817 129 2108520 64899 0
1459947871435711 136 2162184 66755 134 2115311 66089 0
1459947871437517 134 2164783 63935 131 2117732 63157 0
1459947871439396 140 2174859 68229 137 2127644 67359 0
1459947871441128 132 2173908 63774 128 2125261 64292 0
1459947871442747 127 2166631 65499 124 2117944 66013 0
1459947871444403 130 2163762 63024 129 2117599 61172 0
1459947871446366 134 2166238 60382 132 2121121 59639 0
1459947871448603 137 2172360 61308 133 2125648 59152 0
1459947871450471 131 2170324 58394 129 2124701 55402 0
1459947871452274 132 2169727 54380 130 2125108 51448 0
1459947871454055 129 2165337 54177 131 2126763 48954 0
1459947871455666 129 2161290 53674 127 2123169 48441 0
1459947871457601 137 2167799 55480 134 2128816 49862 0
1459947871459276 133 2168679 51956 132 2131462 48405 0
1459947871460760 128 2163090 53047 124 2123661 51814 0
1459947871462294 126 2155378 56010 121 2112629 57935 0
1459947871463956 130 2153389 53467 129 2112699 53473 0
1459947871465542 129 2150275 52159 126 2108924 52774 0
1459947871467393 133 2152524 50158 128 2108004 49498 0
1459947871469327 138 2160998 54051 136 2117396 54288 0
1459947871471359 137 2167530 55849 134 2123494 55668 0
1459947871473221 134 2169711 53496 132 2126556 54140 0
1459947871475108 134 2171722 51170 129 2125538 50847 0
1459947871477014 132 2171016 47822 129 2124600 47738 0
1459947871479016 134 2172925 45845 132 2127575 46751 0
1459947871480965 130 2169565 45360 128 2125198 45289 0
1459947871482946 135 2172867 44860 133 2129406 45630 0
1459947871484796 132 2172071 42088 130 2129446 42102 0
1459947871486678 131 2170057 40654 128 2126923 41137 0
1459947871488558 135 2173321 40486 135 2133557 44038 0
1459947871490304 132 2172490 38088 131 2134552 41515 0
1459947871492114 134 2174284 36766 133 2138030 41477 0
1459947871494041 135 2177218 36597 131 2138676 38831 0
1459947871496059 138 2183762 39770 136 2145671 42246 0
1459947871497684 129 2178275 41719 126 2139320 44799 0
1459947871499419 134 2179617 39696 131 2139865 41802 0
1459947871501129 128 2173174 42533 125 2132688 45152 0
1459947871502906 133 2173634 39634 130 2132471 41823 0
1459947871504786 133 2174058 36928 131 2133551 39551 0
1459947871506673 133 2174449 34404 129 2131987 37902 0
1459947871508509 131 2172250 33743 131 2133105 35971 0
1459947871510373 133 2172782 31597 131 2134136 34110 0
1459947871512490 137 2178393 34301 134 2138926 35861 0
1459947871514474 132 2177166 32752 125 2131822 39607 0
1459947871516407 131 2174754 32415 131 2132953 37555 0
1459947871518486 133 2175091 30193 131 2133996 35582 0
1459947871520335 132 2174122 28727 127 2129837 36635 0
1459947871522218 133 2174508 26838 130 2129843 33778 0
1459947871524164 135 2177424 27429 131 2131129 32324 0
1459947871525834 125 2167312 34607 125 2124634 35785 0
1459947871527474 132 2166950 32235 130 2125046 33369 0
1459947871529214 131 2165337 31202 128 2122866 32770 0
1459947871531110 132 2165130 28954 130 2123417 30717 0
1459947871532923 132 2164939 26866 130 2123925 28785 0
1459947871534812 139 2173723 32864 135 2130793 32867 0
1459947871536964 140 2183100 38941 137 2139684 38496 0
1459947871538638 128 2176385 42088 126 2133801 40911 0
1459947871540506 130 2172754 42145 131 2134777 38614 0
1459947871542473 134 2174527 40487 131 2135677 36427 0
1459947871544493 135 2177442 40010 133 2139067 36706 0
1459947871546624 137 2182689 41721 134 2143472 37899 0
1459947871548415 129 2177286 43441 125 2136013 41814 0
1459947871550326 133 2177425 40175 132 2138096 40468 0
1459947871552352 135 2180113 39514 134 2142577 41437 0
1459947871554374 138 2186431 42251 135 2147988 43187 0
1459947871556502 137 2190976 43140 134 2151696 43231 0
1459947871558641 137 2195166 43631 134 2155114 43004 0
1459947871560418 128 2187508 47281 125 2146745 47358 0
1459947871562225 129 2181728 48914 125 2139030 50769 0
1459947871564032 130 2177680 48823 127 2134478 50998 0
1459947871565701 127 2170108 51987 125 2127721 53241 0
1459947871567790 134 2172088 49750 133 2131732 52779 0
1459947871569951 135 2175193 48726 134 2136710 53244 0
1459947871571534 128 2169096 50539 126 2131059 54292 0
1459947871573194 129 2164755 50591 127 2127130 53672 0
1459947871574827 124 2154353 56226 123 2118387 57536 0
1459947871576351 127 2148604 57132 121 2107768 62830 0
1459947871578084 130 2147144 54013 124 2101818 63405 0
1459947871580138 135 2152198 54452 132 2106573 62834 0
1459947871582251 134 2155577 53312 129 2107116 58426 0
1459947871584357 137 2162532 55559 135 2115297 61403 0
1459947871586302 134 2165104 53589 131 2117719 58838 0
1459947871588309 136 2170035 53948 133 2122512 58659 0
1459947871590236 135 2173301 52743 132 2125650 56969 0
1459947871592171 138 2180151 54937 136 2133663 59905 0
1459947871594157 138 2186466 56467 137 2142330 63214 0
1459947871596154 135 2188448 53882 134 2146480 62101 0
1459947871598138 133 2187715 50347 129 2143906 59621 0
1459947871599938 131 2184479 49395 130 2142813 55970 0
1459947871601948 135 2186616 47506 131 2143085 51848 0
1459947871603961 132 2184746 45517 129 2140776 49925 0
1459947871605727 129 2179182 47088 126 2134807 51525 0
1459947871607653 132 2177893 44596 130 2134425 47850 0
1459947871609326 130 2174145 44566 127 2130233 47975 0
1459947871611300 138 2180929 47338 133 2134048 47743 0
1459947871613082 131 2178223 46132 131 2135005 44895 0
1459947871615088 134 2179569 43768 133 2138447 44560 0
1459947871617048 135 2182090 42672 134 2142900 45183 0
1459947871618984 137 2186974 43840 135 2148285 46618 0
1459947871620653 124 2186974 43840 121 2148285 46618 1
1459947871622530 131 2183796 43344 127 2143010 47837 0
1459947871624323 133 2183426 40297 131 2143267 44336 0
1459947871626447 139 2183426 40297 137 2143267 44336 1
1459947871628508 137 2188205 41554 135 2148624 45810 0
1459947871630267 129 2188205 41554 125 2148624 45810 1
1459947871632100 134 2188771 38829 131 2148442 42398 0
1459947871634111 135 2190573 37456 133 2150834 41291 0
1459947871636151 132 2188394 36537 131 2150480 38391 0
1459947871638178 137 2192785 37730 135 2155273 39810 0
1459947871639891 132 2190433 36949 129 2152012 39704 0
1459947871641526 130 2185705 38420 128 2147726 40553 0
1459947871643014 126 2185705 38420 123 2147726 40553 1
1459947871644540 129 2180066 40615 127 2142494 42206 0
1459947871646597 133 2179988 37512 130 2141511 39813 0
1459947871648228 127 2179988 37512 125 2141511 39813 1
1459947871650078 136 2183756 38055 132 2143165 38227 0
1459947871651782 129 2183756 38055 126 2143165 38227 1
1459947871653771 134 2184670 35923 133 2145970 37826 0
1459947871655515 129 2179112 38239 128 2142156 38385 0
1459947871657238 131 2176548 37613 129 2139920 37447 0
1459947871659051 133 2176745 34855 131 2140418 34980 0
1459947871660944 135 2179486 34658 131 2140877 32670 0
1459947871662632 129 2174333 36699 128 2137460 33266 0
1459947871664425 133 2174703 34172 131 2138150 31304 0
1459947871666139 128 2174703 34172 125 2138150 31304 1
1459947871667972 131 2174703 34172 126 2138150 31304 1
1459947871669810 135 2177604 34176 131 2138787 29445 0
1459947871671482 131 2177604 34176 127 2138787 29445 1
1459947871673445 136 2181558 35151 133 2141934 30045 0
1459947871675675 137 2181558 35151 134 2141934 30045 1
1459947871677448 130 2181558 35151 125 2141934 30045 1
1459947871679415 134 2182643 33405 133 2144835 30371 0
1459947871681420 133 2182364 31052 130 2143669 29072 0
1459947871683228 128 2182364 31052 127 2143669 29072 1
1459947871685168 135 2184666 30748 132 2145154 28169 0
1459947871686865 135 2186788 30302 133 2147803 28410 0
1459947871688925 142 2186788 30302 140 2147803 28410 1
1459947871690844 131 2186788 30302 127 2147803 28410 1
1459947871692681 135 2188745 29738 132 2148965 27262 0
1459947871694511 133 2187989 28110 131 2148757 25323 0
1459947871696341 133 2187292 26555 131 2148565 23520 0
1459947871698249 128 2187292 26555 128 2148565 23520 1
1459947871700298 135 2189209 26248 131 2148388 21844 0
1459947871702364 137 2189209 26248 133 2148388 21844 1
1459947871704389 136 2192257 27006 134 2152065 23526 0
1459947871706462 138 2192257 27006 134 2152065 23526 1
1459947871708528 139 2192257 27006 136 2152065 23526 1
1459947871710617 137 2192257 27006 135 2152065 23526 1
1459947871712482 135 2193786 26306 133 2154174 23633 0
1459947871714551 137 2193786 26306 135 2154174 23633 1
1459947871716567 135 2195196 25550 133 2156119 23579 0
1459947871718328 131 2195196 25550 128 2156119 23579 1
1459947871720227 129 2195196 25550 128 2156119 23579 1
1459947871721915 127 2195196 25550 125 2156119 23579 1
1459947871723758 136 2197776 25931 135 2160472 25749 0
1459947871725660 132 2197776 25931 129 2160472 25749 1
1459947871727442 134 2197594 24072 131 2159365 24757 0
1459947871729409 129 2197594 24072 126 2159365 24757 1
1459947871731214 129 2197594 24072 126 2159365 24757 1
1459947871733150 134 2197426 22344 131 2158344 23762 0
1459947871734845 126 2197426 22344 122 2158344 23762 1
1459947871736569 127 2197426 22344 126 2158344 23762 1
1459947871738553 131 2193432 24279 131 2157403 22772 0
1459947871740592 137 2193432 24279 136 2157403 22772 1
1459947871742499 132 2193432 24279 129 2157403 22772 1
1459947871744095 127 2193432 24279 126 2157403 22772 1
1459947871745801 132 2191030 24596 130 2155255 22971 0
1459947871747519 132 2191030 24596 127 2155255 22971 1
1459947871749599 139 2191030 24596 136 2155255 22971 1
1459947871751465 136 2193935 25352 133 2157115 22891 0
1459947871753278 137 2193935 25352 134 2157115 22891 1
1459947871755290 134 2194053 23480 130 2154990 23060 0
1459947871757000 130 2194053 23480 126 2154990 23060 1
1459947871758648 132 2191602 23903 130 2153031 23063 0
1459947871760255 126 2191602 23903 123 2153031 23063 1
1459947871762044 130 2186783 26477 129 2149945 24105 0
1459947871763920 133 2186180 24963 131 2149660 22483 0
1459947871766163 143 2186180 24963 140 2149660 22483 1
1459947871768027 135 2188184 24860 133 2151957 22844 0
1459947871770062 138 2188184 24860 133 2151957 22844 1
1459947871771924 134 2188184 24860 127 2151957 22844 1
1459947871773825 137 2188184 24860 136 2151957 22844 1
1459947871775255 121 2188184 24860 119 2151957 22844 1
1459947871777104 131 2184912 25933 129 2148955 23826 0
1459947871778722 129 2179335 29046 129 2146187 24514 0
1459947871780520 129 2179335 29046 127 2146187 24514 1
1459947871782472 132 2178034 27974 131 2146196 22606 0
1459947871784422 136 2178034 27974 134 2146196 22606 1
1459947871786556 136 2178034 27974 133 2146196 22606 1
1459947871788511 135 2180675 28222 132 2147484 22026 0
1459947871790427 136 2184389 29441 132 2148671 21400 0
1459947871792399 137 2184389 29441 134 2148671 21400 1
1459947871794415 136 2187813 30297 133 2151046 21917 0
1459947871796612 136 2190970 30840 130 2149395 21725 0
1459947871798588 131 2187480 31646 129 2146593 22609 0
1459947871800664 138 2187480 31646 137 2146593 22609 1
1459947871802599 133 2186823 29778 130 2145290 22042 0
1459947871804443 134 2187497 28072 132 2146649 21572 0
1459947871806243 128 2180438 32384 129 2144062 22270 0
1459947871807822 126 2180438 32384 123 2144062 22270 1
1459947871809705 133 2180331 29952 130 2142957 21548 0
1459947871811693 139 2180331 29952 133 2142957 21548 1
1459947871813491 136 2184072 31061 133 2145778 22465 0
1459947871815412 137 2184072 31061 133 2145778 22465 1
1459947871817194 132 2182401 30174 130 2144539 21851 0
1459947871819029 134 2183420 28756 131 2144676 20270 0
1459947871821179 134 2184360 27375 132 2146083 19983 0
1459947871823323 140 2184360 27375 137 2146083 19983 1
1459947871825165 137 2184360 27375 133 2146083 19983 1
1459947871827021 134 2185226 26035 131 2146100 18436 0
1459947871828871 130 2185226 26035 127 2146100 18436 1
1459947871830888 134 2186025 24737 130 2144835 18160 0
1459947871832525 129 2186025 24737 127 2144835 18160 1
1459947871834300 132 2186025 24737 128 2144835 18160 1
1459947871836034 131 2182921 25664 130 2143669 17815 0
1459947871837920 135 2185180 25741 133 2146434 18972 0
1459947871839663 130 2180862 27708 129 2143863 19858 0
1459947871841476 130 2180862 27708 126 2143863 19858 1
1459947871843305 133 2180722 25671 132 2145333 19661 0
1459947871845402 134 2181873 24726 132 2146688 19374 0
1459947871847386 134 2182934 23772 130 2145378 19067 0
1459947871849022 126 2182934 23772 120 2145378 19067 1
1459947871850801 129 2182934 23772 127 2145378 19067 1
1459947871852545 129 2182934 23772 127 2145378 19067 1
1459947871854242 133 2182934 23772 127 2145378 19067 1
1459947871856001 135 2182934 23772 128 2145378 19067 1
1459947871857807 136 2182934 23772 126 2145378 19067 1
1459947871859746 140 2182934 23772 132 2145378 19067 1
1459947871861528 141 2182934 23772 131 2145378 19067 1
1459947871863604 143 2182934 23772 136 2145378 19067 1
1459947871865333 132 2182934 23772 126 2145378 19067 1
1459947871867062 136 2182934 23772 127 2145378 19067 1
1459947871868965 137 2182934 23772 128 2145378 19067 1
1459947871870494 129 2182934 23772 122 2145378 19067 1
1459947871872162 133 2182934 23772 124 2145378 19067 1
1459947871874127 140 2182934 23772 132 2145378 19067 1
1459947871876009 140 2182934 23772 131 2145378 19067 1
1459947871877917 135 2182934 23772 128 2145378 19067 1
1459947871879697 134 2182934 23772 126 2145378 19067 1
1459947871881022 111 2182934 23772 102 2145378 19067 1
1459947871882584 138 2182934 23772 130 2145378 19067 1
1459947871884238 135 2182934 23772 128 2145378 19067 1
1459947871886080 137 2182934 23772 129 2145378 19067 1
1459947871887896 136 2182934 23772 130 2145378 19067 1
1459947871889373 126 2182934 23772 119 2145378 19067 1
1459947871891064 130 2182934 23772 124 2145378 19067 1
1459947871892589 128 2182934 23772 120 2145378 19067 1
1459947871894376 134 2182934 23772 127 2145378 19067 1
1459947871896141 135 2182934 23772 128 2145378 19067 1
1459947871897853 134 2182934 23772 126 2145378 19067 1
1459947871899797 138 2182934 23772 131 2145378 19067 1
1459947871901609 133 2182934 23772 126 2145378 19067 1
1459947871903130 128 2182934 23772 122 2145378 19067 1
1459947871904585 127 2182934 23772 122 2145378 19067 1
1459947871906391 135 2182934 23772 128 2145378 19067 1
1459947871908211 135 2182934 23772 128 2145378 19067 1
1459947871909946 131 2182934 23772 124 2145378 19067 1
1459947871911805 136 2182934 23772 129 2145378 19067 1
1459947871913877 139 2182934 23772 131 2145378 19067 1
1459947871915908 138 2182934 23772 130 2145378 19067 1
1459947871917802 135 2182934 23772 127 2145378 19067 1
1459947871919671 138 2182934 23772 131 2145378 19067 1
1459947871921591 141 2182934 23772 133 2145378 19067 1
1459947871923264 129 2182934 23772 120 2145378 19067 1
1459947871925005 133 2182934 23772 125 2145378 19067 1
1459947871926686 125 2182934 23772 118 2145378 19067 1
1459947871928375 131 2182934 23772 124 2145378 19067 1
1459947871930536 140 2182934 23772 131 2145378 19067 1
1459947871932662 139 2182934 23772 133 2145378 19067 1
1459947871934333 130 2182934 23772 121 2145378 19067 1
1459947871936163 136 2182934 23772 129 2145378 19067 1
1459947871938032 136 2182934 23772 131 2145378 19067 1
1459947871940053 143 2182934 23772 136 2145378 19067 1
1459947871941874 137 2182934 23772 131 2145378 19067 1
1459947871943714 137 2182934 23772 131 2145378 19067 1
1459947871945550 138 2182934 23772 131 2145378 19067 1
1459947871947299 136 2182934 23772 129 2145378 19067 1
1459947871948905 133 2182934 23772 125 2145378 19067 1
1459947871950887 140 2182934 23772 133 2145378 19067 1
1459947871952622 131 2182934 23772 124 2145378 19067 1
1459947871954460 138 2182934 23772 132 2145378 19067 1
1459947871956246 135 2182934 23772 127 2145378 19067 1
1459947871958290 144 2182934 23772 135 2145378 19067 1
1459947871960253 142 2182934 23772 134 2145378 19067 1
1459947871961946 133 2182934 23772 125 2145378 19067 1
1459947871963610 132 2182934 23772 127 2145378 19067 1
1459947871965275 133 2182934 23772 125 2145378 19067 1
1459947871967315 140 2182934 23772 131 2145378 19067 1
1459947871968920 130 2182934 23772 122 2145378 19067 1
1459947871970788 136 2182934 23772 129 2145378 19067 1
1459947871972424 133 2182934 23772 127 2145378 19067 1
1459947871974361 137 2182934 23772 131 2145378 19067 1
1459947871976270 141 2182934 23772 133 2145378 19067 1
1459947871978133 139 2182934 23772 130 2145378 19067 1
1459947871979930 138 2182934 23772 131 2145378 19067 1
1459947871981483 130 2182934 23772 123 2145378 19067 1
1459947871983321 134 2182934 23772 128 2145378 19067 1
1459947871985121 135 2182934 23772 128 2145378 19067 1
1459947871986797 136 2182934 23772 128 2145378 19067 1
1459947871988485 131 2182934 23772 123 2145378 19067 1
1459947871990089 133 2182934 23772 124 2145378 19067 1
1459947871991632 133 2182934 23772 125 2145378 19067 1
1459947871993374 137 2182934 23772 130 2145378 19067 1
1459947871995014 132 2182934 23772 124 2145378 19067 1
1459947871996914 141 2182934 23772 134 2145378 19067 1
1459947871998933 138 2182934 23772 132 2145378 19067 1
1459947872000643 132 2182934 23772 125 2145378 19067 1
1459947872002242 131 2182934 23772 123 2145378 19067 1
1459947872004089 134 2182934 23772 128 2145378 19067 1
1459947872005894 133 2182934 23772 126 2145378 19067 1
1459947872007529 133 2182934 23772 125 2145378 19067 1
1459947872009229 131 2182934 23772 125 2145378 19067 1
1459947872010790 132 2182934 23772 125 2145378 19067 1
1459947872012431 130 2182934 23772 125 2145378 19067 1
1459947872014281 131 2182934 23772 125 2145378 19067 1
1459947872016014 135 2185192 23995 129 2142890 19870 0
1459947872017805 136 2185192 23995 130 2142890 19870 1
1459947872019438 131 2185192 23995 125 2142890 19870 1
1459947872021304 135 2185192 23995 125 2142890 19870 1
1459947872023174 135 2185192 23995 128 2142890 19870 1
1459947872024867 134 2185192 23995 127 2142890 19870 1
1459947872026736 137 2185192 23995 131 2142890 19870 1
1459947872028646 134 2185192 23995 127 2142890 19870 1
1459947872030385 137 2185192 23995 128 2142890 19870 1
1459947872032134 137 2185192 23995 128 2142890 19870 1
1459947872033758 131 2185192 23995 123 2142890 19870 1
1459947872035428 136 2185192 23995 126 2142890 19870 1
1459947872037243 139 2185192 23995 131 2142890 19870 1
1459947872039061 137 2185192 23995 131 2142890 19870 1
1459947872040770 135 2187273 24039 130 2141876 19251 0
1459947872042571 138 2187273 24039 129 2141876 19251 1
1459947872044190 132 2187273 24039 127 2141876 19251 1
1459947872045905 134 2187273 24039 126 2141876 19251 1
1459947872047597 133 2187273 24039 124 2141876 19251 1
1459947872049344 135 2187273 24039 127 2141876 19251 1
1459947872051464 143 2187273 24039 135 2141876 19251 1
1459947872053475 136 2190472 25109 129 2139661 19788 0
1459947872055387 139 2190472 25109 134 2139661 19788 1
1459947872057281 139 2190472 25109 132 2139661 19788 1
1459947872059175 135 2192141 24685 129 2137619 20123 0
1459947872060846 131 2192141 24685 124 2137619 20123 1
1459947872062457 132 2192141 24685 126 2137619 20123 1
1459947872064273 131 2192141 24685 125 2137619 20123 1
1459947872066341 140 2192141 24685 131 2137619 20123 1
1459947872068093 138 2192141 24685 131 2137619 20123 1
1459947872070083 138 2192141 24685 132 2137619 20123 1
1459947872071880 135 2192141 24685 127 2137619 20123 1
1459947872073754 136 2194959 25354 129 2135737 20284 0
1459947872075608 140 2194959 25354 130 2135737 20284 1
1459947872077393 139 2194959 25354 130 2135737 20284 1
1459947872079159 136 2194959 25354 127 2135737 20284 1
1459947872080866 133 2194959 25354 126 2135737 20284 1
1459947872082633 139 2194959 25354 130 2135737 20284 1
1459947872084566 136 2194959 25354 127 2135737 20284 1
1459947872086412 139 2194959 25354 132 2135737 20284 1
1459947872088160 135 2194959 25354 127 2135737 20284 1
1459947872089943 134 2194959 25354 123 2135737 20284 1
1459947872091711 135 2194959 25354 126 2135737 20284 1
1459947872093630 139 2194959 25354 132 2135737 20284 1
1459947872095415 141 2194959 25354 135 2135737 20284 1
1459947872097355 139 2194959 25354 132 2135737 20284 1
1459947872099407 140 2194959 25354 133 2135737 20284 1
1459947872101322 135 2196277 24588 129 2134002 20297 0
1459947872103098 134 2196277 24588 126 2134002 20297 1
1459947872105207 139 2196277 24588 133 2134002 20297 1
1459947872107119 136 2196277 24588 128 2134002 20297 1
1459947872109014 137 2196277 24588 130 2134002 20297 1
1459947872111038 139 2196277 24588 132 2134002 20297 1
1459947872112846 141 2196277 24588 134 2134002 20297 1
1459947872114953 143 2196277 24588 133 2134002 20297 1
1459947872116748 135 2196277 24588 128 2134002 20297 1
1459947872118542 135 2196277 24588 127 2134002 20297 1
1459947872120327 133 2196277 24588 126 2134002 20297 1
1459947872121933 133 2196277 24588 125 2134002 20297 1
1459947872123520 134 2196277 24588 125 2134002 20297 1
1459947872125449 139 2196277 24588 132 2134002 20297 1
1459947872127376 138 2196277 24588 130 2134002 20297 1
1459947872129265 140 2196277 24588 133 2134002 20297 1
1459947872131350 140 2196277 24588 132 2134002 20297 1
1459947872133223 140 2196277 24588 131 2134002 20297 1
1459947872134997 139 2196277 24588 132 2134002 20297 1
1459947872136741 134 2196277 24588 127 2134002 20297 1
1459947872138895 140 2196277 24588 131 2134002 20297 1
1459947872140731 137 2196277 24588 132 2134002 20297 1
1459947872142388 136 2196277 24588 128 2134002 20297 1
1459947872144205 136 2198772 24967 129 2132403 20184 0
1459947872146098 141 2198772 24967 132 2132403 20184 1
1459947872147779 135 2199792 23957 128 2129649 21145 0
1459947872149319 131 2199792 23957 124 2129649 21145 1
1459947872151012 135 2199792 23957 127 2129649 21145 1
1459947872152855 136 2202013 24132 128 2127110 21833 0
1459947872154650 136 2204060 24133 130 2127329 20329 0
1459947872156363 136 2204060 24133 127 2127329 20329 1
1459947872158232 135 2204667 22807 128 2124971 20913 0
1459947872160187 136 2206507 22721 131 2126637 20815 0
1459947872162135 136 2208203 22509 130 2126893 19424 0
1459947872164099 139 2208203 22509 132 2126893 19424 1
1459947872165835 134 2207207 21668 128 2124569 20047 0
1459947872167638 132 2207207 21668 121 2124569 20047 1
1459947872169743 143 2207207 21668 136 2124569 20047 1
1459947872171867 143 2207207 21668 136 2124569 20047 1
1459947872173852 142 2207207 21668 134 2124569 20047 1
1459947872175846 137 2210128 22668 130 2124987 18865 0
1459947872177716 136 2211541 22200 130 2125372 17746 0
1459947872179363 134 2211541 22200 127 2125372 17746 1
1459947872181214 135 2211564 20486 128 2123167 18391 0
1459947872182909 137 2214145 21264 128 2121134 18827 0
1459947872184680 136 2215244 20616 129 2120540 17903 0
1459947872186441 135 2215244 20616 126 2120540 17903 1
1459947872188313 137 2217538 21119 131 2122552 18359 0
1459947872190048 136 2218372 20238 128 2120567 18753 0
1459947872191720 137 2218372 20238 127 2120567 18753 1
1459947872193515 138 2218372 20238 130 2120567 18753 1
1459947872195042 128 2218372 20238 121 2120567 18753 1
1459947872196967 137 2220421 20545 130 2121297 17960 0
1459947872198916 140 2220421 20545 134 2121297 17960 1
1459947872200988 140 2220421 20545 132 2121297 17960 1
1459947872202851 139 2220421 20545 131 2121297 17960 1
1459947872204763 138 2220421 20545 131 2121297 17960 1
1459947872206680 137 2222310 20681 128 2119410 18294 0
1459947872208327 129 2222310 20681 123 2119410 18294 1
1459947872210075 139 2222310 20681 131 2119410 18294 1
1459947872211911 139 2222310 20681 130 2119410 18294 1
1459947872213667 137 2224052 20670 132 2122791 19980 0
1459947872215474 135 2223097 19934 129 2122067 19085 0
1459947872217343 138 2223097 19934 131 2122067 19085 1
1459947872219054 132 2223097 19934 124 2122067 19085 1
1459947872220909 137 2224777 19925 130 2122680 18158 0
1459947872222661 137 2226326 19796 129 2121965 17397 0
1459947872224586 140 2226326 19796 132 2121965 17397 1
1459947872226489 137 2226326 19796 127 2121965 17397 1
1459947872228121 130 2226326 19796 123 2121965 17397 1
1459947872230145 140 2226326 19796 131 2121965 17397 1
1459947872232116 141 2226326 19796 133 2121965 17397 1
1459947872233954 137 2227754 19565 130 2122586 16609 0
1459947872235860 139 2227754 19565 131 2122586 16609 1
1459947872237608 138 2227754 19565 127 2122586 16609 1
1459947872239527 136 2227790 18069 130 2123158 15839 0
1459947872241515 136 2227823 16688 130 2123686 15088 0
1459947872243144 135 2227823 16688 127 2123686 15088 1
1459947872244754 135 2227823 16688 127 2123686 15088 1
1459947872246387 131 2227823 16688 123 2123686 15088 1
1459947872248258 139 2227823 16688 132 2123686 15088 1
1459947872250106 142 2227823 16688 134 2123686 15088 1
1459947872251723 130 2227823 16688 120 2123686 15088 1
1459947872253386 132 2227823 16688 124 2123686 15088 1
1459947872255354 139 2227823 16688 129 2123686 15088 1
1459947872257110 137 2227823 16688 128 2123686 15088 1
1459947872258769 133 2227823 16688 125 2123686 15088 1
1459947872260308 130 2227823 16688 123 2123686 15088 1
1459947872262153 136 2227823 16688 128 2123686 15088 1
1459947872263907 131 2227823 16688 124 2123686 15088 1
1459947872265559 132 2227823 16688 125 2123686 15088 1
1459947872266950 124 2227823 16688 115 2123686 15088 1
1459947872268660 135 2227823 16688 127 2123686 15088 1
1459947872270282 130 2227823 16688 122 2123686 15088 1
1459947872272027 136 2227823 16688 127 2123686 15088 1
1459947872273803 136 2227823 16688 126 2123686 15088 1
1459947872275663 134 2227823 16688 127 2123686 15088 1
1459947872277544 137 2229134 16592 131 2125453 15537 0
1459947872279256 135 2229134 16592 128 2125453 15537 1
1459947872280954 135 2229134 16592 128 2125453 15537 1
1459947872282763 135 2227782 16540 130 2125801 14644 0
1459947872284377 138 2227782 16540 130 2125801 14644 1
1459947872286272 138 2227782 16540 130 2125801 14644 1
1459947872288181 142 2227782 16540 133 2125801 14644 1
1459947872290028 136 2227782 16540 124 2125801 14644 1
1459947872291634 131 2227782 16540 123 2125801 14644 1
1459947872293132 133 2227782 16540 126 2125801 14644 1
1459947872295053 138 2227782 16540 131 2125801 14644 1
1459947872296821 137 2227782 16540 127 2125801 14644 1
1459947872298531 135 2227782 16540 128 2125801 14644 1
1459947872300251 137 2229096 16458 130 2126122 13795 0
1459947872301833 132 2229096 16458 124 2126122 13795 1
1459947872303707 137 2230307 16289 129 2125138 13623 0
1459947872305371 132 2230307 16289 125 2125138 13623 1
1459947872307312 141 2230307 16289 131 2125138 13623 1
1459947872309052 137 2231424 16046 130 2125511 12902 0
1459947872311064 137 2231424 16046 128 2125511 12902 1
1459947872312676 135 2231424 16046 126 2125511 12902 1
1459947872314307 132 2231424 16046 123 2125511 12902 1
1459947872316023 136 2231174 15022 130 2125855 12211 0
1459947872317645 135 2231174 15022 128 2125855 12211 1
1459947872319372 136 2230943 14060 129 2124892 12144 0
1459947872321308 137 2232010 13945 129 2124004 12012 0
1459947872322904 131 2232010 13945 122 2124004 12012 1
1459947872324446 126 2232010 13945 121 2124004 12012 1
1459947872326112 129 2232010 13945 121 2124004 12012 1
1459947872327996 139 2232010 13945 130 2124004 12012 1
1459947872329450 129 2232010 13945 120 2124004 12012 1
1459947872330771 122 2232010 13945 114 2124004 12012 1
1459947872332465 134 2232010 13945 125 2124004 12012 1
1459947872334243 135 2232010 13945 127 2124004 12012 1
1459947872335997 132 2232010 13945 125 2124004 12012 1
1459947872337626 132 2232010 13945 123 2124004 12012 1
1459947872339429 134 2232010 13945 128 2124004 12012 1
1459947872341370 139 2232010 13945 131 2124004 12012 1
1459947872343173 137 2232994 13762 131 2125746 12679 0
1459947872345127 142 2232994 13762 134 2125746 12679 1
1459947872346843 138 2232994 13762 130 2125746 12679 1
1459947872348525 131 2232994 13762 122 2125746 12679 1
1459947872350292 138 2232994 13762 128 2125746 12679 1
1459947872351829 131 2232994 13762 125 2125746 12679 1
1459947872353498 135 2232994 13762 128 2125746 12679 1
1459947872355035 130 2232994 13762 121 2125746 12679 1
1459947872356776 136 2232994 13762 128 2125746 12679 1
1459947872358716 136 2232994 13762 128 2125746 12679 1
1459947872360487 135 2232994 13762 128 2125746 12679 1
1459947872362308 138 2232994 13762 128 2125746 12679 1
1459947872364152 140 2232994 13762 133 2125746 12679 1
1459947872365826 132 2232994 13762 123 2125746 12679 1
1459947872367627 136 2232994 13762 126 2125746 12679 1
1459947872369471 140 2232994 13762 131 2125746 12679 1
1459947872371169 136 2232621 13029 129 2124792 12567 0
1459947872372734 133 2232621 13029 125 2124792 12567 1
1459947872374360 134 2232621 13029 125 2124792 12567 1
1459947872376106 131 2232621 13029 125 2124792 12567 1
1459947872377741 129 2232621 13029 124 2124792 12567 1
1459947872379481 135 2232621 13029 128 2124792 12567 1
1459947872381207 138 2232621 13029 130 2124792 12567 1
1459947872382849 127 2232621 13029 121 2124792 12567 1
1459947872384883 141 2232621 13029 134 2124792 12567 1
1459947872386728 136 2232277 12327 129 2123912 12395 0
1459947872388412 129 2232277 12327 124 2123912 12395 1
1459947872390062 134 2232277 12327 125 2123912 12395 1
1459947872391760 131 2232277 12327 122 2123912 12395 1
1459947872393369 135 2232277 12327 128 2123912 12395 1
1459947872395095 135 2230680 12834 129 2123101 12173 0
1459947872396753 134 2230680 12834 126 2123101 12173 1
1459947872398684 131 2230680 12834 125 2123101 12173 1
1459947872400761 136 2230680 12834 126 2123101 12173 1
1459947872402900 139 2230680 12834 131 2123101 12173 1
1459947872404745 136 2230680 12834 128 2123101 12173 1
1459947872406640 134 2230680 12834 126 2123101 12173 1
1459947872408461 137 2231768 12834 129 2122353 11909 0
1459947872410453 140 2231768 12834 133 2122353 11909 1
1459947872412426 138 2231768 12834 129 2122353 11909 1
1459947872414139 133 2231768 12834 126 2122353 11909 1
1459947872415946 128 2231768 12834 120 2122353 11909 1
1459947872417873 136 2231491 12086 129 2121664 11613 0
1459947872419574 134 2231491 12086 126 2121664 11613 1
1459947872421415 136 2231235 11376 130 2122309 11299 0
1459947872423192 141 2231235 11376 133 2122309 11299 1
1459947872424881 137 2232279 11450 131 2124183 12144 0
1459947872426822 136 2231962 10847 129 2123351 11961 0
1459947872428792 136 2231669 10268 131 2125144 12679 0
1459947872430780 139 2231669 10268 130 2125144 12679 1
1459947872432650 137 2232679 10396 131 2126797 13211 0
1459947872434038 120 2232679 10396 112 2126797 13211 1
1459947872435746 132 2232679 10396 125 2126797 13211 1
1459947872437674 137 2233610 10442 129 2125760 13133 0
1459947872439687 142 2233610 10442 132 2125760 13133 1
1459947872441615 143 2233610 10442 135 2125760 13133 1
1459947872443462 139 2233610 10442 132 2125760 13133 1
1459947872445204 134 2233610 10442 126 2125760 13133 1
1459947872447073 135 2233610 10442 126 2125760 13133 1
1459947872448711 135 2231909 11193 129 2124805 12986 0
1459947872450280 130 2231909 11193 123 2124805 12986 1
1459947872452089 138 2231909 11193 129 2124805 12986 1
1459947872453880 135 2231909 11193 128 2124805 12986 1
1459947872455902 138 2231909 11193 130 2124805 12986 1
1459947872457691 137 2232901 11232 129 2123924 12782 0
1459947872459452 137 2232901 11232 127 2123924 12782 1
1459947872461533 146 2232901 11232 137 2123924 12782 1
1459947872463186 132 2232901 11232 122 2123924 12782 1
1459947872464764 133 2232901 11232 125 2123924 12782 1
1459947872466270 126 2232901 11232 120 2123924 12782 1
1459947872467847 133 2232901 11232 124 2123924 12782 1
1459947872469781 140 2232901 11232 129 2123924 12782 1
1459947872471489 136 2232535 10690 129 2123112 12531 0
1459947872473119 131 2232535 10690 121 2123112 12531 1
1459947872474776 132 2232535 10690 124 2123112 12531 1
1459947872476454 131 2232535 10690 125 2123112 12531 1
1459947872478536 138 2232535 10690 130 2123112 12531 1
1459947872480419 140 2232535 10690 131 2123112 12531 1
1459947872482028 135 2232535 10690 126 2123112 12531 1
1459947872483643 135 2232535 10690 128 2123112 12531 1
1459947872485419 136 2232198 10164 129 2122363 12241 0
1459947872487162 137 2232198 10164 128 2122363 12241 1
1459947872488942 137 2233167 10262 131 2124233 13008 0
1459947872490687 133 2233167 10262 127 2124233 13008 1
1459947872492540 140 2233167 10262 131 2124233 13008 1
1459947872494390 139 2233167 10262 132 2124233 13008 1
1459947872496188 135 2233167 10262 128 2124233 13008 1
1459947872498006 135 2233167 10262 127 2124233 13008 1
1459947872499927 141 2233167 10262 135 2124233 13008 1
1459947872501876 141 2233167 10262 131 2124233 13008 1
1459947872503721 139 2233167 10262 132 2124233 13008 1
1459947872505660 140 2233167 10262 133 2124233 13008 1
1459947872507637 137 2234060 10284 129 2123397 12761 0
1459947872509610 136 2233604 9900 129 2122626 12474 0
1459947872511130 129 2233604 9900 120 2122626 12474 1
1459947872512529 127 2233604 9900 119 2122626 12474 1
1459947872513910 122 2233604 9900 116 2122626 12474 1
1459947872515577 130 2233604 9900 122 2122626 12474 1
1459947872517414 137 2234463 9918 130 2123195 12024 0
1459947872519236 137 2235255 9873 130 2123720 11568 0
1459947872521031 136 2234705 9607 130 2124204 11110 0
1459947872522467 134 2234705 9607 125 2124204 11110 1
1459947872524190 134 2234705 9607 125 2124204 11110 1
1459947872525782 134 2234705 9607 126 2124204 11110 1
1459947872527426 132 2234705 9607 124 2124204 11110 1
1459947872528911 128 2234705 9607 121 2124204 11110 1
1459947872530550 131 2234705 9607 123 2124204 11110 1
1459947872532008 121 2234705 9607 116 2124204 11110 1
1459947872533632 127 2234705 9607 122 2124204 11110 1
1459947872535511 137 2235478 9569 132 2127210 13013 0
1459947872537419 139 2235478 9569 132 2127210 13013 1
1459947872539510 140 2235478 9569 133 2127210 13013 1
1459947872541285 133 2235478 9569 125 2127210 13013 1
1459947872543162 137 2236191 9478 132 2129981 14551 0
1459947872544951 137 2236848 9343 131 2131256 14589 0
1459947872546737 135 2236848 9343 128 2131256 14589 1
1459947872548436 136 2236848 9343 127 2131256 14589 1
1459947872550249 140 2236848 9343 132 2131256 14589 1
1459947872552270 141 2236848 9343 133 2131256 14589 1
1459947872553784 123 2236848 9343 116 2131256 14589 1
1459947872555559 137 2237454 9171 129 2129871 14725 0
1459947872557074 128 2237454 9171 120 2129871 14725 1
1459947872558892 136 2236732 9118 129 2128594 14750 0
1459947872560451 135 2236732 9118 126 2128594 14750 1
1459947872562246 136 2236732 9118 126 2128594 14750 1
1459947872563922 133 2236732 9118 126 2128594 14750 1
1459947872565878 138 2236732 9118 130 2128594 14750 1
1459947872567664 135 2236732 9118 128 2128594 14750 1
1459947872569391 132 2236732 9118 123 2128594 14750 1
1459947872570972 135 2236732 9118 124 2128594 14750 1
1459947872572768 138 2236732 9118 129 2128594 14750 1
1459947872574373 131 2236732 9118 122 2128594 14750 1
1459947872576074 136 2236732 9118 128 2128594 14750 1
1459947872577852 134 2236732 9118 124 2128594 14750 1
1459947872579659 137 2236732 9118 128 2128594 14750 1
1459947872581507 132 2236732 9118 124 2128594 14750 1
1459947872583159 135 2236732 9118 128 2128594 14750 1
1459947872584782 132 2236732 9118 123 2128594 14750 1
1459947872586441 133 2236732 9118 128 2128594 14750 1
1459947872588561 139 2236732 9118 133 2128594 14750 1
1459947872590363 136 2236732 9118 128 2128594 14750 1
1459947872592199 138 2236732 9118 132 2128594 14750 1
1459947872593747 132 2236732 9118 125 2128594 14750 1
1459947872595471 135 2236732 9118 128 2128594 14750 1
1459947872597138 128 2236732 9118 121 2128594 14750 1
1459947872599049 142 2236732 9118 134 2128594 14750 1
1459947872600892 135 2234787 10197 130 2128697 13692 0
1459947872602605 130 2234787 10197 119 2128697 13692 1
1459947872604353 134 2234787 10197 127 2128697 13692 1
1459947872606058 130 2234787 10197 123 2128697 13692 1
1459947872607835 134 2231714 12232 129 2127512 13713 0
1459947872609795 137 2232721 12204 129 2126420 13647 0
1459947872611790 138 2232721 12204 132 2126420 13647 1
1459947872613733 139 2232721 12204 131 2126420 13647 1
1459947872615138 125 2232721 12204 118 2126420 13647 1
1459947872616640 124 2232721 12204 118 2126420 13647 1
1459947872618399 139 2232721 12204 132 2126420 13647 1
1459947872620175 134 2232721 12204 126 2126420 13647 1
1459947872622035 135 2232721 12204 127 2126420 13647 1
1459947872624030 138 2232721 12204 132 2126420 13647 1
1459947872626014 135 2232721 12204 127 2126420 13647 1
1459947872628037 135 2231089 12753 129 2125413 13507 0
1459947872629727 133 2231089 12753 126 2125413 13507 1
1459947872631270 129 2231089 12753 120 2125413 13507 1
1459947872633218 140 2231089 12753 131 2125413 13507 1
1459947872635174 138 2231089 12753 129 2125413 13507 1
1459947872637398 147 2231089 12753 141 2125413 13507 1
1459947872639269 139 2231089 12753 131 2125413 13507 1
1459947872641157 137 2231089 12753 128 2125413 13507 1
1459947872642873 132 2231089 12753 123 2125413 13507 1
1459947872644564 133 2231089 12753 125 2125413 13507 1
1459947872646269 135 2229585 13142 129 2124485 13306 0
1459947872647845 131 2229585 13142 123 2124485 13306 1
1459947872649680 138 2229585 13142 130 2124485 13306 1
1459947872651237 133 2229585 13142 125 2124485 13306 1
1459947872652903 135 2229585 13142 128 2124485 13306 1
1459947872654600 133 2229585 13142 124 2124485 13306 1
1459947872656570 142 2229585 13142 135 2124485 13306 1
1459947872658354 134 2229585 13142 126 2124485 13306 1
1459947872660275 139 2229585 13142 131 2124485 13306 1
1459947872662013 130 2229585 13142 124 2124485 13306 1
1459947872663713 133 2229585 13142 124 2124485 13306 1
1459947872665382 132 2229585 13142 127 2124485 13306 1
1459947872667102 137 2230758 13197 129 2123629 13054 0
1459947872668952 131 2230758 13197 124 2123629 13054 1
1459947872670908 136 2230758 13197 128 2123629 13054 1
1459947872672841 138 2230758 13197 132 2123629 13054 1
1459947872674900 145 2230758 13197 138 2123629 13054 1
1459947872677062 141 2230758 13197 132 2123629 13054 1
1459947872678920 134 2230758 13197 127 2123629 13054 1
1459947872680805 132 2230758 13197 121 2123629 13054 1
1459947872682641 137 2231840 13162 129 2122840 12760 0
1459947872684450 135 2231840 13162 128 2122840 12760 1
1459947872686282 136 2231557 12393 129 2122113 12433 0
1459947872687666 122 2231557 12393 116 2122113 12433 1
1459947872689220 127 2231557 12393 119 2122113 12433 1
1459947872690727 125 2231557 12393 117 2122113 12433 1
1459947872692352 135 2230016 12844 129 2121442 12078 0
1459947872694085 141 2230016 12844 133 2121442 12078 1
1459947872695985 141 2230016 12844 136 2121442 12078 1
1459947872697673 136 2230016 12844 128 2121442 12078 1
1459947872699251 133 2230016 12844 126 2121442 12078 1
1459947872700949 132 2230016 12844 123 2121442 12078 1
1459947872702577 129 2230016 12844 122 2121442 12078 1
1459947872704388 135 2230016 12844 128 2121442 12078 1
1459947872706148 138 2230016 12844 130 2121442 12078 1
1459947872707679 132 2230016 12844 125 2121442 12078 1
1459947872709304 135 2230016 12844 127 2121442 12078 1
1459947872711282 137 2231156 12890 130 2122104 11744 0
1459947872712943 133 2231156 12890 127 2122104 11744 1
1459947872714899 139 2231156 12890 132 2122104 11744 1
1459947872716761 136 2231156 12890 126 2122104 11744 1
1459947872718689 139 2231156 12890 132 2122104 11744 1
1459947872720395 138 2231156 12890 130 2122104 11744 1
1459947872722037 132 2231156 12890 128 2122104 11744 1
1459947872723769 131 2231156 12890 123 2122104 11744 1
1459947872725472 129 2231156 12890 122 2122104 11744 1
1459947872727096 130 2231156 12890 123 2122104 11744 1
1459947872728764 132 2231156 12890 125 2122104 11744 1
1459947872730491 137 2231156 12890 128 2122104 11744 1
1459947872732246 141 2231156 12890 132 2122104 11744 1
1459947872734014 138 2231156 12890 130 2122104 11744 1
1459947872735979 138 2231156 12890 129 2122104 11744 1
1459947872737927 138 2231156 12890 128 2122104 11744 1
1459947872739459 118 2231156 12890 113 2122104 11744 1
1459947872740790 96 2231156 12890 92 2122104 11744 1
1459947872742072 94 2231156 12890 88 2122104 11744 1
1459947872743275 105 2231156 12890 99 2122104 11744 1
1459947872744952 138 2231156 12890 130 2122104 11744 1
1459947872746538 137 2231156 12890 128 2122104 11744 1
1459947872748116 133 2231156 12890 125 2122104 11744 1
1459947872749836 136 2230926 12093 129 2121434 11443 0
1459947872751585 136 2230926 12093 124 2121434 11443 1
1459947872753385 138 2230926 12093 128 2121434 11443 1
1459947872755236 135 2230926 12093 127 2121434 11443 1
1459947872757136 134 2230926 12093 128 2121434 11443 1
1459947872758770 129 2230926 12093 123 2121434 11443 1
1459947872760516 131 2230926 12093 123 2121434 11443 1
1459947872762188 132 2230926 12093 122 2121434 11443 1
1459947872763932 137 2231994 12133 131 2123376 12340 0
1459947872765641 133 2231994 12133 124 2123376 12340 1
1459947872767380 133 2231994 12133 126 2123376 12340 1
1459947872769179 137 2232979 12093 129 2122607 12083 0
1459947872770770 129 2232979 12093 121 2122607 12083 1
1459947872772486 138 2232979 12093 131 2122607 12083 1
1459947872774123 136 2232979 12093 128 2122607 12083 1
1459947872776035 139 2232979 12093 128 2122607 12083 1
1459947872777696 132 2232979 12093 124 2122607 12083 1
1459947872779469 134 2232979 12093 127 2122607 12083 1
1459947872781192 135 2232979 12093 126 2122607 12083 1
1459947872783025 138 2232979 12093 130 2122607 12083 1
1459947872784907 138 2232979 12093 131 2122607 12083 1
1459947872786737 136 2232607 11490 129 2121898 11792 0
1459947872788527 134 2232607 11490 127 2121898 11792 1
1459947872790652 143 2232607 11490 134 2121898 11792 1
1459947872792446 139 2232607 11490 131 2121898 11792 1
1459947872794261 137 2232607 11490 128 2121898 11792 1
1459947872795995 134 2232607 11490 124 2121898 11792 1
1459947872797990 135 2232607 11490 128 2121898 11792 1
1459947872799832 140 2232607 11490 129 2121898 11792 1
1459947872801604 133 2232607 11490 126 2121898 11792 1
1459947872803313 132 2232607 11490 126 2121898 11792 1
1459947872805029 137 2233544 11456 129 2121244 11472 0
1459947872806957 139 2233544 11456 131 2121244 11472 1
1459947872808591 137 2234408 11357 131 2123201 12379 0
1459947872810641 143 2234408 11357 134 2123201 12379 1
1459947872812458 138 2234408 11357 129 2123201 12379 1
1459947872814175 133 2234408 11357 126 2123201 12379 1
1459947872815769 128 2234408 11357 119 2123201 12379 1
1459947872817530 135 2234408 11357 126 2123201 12379 1
1459947872819349 137 2234408 11357 128 2123201 12379 1
1459947872820997 136 2234408 11357 126 2123201 12379 1
1459947872822885 137 2235204 11203 130 2123725 11894 0
1459947872824680 135 2235204 11203 127 2123725 11894 1
1459947872826604 140 2235204 11203 131 2123725 11894 1
1459947872828367 134 2235204 11203 127 2123725 11894 1
1459947872830080 139 2235204 11203 130 2123725 11894 1
1459947872831591 133 2235204 11203 124 2123725 11894 1
1459947872833295 135 2235204 11203 128 2123725 11894 1
1459947872835187 139 2235204 11203 129 2123725 11894 1
1459947872836998 135 2233378 12009 129 2122928 11697 0
1459947872838769 135 2231695 12621 129 2122194 11459 0
1459947872840702 139 2231695 12621 130 2122194 11459 1
1459947872842500 136 2231695 12621 128 2122194 11459 1
1459947872844335 134 2231695 12621 128 2122194 11459 1
1459947872846161 138 2231695 12621 129 2122194 11459 1
1459947872847923 134 2231695 12621 125 2122194 11459 1
1459947872849805 139 2231695 12621 131 2122194 11459 1
1459947872851496 138 2231695 12621 131 2122194 11459 1
1459947872853311 136 2231695 12621 127 2122194 11459 1
1459947872855079 137 2231695 12621 127 2122194 11459 1
1459947872857019 138 2231695 12621 131 2122194 11459 1
1459947872858707 131 2231695 12621 125 2122194 11459 1
1459947872860339 136 2231423 11883 129 2121517 11186 0
1459947872862274 139 2231423 11883 131 2121517 11186 1
1459947872863928 136 2231423 11883 127 2121517 11186 1
1459947872865590 134 2228613 13544 129 2120893 10886 0
1459947872867602 142 2228613 13544 134 2120893 10886 1
1459947872869769 146 2228613 13544 138 2120893 10886 1
1459947872871573 137 2229862 13637 129 2120318 10564 0
1459947872873155 129 2229862 13637 121 2120318 10564 1
1459947872875045 135 2229862 13637 128 2120318 10564 1
1459947872876732 135 2229862 13637 125 2120318 10564 1
1459947872878707 137 2231014 13633 129 2119788 10226 0
1459947872880492 136 2231014 13633 127 2119788 10226 1
1459947872882427 140 2231014 13633 133 2119788 10226 1
1459947872884304 138 2231014 13633 130 2119788 10226 1
1459947872886044 134 2231014 13633 125 2119788 10226 1
1459947872887803 136 2231014 13633 124 2119788 10226 1
1459947872889458 136 2231014 13633 128 2119788 10226 1
1459947872891515 140 2231014 13633 132 2119788 10226 1
1459947872893490 139 2231014 13633 130 2119788 10226 1
1459947872895319 140 2231014 13633 133 2119788 10226 1
1459947872897260 141 2231014 13633 132 2119788 10226 1
1459947872898905 132 2231014 13633 125 2119788 10226 1
1459947872900641 136 2231014 13633 127 2119788 10226 1
1459947872902435 138 2231014 13633 131 2119788 10226 1
1459947872904230 138 2231014 13633 130 2119788 10226 1
1459947872906131 138 2231014 13633 129 2119788 10226 1
1459947872908022 140 2231014 13633 133 2119788 10226 1
1459947872909608 136 2231014 13633 127 2119788 10226 1
1459947872911347 135 2231014 13633 127 2119788 10226 1
1459947872913196 142 2231014 13633 135 2119788 10226 1
1459947872915215 140 2231014 13633 131 2119788 10226 1
1459947872917291 140 2231014 13633 133 2119788 10226 1
1459947872919011 136 2231014 13633 128 2119788 10226 1
1459947872920571 129 2231014 13633 123 2119788 10226 1
1459947872922459 135 2229516 13947 130 2120579 10156 0
1459947872924423 139 2229516 13947 131 2120579 10156 1
1459947872926211 138 2229516 13947 132 2120579 10156 1
1459947872928196 140 2229516 13947 131 2120579 10156 1
1459947872930039 138 2229516 13947 131 2120579 10156 1
1459947872932010 137 2229516 13947 126 2120579 10156 1
1459947872933798 133 2229516 13947 128 2120579 10156 1
1459947872935585 133 2229516 13947 124 2120579 10156 1
1459947872937238 130 2229516 13947 119 2120579 10156 1
1459947872938879 132 2229516 13947 123 2120579 10156 1
1459947872940563 133 2229516 13947 125 2120579 10156 1
1459947872942413 135 2229516 13947 126 2120579 10156 1
1459947872944244 137 2230695 13943 130 2121308 10034 0
1459947872946032 139 2230695 13943 132 2121308 10034 1
1459947872947732 133 2230695 13943 125 2121308 10034 1
1459947872949498 136 2230695 13943 128 2121308 10034 1
1459947872951020 132 2230695 13943 123 2121308 10034 1
1459947872952691 131 2230695 13943 126 2121308 10034 1
1459947872954515 136 2230501 13030 130 2121980 9870 0
1459947872956297 138 2230501 13030 130 2121980 9870 1
1459947872958226 136 2230323 12175 130 2122600 9669 0
1459947872959820 133 2230323 12175 125 2122600 9669 1
1459947872961612 136 2230323 12175 128 2122600 9669 1
1459947872963331 136 2230159 11374 129 2121891 9565 0
1459947872965023 131 2230159 11374 124 2121891 9565 1
1459947872966647 133 2230159 11374 126 2121891 9565 1
1459947872968588 136 2230159 11374 128 2121891 9565 1
1459947872970663 139 2230159 11374 131 2121891 9565 1
1459947872972722 139 2230159 11374 131 2121891 9565 1
1459947872974770 139 2230159 11374 130 2121891 9565 1
1459947872976792 139 2230159 11374 132 2121891 9565 1
1459947872978246 127 2230159 11374 121 2121891 9565 1
1459947872979870 131 2230159 11374 126 2121891 9565 1
1459947872981416 124 2230159 11374 117 2121891 9565 1
1459947872983103 131 2230159 11374 124 2121891 9565 1
1459947872984931 138 2230159 11374 129 2121891 9565 1
1459947872986643 136 2230159 11374 126 2121891 9565 1
1459947872988191 133 2230159 11374 125 2121891 9565 1
1459947872990058 138 2230159 11374 130 2121891 9565 1
1459947872991915 138 2230159 11374 129 2121891 9565 1
1459947872993840 136 2230159 11374 127 2121891 9565 1
1459947872995469 130 2230159 11374 122 2121891 9565 1
1459947872996907 126 2230159 11374 119 2121891 9565 1
1459947872998519 130 2230159 11374 121 2121891 9565 1
1459947873000334 139 2230159 11374 128 2121891 9565 1
1459947873002174 135 2228727 11804 129 2121238 9418 0
1459947873004279 144 2228727 11804 137 2121238 9418 1
1459947873005982 130 2228727 11804 124 2121238 9418 1
1459947873007739 135 2228727 11804 126 2121238 9418 1
1459947873009562 133 2228727 11804 126 2121238 9418 1
1459947873011008 129 2228727 11804 121 2121238 9418 1
1459947873012686 135 2228727 11804 127 2121238 9418 1
1459947873014663 139 2228727 11804 132 2121238 9418 1
1459947873016252 132 2228727 11804 125 2121238 9418 1
1459947873018086 134 2228727 11804 128 2121238 9418 1
1459947873020084 140 2228727 11804 130 2121238 9418 1
1459947873022175 141 2228727 11804 132 2121238 9418 1
1459947873023987 140 2228727 11804 131 2121238 9418 1
1459947873026121 140 2228727 11804 133 2121238 9418 1
1459947873027914 137 2229967 12024 129 2120636 9236 0
1459947873029699 135 2229967 12024 128 2120636 9236 1
1459947873031382 133 2229967 12024 126 2120636 9236 1
1459947873033232 136 2229830 11209 129 2120081 9025 0
1459947873034995 134 2229830 11209 127 2120081 9025 1
1459947873036880 135 2229830 11209 127 2120081 9025 1
1459947873038456 132 2229830 11209 122 2120081 9025 1
1459947873040187 135 2229830 11209 128 2120081 9025 1
1459947873042024 138 2229830 11209 131 2120081 9025 1
1459947873043852 136 2229704 10448 130 2120849 9027 0
1459947873045772 139 2229704 10448 132 2120849 9027 1
1459947873047420 134 2229704 10448 127 2120849 9027 1
1459947873049121 135 2229704 10448 127 2120849 9027 1
1459947873050754 133 2229704 10448 125 2120849 9027 1
1459947873052345 132 2229704 10448 124 2120849 9027 1
1459947873054044 134 2229704 10448 127 2120849 9027 1
1459947873055838 133 2229704 10448 125 2120849 9027 1
1459947873057617 135 2228308 10917 129 2120277 8847 0
1459947873059535 140 2228308 10917 131 2120277 8847 1
1459947873061506 140 2228308 10917 130 2120277 8847 1
1459947873063199 133 2228308 10917 126 2120277 8847 1
1459947873064912 136 2228308 10917 128 2120277 8847 1
1459947873066714 135 2228308 10917 126 2120277 8847 1
1459947873068688 137 2228308 10917 128 2120277 8847 1
1459947873070593 138 2228308 10917 130 2120277 8847 1
1459947873072370 135 2228308 10917 128 2120277 8847 1
1459947873074139 133 2228308 10917 127 2120277 8847 1
1459947873075820 135 2228308 10917 127 2120277 8847 1
1459947873077581 133 2228308 10917 126 2120277 8847 1
1459947873079425 138 2228308 10917 131 2120277 8847 1
1459947873081257 137 2229581 11237 130 2121030 8849 0
1459947873082971 132 2229581 11237 124 2121030 8849 1
1459947873084596 132 2229581 11237 125 2121030 8849 1
1459947873086504 137 2230754 11441 129 2120444 8696 0
1459947873088469 136 2230556 10729 130 2121184 8698 0
1459947873090415 137 2230556 10729 128 2121184 8698 1
1459947873092231 135 2230556 10729 125 2121184 8698 1
1459947873093603 127 2230556 10729 119 2121184 8698 1
1459947873095448 134 2230556 10729 127 2121184 8698 1
1459947873097331 137 2231653 10902 129 2120586 8568 0
1459947873099301 141 2231653 10902 134 2120586 8568 1
1459947873101279 140 2231653 10902 133 2120586 8568 1
1459947873103167 138 2231653 10902 131 2120586 8568 1
1459947873104875 134 2231653 10902 126 2120586 8568 1
1459947873106761 138 2231653 10902 129 2120586 8568 1
1459947873108569 139 2231653 10902 130 2120586 8568 1
1459947873110455 137 2232665 10983 130 2121315 8570 0
1459947873112322 137 2233598 10984 129 2120707 8460 0
1459947873113996 133 2233598 10984 126 2120707 8460 1
1459947873115724 134 2233598 10984 127 2120707 8460 1
1459947873117504 136 2233178 10512 129 2120146 8315 0
1459947873119442 144 2233178 10512 136 2120146 8315 1
1459947873121294 136 2232790 10046 130 2120909 8368 0
1459947873123120 136 2232790 10046 128 2120909 8368 1
1459947873124712 132 2232790 10046 124 2120909 8368 1
1459947873126382 136 2232790 10046 127 2120909 8368 1
1459947873128295 138 2232790 10046 131 2120909 8368 1
1459947873130097 134 2232790 10046 127 2120909 8368 1
1459947873131802 135 2232790 10046 127 2120909 8368 1
1459947873133664 138 2232790 10046 130 2120909 8368 1
1459947873135528 139 2232790 10046 131 2120909 8368 1
1459947873137582 143 2232790 10046 135 2120909 8368 1
1459947873139370 141 2232790 10046 133 2120909 8368 1
1459947873141070 136 2232433 9589 130 2121612 8363 0
1459947873142802 134 2232433 9589 128 2121612 8363 1
1459947873144661 137 2233384 9715 130 2122261 8307 0
1459947873146126 129 2233384 9715 123 2122261 8307 1
1459947873147925 137 2234260 9764 131 2124139 9389 0
1459947873149679 138 2234260 9764 132 2124139 9389 1
1459947873151224 125 2234260 9764 120 2124139 9389 1
1459947873152801 130 2234260 9764 124 2124139 9389 1
1459947873154586 137 2235068 9746 130 2124590 9071 0
1459947873156551 140 2235068 9746 133 2124590 9071 1
1459947873158299 134 2235068 9746 126 2124590 9071 1
1459947873160332 141 2235068 9746 133 2124590 9071 1
1459947873162222 137 2235068 9746 128 2124590 9071 1
1459947873164104 138 2235068 9746 131 2124590 9071 1
1459947873166100 141 2235068 9746 132 2124590 9071 1
1459947873167929 139 2235068 9746 131 2124590 9071 1
1459947873169702 133 2235068 9746 125 2124590 9071 1
1459947873171462 136 2235068 9746 124 2124590 9071 1
1459947873173220 133 2235068 9746 125 2124590 9071 1
1459947873175174 139 2235068 9746 130 2124590 9071 1
1459947873177347 143 2235068 9746 137 2124590 9071 1
1459947873179369 139 2235068 9746 132 2124590 9071 1
1459947873181223 136 2234533 9476 129 2123726 9158 0
1459947873182860 134 2234533 9476 127 2123726 9158 1
1459947873184649 135 2234533 9476 128 2123726 9158 1
1459947873186454 134 2231480 11549 129 2122929 9175 0
1459947873188336 136 2231225 10880 130 2123475 8961 0
1459947873189886 131 2231225 10880 121 2123475 8961 1
1459947873191677 138 2231225 10880 131 2123475 8961 1
1459947873193407 138 2231225 10880 131 2123475 8961 1
1459947873195176 137 2232270 10993 132 2126538 11084 0
1459947873197088 142 2232270 10993 131 2126538 11084 1
1459947873198874 134 2232270 10993 127 2126538 11084 1
1459947873200679 137 2233233 11022 129 2125522 11154 0
1459947873202476 137 2234121 10979 129 2124585 11145 0
1459947873204094 131 2234121 10979 126 2124585 11145 1
1459947873205943 133 2234121 10979 127 2124585 11145 1
1459947873207680 134 2234121 10979 128 2124585 11145 1
1459947873209297 127 2234121 10979 121 2124585 11145 1
1459947873210805 133 2234121 10979 125 2124585 11145 1
1459947873212659 138 2234121 10979 132 2124585 11145 1
1459947873214492 138 2234121 10979 130 2124585 11145 1
1459947873216386 139 2234121 10979 130 2124585 11145 1
1459947873218168 136 2233660 10545 130 2125001 10658 0
1459947873219966 137 2233660 10545 128 2125001 10658 1
1459947873221729 135 2231955 11292 131 2126665 11359 0
1459947873223645 139 2231955 11292 132 2126665 11359 1
1459947873225506 135 2230383 11857 129 2125639 11416 0
1459947873227293 137 2230383 11857 128 2125639 11416 1
1459947873229218 138 2230383 11857 128 2125639 11416 1
1459947873231147 135 2230383 11857 128 2125639 11416 1
1459947873232869 131 2230383 11857 123 2125639 11416 1
1459947873234968 140 2230383 11857 132 2125639 11416 1
1459947873237109 142 2230383 11857 134 2125639 11416 1
1459947873239056 135 2230383 11857 128 2125639 11416 1
1459947873240510 132 2230383 11857 126 2125639 11416 1
1459947873241974 129 2230383 11857 121 2125639 11416 1
1459947873243638 136 2230214 11085 129 2124693 11395 0
1459947873245305 135 2230214 11085 126 2124693 11395 1
1459947873247188 136 2230214 11085 128 2124693 11395 1
1459947873248880 135 2230214 11085 128 2124693 11395 1
1459947873250804 136 2230058 10361 129 2123821 11307 0
1459947873252753 143 2230058 10361 137 2123821 11307 1
1459947873254465 139 2230058 10361 132 2123821 11307 1
1459947873256408 141 2230058 10361 133 2123821 11307 1
1459947873258313 135 2228634 10863 129 2123017 11163 0
1459947873260139 137 2229881 11164 131 2124836 11967 0
1459947873261903 132 2229881 11164 126 2124836 11967 1
1459947873263840 141 2229881 11164 133 2124836 11967 1
1459947873265762 136 2229881 11164 128 2124836 11967 1
1459947873267471 134 2229881 11164 126 2124836 11967 1
1459947873269090 133 2229881 11164 124 2124836 11967 1
1459947873270857 137 2231031 11351 130 2125233 11398 0
1459947873272630 139 2231031 11351 132 2125233 11398 1
1459947873274489 138 2231031 11351 131 2125233 11398 1
1459947873276250 137 2231031 11351 128 2125233 11398 1
1459947873278131 137 2231031 11351 127 2125233 11398 1
1459947873279990 139 2231031 11351 130 2125233 11398 1
1459947873281673 128 2231031 11351 123 2125233 11398 1
1459947873283477 137 2232091 11441 131 2126879 12024 0
1459947873285266 136 2231788 10825 129 2125836 12044 0
1459947873287299 142 2231788 10825 132 2125836 12044 1
1459947873288941 132 2231788 10825 124 2125836 12044 1
1459947873290658 139 2231788 10825 129 2125836 12044 1
1459947873292366 137 2232789 10902 130 2126155 11397 0
1459947873294319 137 2232789 10902 128 2126155 11397 1
1459947873296123 132 2232789 10902 126 2126155 11397 1
1459947873297959 133 2232789 10902 127 2126155 11397 1
1459947873299526 133 2232789 10902 124 2126155 11397 1
1459947873301345 137 2233712 10901 131 2127729 11957 0
1459947873303132 136 2233283 10444 129 2126620 12044 0
1459947873304852 129 2233283 10444 122 2126620 12044 1
1459947873306433 132 2233283 10444 126 2126620 12044 1
1459947873308037 129 2233283 10444 123 2126620 12044 1
1459947873309845 137 2234167 10443 130 2126877 11340 0
1459947873311325 133 2234167 10443 125 2126877 11340 1
1459947873313210 142 2234167 10443 134 2126877 11340 1
1459947873315111 138 2234167 10443 133 2126877 11340 1
1459947873317093 139 2234167 10443 132 2126877 11340 1
1459947873318907 137 2234982 10379 129 2125834 11414 0
1459947873320657 134 2234982 10379 127 2125834 11414 1
1459947873322348 128 2234982 10379 122 2125834 11414 1
1459947873324264 133 2234982 10379 126 2125834 11414 1
1459947873325719 126 2234982 10379 119 2125834 11414 1
1459947873327359 132 2234982 10379 126 2125834 11414 1
1459947873329027 134 2234982 10379 125 2125834 11414 1
1459947873330996 139 2234982 10379 131 2125834 11414 1
1459947873333049 142 2234982 10379 134 2125834 11414 1
1459947873334888 129 2234982 10379 123 2125834 11414 1
1459947873336681 133 2234982 10379 126 2125834 11414 1
1459947873338346 135 2234982 10379 128 2125834 11414 1
1459947873340264 139 2234982 10379 131 2125834 11414 1
1459947873342316 141 2234982 10379 132 2125834 11414 1
1459947873344117 136 2234454 10054 129 2124873 11407 0
1459947873345971 133 2234454 10054 125 2124873 11407 1
1459947873347551 129 2234454 10054 123 2124873 11407 1
1459947873349029 125 2234454 10054 120 2124873 11407 1
1459947873350986 139 2234454 10054 131 2124873 11407 1
1459947873352764 134 2234454 10054 126 2124873 11407 1
1459947873354650 135 2234454 10054 127 2124873 11407 1
1459947873356313 135 2234454 10054 124 2124873 11407 1
1459947873357912 129 2234454 10054 122 2124873 11407 1
1459947873359594 133 2234454 10054 124 2124873 11407 1
1459947873361314 131 2234454 10054 123 2124873 11407 1
1459947873363035 129 2234454 10054 122 2124873 11407 1
1459947873365016 134 2234454 10054 128 2124873 11407 1
1459947873366645 135 2234454 10054 127 2124873 11407 1
1459947873368592 135 2232687 10896 129 2123987 11331 0
1459947873370473 140 2232687 10896 132 2123987 11331 1
1459947873372303 137 2233618 10902 131 2125730 12052 0
1459947873373965 133 2233618 10902 127 2125730 12052 1
1459947873375826 138 2233618 10902 130 2125730 12052 1
1459947873377641 135 2233618 10902 128 2125730 12052 1
1459947873379602 139 2233618 10902 131 2125730 12052 1
1459947873381594 137 2234476 10841 129 2124777 11988 0
1459947873383438 137 2235267 10723 130 2125178 11421 0
1459947873385022 128 2235267 10723 123 2125178 11421 1
1459947873386838 136 2235267 10723 128 2125178 11421 1
1459947873388690 135 2235267 10723 128 2125178 11421 1
1459947873390547 140 2235267 10723 132 2125178 11421 1
1459947873392482 140 2235267 10723 132 2125178 11421 1
1459947873394404 139 2235267 10723 131 2125178 11421 1
1459947873396329 137 2235996 10557 130 2125548 10869 0
1459947873398160 136 2235388 10291 130 2125889 10333 0
1459947873399704 128 2235388 10291 122 2125889 10333 1
1459947873401457 133 2235388 10291 126 2125889 10333 1
1459947873402968 131 2235388 10291 123 2125889 10333 1
1459947873404622 132 2235388 10291 125 2125889 10333 1
1459947873406426 137 2236108 10151 129 2124923 10414 0
1459947873408323 139 2236108 10151 133 2124923 10414 1
1459947873410255 141 2236108 10151 134 2124923 10414 1
1459947873411844 133 2236108 10151 127 2124923 10414 1
1459947873413555 136 2236108 10151 128 2124923 10414 1
1459947873415337 138 2236108 10151 129 2124923 10414 1
1459947873417205 136 2236108 10151 127 2124923 10414 1
1459947873418913 136 2236108 10151 128 2124923 10414 1
1459947873420695 136 2236108 10151 128 2124923 10414 1
1459947873422616 138 2236108 10151 131 2124923 10414 1
1459947873424539 136 2235492 9924 129 2124033 10420 0
1459947873426446 137 2236204 9804 129 2123212 10360 0
1459947873428373 139 2236204 9804 130 2123212 10360 1
1459947873430135 136 2236204 9804 128 2123212 10360 1
1459947873431900 135 2236204 9804 126 2123212 10360 1
1459947873433615 134 2236204 9804 127 2123212 10360 1
1459947873435380 133 2236204 9804 127 2123212 10360 1
1459947873437093 131 2236204 9804 125 2123212 10360 1
1459947873438670 130 2236204 9804 124 2123212 10360 1
1459947873440388 135 2236204 9804 127 2123212 10360 1
1459947873442366 136 2235580 9612 130 2123736 10033 0
1459947873443914 126 2235580 9612 120 2123736 10033 1
1459947873445779 130 2235580 9612 124 2123736 10033 1
1459947873447702 138 2235580 9612 132 2123736 10033 1
1459947873449288 132 2235580 9612 126 2123736 10033 1
1459947873451173 135 2235580 9612 127 2123736 10033 1
1459947873452979 137 2236285 9511 129 2122939 9983 0
1459947873454760 128 2236285 9511 121 2122939 9983 1
1459947873456329 131 2236285 9511 125 2122939 9983 1
1459947873458219 133 2236285 9511 125 2122939 9983 1
1459947873460044 137 2236935 9366 131 2124764 10885 0
1459947873461692 133 2236935 9366 126 2124764 10885 1
1459947873463484 136 2236254 9261 129 2123886 10842 0
1459947873465099 130 2236254 9261 121 2123886 10842 1
1459947873466591 133 2236254 9261 126 2123886 10842 1
1459947873468455 137 2236254 9261 127 2123886 10842 1
1459947873469923 126 2236254 9261 119 2123886 10842 1
1459947873471293 122 2236254 9261 114 2123886 10842 1
1459947873472688 121 2236254 9261 115 2123886 10842 1
1459947873474207 126 2236254 9261 120 2123886 10842 1
1459947873476155 136 2235626 9115 130 2124357 10428 0
1459947873478068 134 2235626 9115 126 2124357 10428 1
1459947873479803 134 2235626 9115 128 2124357 10428 1
1459947873481433 129 2235626 9115 121 2124357 10428 1
1459947873482899 129 2235626 9115 121 2124357 10428 1
1459947873484388 132 2235626 9115 123 2124357 10428 1
1459947873486398 139 2235626 9115 128 2124357 10428 1
1459947873488331 137 2236327 9048 131 2126071 11193 0
1459947873490188 138 2236327 9048 131 2126071 11193 1
1459947873492078 137 2236327 9048 128 2126071 11193 1
1459947873493823 134 2236327 9048 126 2126071 11193 1
1459947873495707 137 2236973 8937 129 2125091 11220 0
1459947873497547 134 2236973 8937 127 2125091 11220 1
1459947873499421 137 2237569 8787 130 2125468 10690 0
1459947873501181 133 2237569 8787 126 2125468 10690 1
1459947873503050 137 2238118 8607 130 2125815 10174 0
1459947873504998 138 2238118 8607 130 2125815 10174 1
1459947873506858 141 2238118 8607 131 2125815 10174 1
1459947873508707 138 2238118 8607 131 2125815 10174 1
1459947873510076 127 2238118 8607 121 2125815 10174 1
1459947873511629 129 2238118 8607 124 2125815 10174 1
1459947873513236 131 2238118 8607 123 2125815 10174 1
1459947873514833 126 2238118 8607 119 2125815 10174 1
1459947873516791 138 2238118 8607 131 2125815 10174 1
1459947873518828 139 2238118 8607 133 2125815 10174 1
1459947873520370 129 2238118 8607 125 2125815 10174 1
1459947873521896 125 2238118 8607 118 2125815 10174 1
1459947873523502 128 2238118 8607 122 2125815 10174 1
1459947873525354 140 2238118 8607 134 2125815 10174 1
1459947873527134 135 2238118 8607 127 2125815 10174 1
1459947873528822 132 2238118 8607 124 2125815 10174 1
1459947873530494 133 2238118 8607 125 2125815 10174 1
1459947873532121 135 2238118 8607 127 2125815 10174 1
1459947873533716 135 2238118 8607 127 2125815 10174 1
1459947873535477 133 2238118 8607 127 2125815 10174 1
1459947873537549 139 2238118 8607 132 2125815 10174 1
1459947873539129 126 2238118 8607 120 2125815 10174 1
1459947873540573 129 2238118 8607 122 2125815 10174 1
1459947873542068 131 2238118 8607 124 2125815 10174 1
1459947873543968 137 2238625 8401 129 2124855 10263 0
1459947873545908 145 2238625 8401 135 2124855 10263 1
1459947873547812 137 2239092 8174 129 2123970 10276 0
1459947873549241 129 2239092 8174 122 2123970 10276 1
1459947873550867 133 2239092 8174 126 2123970 10276 1
1459947873552671 137 2239522 7932 130 2124434 9901 0
1459947873554469 135 2239522 7932 128 2124434 9901 1
1459947873556227 135 2239522 7932 128 2124434 9901 1
1459947873557900 131 2239522 7932 124 2124434 9901 1
1459947873559570 129 2239522 7932 124 2124434 9901 1
1459947873561404 133 2239522 7932 128 2124434 9901 1
1459947873563293 137 2239919 7678 129 2123582 9911 0
1459947873565255 140 2239919 7678 132 2123582 9911 1
1459947873566840 128 2239919 7678 123 2123582 9911 1
1459947873568599 131 2239919 7678 125 2123582 9911 1
1459947873570218 131 2239919 7678 125 2123582 9911 1
1459947873571876 133 2239919 7678 125 2123582 9911 1
1459947873573579 135 2239919 7678 127 2123582 9911 1
1459947873575485 135 2237725 9100 129 2122797 9859 0
1459947873577762 139 2237725 9100 132 2122797 9859 1
1459947873579721 136 2237725 9100 128 2122797 9859 1
1459947873581613 137 2238262 8884 129 2122073 9754 0
1459947873583438 139 2238262 8884 133 2122073 9754 1
1459947873585173 134 2238262 8884 127 2122073 9754 1
1459947873586873 132 2238262 8884 125 2122073 9754 1
1459947873588423 129 2238262 8884 121 2122073 9754 1
1459947873590022 129 2238262 8884 122 2122073 9754 1
1459947873591924 138 2238262 8884 132 2122073 9754 1
1459947873593804 139 2238262 8884 131 2122073 9754 1
1459947873595457 133 2238262 8884 127 2122073 9754 1
1459947873597338 132 2238262 8884 127 2122073 9754 1
1459947873599033 132 2238262 8884 124 2122073 9754 1
1459947873600904 134 2238262 8884 128 2122073 9754 1
1459947873602305 129 2238262 8884 123 2122073 9754 1
1459947873603992 134 2238262 8884 128 2122073 9754 1
1459947873605686 130 2238262 8884 122 2122073 9754 1
1459947873607324 134 2238262 8884 128 2122073 9754 1
1459947873609332 135 2236197 10091 129 2121406 9605 0
1459947873611147 139 2236197 10091 132 2121406 9605 1
1459947873612723 133 2236197 10091 127 2121406 9605 1
1459947873614487 135 2234294 11056 129 2120791 9420 0
1459947873616276 135 2234294 11056 126 2120791 9420 1
1459947873618019 134 2234294 11056 128 2120791 9420 1
1459947873619703 135 2232539 11809 129 2120224 9206 0
1459947873621572 136 2232201 11196 130 2120981 9184 0
1459947873623161 131 2232201 11196 123 2120981 9184 1
1459947873624852 136 2231890 10607 129 2120399 9002 0
1459947873626615 136 2231603 10041 129 2119862 8792 0
1459947873628091 129 2231603 10041 122 2119862 8792 1
1459947873630039 135 2230059 10679 129 2119367 8560 0
1459947873631808 137 2231195 10891 131 2121471 9831 0
1459947873633464 131 2231195 10891 126 2121471 9831 1
1459947873635205 133 2231195 10891 128 2121471 9831 1
1459947873637071 135 2229682 11433 130 2122131 9670 0
1459947873638767 133 2229682 11433 127 2122131 9670 1
1459947873640365 134 2229682 11433 128 2122131 9670 1
1459947873642200 135 2228288 11824 131 2124019 10655 0
1459947873644258 141 2228288 11824 135 2124019 10655 1
1459947873646091 137 2229563 12075 131 2125760 11427 0
1459947873648162 137 2230738 12214 131 2127365 12013 0
1459947873650087 137 2231821 12257 129 2126284 12069 0
1459947873651979 137 2232819 12220 130 2126568 11387 0
1459947873653701 137 2233740 12114 129 2125549 11435 0
1459947873655431 132 2233740 12114 127 2125549 11435 1
1459947873656979 131 2233740 12114 126 2125549 11435 1
1459947873658698 132 2233740 12114 126 2125549 11435 1
1459947873660684 139 2233740 12114 134 2125549 11435 1
1459947873662549 141 2233740 12114 134 2125549 11435 1
1459947873664248 135 2232029 12744 129 2124610 11406 0
1459947873665981 132 2232029 12744 128 2124610 11406 1
1459947873668004 138 2232029 12744 132 2124610 11406 1
1459947873669783 134 2232029 12744 128 2124610 11406 1
1459947873671474 134 2229171 14381 129 2123744 11311 0
1459947873673233 135 2227817 14505 130 2124226 10871 0
1459947873675125 136 2227848 13400 129 2123390 10790 0
