1459947871376344 133 2179072 0 132 2162688 0 0
1459947871378266 133 2179072 0 131 2161408 1180 0
1459947871380294 137 2184192 4720 134 2164068 3539 0
1459947871382352 138 2190192 9882 134 2166520 5522 0
1459947871384172 132 2188043 11089 127 2159820 11265 0
1459947871386051 130 2183502 14408 127 2153644 16077 0
1459947871387992 132 2181875 14780 129 2150510 17708 0
1459947871390001 136 2185496 16963 134 2154021 19561 0
1459947871391982 138 2191394 21074 136 2159818 23376 0
1459947871393558 123 2177631 32114 123 2148522 31962 0
1459947871395245 127 2170063 36581 125 2140668 36703 0
1459947871396780 125 2160526 42514 123 2130868 42869 0
1459947871398420 128 2155574 43756 126 2125673 44307 0
1459947871400355 133 2157409 42029 130 2126004 41150 0
1459947871402320 132 2157821 39125 131 2127589 39397 0
1459947871404166 131 2156921 36897 129 2126491 37331 0
1459947871405887 124 2147131 43038 121 2115238 44786 0
1459947871407975 136 2153466 45515 133 2120225 45884 0
1459947871409901 132 2154186 42623 130 2120982 42997 0
1459947871411812 137 2161250 45805 131 2122960 41460 0
1459947871413551 135 2165202 45869 131 2124783 39901 0
1459947871415172 129 2161165 46006 125 2118784 42313 0
1459947871417012 131 2160003 43481 128 2117094 40564 0
1459947871418876 133 2161492 41457 131 2119376 39497 0
1459947871421156 146 2179505 54824 141 2134279 50150 0
1459947871423138 135 2182031 52868 134 2139058 50638 0
1459947871425176 136 2185639 52063 134 2143464 50742 0
1459947871427157 135 2187685 49882 131 2143685 46981 0
1459947871428607 108 2155012 76104 106 2111889 72621 0
1459947871430296 134 2158171 73070 131 2114577 69425 0
1459947871431910 129 2154683 70575 124 2108095 69975 0
1459947871433688 133 2156588 66817 129 2108520 64899 0
1459947871435711 136 2162184 66755 134 2115311 66089 0
1459947871437517 134 2164783 63935 131 2117732 63157 0
1459947871439396 140 2174859 68229 137 2127644 67359 0
1459947871441128 132 2173908 63774 128 2125261 64292 0
1459947871442747 127 2166631 65499 124 2117944 66013 0
1459947871444403 130 2163762 63024 129 2117599 61172 0
1459947871446366 134 2166238 60382 132 2121121 59639 0
1459947871448603 137 2172360 61308 133 2125648 59152 0
1459947871450471 131 2170324 58394 129 2124701 55402 0
1459947871452274 132 2169727 54380 130 2125108 51448 0
1459947871454055 129 2165337 54177 131 2126763 48954 0
1459947871455666 129 2161290 53674 127 2123169 48441 0
1459947871457601 137 2167799 55480 134 2128816 49862 0
1459947871459276 133 2168679 51956 132 2131462 48405 0
1459947871460760 128 2163090 53047 124 2123661 51814 0
1459947871462294 126 2155378 56010 121 2112629 57935 0
1459947871463956 130 2153389 53467 129 2112699 53473 0
1459947871465542 129 2150275 52159 126 2108924 52774 0
1459947871467393 133 2152524 50158 128 2108004 49498 0
1459947871469327 138 2160998 54051 136 2117396 54288 0
1459947871471359 137 2167530 55849 134 2123494 55668 0
1459947871473221 134 2169711 53496 132 2126556 54140 0
1459947871475108 134 2171722 51170 129 2125538 50847 0
1459947871477014 132 2171016 47822 129 2124600 47738 0
1459947871479016 134 2172925 45845 132 2127575 46751 0
1459947871480965 130 2169565 45360 128 2125198 45289 0
1459947871482946 135 2172867 44860 133 2129406 45630 0
1459947871484796 132 2172071 42088 130 2129446 42102 0
1459947871486678 131 2170057 40654 128 2126923 41137 0
1459947871488558 135 2173321 40486 135 2133557 44038 0
1459947871490304 132 2172490 38088 131 2134552 41515 0
1459947871492114 134 2174284 36766 133 2138030 41477 0
1459947871494041 135 2177218 36597 131 2138676 38831 0
1459947871496059 138 2183762 39770 136 2145671 42246 0
1459947871497684 129 2178275 41719 126 2139320 44799 0
1459947871499419 134 2179617 39696 131 2139865 41802 0
1459947871501129 128 2173174 42533 125 2132688 45152 0
1459947871502906 133 2173634 39634 130 2132471 41823 0
1459947871504786 133 2174058 36928 131 2133551 39551 0
1459947871506673 133 2174449 34404 129 2131987 37902 0
1459947871508509 131 2172250 33743 131 2133105 35971 0
1459947871510373 133 2172782 31597 131 2134136 34110 0
1459947871512490 137 2178393 34301 134 2138926 35861 0
1459947871514474 132 2177166 32752 125 2131822 39607 0
1459947871516407 131 2174754 32415 131 2132953 37555 0
1459947871518486 133 2175091 30193 131 2133996 35582 0
1459947871520335 132 2174122 28727 127 2129837 36635 0
1459947871522218 133 2174508 26838 130 2129843 33778 0
1459947871524164 135 2177424 27429 131 2131129 32324 0
1459947871525834 125 2167312 34607 125 2124634 35785 0
1459947871527474 132 2166950 32235 130 2125046 33369 0
1459947871529214 131 2165337 31202 128 2122866 32770 0
1459947871531110 132 2165130 28954 130 2123417 30717 0
1459947871532923 132 2164939 26866 130 2123925 28785 0
1459947871534812 139 2173723 32864 135 2130793 32867 0
1459947871536964 140 2183100 38941 137 2139684 38496 0
1459947871538638 128 2176385 42088 126 2133801 40911 0
1459947871540506 130 2172754 42145 131 2134777 38614 0
1459947871542473 134 2174527 40487 131 2135677 36427 0
1459947871544493 135 2177442 40010 133 2139067 36706 0
1459947871546624 137 2182689 41721 134 2143472 37899 0
1459947871548415 129 2177286 43441 125 2136013 41814 0
1459947871550326 133 2177425 40175 132 2138096 40468 0
1459947871552352 135 2180113 39514 134 2142577 41437 0
1459947871554374 138 2186431 42251 135 2147988 43187 0
1459947871556502 137 2190976 43140 134 2151696 43231 0
1459947871558641 137 2195166 43631 134 2155114 43004 0
1459947871560418 128 2187508 47281 125 2146745 47358 0
1459947871562225 129 2181728 48914 125 2139030 50769 0
1459947871564032 130 2177680 48823 127 2134478 50998 0
1459947871565701 127 2170108 51987 125 2127721 53241 0
1459947871567790 134 2172088 49750 133 2131732 52779 0
1459947871569951 135 2175193 48726 134 2136710 53244 0
1459947871571534 128 2169096 50539 126 2131059 54292 0
1459947871573194 129 2164755 50591 127 2127130 53672 0
1459947871574827 124 2154353 56226 123 2118387 57536 0
1459947871576351 127 2148604 57132 121 2107768 62830 0
1459947871578084 130 2147144 54013 124 2101818 63405 0
1459947871580138 135 2152198 54452 132 2106573 62834 0
1459947871582251 134 2155577 53312 129 2107116 58426 0
1459947871584357 137 2162532 55559 135 2115297 61403 0
1459947871586302 134 2165104 53589 131 2117719 58838 0
1459947871588309 136 2170035 53948 133 2122512 58659 0
1459947871590236 135 2173301 52743 132 2125650 56969 0
1459947871592171 138 2180151 54937 136 2133663 59905 0
1459947871594157 138 2186466 56467 137 2142330 63214 0
1459947871596154 135 2188448 53882 134 2146480 62101 0
1459947871598138 133 2187715 50347 129 2143906 59621 0
1459947871599938 131 2184479 49395 130 2142813 55970 0
1459947871601948 135 2186616 47506 131 2143085 51848 0
1459947871603961 132 2184746 45517 129 2140776 49925 0
1459947871605727 129 2179182 47088 126 2134807 51525 0
1459947871607653 132 2177893 44596 130 2134425 47850 0
1459947871609326 130 2174145 44566 127 2130233 47975 0
1459947871611300 138 2180929 47338 133 2134048 47743 0
1459947871613082 131 2178223 46132 131 2135005 44895 0
1459947871615088 134 2179569 43768 133 2138447 44560 0
1459947871617048 135 2182090 42672 134 2142900 45183 0
1459947871618984 137 2186974 43840 135 2148285 46618 0
1459947871620653 124 2174836 51604 121 2135330 54917 0
1459947871622530 131 2172606 49626 127 2131067 54555 0
1459947871624323 133 2173111 46213 131 2132257 51389 0
1459947871626447 139 2181256 50111 137 2141034 55465 0
1459947871628508 137 2186205 50758 135 2146565 56230 0
1459947871630267 129 2180527 52025 125 2138864 58935 0
1459947871632100 134 2181693 49035 131 2139445 54865 0
1459947871634111 135 2184048 47375 133 2142540 53432 0
1459947871636151 132 2182379 45211 131 2142834 49528 0
1459947871638178 137 2187240 46159 135 2148225 50627 0
1459947871639891 132 2185321 44320 129 2145514 49169 0
1459947871641526 130 2180992 44847 128 2141735 48810 0
1459947871643014 126 2171882 49741 123 2131851 54106 0
1459947871644540 129 2167323 50056 127 2127860 53557 0
1459947871646597 133 2168240 46991 130 2128020 49520 0
1459947871648228 127 2161406 49618 125 2121768 51414 0
1459947871650078 136 2166626 50553 132 2124964 50344 0
1459947871651782 129 2162478 50426 126 2120231 50773 0
1459947871653771 134 2165054 48861 133 2124827 51043 0
1459947871655515 129 2161029 48753 128 2122664 49048 0
1459947871657238 131 2159878 46004 129 2121950 45873 0
1459947871659051 133 2161377 43791 131 2123852 44043 0
1459947871660944 135 2165319 44003 131 2125606 42219 0
1459947871662632 129 2161273 44294 128 2123383 40969 0
1459947871664425 133 2162663 42114 131 2125173 39418 0
1459947871666139 128 2157544 43541 125 2119143 41896 0
1459947871667972 131 2156665 40948 126 2114864 42565 0
1459947871669810 135 2160975 41721 131 2117320 41503 0
1459947871671482 131 2159828 39517 127 2114464 40892 0
1459947871673445 136 2165171 41355 133 2119511 42350 0
1459947871675675 137 2171377 43845 134 2125444 44510 0
1459947871677448 130 2168138 43404 125 2119393 46609 0
1459947871679415 134 2170272 41980 133 2124055 47265 0
1459947871681420 133 2170959 39333 130 2124513 43994 0
1459947871683228 128 2165192 41575 127 2121095 43706 0
1459947871685168 135 2168836 41685 132 2124344 43286 0
1459947871686865 135 2172195 41525 133 2128619 43845 0
1459947871688925 142 2184252 49395 140 2141520 52312 0
1459947871690844 131 2181287 48269 127 2136773 52600 0
1459947871692681 135 2183673 46697 132 2138797 50356 0
1459947871694511 133 2183313 43379 131 2139383 46961 0
1459947871696341 133 2182981 40295 131 2139923 43790 0
1459947871698249 128 2176275 43327 128 2136581 43448 0
1459947871700298 135 2179053 42503 131 2137340 40753 0
1459947871702364 137 2184174 43903 133 2140600 40574 0
1459947871704389 136 2187615 43645 134 2144885 41354 0
1459947871706462 138 2193347 45519 134 2148835 41765 0
1459947871708528 139 2199911 48013 136 2155037 44219 0
1459947871710617 137 2203402 47480 135 2159474 44855 0
1459947871712482 135 2204061 44377 133 2161005 42761 0
1459947871714551 137 2207228 43830 135 2164976 43081 0
1459947871716567 135 2207588 40737 133 2166077 40730 0
1459947871718328 131 2202800 41967 128 2160692 42511 0
1459947871720227 129 2195826 45116 128 2155727 43765 0
1459947871721915 127 2186837 49877 125 2147310 48103 0
1459947871723758 136 2190070 48960 135 2152351 48991 0
1459947871725660 132 2187930 47107 129 2149318 47958 0
1459947871727442 134 2188517 43968 131 2149082 44428 0
1459947871729409 129 2182659 45933 126 2142464 47057 0
1459947871731214 129 2177258 47322 126 2136364 49003 0
1459947871733150 134 2178679 44934 131 2137140 45889 0
1459947871734845 126 2169749 49654 122 2126335 52262 0
1459947871736569 127 2162797 52182 126 2121495 52640 0
1459947871738553 131 2161508 49292 131 2123433 50313 0
1459947871740592 137 2168000 51426 136 2131619 53929 0
1459947871742499 132 2167585 47790 129 2130206 51017 0
1459947871744095 127 2160802 50308 126 2125063 51771 0
1459947871745801 132 2160949 46512 130 2125442 48075 0
1459947871747519 132 2161084 43003 127 2121951 47536 0
1459947871749599 139 2170169 48018 136 2130253 51475 0
1459947871751465 136 2174704 48447 133 2134066 50969 0
1459947871753278 137 2180165 49696 134 2138862 51408 0
1459947871755290 134 2181359 46914 130 2138163 48034 0
1459947871757000 130 2177340 46952 126 2132399 49594 0
1459947871758648 132 2176195 44338 130 2132205 45897 0
1459947871760255 126 2167459 48926 123 2123066 50735 0
1459947871762044 130 2164526 47806 129 2122321 47457 0
1459947871763920 133 2165662 45118 131 2124194 45476 0
1459947871766163 143 2179509 54358 140 2137441 54135 0
1459947871768027 135 2182034 52439 133 2140693 52903 0
1459947871770062 138 2188202 54028 133 2143691 51533 0
1459947871771924 134 2188768 50329 127 2138775 52037 0
1459947871773825 137 2193130 50418 136 2145763 54413 0
1459947871775255 121 2176671 61651 119 2130445 64282 0
1459947871777104 131 2174298 59021 129 2129123 60476 0
1459947871778722 129 2169550 58785 129 2127905 56873 0
1459947871780520 129 2165173 58226 127 2124222 55823 0
1459947871782472 132 2164978 53855 131 2125947 53051 0
1459947871784422 136 2169919 54202 134 2131377 53912 0
1459947871786556 136 2174474 54166 133 2135103 53135 0
1459947871788511 135 2177393 52625 132 2137258 50969 0
1459947871790427 136 2181364 52173 132 2139244 48818 0
1459947871792399 137 2186304 52651 134 2143635 49052 0
1459947871794415 136 2189579 51556 133 2146403 47771 0
1459947871796612 136 2192598 50311 130 2145115 45225 0
1459947871798588 131 2188981 49714 129 2142647 43965 0
1459947871800664 138 2194606 51016 137 2150612 47873 0
1459947871802599 133 2193392 48148 130 2148995 45622 0
1459947871804443 134 2193553 44534 132 2150064 43043 0
1459947871806243 128 2186021 47996 129 2147210 42310 0
1459947871807822 126 2176518 53006 123 2136899 48509 0
1459947871809705 133 2176717 49047 130 2136353 45221 0
1459947871811693 139 2184580 52464 133 2139690 44764 0
1459947871813491 136 2187989 51508 133 2142766 44102 0
1459947871815412 137 2192412 51560 133 2145602 43270 0
1459947871817194 132 2190089 49671 130 2144376 41018 0
1459947871819029 134 2190508 46176 131 2144526 37951 0
1459947871821179 134 2190894 42924 132 2145944 36294 0
1459947871823323 140 2198930 46978 137 2153652 40563 0
1459947871825165 137 2202498 46596 133 2155637 39224 0
1459947871827021 134 2201947 43462 131 2154907 36831 0
1459947871828871 130 2196319 45253 127 2149114 39292 0
1459947871830888 134 2196251 41779 130 2147614 37604 0
1459947871832525 129 2189788 44472 127 2142391 39480 0
1459947871834300 132 2187670 42948 128 2138856 39653 0
1459947871836034 131 2184438 42571 130 2138157 37198 0
1459947871837920 135 2186578 41218 133 2141353 37237 0
1459947871839663 130 2182151 42077 129 2139179 36330 0
1459947871841476 130 2178070 42550 126 2133335 38877 0
1459947871843305 133 2178148 39297 132 2135628 37953 0
1459947871845402 134 2179500 37472 132 2137742 36935 0
1459947871847386 134 2180746 35693 130 2137130 34612 0
1459947871849022 126 2171655 41284 120 2123766 44226 0
1459947871850801 129 2167114 42243 127 2120406 43866 0
1459947871852545 129 2162928 42800 127 2117309 43292 0
1459947871854242 133 2164189 40618 127 2114454 42540 0
1459947871856001 135 2167911 40875 128 2113102 40462 0
1459947871857807 136 2172622 42024 126 2109295 40808 0
1459947871859746 140 2172622 42024 132 2109295 40808 1
1459947871861528 141 2172622 42024 131 2109295 40808 1
1459947871863604 143 2172622 42024 136 2109295 40808 1
1459947871865333 132 2171845 39455 126 2105786 40853 0
1459947871867062 136 2176249 40432 127 2103831 39462 0
1459947871868965 137 2181589 42196 128 2103309 36860 0
1459947871870494 129 2181589 42196 122 2103309 36860 1
1459947871872162 133 2181589 42196 124 2103309 36860 1
1459947871874127 140 2181589 42196 132 2103309 36860 1
1459947871876009 140 2181589 42196 131 2103309 36860 1
1459947871877917 135 2183952 41077 128 2102827 34423 0
1459947871879697 134 2184850 38695 126 2099823 34501 0
1459947871881022 111 2184850 38695 102 2099823 34501 1
1459947871882584 138 2184850 38695 130 2099823 34501 1
1459947871884238 135 2186958 37614 128 2099614 31997 0
1459947871886080 137 2191461 38827 129 2100701 30499 0
1459947871887896 136 2194333 38440 130 2102983 30220 0
1459947871889373 126 2194333 38440 119 2102983 30220 1
1459947871891064 130 2194333 38440 124 2102983 30220 1
1459947871892589 128 2194333 38440 120 2102983 30220 1
1459947871894376 134 2194420 35516 127 2101247 29458 0
1459947871896141 135 2195780 33995 128 2100927 27450 0
1459947871897853 134 2195754 31362 126 2098072 27936 0
1459947871899797 138 2195754 31362 131 2098072 27936 1
1459947871901609 133 2194450 30112 126 2095440 28179 0
1459947871903130 128 2194450 30112 122 2095440 28179 1
1459947871904585 127 2194450 30112 122 2095440 28179 1
1459947871906391 135 2195808 29011 128 2095573 26100 0
1459947871908211 135 2197060 27898 128 2095696 24173 0
1459947871909946 131 2197060 27898 124 2095696 24173 1
1459947871911805 136 2199494 27962 129 2097089 23568 0
1459947871913877 139 2199494 27962 131 2097089 23568 1
1459947871915908 138 2199494 27962 130 2097089 23568 1
1459947871917802 135 2200458 26666 127 2095813 22901 0
1459947871919671 138 2200458 26666 131 2095813 22901 1
1459947871921591 141 2200458 26666 133 2095813 22901 1
1459947871923264 129 2200458 26666 120 2095813 22901 1
1459947871925005 133 2200458 26666 125 2095813 22901 1
1459947871926686 125 2200458 26666 118 2095813 22901 1
1459947871928375 131 2200458 26666 124 2095813 22901 1
1459947871930536 140 2200458 26666 131 2095813 22901 1
1459947871932662 139 2200458 26666 133 2095813 22901 1
1459947871934333 130 2200458 26666 121 2095813 22901 1
1459947871936163 136 2202627 26581 129 2097197 22387 0
1459947871938032 136 2204626 26347 131 2101033 24174 0
1459947871940053 143 2204626 26347 136 2101033 24174 1
1459947871941874 137 2207749 27167 131 2104569 25545 0
1459947871943714 137 2210628 27698 131 2107829 26554 0
1459947871945550 138 2210628 27698 131 2107829 26554 1
1459947871947299 136 2212002 26801 129 2108274 24890 0
1459947871948905 133 2212002 26801 125 2108274 24890 1
1459947871950887 140 2212002 26801 133 2108274 24890 1
1459947871952622 131 2212002 26801 124 2108274 24890 1
1459947871954460 138 2212002 26801 132 2108274 24890 1
1459947871956246 135 2211989 24718 127 2106125 24926 0
1459947871958290 144 2211989 24718 135 2106125 24926 1
1459947871960253 142 2211989 24718 134 2106125 24926 1
1459947871961946 133 2211989 24718 125 2106125 24926 1
1459947871963610 132 2208137 26336 127 2104143 24804 0
1459947871965275 133 2208137 26336 125 2104143 24804 1
1459947871967315 140 2208137 26336 131 2104143 24804 1
1459947871968920 130 2208137 26336 122 2104143 24804 1
1459947871970788 136 2209706 25724 129 2104876 23542 0
1459947871972424 133 2207312 25920 127 2102992 23438 0
1459947871974361 137 2210225 26581 131 2106375 24725 0
1459947871976270 141 2210225 26581 133 2106375 24725 1
1459947871978133 139 2210225 26581 130 2106375 24725 1
1459947871979930 138 2210225 26581 131 2106375 24725 1
1459947871981483 130 2210225 26581 123 2106375 24725 1
1459947871983321 134 2209071 25567 128 2105654 23457 0
1459947871985121 135 2209287 23768 128 2104989 22236 0
1459947871986797 136 2210766 23274 128 2104376 21062 0
1459947871988485 131 2210766 23274 123 2104376 21062 1
1459947871990089 133 2210766 23274 124 2104376 21062 1
1459947871991632 133 2210766 23274 125 2104376 21062 1
1459947871993374 137 2213409 23892 130 2106371 21255 0
1459947871995014 132 2213409 23892 124 2106371 21255 1
1459947871996914 141 2213409 23892 134 2106371 21255 1
1459947871998933 138 2213409 23892 132 2106371 21255 1
1459947872000643 132 2213409 23892 125 2106371 21255 1
1459947872002242 131 2213409 23892 123 2106371 21255 1
1459947872004089 134 2212006 23317 128 2105650 20257 0
1459947872005894 133 2212006 23317 126 2105650 20257 1
1459947872007529 133 2212006 23317 125 2105650 20257 1
1459947872009229 131 2212006 23317 125 2105650 20257 1
1459947872010790 132 2212006 23317 125 2105650 20257 1
1459947872012431 130 2212006 23317 125 2105650 20257 1
1459947872014281 131 2212006 23317 125 2105650 20257 1
1459947872016014 135 2211993 21506 129 2106266 19241 0
1459947872017805 136 2213261 20993 130 2108113 19440 0
1459947872019438 131 2213261 20993 125 2108113 19440 1
1459947872021304 135 2213261 20993 125 2108113 19440 1
1459947872023174 135 2213149 19454 128 2107256 18710 0
1459947872024867 134 2211766 19208 127 2105186 19155 0
1459947872026736 137 2214331 20072 131 2108398 20619 0
1459947872028646 134 2212856 19862 127 2106239 20997 0
1459947872030385 137 2215336 20596 128 2105529 20010 0
1459947872032134 137 2217622 21094 128 2104874 19049 0
1459947872033758 131 2217622 21094 123 2104874 19049 1
1459947872035428 136 2217622 21094 126 2104874 19049 1
1459947872037243 139 2217622 21094 131 2104874 19049 1
1459947872039061 137 2219730 21389 131 2108110 20543 0
1459947872040770 135 2219113 20285 130 2109813 20508 0
1459947872042571 138 2219113 20285 129 2109813 20508 1
1459947872044190 132 2214704 22763 127 2107543 20996 0
1459947872045905 134 2214704 22763 126 2107543 20996 1
1459947872047597 133 2214704 22763 124 2107543 20996 1
1459947872049344 135 2214480 21190 127 2105451 21283 0
1459947872051464 143 2214480 21190 135 2105451 21283 1
1459947872053475 136 2215553 20523 129 2106082 20202 0
1459947872055387 139 2215553 20523 134 2106082 20202 1
1459947872057281 139 2215553 20523 132 2106082 20202 1
1459947872059175 135 2215262 19186 129 2106664 19159 0
1459947872060846 131 2215262 19186 124 2106664 19159 1
1459947872062457 132 2215262 19186 126 2106664 19159 1
1459947872064273 131 2215262 19186 125 2106664 19159 1
1459947872066341 140 2215262 19186 131 2106664 19159 1
1459947872068093 138 2215262 19186 131 2106664 19159 1
1459947872070083 138 2215262 19186 132 2106664 19159 1
1459947872071880 135 2214994 17933 127 2104640 19527 0
1459947872073754 136 2216027 17483 129 2105335 18641 0
1459947872075608 140 2216027 17483 130 2105335 18641 1
1459947872077393 139 2216027 17483 130 2105335 18641 1
1459947872079159 136 2216979 16995 127 2103415 18953 0
1459947872080866 133 2216979 16995 126 2103415 18953 1
1459947872082633 139 2216979 16995 130 2103415 18953 1
1459947872084566 136 2217857 16476 127 2101645 19103 0
1459947872086412 139 2217857 16476 132 2101645 19103 1
1459947872088160 135 2217386 15621 127 2100013 19113 0
1459947872089943 134 2217386 15621 123 2100013 19113 1
1459947872091711 135 2217386 15621 126 2100013 19113 1
1459947872093630 139 2217386 15621 132 2100013 19113 1
1459947872095415 141 2217386 15621 135 2100013 19113 1
1459947872097355 139 2217386 15621 132 2100013 19113 1
1459947872099407 140 2217386 15621 133 2100013 19113 1
1459947872101322 135 2216952 14799 129 2101069 18592 0
1459947872103098 134 2216952 14799 126 2101069 18592 1
1459947872105207 139 2216952 14799 133 2101069 18592 1
1459947872107119 136 2217832 14453 128 2100762 17421 0
1459947872109014 137 2217832 14453 130 2100762 17421 1
1459947872111038 139 2217832 14453 132 2100762 17421 1
1459947872112846 141 2217832 14453 134 2100762 17421 1
1459947872114953 143 2217832 14453 133 2100762 17421 1
1459947872116748 135 2217363 13754 128 2100479 16318 0
1459947872118542 135 2216931 13076 127 2098939 16462 0
1459947872120327 133 2216931 13076 126 2098939 16462 1
1459947872121933 133 2216931 13076 125 2098939 16462 1
1459947872123520 134 2216931 13076 125 2098939 16462 1
1459947872125449 139 2216931 13076 132 2098939 16462 1
1459947872127376 138 2216931 13076 130 2098939 16462 1
1459947872129265 140 2216931 13076 133 2098939 16462 1
1459947872131350 140 2216931 13076 132 2098939 16462 1
1459947872133223 140 2216931 13076 131 2098939 16462 1
1459947872134997 139 2216931 13076 132 2098939 16462 1
1459947872136741 134 2215253 13600 127 2097519 16483 0
1459947872138895 140 2215253 13600 131 2097519 16483 1
1459947872140731 137 2215253 13600 132 2097519 16483 1
1459947872142388 136 2216266 13471 128 2097490 15221 0
1459947872144205 136 2217200 13279 129 2098743 15186 0
1459947872146098 141 2217200 13279 132 2098743 15186 1
1459947872147779 135 2216781 12627 128 2098618 14113 0
1459947872149319 131 2216781 12627 124 2098618 14113 1
1459947872151012 135 2216394 11995 127 2097223 14295 0
1459947872152855 136 2217318 11909 128 2097217 13183 0
1459947872154650 136 2218170 11763 130 2099771 14508 0
1459947872156363 136 2218955 11568 127 2098286 14742 0
1459947872158232 135 2218399 11176 128 2098197 13671 0
1459947872160187 136 2219166 11009 131 2101955 16066 0
1459947872162135 136 2219873 10800 130 2104139 16824 0
1459947872164099 139 2219873 10800 132 2104139 16824 1
1459947872165835 134 2217965 11714 128 2103593 16012 0
1459947872167638 132 2217965 11714 121 2103593 16012 1
1459947872169743 143 2217965 11714 136 2103593 16012 1
1459947872171867 143 2217965 11714 136 2103593 16012 1
1459947872173852 142 2217965 11714 134 2103593 16012 1
1459947872175846 137 2217965 11714 130 2103593 16012 1
1459947872177716 136 2218766 11536 130 2105649 16657 0
1459947872179363 134 2216944 12312 127 2103705 17146 0
1459947872181214 135 2216545 11717 128 2103193 16277 0
1459947872182909 137 2216545 11717 128 2103193 16277 1
1459947872184680 136 2217457 11642 129 2104001 15749 0
1459947872186441 135 2217457 11642 126 2104001 15749 1
1459947872188313 137 2217457 11642 131 2104001 15749 1
1459947872190048 136 2218298 11507 128 2103465 15011 0
1459947872191720 137 2218298 11507 127 2103465 15011 1
1459947872193515 138 2218298 11507 130 2103465 15011 1
1459947872195042 128 2218298 11507 121 2103465 15011 1
1459947872196967 137 2218298 11507 130 2103465 15011 1
1459947872198916 140 2218298 11507 134 2103465 15011 1
1459947872200988 140 2218298 11507 132 2103465 15011 1
1459947872202851 139 2218298 11507 131 2103465 15011 1
1459947872204763 138 2218298 11507 131 2103465 15011 1
1459947872206680 137 2218298 11507 128 2103465 15011 1
1459947872208327 129 2218298 11507 123 2103465 15011 1
1459947872210075 139 2218298 11507 131 2103465 15011 1
1459947872211911 139 2218298 11507 130 2103465 15011 1
1459947872213667 137 2218298 11507 132 2103465 15011 1
1459947872215474 135 2217793 11073 129 2104251 14563 0
1459947872217343 138 2217793 11073 131 2104251 14563 1
1459947872219054 132 2217793 11073 124 2104251 14563 1
1459947872220909 137 2217793 11073 130 2104251 14563 1
1459947872222661 137 2217793 11073 129 2104251 14563 1
1459947872224586 140 2217793 11073 132 2104251 14563 1
1459947872226489 137 2217793 11073 127 2104251 14563 1
1459947872228121 130 2217793 11073 123 2104251 14563 1
1459947872230145 140 2217793 11073 131 2104251 14563 1
1459947872232116 141 2217793 11073 133 2104251 14563 1
1459947872233954 137 2217793 11073 130 2104251 14563 1
1459947872235860 139 2217793 11073 131 2104251 14563 1
1459947872237608 138 2217793 11073 127 2104251 14563 1
1459947872239527 136 2218607 10958 130 2106256 15273 0
1459947872241515 136 2219358 10793 130 2108104 15783 0
1459947872243144 135 2218770 10490 127 2105968 16517 0
1459947872244754 135 2218228 10169 127 2103999 17040 0
1459947872246387 131 2218228 10169 123 2103999 17040 1
1459947872248258 139 2218228 10169 132 2103999 17040 1
1459947872250106 142 2218228 10169 134 2103999 17040 1
1459947872251723 130 2218228 10169 120 2103999 17040 1
1459947872253386 132 2218228 10169 124 2103999 17040 1
1459947872255354 139 2218228 10169 129 2103999 17040 1
1459947872257110 137 2218228 10169 128 2103999 17040 1
1459947872258769 133 2218228 10169 125 2103999 17040 1
1459947872260308 130 2218228 10169 123 2103999 17040 1
1459947872262153 136 2219008 10094 128 2103464 16201 0
1459947872263907 131 2219008 10094 124 2103464 16201 1
1459947872265559 132 2219008 10094 125 2103464 16201 1
1459947872266950 124 2219008 10094 115 2103464 16201 1
1459947872268660 135 2218448 9821 127 2101690 16569 0
1459947872270282 130 2218448 9821 122 2101690 16569 1
1459947872272027 136 2219211 9757 127 2100055 16780 0
1459947872273803 136 2219211 9757 126 2100055 16780 1
1459947872275663 134 2217355 10704 127 2098548 16858 0
1459947872277544 137 2217355 10704 131 2098548 16858 1
1459947872279256 135 2216924 10264 128 2098438 15640 0
1459947872280954 135 2216526 9828 128 2098337 14510 0
1459947872282763 135 2216159 9397 130 2100804 15650 0
1459947872284377 138 2216159 9397 130 2100804 15650 1
1459947872286272 138 2216159 9397 130 2100804 15650 1
1459947872288181 142 2216159 9397 133 2100804 15650 1
1459947872290028 136 2216159 9397 124 2100804 15650 1
1459947872291634 131 2216159 9397 123 2100804 15650 1
1459947872293132 133 2216159 9397 126 2100804 15650 1
1459947872295053 138 2216159 9397 131 2100804 15650 1
1459947872296821 137 2216159 9397 127 2100804 15650 1
1459947872298531 135 2215821 8973 128 2100518 14689 0
1459947872300251 137 2215821 8973 130 2100518 14689 1
1459947872301833 132 2215821 8973 124 2100518 14689 1
1459947872303707 137 2215821 8973 129 2100518 14689 1
1459947872305371 132 2215821 8973 125 2100518 14689 1
1459947872307312 141 2215821 8973 131 2100518 14689 1
1459947872309052 137 2215821 8973 130 2100518 14689 1
1459947872311064 137 2215821 8973 128 2100518 14689 1
1459947872312676 135 2215821 8973 126 2100518 14689 1
1459947872314307 132 2215821 8973 123 2100518 14689 1
1459947872316023 136 2216789 9164 130 2102815 15658 0
1459947872317645 135 2216402 8804 128 2102372 14841 0
1459947872319372 136 2217325 8967 129 2103244 14485 0
1459947872321308 137 2217325 8967 129 2103244 14485 1
1459947872322904 131 2217325 8967 122 2103244 14485 1
1459947872324446 126 2217325 8967 121 2103244 14485 1
1459947872326112 129 2217325 8967 121 2103244 14485 1
1459947872327996 139 2217325 8967 130 2103244 14485 1
1459947872329450 129 2217325 8967 120 2103244 14485 1
1459947872330771 122 2217325 8967 114 2103244 14485 1
1459947872332465 134 2217325 8967 125 2103244 14485 1
1459947872334243 135 2216896 8661 127 2101488 14971 0
1459947872335997 132 2216896 8661 125 2101488 14971 1
1459947872337626 132 2216896 8661 123 2101488 14971 1
1459947872339429 134 2215221 9528 128 2101149 14113 0
1459947872341370 139 2215221 9528 131 2101149 14113 1
1459947872343173 137 2215221 9528 131 2101149 14113 1
1459947872345127 142 2215221 9528 134 2101149 14113 1
1459947872346843 138 2215221 9528 130 2101149 14113 1
1459947872348525 131 2215221 9528 122 2101149 14113 1
1459947872350292 138 2215221 9528 128 2101149 14113 1
1459947872351829 131 2215221 9528 125 2101149 14113 1
1459947872353498 135 2214956 9026 128 2100836 13297 0
1459947872355035 130 2214956 9026 121 2100836 13297 1
1459947872356776 136 2215992 9275 128 2100548 12523 0
1459947872358716 136 2216947 9431 128 2100282 11788 0
1459947872360487 135 2216548 9061 128 2100037 11092 0
1459947872362308 138 2216548 9061 128 2100037 11092 1
1459947872364152 140 2216548 9061 133 2100037 11092 1
1459947872365826 132 2216548 9061 123 2100037 11092 1
1459947872367627 136 2216548 9061 126 2100037 11092 1
1459947872369471 140 2216548 9061 131 2100037 11092 1
1459947872371169 136 2217460 9193 129 2101091 11197 0
1459947872372734 133 2217460 9193 125 2101091 11197 1
1459947872374360 134 2217460 9193 125 2101091 11197 1
1459947872376106 131 2217460 9193 125 2101091 11197 1
1459947872377741 129 2217460 9193 124 2101091 11197 1
1459947872379481 135 2217020 8878 128 2100783 10605 0
1459947872381207 138 2217020 8878 130 2100783 10605 1
1459947872382849 127 2217020 8878 121 2100783 10605 1
1459947872384883 141 2217020 8878 134 2100783 10605 1
1459947872386728 136 2217895 8990 129 2101779 10694 0
1459947872388412 129 2217895 8990 124 2101779 10694 1
1459947872390062 134 2217895 8990 125 2101779 10694 1
1459947872391760 131 2217895 8990 122 2101779 10694 1
1459947872393369 135 2217421 8723 128 2101417 10191 0
1459947872395095 135 2216984 8442 129 2102363 10266 0
1459947872396753 134 2216984 8442 126 2102363 10266 1
1459947872398684 131 2216984 8442 125 2102363 10266 1
1459947872400761 136 2216984 8442 126 2102363 10266 1
1459947872402900 139 2216984 8442 131 2102363 10266 1
1459947872404745 136 2217862 8591 128 2101955 9838 0
1459947872406640 134 2217862 8591 126 2101955 9838 1
1459947872408461 137 2217862 8591 129 2101955 9838 1
1459947872410453 140 2217862 8591 133 2101955 9838 1
1459947872412426 138 2217862 8591 129 2101955 9838 1
1459947872414139 133 2217862 8591 126 2101955 9838 1
1459947872415946 128 2217862 8591 120 2101955 9838 1
1459947872417873 136 2218671 8665 129 2102859 9903 0
1459947872419574 134 2218671 8665 126 2102859 9903 1
1459947872421415 136 2219417 8676 130 2104973 11077 0
1459947872423192 141 2219417 8676 133 2104973 11077 1
1459947872424881 137 2219417 8676 131 2104973 11077 1
1459947872426822 136 2220105 8632 129 2105641 10827 0
1459947872428792 136 2220739 8541 131 2108817 12909 0
1459947872430780 139 2220739 8541 130 2108817 12909 1
1459947872432650 137 2220739 8541 131 2108817 12909 1
1459947872434038 120 2220739 8541 112 2108817 12909 1
1459947872435746 132 2220739 8541 125 2108817 12909 1
1459947872437674 137 2220739 8541 129 2108817 12909 1
1459947872439687 142 2220739 8541 132 2108817 12909 1
1459947872441615 143 2220739 8541 135 2108817 12909 1
1459947872443462 139 2220739 8541 132 2108817 12909 1
1459947872445204 134 2220739 8541 126 2108817 12909 1
1459947872447073 135 2220739 8541 126 2108817 12909 1
1459947872448711 135 2220043 8513 129 2109185 12239 0
1459947872450280 130 2220043 8513 123 2109185 12239 1
1459947872452089 138 2220043 8513 129 2109185 12239 1
1459947872453880 135 2219402 8437 128 2108244 12148 0
1459947872455902 138 2219402 8437 130 2108244 12148 1
1459947872457691 137 2219402 8437 129 2108244 12148 1
1459947872459452 137 2219402 8437 127 2108244 12148 1
1459947872461533 146 2219402 8437 137 2108244 12148 1
1459947872463186 132 2219402 8437 122 2108244 12148 1
1459947872464764 133 2219402 8437 125 2108244 12148 1
1459947872466270 126 2219402 8437 120 2108244 12148 1
1459947872467847 133 2219402 8437 124 2108244 12148 1
1459947872469781 140 2219402 8437 129 2108244 12148 1
1459947872471489 136 2220091 8412 129 2108657 11579 0
1459947872473119 131 2220091 8412 121 2108657 11579 1
1459947872474776 132 2220091 8412 124 2108657 11579 1
1459947872476454 131 2220091 8412 125 2108657 11579 1
1459947872478536 138 2220091 8412 130 2108657 11579 1
1459947872480419 140 2220091 8412 131 2108657 11579 1
1459947872482028 135 2220091 8412 126 2108657 11579 1
1459947872483643 135 2219446 8348 128 2107758 11502 0
1459947872485419 136 2220131 8327 129 2108209 11019 0
1459947872487162 137 2220131 8327 128 2108209 11019 1
1459947872488942 137 2220131 8327 131 2108209 11019 1
1459947872490687 133 2220131 8327 127 2108209 11019 1
1459947872492540 140 2220131 8327 131 2108209 11019 1
1459947872494390 139 2220131 8327 132 2108209 11019 1
1459947872496188 135 2219483 8273 128 2107345 10954 0
1459947872498006 135 2219483 8273 127 2107345 10954 1
1459947872499927 141 2219483 8273 135 2107345 10954 1
1459947872501876 141 2219483 8273 131 2107345 10954 1
1459947872503721 139 2219483 8273 132 2107345 10954 1
1459947872505660 140 2219483 8273 133 2107345 10954 1
1459947872507637 137 2219483 8273 129 2107345 10954 1
1459947872509610 136 2220165 8255 129 2107828 10543 0
1459947872511130 129 2220165 8255 120 2107828 10543 1
1459947872512529 127 2220165 8255 119 2107828 10543 1
1459947872513910 122 2220165 8255 116 2107828 10543 1
1459947872515577 130 2220165 8255 122 2107828 10543 1
1459947872517414 137 2220165 8255 130 2107828 10543 1
1459947872519236 137 2220165 8255 130 2107828 10543 1
1459947872521031 136 2220794 8190 130 2109553 11310 0
1459947872522467 134 2220794 8190 125 2109553 11310 1
1459947872524190 134 2220794 8190 125 2109553 11310 1
1459947872525782 134 2220794 8190 126 2109553 11310 1
1459947872527426 132 2220794 8190 124 2109553 11310 1
1459947872528911 128 2220794 8190 121 2109553 11310 1
1459947872530550 131 2220794 8190 123 2109553 11310 1
1459947872532008 121 2220794 8190 116 2109553 11310 1
1459947872533632 127 2220794 8190 122 2109553 11310 1
1459947872535511 137 2220794 8190 132 2109553 11310 1
1459947872537419 139 2220794 8190 132 2109553 11310 1
1459947872539510 140 2220794 8190 133 2109553 11310 1
1459947872541285 133 2220794 8190 125 2109553 11310 1
1459947872543162 137 2220794 8190 132 2109553 11310 1
1459947872544951 137 2220794 8190 131 2109553 11310 1
1459947872546737 135 2220094 8194 128 2108584 11319 0
1459947872548436 136 2220094 8194 127 2108584 11319 1
1459947872550249 140 2220094 8194 132 2108584 11319 1
1459947872552270 141 2220094 8194 133 2108584 11319 1
1459947872553784 123 2220094 8194 116 2108584 11319 1
1459947872555559 137 2220094 8194 129 2108584 11319 1
1459947872557074 128 2220094 8194 120 2108584 11319 1
1459947872558892 136 2220729 8138 129 2108970 10790 0
1459947872560451 135 2220729 8138 126 2108970 10790 1
1459947872562246 136 2220729 8138 126 2108970 10790 1
1459947872563922 133 2220729 8138 126 2108970 10790 1
1459947872565878 138 2220729 8138 130 2108970 10790 1
1459947872567664 135 2220034 8142 128 2108046 10798 0
1459947872569391 132 2220034 8142 123 2108046 10798 1
1459947872570972 135 2220034 8142 124 2108046 10798 1
1459947872572768 138 2220034 8142 129 2108046 10798 1
1459947872574373 131 2220034 8142 122 2108046 10798 1
1459947872576074 136 2220673 8094 128 2107194 10738 0
1459947872577852 134 2220673 8094 124 2107194 10738 1
1459947872579659 137 2220673 8094 128 2107194 10738 1
1459947872581507 132 2220673 8094 124 2107194 10738 1
1459947872583159 135 2219982 8097 128 2106409 10622 0
1459947872584782 132 2219982 8097 123 2106409 10622 1
1459947872586441 133 2216785 10410 128 2105685 10458 0
1459947872588561 139 2216785 10410 133 2105685 10458 1
1459947872590363 136 2217678 10419 128 2105018 10254 0
1459947872592199 138 2217678 10419 132 2105018 10254 1
1459947872593747 132 2217678 10419 125 2105018 10254 1
1459947872595471 135 2217221 10025 128 2104403 10018 0
1459947872597138 128 2217221 10025 121 2104403 10018 1
1459947872599049 142 2217221 10025 134 2104403 10018 1
1459947872600892 135 2216800 9628 130 2106396 11072 0
1459947872602605 130 2216800 9628 119 2106396 11072 1
1459947872604353 134 2216800 9628 127 2106396 11072 1
1459947872606058 130 2216800 9628 123 2106396 11072 1
1459947872607835 134 2215132 10412 129 2106953 10721 0
1459947872609795 137 2215132 10412 129 2106953 10721 1
1459947872611790 138 2215132 10412 132 2106953 10721 1
1459947872613733 139 2215132 10412 131 2106953 10721 1
1459947872615138 125 2215132 10412 118 2106953 10721 1
1459947872616640 124 2215132 10412 118 2106953 10721 1
1459947872618399 139 2215132 10412 132 2106953 10721 1
1459947872620175 134 2215132 10412 126 2106953 10721 1
1459947872622035 135 2215132 10412 127 2106953 10721 1
1459947872624030 138 2215132 10412 132 2106953 10721 1
1459947872626014 135 2215132 10412 127 2106953 10721 1
1459947872628037 135 2214874 9835 129 2107467 10357 0
1459947872629727 133 2214874 9835 126 2107467 10357 1
1459947872631270 129 2214874 9835 120 2107467 10357 1
1459947872633218 140 2214874 9835 131 2107467 10357 1
1459947872635174 138 2214874 9835 129 2107467 10357 1
1459947872637398 147 2214874 9835 141 2107467 10357 1
1459947872639269 139 2214874 9835 131 2107467 10357 1
1459947872641157 137 2214874 9835 128 2107467 10357 1
1459947872642873 132 2214874 9835 123 2107467 10357 1
1459947872644564 133 2214874 9835 125 2107467 10357 1
1459947872646269 135 2214636 9284 129 2107941 9984 0
1459947872647845 131 2214636 9284 123 2107941 9984 1
1459947872649680 138 2214636 9284 130 2107941 9984 1
1459947872651237 133 2214636 9284 125 2107941 9984 1
1459947872652903 135 2214417 8759 128 2107098 9981 0
1459947872654600 133 2214417 8759 124 2107098 9981 1
1459947872656570 142 2214417 8759 135 2107098 9981 1
1459947872658354 134 2214417 8759 126 2107098 9981 1
1459947872660275 139 2214417 8759 131 2107098 9981 1
1459947872662013 130 2214417 8759 124 2107098 9981 1
1459947872663713 133 2214417 8759 124 2107098 9981 1
1459947872665382 132 2214417 8759 127 2107098 9981 1
1459947872667102 137 2214417 8759 129 2107098 9981 1
1459947872668952 131 2214417 8759 124 2107098 9981 1
1459947872670908 136 2215495 9068 128 2106320 9917 0
1459947872672841 138 2215495 9068 132 2106320 9917 1
1459947872674900 145 2215495 9068 138 2106320 9917 1
1459947872677062 141 2215495 9068 132 2106320 9917 1
1459947872678920 134 2215495 9068 127 2106320 9917 1
1459947872680805 132 2215495 9068 121 2106320 9917 1
1459947872682641 137 2215495 9068 129 2106320 9917 1
1459947872684450 135 2215209 8622 128 2105603 9802 0
1459947872686282 136 2216225 8885 129 2106222 9607 0
1459947872687666 122 2216225 8885 116 2106222 9607 1
1459947872689220 127 2216225 8885 119 2106222 9607 1
1459947872690727 125 2216225 8885 117 2106222 9607 1
1459947872692352 135 2215882 8505 129 2106793 9382 0
1459947872694085 141 2215882 8505 133 2106793 9382 1
1459947872695985 141 2215882 8505 136 2106793 9382 1
1459947872697673 136 2216846 8728 128 2106039 9343 0
1459947872699251 133 2216846 8728 126 2106039 9343 1
1459947872700949 132 2216846 8728 123 2106039 9343 1
1459947872702577 129 2216846 8728 122 2106039 9343 1
1459947872704388 135 2216454 8406 128 2105344 9253 0
1459947872706148 138 2216454 8406 130 2105344 9253 1
1459947872707679 132 2216454 8406 125 2105344 9253 1
1459947872709304 135 2216454 8406 127 2105344 9253 1
1459947872711282 137 2216454 8406 130 2105344 9253 1
1459947872712943 133 2216454 8406 127 2105344 9253 1
1459947872714899 139 2216454 8406 132 2105344 9253 1
1459947872716761 136 2216454 8406 126 2105344 9253 1
1459947872718689 139 2216454 8406 132 2105344 9253 1
1459947872720395 138 2216454 8406 130 2105344 9253 1
1459947872722037 132 2212253 11621 128 2104704 9120 0
1459947872723769 131 2212253 11621 123 2104704 9120 1
1459947872725472 129 2212253 11621 122 2104704 9120 1
1459947872727096 130 2212253 11621 123 2104704 9120 1
1459947872728764 132 2212253 11621 125 2104704 9120 1
1459947872730491 137 2212253 11621 128 2104704 9120 1
1459947872732246 141 2212253 11621 132 2104704 9120 1
1459947872734014 138 2212253 11621 130 2104704 9120 1
1459947872735979 138 2212253 11621 129 2104704 9120 1
1459947872737927 138 2212253 11621 128 2104704 9120 1
1459947872739459 118 2212253 11621 113 2104704 9120 1
1459947872740790 96 2212253 11621 92 2104704 9120 1
1459947872742072 94 2212253 11621 88 2104704 9120 1
1459947872743275 105 2212253 11621 99 2104704 9120 1
1459947872744952 138 2212253 11621 130 2104704 9120 1
1459947872746538 137 2212253 11621 128 2104704 9120 1
1459947872748116 133 2212253 11621 125 2104704 9120 1
1459947872749836 136 2213500 11863 129 2105394 9043 0
1459947872751585 136 2213500 11863 124 2105394 9043 1
1459947872753385 138 2213500 11863 128 2105394 9043 1
1459947872755236 135 2213500 11863 127 2105394 9043 1
1459947872757136 134 2212090 12235 128 2104750 8929 0
1459947872758770 129 2212090 12235 123 2104750 8929 1
1459947872760516 131 2212090 12235 123 2104750 8929 1
1459947872762188 132 2212090 12235 122 2104750 8929 1
1459947872763932 137 2212090 12235 131 2104750 8929 1
1459947872765641 133 2212090 12235 124 2104750 8929 1
1459947872767380 133 2212090 12235 126 2104750 8929 1
1459947872769179 137 2212090 12235 129 2104750 8929 1
1459947872770770 129 2212090 12235 121 2104750 8929 1
1459947872772486 138 2212090 12235 131 2104750 8929 1
1459947872774123 136 2213350 12441 128 2104156 8778 0
1459947872776035 139 2213350 12441 128 2104156 8778 1
1459947872777696 132 2213350 12441 124 2104156 8778 1
1459947872779469 134 2213350 12441 127 2104156 8778 1
1459947872781192 135 2213350 12441 126 2104156 8778 1
1459947872783025 138 2213350 12441 130 2104156 8778 1
1459947872784907 138 2213350 12441 131 2104156 8778 1
1459947872786737 136 2214512 12540 129 2104888 8767 0
1459947872788527 134 2214512 12540 127 2104888 8767 1
1459947872790652 143 2214512 12540 134 2104888 8767 1
1459947872792446 139 2214512 12540 131 2104888 8767 1
1459947872794261 137 2214512 12540 128 2104888 8767 1
1459947872795995 134 2214512 12540 124 2104888 8767 1
1459947872797990 135 2214303 11752 128 2104283 8639 0
1459947872799832 140 2214303 11752 129 2104283 8639 1
1459947872801604 133 2214303 11752 126 2104283 8639 1
1459947872803313 132 2214303 11752 126 2104283 8639 1
1459947872805029 137 2214303 11752 129 2104283 8639 1
1459947872806957 139 2214303 11752 131 2104283 8639 1
1459947872808591 137 2214303 11752 131 2104283 8639 1
1459947872810641 143 2214303 11752 134 2104283 8639 1
1459947872812458 138 2214303 11752 129 2104283 8639 1
1459947872814175 133 2214303 11752 126 2104283 8639 1
1459947872815769 128 2214303 11752 119 2104283 8639 1
1459947872817530 135 2214303 11752 126 2104283 8639 1
1459947872819349 137 2214303 11752 128 2104283 8639 1
1459947872820997 136 2214303 11752 126 2104283 8639 1
1459947872822885 137 2214303 11752 130 2104283 8639 1
1459947872824680 135 2214303 11752 127 2104283 8639 1
1459947872826604 140 2214303 11752 131 2104283 8639 1
1459947872828367 134 2214303 11752 127 2104283 8639 1
1459947872830080 139 2214303 11752 130 2104283 8639 1
1459947872831591 133 2214303 11752 124 2104283 8639 1
1459947872833295 135 2214110 11010 128 2103725 8477 0
1459947872835187 139 2214110 11010 129 2103725 8477 1
1459947872836998 135 2213932 10312 129 2104491 8520 0
1459947872838769 135 2213768 9656 129 2105197 8505 0
1459947872840702 139 2213768 9656 130 2105197 8505 1
1459947872842500 136 2214897 9942 128 2104568 8419 0
1459947872844335 134 2213378 10565 128 2103988 8295 0
1459947872846161 138 2213378 10565 129 2103988 8295 1
1459947872847923 134 2213378 10565 125 2103988 8295 1
1459947872849805 139 2213378 10565 131 2103988 8295 1
1459947872851496 138 2213378 10565 131 2103988 8295 1
1459947872853311 136 2213378 10565 127 2103988 8295 1
1459947872855079 137 2213378 10565 127 2103988 8295 1
1459947872857019 138 2213378 10565 131 2103988 8295 1
1459947872858707 131 2213378 10565 125 2103988 8295 1
1459947872860339 136 2214537 10808 129 2104733 8333 0
1459947872862274 139 2214537 10808 131 2104733 8333 1
1459947872863928 136 2214537 10808 127 2104733 8333 1
1459947872865590 134 2213046 11337 129 2105420 8315 0
1459947872867602 142 2213046 11337 134 2105420 8315 1
1459947872869769 146 2213046 11337 138 2105420 8315 1
1459947872871573 137 2213046 11337 129 2105420 8315 1
1459947872873155 129 2213046 11337 121 2105420 8315 1
1459947872875045 135 2212951 10537 128 2104774 8260 0
1459947872876732 135 2212951 10537 125 2104774 8260 1
1459947872878707 137 2212951 10537 129 2104774 8260 1
1459947872880492 136 2212951 10537 127 2104774 8260 1
1459947872882427 140 2212951 10537 133 2104774 8260 1
1459947872884304 138 2212951 10537 130 2104774 8260 1
1459947872886044 134 2212951 10537 125 2104774 8260 1
1459947872887803 136 2212951 10537 124 2104774 8260 1
1459947872889458 136 2214144 10813 128 2104178 8162 0
1459947872891515 140 2214144 10813 132 2104178 8162 1
1459947872893490 139 2214144 10813 130 2104178 8162 1
1459947872895319 140 2214144 10813 133 2104178 8162 1
1459947872897260 141 2214144 10813 132 2104178 8162 1
1459947872898905 132 2214144 10813 125 2104178 8162 1
1459947872900641 136 2214144 10813 127 2104178 8162 1
1459947872902435 138 2214144 10813 131 2104178 8162 1
1459947872904230 138 2214144 10813 130 2104178 8162 1
1459947872906131 138 2214144 10813 129 2104178 8162 1
1459947872908022 140 2214144 10813 133 2104178 8162 1
1459947872909608 136 2214144 10813 127 2104178 8162 1
1459947872911347 135 2214144 10813 127 2104178 8162 1
1459947872913196 142 2214144 10813 135 2104178 8162 1
1459947872915215 140 2214144 10813 131 2104178 8162 1
1459947872917291 140 2214144 10813 133 2104178 8162 1
1459947872919011 136 2215244 10982 128 2103629 8030 0
1459947872920571 129 2215244 10982 123 2103629 8030 1
1459947872922459 135 2214978 10369 130 2105682 9295 0
1459947872924423 139 2214978 10369 131 2105682 9295 1
1459947872926211 138 2214978 10369 132 2105682 9295 1
1459947872928196 140 2214978 10369 131 2105682 9295 1
1459947872930039 138 2214978 10369 131 2105682 9295 1
1459947872932010 137 2214978 10369 126 2105682 9295 1
1459947872933798 133 2212172 12143 128 2105015 9182 0
1459947872935585 133 2212172 12143 124 2105015 9182 1
1459947872937238 130 2212172 12143 119 2105015 9182 1
1459947872938879 132 2212172 12143 123 2105015 9182 1
1459947872940563 133 2212172 12143 125 2105015 9182 1
1459947872942413 135 2212172 12143 126 2105015 9182 1
1459947872944244 137 2212172 12143 130 2105015 9182 1
1459947872946032 139 2212172 12143 132 2105015 9182 1
1459947872947732 133 2212172 12143 125 2105015 9182 1
1459947872949498 136 2213426 12350 128 2104400 9030 0
1459947872951020 132 2213426 12350 123 2104400 9030 1
1459947872952691 131 2213426 12350 126 2104400 9030 1
1459947872954515 136 2214582 12450 130 2106393 10162 0
1459947872956297 138 2214582 12450 130 2106393 10162 1
1459947872958226 136 2215647 12459 130 2108231 11062 0
1459947872959820 133 2215647 12459 125 2108231 11062 1
1459947872961612 136 2216629 12390 128 2107365 10994 0
1459947872963331 136 2217534 12257 129 2107847 10579 0
1459947872965023 131 2217534 12257 124 2107847 10579 1
1459947872966647 133 2217534 12257 126 2107847 10579 1
1459947872968588 136 2218369 12068 128 2107011 10522 0
1459947872970663 139 2218369 12068 131 2107011 10522 1
1459947872972722 139 2218369 12068 131 2107011 10522 1
1459947872974770 139 2218369 12068 130 2107011 10522 1
1459947872976792 139 2218369 12068 132 2107011 10522 1
1459947872978246 127 2218369 12068 121 2107011 10522 1
1459947872979870 131 2218369 12068 126 2107011 10522 1
1459947872981416 124 2218369 12068 117 2107011 10522 1
1459947872983103 131 2218369 12068 124 2107011 10522 1
1459947872984931 138 2218369 12068 129 2107011 10522 1
1459947872986643 136 2218369 12068 126 2107011 10522 1
1459947872988191 133 2218369 12068 125 2107011 10522 1
1459947872990058 138 2218369 12068 130 2107011 10522 1
1459947872991915 138 2218369 12068 129 2107011 10522 1
1459947872993840 136 2218369 12068 127 2107011 10522 1
1459947872995469 130 2218369 12068 122 2107011 10522 1
1459947872996907 126 2218369 12068 119 2107011 10522 1
1459947872998519 130 2218369 12068 121 2107011 10522 1
1459947873000334 139 2218369 12068 128 2107011 10522 1
1459947873002174 135 2217858 11595 129 2107520 10169 0
1459947873004279 144 2217858 11595 137 2107520 10169 1
1459947873005982 130 2217858 11595 124 2107520 10169 1
1459947873007739 135 2217858 11595 126 2107520 10169 1
1459947873009562 133 2217858 11595 126 2107520 10169 1
1459947873011008 129 2217858 11595 121 2107520 10169 1
1459947873012686 135 2217858 11595 127 2107520 10169 1
1459947873014663 139 2217858 11595 132 2107520 10169 1
1459947873016252 132 2217858 11595 125 2107520 10169 1
1459947873018086 134 2216107 12302 128 2106710 10120 0
1459947873020084 140 2216107 12302 130 2106710 10120 1
1459947873022175 141 2216107 12302 132 2106710 10120 1
1459947873023987 140 2216107 12302 131 2106710 10120 1
1459947873026121 140 2216107 12302 133 2106710 10120 1
1459947873027914 137 2216107 12302 129 2106710 10120 1
1459947873029699 135 2215773 11647 128 2105963 10017 0
1459947873031382 133 2215773 11647 126 2105963 10017 1
1459947873033232 136 2216745 11633 129 2106554 9779 0
1459947873034995 134 2216745 11633 127 2106554 9779 1
1459947873036880 135 2216745 11633 127 2106554 9779 1
1459947873038456 132 2216745 11633 122 2106554 9779 1
1459947873040187 135 2216361 11077 128 2105819 9692 0
1459947873042024 138 2216361 11077 131 2105819 9692 1
1459947873043852 136 2217287 11065 130 2107701 10669 0
1459947873045772 139 2217287 11065 132 2107701 10669 1
1459947873047420 134 2217287 11065 127 2107701 10669 1
1459947873049121 135 2217287 11065 127 2107701 10669 1
1459947873050754 133 2217287 11065 125 2107701 10669 1
1459947873052345 132 2217287 11065 124 2107701 10669 1
1459947873054044 134 2217287 11065 127 2107701 10669 1
1459947873055838 133 2217287 11065 125 2107701 10669 1
1459947873057617 135 2216861 10592 129 2108156 10255 0
1459947873059535 140 2216861 10592 131 2108156 10255 1
1459947873061506 140 2216861 10592 130 2108156 10255 1
1459947873063199 133 2216861 10592 126 2108156 10255 1
1459947873064912 136 2217748 10582 128 2107296 10245 0
1459947873066714 135 2217748 10582 126 2107296 10245 1
1459947873068688 137 2217748 10582 128 2107296 10245 1
1459947873070593 138 2217748 10582 130 2107296 10245 1
1459947873072370 135 2217286 10180 128 2106503 10174 0
1459947873074139 133 2217286 10180 127 2106503 10174 1
1459947873075820 135 2217286 10180 127 2106503 10174 1
1459947873077581 133 2217286 10180 126 2106503 10174 1
1459947873079425 138 2217286 10180 131 2106503 10174 1
1459947873081257 137 2217286 10180 130 2106503 10174 1
1459947873082971 132 2217286 10180 124 2106503 10174 1
1459947873084596 132 2217286 10180 125 2106503 10174 1
1459947873086504 137 2217286 10180 129 2106503 10174 1
1459947873088469 136 2218140 10171 130 2108332 11065 0
1459947873090415 137 2218140 10171 128 2108332 11065 1
1459947873092231 135 2218140 10171 125 2108332 11065 1
1459947873093603 127 2218140 10171 119 2108332 11065 1
1459947873095448 134 2218140 10171 127 2108332 11065 1
1459947873097331 137 2218140 10171 129 2108332 11065 1
1459947873099301 141 2218140 10171 134 2108332 11065 1
1459947873101279 140 2218140 10171 133 2108332 11065 1
1459947873103167 138 2218140 10171 131 2108332 11065 1
1459947873104875 134 2218140 10171 126 2108332 11065 1
1459947873106761 138 2218140 10171 129 2108332 11065 1
1459947873108569 139 2218140 10171 130 2108332 11065 1
1459947873110455 137 2218140 10171 130 2108332 11065 1
1459947873112322 137 2218140 10171 129 2108332 11065 1
1459947873113996 133 2218140 10171 126 2108332 11065 1
1459947873115724 134 2218140 10171 127 2108332 11065 1
1459947873117504 136 2218927 10102 129 2108738 10574 0
1459947873119442 144 2218927 10102 136 2108738 10574 1
1459947873121294 136 2219653 9981 130 2110392 11272 0
1459947873123120 136 2220322 9818 128 2109357 11344 0
1459947873124712 132 2220322 9818 124 2109357 11344 1
1459947873126382 136 2220322 9818 127 2109357 11344 1
1459947873128295 138 2220322 9818 131 2109357 11344 1
1459947873130097 134 2220322 9818 127 2109357 11344 1
1459947873131802 135 2220322 9818 127 2109357 11344 1
1459947873133664 138 2220322 9818 130 2109357 11344 1
1459947873135528 139 2220322 9818 131 2109357 11344 1
1459947873137582 143 2220322 9818 135 2109357 11344 1
1459947873139370 141 2220322 9818 133 2109357 11344 1
1459947873141070 136 2220939 9619 130 2110963 11938 0
1459947873142802 134 2218948 10702 128 2109884 11999 0
1459947873144661 137 2218948 10702 130 2109884 11999 1
1459947873146126 129 2218948 10702 123 2109884 11999 1
1459947873147925 137 2218948 10702 131 2109884 11999 1
1459947873149679 138 2218948 10702 132 2109884 11999 1
1459947873151224 125 2218948 10702 120 2109884 11999 1
1459947873152801 130 2218948 10702 124 2109884 11999 1
1459947873154586 137 2218948 10702 130 2109884 11999 1
1459947873156551 140 2218948 10702 133 2109884 11999 1
1459947873158299 134 2218948 10702 126 2109884 11999 1
1459947873160332 141 2218948 10702 133 2109884 11999 1
1459947873162222 137 2218948 10702 128 2109884 11999 1
1459947873164104 138 2218948 10702 131 2109884 11999 1
1459947873166100 141 2218948 10702 132 2109884 11999 1
1459947873167929 139 2218948 10702 131 2109884 11999 1
1459947873169702 133 2218948 10702 125 2109884 11999 1
1459947873171462 136 2218948 10702 124 2109884 11999 1
1459947873173220 133 2218948 10702 125 2109884 11999 1
1459947873175174 139 2218948 10702 130 2109884 11999 1
1459947873177347 143 2218948 10702 137 2109884 11999 1
1459947873179369 139 2218948 10702 132 2109884 11999 1
1459947873181223 136 2219672 10533 129 2110169 11324 0
1459947873182860 134 2219672 10533 127 2110169 11324 1
1459947873184649 135 2219060 10274 128 2109152 11376 0
1459947873186454 134 2217215 11170 129 2109494 10802 0
1459947873188336 136 2218075 11089 130 2111089 11429 0
1459947873189886 131 2218075 11089 121 2111089 11429 1
1459947873191677 138 2218075 11089 131 2111089 11429 1
1459947873193407 138 2218075 11089 131 2111089 11429 1
1459947873195176 137 2218075 11089 132 2111089 11429 1
1459947873197088 142 2218075 11089 131 2111089 11429 1
1459947873198874 134 2218075 11089 127 2111089 11429 1
1459947873200679 137 2218075 11089 129 2111089 11429 1
1459947873202476 137 2218075 11089 129 2111089 11429 1
1459947873204094 131 2218075 11089 126 2111089 11429 1
1459947873205943 133 2218075 11089 127 2111089 11429 1
1459947873207680 134 2216307 11850 128 2110000 11539 0
1459947873209297 127 2216307 11850 121 2110000 11539 1
1459947873210805 133 2216307 11850 125 2110000 11539 1
1459947873212659 138 2216307 11850 132 2110000 11539 1
1459947873214492 138 2216307 11850 130 2110000 11539 1
1459947873216386 139 2216307 11850 130 2110000 11539 1
1459947873218168 136 2217238 11782 130 2111556 12071 0
1459947873219966 137 2217238 11782 128 2111556 12071 1
1459947873221729 135 2216816 11249 131 2114270 13629 0
1459947873223645 139 2216816 11249 132 2114270 13629 1
1459947873225506 135 2216427 10728 129 2114212 12616 0
1459947873227293 137 2216427 10728 128 2114212 12616 1
1459947873229218 138 2216427 10728 128 2114212 12616 1
1459947873231147 135 2216068 10219 128 2112879 12858 0
1459947873232869 131 2216068 10219 123 2112879 12858 1
1459947873234968 140 2216068 10219 132 2112879 12858 1
1459947873237109 142 2216068 10219 134 2112879 12858 1
1459947873239056 135 2215737 9724 128 2111650 12985 0
1459947873240510 132 2215737 9724 126 2111650 12985 1
1459947873241974 129 2215737 9724 121 2111650 12985 1
1459947873243638 136 2216712 9863 129 2111797 12105 0
1459947873245305 135 2216712 9863 126 2111797 12105 1
1459947873247188 136 2217611 9921 128 2110652 12213 0
1459947873248880 135 2217160 9560 128 2109597 12230 0
1459947873250804 136 2218024 9609 129 2109904 11557 0
1459947873252753 143 2218024 9609 137 2109904 11557 1
1459947873254465 139 2218024 9609 132 2109904 11557 1
1459947873256408 141 2218024 9609 133 2109904 11557 1
1459947873258313 135 2217540 9303 129 2110187 10915 0
1459947873260139 137 2217540 9303 131 2110187 10915 1
1459947873261903 132 2217540 9303 126 2110187 10915 1
1459947873263840 141 2217540 9303 133 2110187 10915 1
1459947873265762 136 2218374 9345 128 2109168 11000 0
1459947873267471 134 2218374 9345 126 2109168 11000 1
1459947873269090 133 2218374 9345 124 2109168 11000 1
1459947873270857 137 2218374 9345 130 2109168 11000 1
1459947873272630 139 2218374 9345 132 2109168 11000 1
1459947873274489 138 2218374 9345 131 2109168 11000 1
1459947873276250 137 2218374 9345 128 2109168 11000 1
1459947873278131 137 2218374 9345 127 2109168 11000 1
1459947873279990 139 2218374 9345 130 2109168 11000 1
1459947873281673 128 2218374 9345 123 2109168 11000 1
1459947873283477 137 2218374 9345 131 2109168 11000 1
1459947873285266 136 2219143 9323 129 2109509 10454 0
1459947873287299 142 2219143 9323 132 2109509 10454 1
1459947873288941 132 2219143 9323 124 2109509 10454 1
1459947873290658 139 2219143 9323 129 2109509 10454 1
1459947873292366 137 2219143 9323 130 2109509 10454 1
1459947873294319 137 2219143 9323 128 2109509 10454 1
1459947873296123 132 2219143 9323 126 2109509 10454 1
1459947873297959 133 2219143 9323 127 2109509 10454 1
1459947873299526 133 2219143 9323 124 2109509 10454 1
1459947873301345 137 2219143 9323 131 2109509 10454 1
1459947873303132 136 2219852 9248 129 2109823 9927 0
1459947873304852 129 2219852 9248 122 2109823 9927 1
1459947873306433 132 2219852 9248 126 2109823 9927 1
1459947873308037 129 2219852 9248 123 2109823 9927 1
1459947873309845 137 2219852 9248 130 2109823 9927 1
1459947873311325 133 2219852 9248 125 2109823 9927 1
1459947873313210 142 2219852 9248 134 2109823 9927 1
1459947873315111 138 2219852 9248 133 2109823 9927 1
1459947873317093 139 2219852 9248 132 2109823 9927 1
1459947873318907 137 2219852 9248 129 2109823 9927 1
1459947873320657 134 2219852 9248 127 2109823 9927 1
1459947873322348 128 2219852 9248 122 2109823 9927 1
1459947873324264 133 2219852 9248 126 2109823 9927 1
1459947873325719 126 2219852 9248 119 2109823 9927 1
1459947873327359 132 2219852 9248 126 2109823 9927 1
1459947873329027 134 2219852 9248 125 2109823 9927 1
1459947873330996 139 2219852 9248 131 2109823 9927 1
1459947873333049 142 2219852 9248 134 2109823 9927 1
1459947873334888 129 2219852 9248 123 2109823 9927 1
1459947873336681 133 2219852 9248 126 2109823 9927 1
1459947873338346 135 2219226 9102 128 2108833 10063 0
1459947873340264 139 2219226 9102 131 2108833 10063 1
1459947873342316 141 2219226 9102 132 2108833 10063 1
1459947873344117 136 2219928 9038 129 2109200 9614 0
1459947873345971 133 2219928 9038 125 2109200 9614 1
1459947873347551 129 2219928 9038 123 2109200 9614 1
1459947873349029 125 2219928 9038 120 2109200 9614 1
1459947873350986 139 2219928 9038 131 2109200 9614 1
1459947873352764 134 2219928 9038 126 2109200 9614 1
1459947873354650 135 2219928 9038 127 2109200 9614 1
1459947873356313 135 2219928 9038 124 2109200 9614 1
1459947873357912 129 2219928 9038 122 2109200 9614 1
1459947873359594 133 2219928 9038 124 2109200 9614 1
1459947873361314 131 2219928 9038 123 2109200 9614 1
1459947873363035 129 2219928 9038 122 2109200 9614 1
1459947873365016 134 2218016 10093 128 2108258 9729 0
1459947873366645 135 2218016 10093 127 2108258 9729 1
1459947873368592 135 2217533 9748 129 2108670 9348 0
1459947873370473 140 2217533 9748 132 2108670 9348 1
1459947873372303 137 2217533 9748 131 2108670 9348 1
1459947873373965 133 2217533 9748 127 2108670 9348 1
1459947873375826 138 2217533 9748 130 2108670 9348 1
1459947873377641 135 2217088 9396 128 2107770 9446 0
1459947873379602 139 2217088 9396 131 2107770 9446 1
1459947873381594 137 2217088 9396 129 2107770 9446 1
1459947873383438 137 2217088 9396 130 2107770 9446 1
1459947873385022 128 2217088 9396 123 2107770 9446 1
1459947873386838 136 2217958 9463 128 2106940 9472 0
1459947873388690 135 2217480 9163 128 2106175 9436 0
1459947873390547 140 2217480 9163 132 2106175 9436 1
1459947873392482 140 2217480 9163 132 2106175 9436 1
1459947873394404 139 2217480 9163 131 2106175 9436 1
1459947873396329 137 2217480 9163 130 2106175 9436 1
1459947873398160 136 2218319 9220 130 2108030 10408 0
1459947873399704 128 2218319 9220 122 2108030 10408 1
1459947873401457 133 2218319 9220 126 2108030 10408 1
1459947873402968 131 2218319 9220 123 2108030 10408 1
1459947873404622 132 2218319 9220 125 2108030 10408 1
1459947873406426 137 2218319 9220 129 2108030 10408 1
1459947873408323 139 2218319 9220 133 2108030 10408 1
1459947873410255 141 2218319 9220 134 2108030 10408 1
1459947873411844 133 2218319 9220 127 2108030 10408 1
1459947873413555 136 2219092 9212 128 2107180 10377 0
1459947873415337 138 2219092 9212 129 2107180 10377 1
1459947873417205 136 2219092 9212 127 2107180 10377 1
1459947873418913 136 2219805 9149 128 2106396 10288 0
1459947873420695 136 2220462 9040 128 2105673 10149 0
1459947873422616 138 2220462 9040 131 2105673 10149 1
1459947873424539 136 2221068 8892 129 2106287 9922 0
1459947873426446 137 2221068 8892 129 2106287 9922 1
1459947873428373 139 2221068 8892 130 2106287 9922 1
1459947873430135 136 2221627 8712 128 2105573 9803 0
1459947873431900 135 2221627 8712 126 2105573 9803 1
1459947873433615 134 2221627 8712 127 2105573 9803 1
1459947873435380 133 2221627 8712 127 2105573 9803 1
1459947873437093 131 2221627 8712 125 2105573 9803 1
1459947873438670 130 2221627 8712 124 2105573 9803 1
1459947873440388 135 2221627 8712 127 2105573 9803 1
1459947873442366 136 2222142 8506 130 2107475 10790 0
1459947873443914 126 2222142 8506 120 2107475 10790 1
1459947873445779 130 2222142 8506 124 2107475 10790 1
1459947873447702 138 2222142 8506 132 2107475 10790 1
1459947873449288 132 2222142 8506 126 2107475 10790 1
1459947873451173 135 2222142 8506 127 2107475 10790 1
1459947873452979 137 2222142 8506 129 2107475 10790 1
1459947873454760 128 2222142 8506 121 2107475 10790 1
1459947873456329 131 2222142 8506 125 2107475 10790 1
1459947873458219 133 2222142 8506 125 2107475 10790 1
1459947873460044 137 2222142 8506 131 2107475 10790 1
1459947873461692 133 2222142 8506 126 2107475 10790 1
1459947873463484 136 2222617 8279 129 2107948 10383 0
1459947873465099 130 2222617 8279 121 2107948 10383 1
1459947873466591 133 2222617 8279 126 2107948 10383 1
1459947873468455 137 2222617 8279 127 2107948 10383 1
1459947873469923 126 2222617 8279 119 2107948 10383 1
1459947873471293 122 2222617 8279 114 2107948 10383 1
1459947873472688 121 2222617 8279 115 2107948 10383 1
1459947873474207 126 2222617 8279 120 2107948 10383 1
1459947873476155 136 2223055 8035 130 2109664 11153 0
1459947873478068 134 2223055 8035 126 2109664 11153 1
1459947873479803 134 2220898 9394 128 2108686 11182 0
1459947873481433 129 2220898 9394 121 2108686 11182 1
1459947873482899 129 2220898 9394 121 2108686 11182 1
1459947873484388 132 2220898 9394 123 2108686 11182 1
1459947873486398 139 2220898 9394 128 2108686 11182 1
1459947873488331 137 2220898 9394 131 2108686 11182 1
1459947873490188 138 2220898 9394 131 2108686 11182 1
1459947873492078 137 2220898 9394 128 2108686 11182 1
1459947873493823 134 2220898 9394 126 2108686 11182 1
1459947873495707 137 2220898 9394 129 2108686 11182 1
1459947873497547 134 2220898 9394 127 2108686 11182 1
1459947873499421 137 2220898 9394 130 2108686 11182 1
1459947873501181 133 2220898 9394 126 2108686 11182 1
1459947873503050 137 2220898 9394 130 2108686 11182 1
1459947873504998 138 2220898 9394 130 2108686 11182 1
1459947873506858 141 2220898 9394 131 2108686 11182 1
1459947873508707 138 2220898 9394 131 2108686 11182 1
1459947873510076 127 2220898 9394 121 2108686 11182 1
1459947873511629 129 2220898 9394 124 2108686 11182 1
1459947873513236 131 2220898 9394 123 2108686 11182 1
1459947873514833 126 2220898 9394 119 2108686 11182 1
1459947873516791 138 2220898 9394 131 2108686 11182 1
1459947873518828 139 2220898 9394 133 2108686 11182 1
1459947873520370 129 2220898 9394 125 2108686 11182 1
1459947873521896 125 2220898 9394 118 2108686 11182 1
1459947873523502 128 2220898 9394 122 2108686 11182 1
1459947873525354 140 2220898 9394 134 2108686 11182 1
1459947873527134 135 2220898 9394 127 2108686 11182 1
1459947873528822 132 2220898 9394 124 2108686 11182 1
1459947873530494 133 2220898 9394 125 2108686 11182 1
1459947873532121 135 2220898 9394 127 2108686 11182 1
1459947873533716 135 2220898 9394 127 2108686 11182 1
1459947873535477 133 2220898 9394 127 2108686 11182 1
1459947873537549 139 2220898 9394 132 2108686 11182 1
1459947873539129 126 2220898 9394 120 2108686 11182 1
1459947873540573 129 2220898 9394 122 2108686 11182 1
1459947873542068 131 2220898 9394 124 2108686 11182 1
1459947873543968 137 2220898 9394 129 2108686 11182 1
1459947873545908 145 2220898 9394 135 2108686 11182 1
1459947873547812 137 2220898 9394 129 2108686 11182 1
1459947873549241 129 2220898 9394 122 2108686 11182 1
1459947873550867 133 2220898 9394 126 2108686 11182 1
1459947873552671 137 2220898 9394 130 2108686 11182 1
1459947873554469 135 2220190 9312 128 2107784 11138 0
1459947873556227 135 2219537 9185 128 2106953 11032 0
1459947873557900 131 2219537 9185 124 2106953 11032 1
1459947873559570 129 2219537 9185 124 2106953 11032 1
1459947873561404 133 2216375 11381 128 2106187 10875 0
1459947873563293 137 2216375 11381 129 2106187 10875 1
1459947873565255 140 2216375 11381 132 2106187 10875 1
1459947873566840 128 2216375 11381 123 2106187 10875 1
1459947873568599 131 2216375 11381 125 2106187 10875 1
1459947873570218 131 2216375 11381 125 2106187 10875 1
1459947873571876 133 2216375 11381 125 2106187 10875 1
1459947873573579 135 2216375 11381 127 2106187 10875 1
1459947873575485 135 2216020 10817 129 2106761 10554 0
1459947873577762 139 2216020 10817 132 2106761 10554 1
1459947873579721 136 2216973 10849 128 2106010 10421 0
1459947873581613 137 2216973 10849 129 2106010 10421 1
1459947873583438 139 2216973 10849 133 2106010 10421 1
1459947873585173 134 2216973 10849 127 2106010 10421 1
1459947873586873 132 2216973 10849 125 2106010 10421 1
1459947873588423 129 2216973 10849 121 2106010 10421 1
1459947873590022 129 2216973 10849 122 2106010 10421 1
1459947873591924 138 2216973 10849 132 2106010 10421 1
1459947873593804 139 2216973 10849 131 2106010 10421 1
1459947873595457 133 2216973 10849 127 2106010 10421 1
1459947873597338 132 2216973 10849 127 2106010 10421 1
1459947873599033 132 2216973 10849 124 2106010 10421 1
1459947873600904 134 2215291 11550 128 2105317 10243 0
1459947873602305 129 2215291 11550 123 2105317 10243 1
1459947873603992 134 2213741 12075 128 2104679 10030 0
1459947873605686 130 2213741 12075 122 2104679 10030 1
1459947873607324 134 2212312 12447 128 2104090 9788 0
1459947873609332 135 2212275 11507 129 2104827 9703 0
1459947873611147 139 2212275 11507 132 2104827 9703 1
1459947873612723 133 2212275 11507 127 2104827 9703 1
1459947873614487 135 2212241 10639 129 2105507 9571 0
1459947873616276 135 2212241 10639 126 2105507 9571 1
1459947873618019 134 2210929 11015 128 2104854 9424 0
1459947873619703 135 2211000 10219 129 2105532 9312 0
1459947873621572 136 2212345 10660 130 2107437 10340 0
1459947873623161 131 2212345 10660 123 2107437 10340 1
1459947873624852 136 2213585 10970 129 2107913 9971 0
1459947873626615 136 2214728 11166 129 2108352 9597 0
1459947873628091 129 2214728 11166 122 2108352 9597 1
1459947873630039 135 2214502 10500 129 2108757 9220 0
1459947873631808 137 2214502 10500 131 2108757 9220 1
1459947873633464 131 2214502 10500 126 2108757 9220 1
1459947873635205 133 2211734 12230 128 2107850 9334 0
1459947873637071 135 2211742 11281 130 2109574 10193 0
1459947873638767 133 2211742 11281 127 2109574 10193 1
1459947873640365 134 2210469 11571 128 2108603 10290 0
1459947873642200 135 2210576 10765 131 2111548 12201 0
1459947873644258 141 2210576 10765 135 2111548 12201 1
1459947873646091 137 2210576 10765 131 2111548 12201 1
1459947873648162 137 2210576 10765 131 2111548 12201 1
1459947873650087 137 2210576 10765 129 2111548 12201 1
1459947873651979 137 2210576 10765 130 2111548 12201 1
1459947873653701 137 2210576 10765 129 2111548 12201 1
1459947873655431 132 2210576 10765 127 2111548 12201 1
1459947873656979 131 2210576 10765 126 2111548 12201 1
1459947873658698 132 2210576 10765 126 2111548 12201 1
1459947873660684 139 2210576 10765 134 2111548 12201 1
1459947873662549 141 2210576 10765 134 2111548 12201 1
1459947873664248 135 2210674 10014 129 2111703 11390 0
1459947873665981 132 2206925 12687 128 2110566 11547 0
1459947873668004 138 2206925 12687 132 2110566 11547 1
1459947873669783 134 2206028 12520 128 2109518 11610 0
1459947873671474 134 2205202 12302 129 2109831 10991 0
1459947873673233 135 2205720 11818 130 2111400 11578 0
1459947873675125 136 2205720 11818 129 2111400 11578 1
