1459947871376344 133 2179072 0 132 2162688 0 0
1459947871378266 133 2179072 0 131 2161408 1180 0
1459947871380294 137 2184192 4720 134 2164068 3539 0
1459947871382352 138 2190192 9882 134 2166520 5522 0
1459947871384172 132 2188043 11089 127 2159820 11265 0
1459947871386051 130 2183502 14408 127 2153644 16077 0
1459947871387992 132 2181875 14780 129 2150510 17708 0
1459947871390001 136 2185496 16963 134 2154021 19561 0
1459947871391982 138 2191394 21074 136 2159818 23376 0
1459947871393558 123 2177631 32114 123 2148522 31962 0
1459947871395245 127 2170063 36581 125 2140668 36703 0
1459947871396780 125 2160526 42514 123 2130868 42869 0
1459947871398420 128 2155574 43756 126 2125673 44307 0
1459947871400355 133 2157409 42029 130 2126004 41150 0
1459947871402320 132 2157821 39125 131 2127589 39397 0
1459947871404166 131 2156921 36897 129 2126491 37331 0
1459947871405887 124 2147131 43038 121 2115238 44786 0
1459947871407975 136 2153466 45515 133 2120225 45884 0
1459947871409901 132 2154186 42623 130 2120982 42997 0
1459947871411812 137 2161250 45805 131 2122960 41460 0
1459947871413551 135 2165202 45869 131 2124783 39901 0
1459947871415172 129 2161165 46006 125 2118784 42313 0
1459947871417012 131 2160003 43481 128 2117094 40564 0
1459947871418876 133 2161492 41457 131 2119376 39497 0
1459947871421156 146 2179505 54824 141 2134279 50150 0
1459947871423138 135 2182031 52868 134 2139058 50638 0
1459947871425176 136 2185639 52063 134 2143464 50742 0
1459947871427157 135 2187685 49882 131 2143685 46981 0
1459947871428607 108 2155012 76104 106 2111889 72621 0
1459947871430296 134 2158171 73070 131 2114577 69425 0
1459947871431910 129 2154683 70575 124 2108095 69975 0
1459947871433688 133 2156588 66817 129 2108520 64899 0
1459947871435711 136 2162184 66755 134 2115311 66089 0
1459947871437517 134 2164783 63935 131 2117732 63157 0
1459947871439396 140 2174859 68229 137 2127644 67359 0
1459947871441128 132 2173908 63774 128 2125261 64292 0
1459947871442747 127 2166631 65499 124 2117944 66013 0
1459947871444403 130 2163762 63024 129 2117599 61172 0
1459947871446366 134 2166238 60382 132 2121121 59639 0
1459947871448603 137 2172360 61308 133 2125648 59152 0
1459947871450471 131 2170324 58394 129 2124701 55402 0
1459947871452274 132 2169727 54380 130 2125108 51448 0
1459947871454055 129 2165337 54177 131 2126763 48954 0
1459947871455666 129 2161290 53674 127 2123169 48441 0
1459947871457601 137 2167799 55480 134 2128816 49862 0
1459947871459276 133 2168679 51956 132 2131462 48405 0
1459947871460760 128 2163090 53047 124 2123661 51814 0
1459947871462294 126 2155378 56010 121 2112629 57935 0
1459947871463956 130 2153389 53467 129 2112699 53473 0
1459947871465542 129 2150275 52159 126 2108924 52774 0
1459947871467393 133 2152524 50158 128 2108004 49498 0
1459947871469327 138 2160998 54051 136 2117396 54288 0
1459947871471359 137 2167530 55849 134 2123494 55668 0
1459947871473221 134 2169711 53496 132 2126556 54140 0
1459947871475108 134 2171722 51170 129 2125538 50847 0
1459947871477014 132 2171016 47822 129 2124600 47738 0
1459947871479016 134 2172925 45845 132 2127575 46751 0
1459947871480965 130 2169565 45360 128 2125198 45289 0
1459947871482946 135 2172867 44860 133 2129406 45630 0
1459947871484796 132 2172071 42088 130 2129446 42102 0
1459947871486678 131 2170057 40654 128 2126923 41137 0
1459947871488558 135 2173321 40486 135 2133557 44038 0
1459947871490304 132 2172490 38088 131 2134552 41515 0
1459947871492114 134 2174284 36766 133 2138030 41477 0
1459947871494041 135 2177218 36597 131 2138676 38831 0
1459947871496059 138 2183762 39770 136 2145671 42246 0
1459947871497684 129 2178275 41719 126 2139320 44799 0
1459947871499419 134 2179617 39696 131 2139865 41802 0
1459947871501129 128 2173174 42533 125 2132688 45152 0
1459947871502906 133 2173634 39634 130 2132471 41823 0
1459947871504786 133 2174058 36928 131 2133551 39551 0
1459947871506673 133 2174449 34404 129 2131987 37902 0
1459947871508509 131 2172250 33743 131 2133105 35971 0
1459947871510373 133 2172782 31597 131 2134136 34110 0
1459947871512490 137 2178393 34301 134 2138926 35861 0
1459947871514474 132 2177166 32752 125 2131822 39607 0
1459947871516407 131 2174754 32415 131 2132953 37555 0
1459947871518486 133 2175091 30193 131 2133996 35582 0
1459947871520335 132 2174122 28727 127 2129837 36635 0
1459947871522218 133 2174508 26838 130 2129843 33778 0
1459947871524164 135 2177424 27429 131 2131129 32324 0
1459947871525834 125 2167312 34607 125 2124634 35785 0
1459947871527474 132 2166950 32235 130 2125046 33369 0
1459947871529214 131 2165337 31202 128 2122866 32770 0
1459947871531110 132 2165130 28954 130 2123417 30717 0
1459947871532923 132 2164939 26866 130 2123925 28785 0
1459947871534812 139 2173723 32864 135 2130793 32867 0
1459947871536964 140 2183100 38941 137 2139684 38496 0
1459947871538638 128 2176385 42088 126 2133801 40911 0
1459947871540506 130 2172754 42145 131 2134777 38614 0
1459947871542473 134 2174527 40487 131 2135677 36427 0
1459947871544493 135 2177442 40010 133 2139067 36706 0
1459947871546624 137 2182689 41721 134 2143472 37899 0
1459947871548415 129 2177286 43441 125 2136013 41814 0
1459947871550326 133 2177425 40175 132 2138096 40468 0
1459947871552352 135 2180113 39514 134 2142577 41437 0
1459947871554374 138 2186431 42251 135 2147988 43187 0
1459947871556502 137 2190976 43140 134 2151696 43231 0
1459947871558641 137 2195166 43631 134 2155114 43004 0
1459947871560418 128 2187508 47281 125 2146745 47358 0
1459947871562225 129 2181728 48914 125 2139030 50769 0
1459947871564032 130 2177680 48823 127 2134478 50998 0
1459947871565701 127 2170108 51987 125 2127721 53241 0
1459947871567790 134 2172088 49750 133 2131732 52779 0
1459947871569951 135 2175193 48726 134 2136710 53244 0
1459947871571534 128 2169096 50539 126 2131059 54292 0
1459947871573194 129 2164755 50591 127 2127130 53672 0
1459947871574827 124 2154353 56226 123 2118387 57536 0
1459947871576351 127 2148604 57132 121 2107768 62830 0
1459947871578084 130 2147144 54013 124 2101818 63405 0
1459947871580138 135 2152198 54452 132 2106573 62834 0
1459947871582251 134 2155577 53312 129 2107116 58426 0
1459947871584357 137 2162532 55559 135 2115297 61403 0
1459947871586302 134 2165104 53589 131 2117719 58838 0
1459947871588309 136 2170035 53948 133 2122512 58659 0
1459947871590236 135 2173301 52743 132 2125650 56969 0
1459947871592171 138 2180151 54937 136 2133663 59905 0
1459947871594157 138 2186466 56467 137 2142330 63214 0
1459947871596154 135 2188448 53882 134 2146480 62101 0
1459947871598138 133 2187715 50347 129 2143906 59621 0
1459947871599938 131 2184479 49395 130 2142813 55970 0
1459947871601948 135 2186616 47506 131 2143085 51848 0
1459947871603961 132 2184746 45517 129 2140776 49925 0
1459947871605727 129 2179182 47088 126 2134807 51525 0
1459947871607653 132 2177893 44596 130 2134425 47850 0
1459947871609326 130 2174145 44566 127 2130233 47975 0
1459947871611300 138 2180929 47338 133 2134048 47743 0
1459947871613082 131 2178223 46132 131 2135005 44895 0
1459947871615088 134 2179569 43768 133 2138447 44560 0
1459947871617048 135 2182090 42672 134 2142900 45183 0
1459947871618984 137 2186974 43840 135 2148285 46618 0
1459947871620653 124 2174836 51604 121 2135330 54917 0
1459947871622530 131 2172606 49626 127 2131067 54555 0
1459947871624323 133 2173111 46213 131 2132257 51389 0
1459947871626447 139 2181256 50111 137 2141034 55465 0
1459947871628508 137 2186205 50758 135 2146565 56230 0
1459947871630267 129 2180527 52025 125 2138864 58935 0
1459947871632100 134 2181693 49035 131 2139445 54865 0
1459947871634111 135 2184048 47375 133 2142540 53432 0
1459947871636151 132 2182379 45211 131 2142834 49528 0
1459947871638178 137 2187240 46159 135 2148225 50627 0
1459947871639891 132 2185321 44320 129 2145514 49169 0
1459947871641526 130 2180992 44847 128 2141735 48810 0
1459947871643014 126 2171882 49741 123 2131851 54106 0
1459947871644540 129 2167323 50056 127 2127860 53557 0
1459947871646597 133 2168240 46991 130 2128020 49520 0
1459947871648228 127 2161406 49618 125 2121768 51414 0
1459947871650078 136 2166626 50553 132 2124964 50344 0
1459947871651782 129 2162478 50426 126 2120231 50773 0
1459947871653771 134 2165054 48861 133 2124827 51043 0
1459947871655515 129 2161029 48753 128 2122664 49048 0
1459947871657238 131 2159878 46004 129 2121950 45873 0
1459947871659051 133 2161377 43791 131 2123852 44043 0
1459947871660944 135 2165319 44003 131 2125606 42219 0
1459947871662632 129 2161273 44294 128 2123383 40969 0
1459947871664425 133 2162663 42114 131 2125173 39418 0
1459947871666139 128 2157544 43541 125 2119143 41896 0
1459947871667972 131 2156665 40948 126 2114864 42565 0
1459947871669810 135 2160975 41721 131 2117320 41503 0
1459947871671482 131 2159828 39517 127 2114464 40892 0
1459947871673445 136 2165171 41355 133 2119511 42350 0
1459947871675675 137 2171377 43845 134 2125444 44510 0
1459947871677448 130 2168138 43404 125 2119393 46609 0
1459947871679415 134 2170272 41980 133 2124055 47265 0
1459947871681420 133 2170959 39333 130 2124513 43994 0
1459947871683228 128 2165192 41575 127 2121095 43706 0
1459947871685168 135 2168836 41685 132 2124344 43286 0
1459947871686865 135 2172195 41525 133 2128619 43845 0
1459947871688925 142 2184252 49395 140 2141520 52312 0
1459947871690844 131 2181287 48269 127 2136773 52600 0
1459947871692681 135 2183673 46697 132 2138797 50356 0
1459947871694511 133 2183313 43379 131 2139383 46961 0
1459947871696341 133 2182981 40295 131 2139923 43790 0
1459947871698249 128 2176275 43327 128 2136581 43448 0
1459947871700298 135 2179053 42503 131 2137340 40753 0
1459947871702364 137 2184174 43903 133 2140600 40574 0
1459947871704389 136 2187615 43645 134 2144885 41354 0
1459947871706462 138 2193347 45519 134 2148835 41765 0
1459947871708528 139 2199911 48013 136 2155037 44219 0
1459947871710617 137 2203402 47480 135 2159474 44855 0
1459947871712482 135 2204061 44377 133 2161005 42761 0
1459947871714551 137 2207228 43830 135 2164976 43081 0
1459947871716567 135 2207588 40737 133 2166077 40730 0
1459947871718328 131 2202800 41967 128 2160692 42511 0
1459947871720227 129 2195826 45116 128 2155727 43765 0
1459947871721915 127 2186837 49877 125 2147310 48103 0
1459947871723758 136 2190070 48960 135 2152351 48991 0
1459947871725660 132 2187930 47107 129 2149318 47958 0
1459947871727442 134 2188517 43968 131 2149082 44428 0
1459947871729409 129 2182659 45933 126 2142464 47057 0
1459947871731214 129 2177258 47322 126 2136364 49003 0
1459947871733150 134 2178679 44934 131 2137140 45889 0
1459947871734845 126 2169749 49654 122 2126335 52262 0
1459947871736569 127 2162797 52182 126 2121495 52640 0
1459947871738553 131 2161508 49292 131 2123433 50313 0
1459947871740592 137 2168000 51426 136 2131619 53929 0
1459947871742499 132 2167585 47790 129 2130206 51017 0
1459947871744095 127 2160802 50308 126 2125063 51771 0
1459947871745801 132 2160949 46512 130 2125442 48075 0
1459947871747519 132 2161084 43003 127 2121951 47536 0
1459947871749599 139 2170169 48018 136 2130253 51475 0
1459947871751465 136 2174704 48447 133 2134066 50969 0
1459947871753278 137 2180165 49696 134 2138862 51408 0
1459947871755290 134 2181359 46914 130 2138163 48034 0
1459947871757000 130 2177340 46952 126 2132399 49594 0
1459947871758648 132 2176195 44338 130 2132205 45897 0
1459947871760255 126 2167459 48926 123 2123066 50735 0
1459947871762044 130 2164526 47806 129 2122321 47457 0
1459947871763920 133 2165662 45118 131 2124194 45476 0
1459947871766163 143 2179509 54358 140 2137441 54135 0
1459947871768027 135 2182034 52439 133 2140693 52903 0
1459947871770062 138 2188202 54028 133 2143691 51533 0
1459947871771924 134 2188768 50329 127 2138775 52037 0
1459947871773825 137 2193130 50418 136 2145763 54413 0
1459947871775255 121 2176671 61651 119 2130445 64282 0
1459947871777104 131 2174298 59021 129 2129123 60476 0
1459947871778722 129 2169550 58785 129 2127905 56873 0
1459947871780520 129 2165173 58226 127 2124222 55823 0
1459947871782472 132 2164978 53855 131 2125947 53051 0
1459947871784422 136 2169919 54202 134 2131377 53912 0
1459947871786556 136 2174474 54166 133 2135103 53135 0
1459947871788511 135 2177393 52625 132 2137258 50969 0
1459947871790427 136 2181364 52173 132 2139244 48818 0
1459947871792399 137 2186304 52651 134 2143635 49052 0
1459947871794415 136 2189579 51556 133 2146403 47771 0
1459947871796612 136 2192598 50311 130 2145115 45225 0
1459947871798588 131 2188981 49714 129 2142647 43965 0
1459947871800664 138 2194606 51016 137 2150612 47873 0
1459947871802599 133 2193392 48148 130 2148995 45622 0
1459947871804443 134 2193553 44534 132 2150064 43043 0
1459947871806243 128 2186021 47996 129 2147210 42310 0
1459947871807822 126 2176518 53006 123 2136899 48509 0
1459947871809705 133 2176717 49047 130 2136353 45221 0
1459947871811693 139 2184580 52464 133 2139690 44764 0
1459947871813491 136 2187989 51508 133 2142766 44102 0
1459947871815412 137 2192412 51560 133 2145602 43270 0
1459947871817194 132 2190089 49671 130 2144376 41018 0
1459947871819029 134 2190508 46176 131 2144526 37951 0
1459947871821179 134 2190894 42924 132 2145944 36294 0
1459947871823323 140 2198930 46978 137 2153652 40563 0
1459947871825165 137 2202498 46596 133 2155637 39224 0
1459947871827021 134 2201947 43462 131 2154907 36831 0
1459947871828871 130 2196319 45253 127 2149114 39292 0
1459947871830888 134 2196251 41779 130 2147614 37604 0
1459947871832525 129 2189788 44472 127 2142391 39480 0
1459947871834300 132 2187670 42948 128 2138856 39653 0
1459947871836034 131 2184438 42571 130 2138157 37198 0
1459947871837920 135 2186578 41218 133 2141353 37237 0
1459947871839663 130 2182151 42077 129 2139179 36330 0
1459947871841476 130 2178070 42550 126 2133335 38877 0
1459947871843305 133 2178148 39297 132 2135628 37953 0
1459947871845402 134 2179500 37472 132 2137742 36935 0
1459947871847386 134 2180746 35693 130 2137130 34612 0
1459947871849022 126 2171655 41284 120 2123766 44226 0
1459947871850801 129 2167114 42243 127 2120406 43866 0
1459947871852545 129 2162928 42800 127 2117309 43292 0
1459947871854242 133 2164189 40618 127 2114454 42540 0
1459947871856001 135 2167911 40875 128 2113102 40462 0
1459947871857807 136 2172622 42024 126 2109295 40808 0
1459947871859746 140 2172622 42024 132 2109295 40808 1
1459947871861528 141 2172622 42024 131 2109295 40808 1
1459947871863604 143 2172622 42024 136 2109295 40808 1
1459947871865333 132 2171845 39455 126 2105786 40853 0
1459947871867062 136 2176249 40432 127 2103831 39462 0
1459947871868965 137 2181589 42196 128 2103309 36860 0
1459947871870494 129 2181589 42196 122 2103309 36860 1
1459947871872162 133 2181392 39080 124 2097707 39143 0
1459947871874127 140 2181392 39080 132 2097707 39143 1
1459947871876009 140 2181392 39080 131 2097707 39143 1
1459947871877917 135 2183770 38218 128 2097663 36123 0
1459947871879697 134 2184682 36073 126 2095063 35696 0
1459947871881022 111 2184682 36073 102 2095063 35696 1
1459947871882584 138 2190643 38750 130 2097786 35417 0
1459947871884238 135 2192299 37248 128 2097736 32695 0
1459947871886080 137 2196385 38105 129 2098970 31277 0
1459947871887896 136 2198872 37421 130 2101387 31062 0
1459947871889373 126 2198872 37421 119 2101387 31062 1
1459947871891064 130 2193485 39463 124 2095936 33660 0
1459947871892589 128 2193485 39463 120 2095936 33660 1
1459947871894376 134 2193638 36521 127 2094751 32122 0
1459947871896141 135 2195060 34977 128 2094938 29784 0
1459947871897853 134 2195090 32272 126 2092550 29657 0
1459947871899797 138 2200238 34496 131 2096749 31211 0
1459947871901609 133 2198584 33325 126 2094220 31102 0
1459947871903130 128 2198584 33325 122 2094220 31102 1
1459947871904585 127 2198584 33325 122 2094220 31102 1
1459947871906391 135 2199619 31675 128 2094449 28883 0
1459947871908211 135 2200573 30080 128 2094660 26820 0
1459947871909946 131 2196333 31638 124 2089734 29264 0
1459947871911805 136 2198824 31462 129 2091593 28691 0
1459947871913877 139 2204960 34661 131 2095867 30389 0
1459947871915908 138 2209337 35988 130 2098527 30466 0
1459947871917802 135 2209532 33356 127 2097139 29363 0
1459947871919671 138 2213552 34456 131 2100980 30609 0
1459947871921591 141 2213552 34456 133 2100980 30609 1
1459947871923264 129 2213552 34456 120 2100980 30609 1
1459947871925005 133 2210858 34247 125 2096840 32032 0
1459947871926686 125 2210858 34247 118 2096840 32032 1
1459947871928375 131 2205814 36220 124 2091744 34226 0
1459947871930536 140 2212684 39724 131 2096006 35481 0
1459947871932662 139 2217738 41279 133 2102495 38691 0
1459947871934333 130 2217738 41279 121 2102495 38691 1
1459947871936163 136 2218557 38809 129 2103357 36463 0
1459947871938032 136 2219312 36473 131 2106712 36707 0
1459947871940053 143 2219312 36473 136 2106712 36707 1
1459947871941874 137 2221288 35444 131 2109805 36690 0
1459947871943714 137 2223109 34353 131 2112656 36451 0
1459947871945550 138 2226068 34397 131 2115284 36026 0
1459947871947299 136 2226236 31864 129 2115147 33336 0
1459947871948905 133 2222551 32770 125 2109901 35567 0
1459947871950887 140 2228114 35337 133 2115304 37769 0
1459947871952622 131 2221722 38468 124 2108765 40845 0
1459947871954460 138 2224789 38290 132 2112977 41536 0
1459947871956246 135 2223777 36230 127 2110460 40610 0
1459947871958290 144 2223777 36230 135 2110460 40610 1
1459947871960253 142 2223777 36230 134 2110460 40610 1
1459947871961946 133 2220284 36618 125 2105580 41935 0
1459947871963610 132 2215784 37905 127 2103641 40444 0
1459947871965275 133 2212915 37586 125 2099294 41291 0
1459947871967315 140 2219231 40471 131 2102966 41450 0
1459947871968920 130 2212253 43741 122 2094831 45709 0
1459947871970788 136 2213500 41473 129 2096292 43484 0
1459947871972424 133 2210810 40711 127 2095079 41204 0
1459947871974361 137 2213450 39964 131 2099080 41673 0
1459947871976270 141 2221004 43805 133 2105329 44178 0
1459947871978133 139 2225408 44442 130 2107250 42497 0
1459947871979930 138 2228188 43531 131 2110301 41988 0
1459947871981483 130 2220510 47207 123 2102873 45553 0
1459947871983321 134 2218552 45322 128 2102426 42406 0
1459947871985121 135 2218027 42264 128 2102013 39472 0
1459947871986797 136 2218823 39696 128 2101633 36738 0
1459947871988485 131 2213157 41816 123 2094882 40089 0
1459947871990089 133 2210494 41003 124 2089939 41513 0
1459947871991632 133 2208039 40062 125 2086662 41289 0
1459947871993374 137 2210895 39565 130 2090041 41178 0
1459947871995014 132 2207128 39944 124 2085476 42167 0
1459947871996914 141 2215176 44242 134 2094068 46792 0
1459947871998933 138 2218755 44084 132 2099428 48078 0
1459947872000643 132 2214374 44676 125 2095410 48024 0
1459947872002242 131 2209056 46087 123 2089146 50046 0
1459947872004089 134 2207993 43465 128 2089771 46712 0
1459947872005894 133 2205733 42151 126 2087787 44890 0
1459947872007529 133 2203650 40777 125 2084678 44247 0
1459947872009229 131 2199169 41721 125 2081812 43431 0
1459947872010790 132 2196318 41088 125 2079170 42472 0
1459947872012431 130 2191130 42660 125 2076734 41397 0
1459947872014281 131 2187627 42555 125 2074489 40231 0
1459947872016014 135 2189518 40973 129 2077539 39899 0
1459947872017805 136 2192541 40558 130 2081631 40553 0
1459947872019438 131 2188928 40719 125 2079003 39806 0
1459947872021304 135 2190718 39187 125 2076580 38928 0
1459947872023174 135 2192368 37646 128 2078187 37367 0
1459947872024867 134 2192609 34926 127 2078388 34632 0
1459947872026736 137 2196671 35942 131 2083693 36817 0
1459947872028646 134 2196576 33221 127 2083464 34150 0
1459947872030385 137 2200328 34084 128 2084533 32467 0
1459947872032134 137 2203787 34610 128 2085518 30838 0
1459947872033758 131 2199296 36046 123 2080026 33490 0
1459947872035428 136 2201556 35312 126 2078803 31999 0
1459947872037243 139 2207479 38013 131 2084076 34360 0
1459947872039061 137 2210379 37717 131 2088937 36156 0
1459947872040770 135 2210493 34875 130 2092138 36282 0
1459947872042571 138 2214438 35787 129 2093809 34988 0
1459947872044190 132 2210395 36718 127 2092790 33193 0
1459947872045905 134 2209227 34924 126 2090570 32644 0
1459947872047597 133 2206871 34366 124 2085964 34338 0
1459947872049344 135 2207259 32038 127 2085558 32029 0
1459947872051464 143 2207259 32038 135 2085558 32029 1
1459947872053475 136 2208896 31045 129 2087743 31541 0
1459947872055387 139 2214246 33551 134 2096158 36833 0
1459947872057281 139 2219178 35475 132 2101355 38746 0
1459947872059175 135 2218604 33231 129 2102306 36595 0
1459947872060846 131 2212955 35841 124 2096783 38827 0
1459947872062457 132 2209027 36660 126 2094251 38126 0
1459947872064273 131 2204126 38312 125 2090637 38478 0
1459947872066341 140 2211128 41773 131 2094985 39480 0
1459947872068093 138 2215023 42100 131 2098994 40091 0
1459947872070083 138 2218614 42120 132 2103970 41545 0
1459947872071880 135 2218084 39316 127 2102157 39970 0
1459947872073754 136 2218876 36974 129 2103045 37666 0
1459947872075608 140 2224726 39478 130 2105144 36658 0
1459947872077393 139 2228839 40184 130 2107079 35578 0
1459947872079159 136 2228790 37088 127 2105023 34692 0
1459947872080866 133 2224905 37770 126 2101848 34907 0
1459947872082633 139 2229004 38598 130 2104041 34200 0
1459947872084566 136 2228943 35638 127 2102222 33204 0
1459947872086412 139 2232726 36341 132 2106945 34963 0
1459947872088160 135 2231094 35005 127 2104899 34116 0
1459947872089943 134 2231094 35005 123 2104899 34116 1
1459947872091711 135 2229589 33656 126 2101733 34367 0
1459947872093630 139 2233322 34467 132 2106495 36072 0
1459947872095415 141 2239323 37306 135 2114725 40840 0
1459947872097355 139 2242295 37131 132 2118472 41103 0
1459947872099407 140 2246315 37936 133 2123206 42255 0
1459947872101322 135 2243621 37454 129 2122450 39649 0
1459947872103098 134 2239858 37995 126 2117913 40732 0
1459947872105207 139 2242789 37728 133 2122691 41953 0
1459947872107119 136 2241651 35828 128 2120695 40514 0
1459947872109014 137 2241882 33240 130 2121415 38012 0
1459947872111038 139 2244654 33199 132 2124639 38014 0
1459947872112846 141 2249770 35321 134 2130171 40144 0
1459947872114953 143 2249770 35321 133 2130171 40144 1
1459947872116748 135 2246806 35292 128 2127591 39385 0
1459947872118542 135 2244074 35052 127 2123932 39680 0
1459947872120327 133 2238995 36994 126 2119279 40868 0
1459947872121933 133 2234313 38418 125 2113710 42808 0
1459947872123520 134 2231277 38214 125 2108576 44195 0
1459947872125449 139 2234878 38548 132 2112803 44639 0
1459947872127376 138 2236918 37416 130 2114140 42383 0
1459947872129265 140 2241358 38585 133 2119212 43747 0
1459947872131350 140 2245451 39344 132 2122608 43460 0
1459947872133223 140 2249225 39749 131 2124459 41770 0
1459947872134997 139 2251424 38670 132 2127445 41259 0
1459947872136741 134 2247051 39678 127 2123798 41396 0
1459947872138895 140 2250700 39942 131 2125556 39781 0
1459947872140731 137 2250224 37259 132 2128456 39347 0
1459947872142388 136 2248505 35932 128 2126010 38527 0
1459947872144205 136 2246920 34584 129 2125035 36415 0
1459947872146098 141 2251859 36435 132 2127976 36281 0
1459947872147779 135 2248732 36470 128 2125567 35665 0
1459947872149319 131 2248732 36470 124 2125567 35665 1
1459947872151012 135 2245849 36276 127 2122067 36104 0
1459947872152855 136 2244472 34710 128 2120120 35077 0
1459947872154650 136 2243202 33168 130 2120885 33041 0
1459947872156363 136 2242031 31654 127 2117750 33348 0
1459947872158232 135 2239672 31355 128 2116140 32225 0
1459947872160187 136 2238777 29729 131 2118496 31879 0
1459947872162135 136 2237952 28166 130 2119388 30210 0
1459947872164099 139 2241032 28804 132 2122770 30967 0
1459947872165835 134 2237471 29835 128 2120768 30392 0
1459947872167638 132 2237471 29835 121 2120768 30392 1
1459947872169743 143 2237471 29835 136 2120768 30392 1
1459947872171867 143 2237471 29835 136 2120768 30392 1
1459947872173852 142 2237471 29835 134 2120768 30392 1
1459947872175846 137 2238028 28018 130 2121483 28676 0
1459947872177716 136 2237262 26535 130 2122142 27042 0
1459947872179363 134 2233995 27471 127 2118909 27908 0
1459947872181214 135 2232264 26919 128 2117209 27293 0
1459947872182909 137 2233228 25704 128 2115642 26604 0
1459947872184680 136 2232837 24055 129 2115477 24676 0
1459947872186441 135 2231196 23687 126 2111485 26427 0
1459947872188313 137 2232243 22802 131 2114205 26869 0
1459947872190048 136 2231929 21309 128 2112872 25997 0
1459947872191720 137 2232919 20557 127 2110363 26277 0
1459947872193515 138 2235112 20971 130 2111890 25632 0
1459947872195042 128 2235112 20971 121 2111890 25632 1
1459947872196967 137 2235853 20015 130 2113298 24927 0
1459947872198916 140 2235853 20015 134 2113298 24927 1
1459947872200988 140 2235853 20015 132 2113298 24927 1
1459947872202851 139 2239096 21441 131 2115876 25356 0
1459947872204763 138 2240806 21342 131 2118253 25566 0
1459947872206680 137 2241103 19947 128 2116604 25087 0
1459947872208327 129 2241103 19947 123 2116604 25087 1
1459947872210075 139 2243936 21000 131 2118924 25266 0
1459947872211911 139 2246548 21767 130 2119783 24083 0
1459947872213667 137 2246396 20205 132 2123134 25291 0
1459947872215474 135 2243696 21114 129 2122384 24006 0
1459947872217343 138 2245047 20709 131 2124252 23852 0
1459947872219054 132 2245047 20709 124 2124252 23852 1
1459947872220909 137 2245012 19122 130 2124694 22396 0
1459947872222661 137 2244980 17657 129 2123822 21449 0
1459947872224586 140 2244980 17657 132 2123822 21449 1
1459947872226489 137 2244950 16303 127 2120458 22873 0
1459947872228121 130 2244950 16303 123 2120458 22873 1
1459947872230145 140 2244950 16303 131 2120458 22873 1
1459947872232116 141 2244950 16303 133 2120458 22873 1
1459947872233954 137 2244923 15053 130 2121197 21767 0
1459947872235860 139 2247458 16213 131 2123158 21874 0
1459947872237608 138 2248515 15920 127 2119846 23217 0
1459947872239527 136 2246929 16137 130 2120633 22128 0
1459947872241515 136 2245467 16223 130 2121358 21067 0
1459947872243144 135 2242839 17376 127 2118186 22344 0
1459947872244754 135 2240417 18250 127 2115262 23292 0
1459947872246387 131 2240417 18250 123 2115262 23292 1
1459947872248258 139 2243304 19485 132 2118967 24887 0
1459947872250106 142 2243304 19485 134 2118967 24887 1
1459947872251723 130 2243304 19485 120 2118967 24887 1
1459947872253386 132 2243304 19485 124 2118967 24887 1
1459947872255354 139 2245965 20415 129 2118542 23333 0
1459947872257110 137 2245858 18917 128 2116870 23050 0
1459947872258769 133 2245858 18917 125 2116870 23050 1
1459947872260308 130 2245858 18917 123 2116870 23050 1
1459947872262153 136 2244480 18709 128 2115329 22669 0
1459947872263907 131 2244480 18709 124 2115329 22669 1
1459947872265559 132 2244480 18709 125 2115329 22669 1
1459947872266950 124 2244480 18709 115 2115329 22669 1
1459947872268660 135 2241930 19597 127 2112628 23386 0
1459947872270282 130 2241930 19597 122 2112628 23386 1
1459947872272027 136 2240859 19052 127 2110138 23852 0
1459947872273803 136 2239871 18472 126 2106563 25283 0
1459947872275663 134 2236401 20226 127 2104547 25164 0
1459947872277544 137 2237042 19236 131 2107809 26205 0
1459947872279256 135 2235073 19548 128 2106976 24924 0
1459947872280954 135 2233257 19693 128 2106208 23683 0
1459947872282763 135 2231583 19696 130 2108060 23539 0
1459947872284377 138 2233880 20275 130 2109767 23274 0
1459947872286272 138 2235998 20643 130 2111341 22906 0
1459947872288181 142 2235998 20643 133 2111341 22906 1
1459947872290028 136 2235998 20643 124 2111341 22906 1
1459947872291634 131 2235998 20643 123 2111341 22906 1
1459947872293132 133 2231550 23129 126 2107672 24497 0
1459947872295053 138 2233850 23442 131 2110690 25365 0
1459947872296821 137 2234690 22384 127 2108352 25538 0
1459947872298531 135 2232904 22280 128 2107477 24348 0
1459947872300251 137 2233818 21381 130 2109230 24061 0
1459947872301833 132 2233818 21381 124 2109230 24061 1
1459947872303707 137 2234660 20487 129 2109566 22491 0
1459947872305371 132 2234660 20487 125 2109566 22491 1
1459947872307312 141 2234660 20487 131 2109566 22491 1
1459947872309052 137 2235437 19602 130 2111156 22198 0
1459947872311064 137 2236153 18730 128 2110061 21471 0
1459947872312676 135 2234253 19017 126 2106492 23082 0
1459947872314307 132 2234253 19017 123 2106492 23082 1
1459947872316023 136 2233781 17965 130 2108322 22965 0
1459947872317645 135 2232066 18141 128 2107449 21974 0
1459947872319372 136 2231765 16999 129 2107924 20695 0
1459947872321308 137 2232768 16595 129 2108362 19482 0
1459947872322904 131 2232768 16595 122 2108362 19482 1
1459947872324446 126 2232768 16595 121 2108362 19482 1
1459947872326112 129 2232768 16595 121 2108362 19482 1
1459947872327996 139 2232768 16595 130 2108362 19482 1
1459947872329450 129 2232768 16595 120 2108362 19482 1
1459947872330771 122 2232768 16595 114 2108362 19482 1
1459947872332465 134 2232768 16595 125 2108362 19482 1
1459947872334243 135 2231133 16805 127 2106206 19946 0
1459947872335997 132 2231133 16805 125 2106206 19946 1
1459947872337626 132 2231133 16805 123 2106206 19946 1
1459947872339429 134 2228345 18061 128 2105498 19039 0
1459947872341370 139 2228345 18061 131 2105498 19039 1
1459947872343173 137 2229615 17820 131 2108685 20489 0
1459947872345127 142 2229615 17820 134 2108685 20489 1
1459947872346843 138 2232066 18686 130 2110343 20417 0
1459947872348525 131 2232066 18686 122 2110343 20417 1
1459947872350292 138 2234325 19309 128 2109312 19771 0
1459947872351829 131 2234325 19309 125 2109312 19771 1
1459947872353498 135 2232568 19419 128 2108362 19101 0
1459947872355035 130 2232568 19419 121 2108362 19101 1
1459947872356776 136 2232228 18213 128 2107486 18415 0
1459947872358716 136 2231915 17078 128 2106678 17720 0
1459947872360487 135 2230346 17188 128 2105933 17021 0
1459947872362308 138 2232740 18052 128 2105246 16323 0
1459947872364152 140 2232740 18052 133 2105246 16323 1
1459947872365826 132 2232740 18052 123 2105246 16323 1
1459947872367627 136 2232387 16966 126 2102053 17989 0
1459947872369471 140 2232387 16966 131 2102053 17989 1
1459947872371169 136 2232061 15939 129 2102950 17410 0
1459947872372734 133 2232061 15939 125 2102950 17410 1
1459947872374360 134 2232061 15939 125 2102950 17410 1
1459947872376106 131 2232061 15939 125 2102950 17410 1
1459947872377741 129 2232061 15939 124 2102950 17410 1
1459947872379481 135 2230481 16149 128 2102497 16466 0
1459947872381207 138 2232864 17084 130 2104639 17154 0
1459947872382849 127 2232864 17084 121 2104639 17154 1
1459947872384883 141 2232864 17084 134 2104639 17154 1
1459947872386728 136 2232501 16083 129 2105334 16453 0
1459947872388412 129 2232501 16083 124 2105334 16453 1
1459947872390062 134 2232501 16083 125 2105334 16453 1
1459947872391760 131 2232501 16083 122 2105334 16453 1
1459947872393369 135 2230886 16313 128 2104694 15756 0
1459947872395095 135 2229398 16409 129 2105384 15161 0
1459947872396753 134 2229398 16409 126 2105384 15161 1
1459947872398684 131 2229398 16409 125 2105384 15161 1
1459947872400761 136 2229398 16409 126 2105384 15161 1
1459947872402900 139 2229398 16409 131 2105384 15161 1
1459947872404745 136 2229306 15211 128 2104740 14568 0
1459947872406640 134 2229306 15211 126 2104740 14568 1
1459947872408461 137 2230501 15124 129 2105427 14062 0
1459947872410453 140 2230501 15124 133 2105427 14062 1
1459947872412426 138 2232883 16138 129 2106060 13547 0
1459947872414139 133 2232883 16138 126 2106060 13547 1
1459947872415946 128 2232883 16138 120 2106060 13547 1
1459947872417873 136 2232519 15212 129 2106644 13026 0
1459947872419574 134 2232519 15212 126 2106644 13026 1
1459947872421415 136 2232183 14332 130 2108462 13684 0
1459947872423192 141 2232183 14332 133 2108462 13684 1
1459947872424881 137 2233153 14106 131 2111418 15339 0
1459947872426822 136 2232767 13357 129 2111583 14292 0
1459947872428792 136 2232412 12640 131 2114295 15675 0
1459947872430780 139 2232412 12640 130 2114295 15675 1
1459947872432650 137 2233364 12530 131 2116795 16755 0
1459947872434038 120 2233364 12530 112 2116795 16755 1
1459947872435746 132 2233364 12530 125 2116795 16755 1
1459947872437674 137 2234242 12360 129 2116540 15680 0
1459947872439687 142 2234242 12360 132 2116540 15680 1
1459947872441615 143 2234242 12360 135 2116540 15680 1
1459947872443462 139 2234242 12360 132 2116540 15680 1
1459947872445204 134 2234242 12360 126 2116540 15680 1
1459947872447073 135 2234242 12360 126 2116540 15680 1
1459947872448711 135 2232491 13007 129 2116305 14671 0
1459947872450280 130 2232491 13007 123 2116305 14671 1
1459947872452089 138 2234717 14042 129 2116088 13723 0
1459947872453880 135 2232929 14591 128 2114608 14013 0
1459947872455902 138 2235121 15472 130 2115804 14020 0
1459947872457691 137 2235862 14946 129 2115626 13087 0
1459947872459452 137 2235862 14946 127 2115626 13087 1
1459947872461533 146 2235862 14946 137 2115626 13087 1
1459947872463186 132 2235862 14946 122 2115626 13087 1
1459947872464764 133 2235862 14946 125 2115626 13087 1
1459947872466270 126 2235862 14946 120 2115626 13087 1
1459947872467847 133 2235862 14946 124 2115626 13087 1
1459947872469781 140 2235862 14946 129 2115626 13087 1
1459947872471489 136 2235265 14328 129 2115462 12214 0
1459947872473119 131 2235265 14328 121 2115462 12214 1
1459947872474776 132 2235265 14328 124 2115462 12214 1
1459947872476454 131 2235265 14328 125 2115462 12214 1
1459947872478536 138 2237274 15060 130 2116591 12300 0
1459947872480419 140 2237274 15060 131 2116591 12300 1
1459947872482028 135 2237274 15060 126 2116591 12300 1
1459947872483643 135 2235286 15714 128 2115072 12739 0
1459947872485419 136 2234734 14994 129 2114952 11853 0
1459947872487162 137 2235505 14533 128 2113561 12207 0
1459947872488942 137 2236216 14052 131 2116119 13611 0
1459947872490687 133 2231751 17069 127 2113357 15093 0
1459947872492540 140 2231751 17069 131 2113357 15093 1
1459947872494390 139 2231751 17069 132 2113357 15093 1
1459947872496188 135 2230195 17168 128 2112090 15080 0
1459947872498006 135 2228761 17147 127 2109642 16156 0
1459947872499927 141 2228761 17147 135 2109642 16156 1
1459947872501876 141 2228761 17147 131 2109642 16156 1
1459947872503721 139 2228761 17147 132 2109642 16156 1
1459947872505660 140 2228761 17147 133 2109642 16156 1
1459947872507637 137 2229999 16948 129 2109946 15173 0
1459947872509610 136 2229860 15750 129 2110226 14245 0
1459947872511130 129 2229860 15750 120 2110226 14245 1
1459947872512529 127 2229860 15750 119 2110226 14245 1
1459947872513910 122 2229860 15750 116 2110226 14245 1
1459947872515577 130 2229860 15750 122 2110226 14245 1
1459947872517414 137 2231012 15581 130 2111764 14550 0
1459947872519236 137 2232074 15342 130 2113182 14720 0
1459947872521031 136 2231773 14420 130 2114489 14775 0
1459947872522467 134 2231773 14420 125 2114489 14775 1
1459947872524190 134 2231773 14420 125 2114489 14775 1
1459947872525782 134 2231773 14420 126 2114489 14775 1
1459947872527426 132 2231773 14420 124 2114489 14775 1
1459947872528911 128 2231773 14420 121 2114489 14775 1
1459947872530550 131 2231773 14420 123 2114489 14775 1
1459947872532008 121 2231773 14420 116 2114489 14775 1
1459947872533632 127 2231773 14420 122 2114489 14775 1
1459947872535511 137 2232775 14217 132 2118254 17091 0
1459947872537419 139 2232775 14217 132 2118254 17091 1
1459947872539510 140 2232775 14217 133 2118254 17091 1
1459947872541285 133 2232775 14217 125 2118254 17091 1
1459947872543162 137 2233699 13958 132 2121725 18955 0
1459947872544951 137 2234551 13652 131 2123645 19244 0
1459947872546737 135 2232776 14220 128 2121575 19648 0
1459947872548436 136 2232420 13436 127 2118386 21051 0
1459947872550249 140 2232420 13436 132 2118386 21051 1
1459947872552270 141 2232420 13436 133 2118386 21051 1
1459947872553784 123 2232420 13436 116 2118386 21051 1
1459947872555559 137 2233372 13263 129 2118007 19755 0
1459947872557074 128 2233372 13263 120 2118007 19755 1
1459947872558892 136 2232969 12596 129 2117657 18532 0
1459947872560451 135 2232969 12596 126 2117657 18532 1
1459947872562246 136 2232969 12596 126 2117657 18532 1
1459947872563922 133 2232969 12596 126 2117657 18532 1
1459947872565878 138 2235158 13629 130 2118615 17967 0
1459947872567664 135 2233336 14243 128 2116938 18108 0
1459947872569391 132 2233336 14243 123 2116938 18108 1
1459947872570972 135 2233336 14243 124 2116938 18108 1
1459947872572768 138 2235496 15121 129 2116672 16938 0
1459947872574373 131 2235496 15121 122 2116672 16938 1
1459947872576074 136 2234927 14462 128 2115147 17019 0
1459947872577852 134 2234927 14462 124 2115147 17019 1
1459947872579659 137 2235683 14029 128 2113741 16985 0
1459947872581507 132 2235683 14029 124 2113741 16985 1
1459947872583159 135 2233820 14649 128 2112444 16852 0
1459947872584782 132 2233820 14649 123 2112444 16852 1
1459947872586441 133 2229542 17446 128 2111249 16636 0
1459947872588561 139 2229542 17446 133 2111249 16636 1
1459947872590363 136 2229439 16177 128 2110147 16351 0
1459947872592199 138 2231904 17185 132 2114251 18857 0
1459947872593747 132 2231904 17185 125 2114251 18857 1
1459947872595471 135 2230336 17287 128 2112915 18614 0
1459947872597138 128 2230336 17287 121 2112915 18614 1
1459947872599049 142 2230336 17287 134 2112915 18614 1
1459947872600892 135 2228891 17268 130 2114243 18383 0
1459947872602605 130 2228891 17268 119 2114243 18383 1
1459947872604353 134 2226278 18325 127 2111627 19356 0
1459947872606058 130 2226278 18325 123 2111627 19356 1
1459947872607835 134 2223870 19112 129 2111776 17980 0
1459947872609795 137 2225490 19111 129 2111913 16701 0
1459947872611790 138 2228263 20173 132 2115879 19052 0
1459947872613733 139 2232099 22133 131 2118255 19754 0
1459947872615138 125 2232099 22133 118 2118255 19754 1
1459947872616640 124 2232099 22133 118 2118255 19754 1
1459947872618399 139 2235636 23663 132 2121726 21410 0
1459947872620175 134 2235636 23663 126 2121726 21410 1
1459947872622035 135 2233776 23527 127 2118526 22686 0
1459947872624030 138 2235902 23648 132 2121976 24093 0
1459947872626014 135 2234022 23532 127 2118756 25177 0
1459947872628037 135 2232289 23290 129 2118348 23585 0
1459947872629727 133 2228131 25302 126 2114132 25628 0
1459947872631270 129 2228131 25302 120 2114132 25628 1
1459947872633218 140 2233258 28051 131 2116645 25942 0
1459947872635174 138 2235424 27856 129 2116402 24138 0
1459947872637398 147 2235424 27856 141 2116402 24138 1
1459947872639269 139 2238701 28700 131 2118738 24405 0
1459947872641157 137 2239162 26882 128 2117051 24052 0
1459947872642873 132 2239162 26882 123 2117051 24052 1
1459947872644564 133 2239162 26882 125 2117051 24052 1
1459947872646269 135 2237027 26748 129 2116776 22425 0
1459947872647845 131 2237027 26748 123 2116776 22425 1
1459947872649680 138 2238899 26384 130 2117802 21619 0
1459947872651237 133 2238899 26384 125 2117802 21619 1
1459947872652903 135 2236785 26270 128 2116188 21417 0
1459947872654600 133 2236785 26270 124 2116188 21417 1
1459947872656570 142 2236785 26270 135 2116188 21417 1
1459947872658354 134 2233556 27193 126 2112140 23473 0
1459947872660275 139 2236979 28224 131 2114809 24099 0
1459947872662013 130 2236979 28224 124 2114809 24099 1
1459947872663713 133 2236979 28224 124 2114809 24099 1
1459947872665382 132 2231175 31369 127 2112149 24667 0
1459947872667102 137 2232224 29885 129 2112257 22838 0
1459947872668952 131 2232224 29885 124 2112257 22838 1
1459947872670908 136 2231911 27838 128 2111076 22140 0
1459947872672841 138 2234182 27757 132 2115108 24127 0
1459947872674900 145 2234182 27757 138 2115108 24127 1
1459947872677062 141 2234182 27757 132 2115108 24127 1
1459947872678920 134 2231156 28377 127 2112425 24715 0
1459947872680805 132 2231156 28377 121 2112425 24715 1
1459947872682641 137 2232206 27128 129 2112511 22864 0
1459947872684450 135 2230614 26474 128 2111311 22183 0
1459947872686282 136 2230427 24577 129 2111484 20609 0
1459947872687666 122 2230427 24577 116 2111484 20609 1
1459947872689220 127 2230427 24577 119 2111484 20609 1
1459947872690727 125 2230427 24577 117 2111484 20609 1
1459947872692352 135 2228974 23994 129 2111644 19145 0
1459947872694085 141 2228974 23994 133 2111644 19145 1
1459947872695985 141 2228974 23994 136 2111644 19145 1
1459947872697673 136 2228915 22172 128 2110511 18692 0
1459947872699251 133 2225021 24028 126 2106907 20553 0
1459947872700949 132 2225021 24028 123 2106907 20553 1
1459947872702577 129 2225021 24028 122 2106907 20553 1
1459947872704388 135 2223991 23099 128 2106144 19649 0
1459947872706148 138 2226881 23958 130 2108001 19825 0
1459947872707679 132 2226881 23958 125 2108001 19825 1
1459947872709304 135 2225705 23169 127 2105873 20237 0
1459947872711282 137 2227181 22719 130 2107751 20386 0
1459947872712943 133 2223422 24408 127 2105642 20736 0
1459947872714899 139 2227637 26386 132 2110098 23224 0
1459947872716761 136 2227682 24366 126 2106526 24701 0
1459947872718689 139 2231564 26041 132 2110913 26815 0
1459947872720395 138 2233863 26125 130 2112397 26088 0
1459947872722037 132 2228302 29209 128 2111205 25146 0
1459947872723769 131 2228302 29209 123 2111205 25146 1
1459947872725472 129 2228302 29209 122 2111205 25146 1
1459947872727096 130 2228302 29209 123 2111205 25146 1
1459947872728764 132 2223175 31652 125 2106267 27733 0
1459947872730491 137 2224849 30722 128 2105554 26222 0
1459947872732246 141 2224849 30722 132 2105554 26222 1
1459947872734014 138 2227672 30924 130 2107457 25927 0
1459947872735979 138 2230275 30907 129 2107931 24338 0
1459947872737927 138 2232674 30704 128 2107088 23212 0
1459947872739459 118 2232674 30704 113 2107088 23212 1
1459947872740790 96 2232674 30704 92 2107088 23212 1
1459947872742072 94 2232674 30704 88 2107088 23212 1
1459947872743275 105 2232674 30704 99 2107088 23212 1
1459947872744952 138 2234886 30344 130 2108871 23042 0
1459947872746538 137 2235645 28673 128 2107955 22084 0
1459947872748116 133 2235645 28673 125 2107955 22084 1
1459947872749836 136 2235065 26966 129 2108391 20759 0
1459947872751585 136 2235065 26966 124 2108391 20759 1
1459947872753385 138 2237090 26726 128 2107512 19946 0
1459947872755236 135 2235117 26456 127 2105422 20313 0
1459947872757136 134 2232018 27245 128 2104775 19321 0
1459947872758770 129 2232018 27245 123 2104775 19321 1
1459947872760516 131 2232018 27245 123 2104775 19321 1
1459947872762188 132 2232018 27245 122 2104775 19321 1
1459947872763932 137 2233001 26022 131 2108019 20802 0
1459947872765641 133 2233001 26022 124 2108019 20802 1
1459947872767380 133 2228787 27872 126 2104610 22318 0
1459947872769179 137 2230023 26833 129 2105307 21216 0
1459947872770770 129 2230023 26833 121 2105307 21216 1
1459947872772486 138 2232442 26966 131 2108509 22510 0
1459947872774123 136 2232112 25162 128 2107621 21568 0
1459947872776035 139 2235648 26456 128 2106803 20636 0
1459947872777696 132 2235648 26456 124 2106803 20636 1
1459947872779469 134 2232508 27283 127 2104769 20898 0
1459947872781192 135 2230893 26639 126 2101613 22173 0
1459947872783025 138 2233244 26724 130 2103824 22478 0
1459947872784907 138 2235411 26634 131 2107142 23780 0
1459947872786737 136 2234849 25070 129 2107641 22382 0
1459947872788527 134 2231771 25948 127 2105541 22568 0
1459947872790652 143 2231771 25948 134 2105541 22568 1
1459947872792446 139 2235333 27204 131 2108725 23739 0
1459947872794261 137 2236057 25746 128 2107820 22717 0
1459947872795995 134 2236057 25746 124 2107820 22717 1
1459947872797990 135 2234165 25478 128 2106986 21710 0
1459947872799832 140 2238820 27779 129 2107497 20484 0
1459947872801604 133 2234152 29911 126 2104128 21988 0
1459947872803313 132 2228568 32720 126 2101023 23132 0
1459947872805029 137 2229821 31318 129 2102000 22225 0
1459947872806957 139 2233536 32296 131 2105461 23678 0
1459947872808591 137 2234401 30569 131 2108651 24769 0
1459947872810641 143 2234401 30569 134 2108651 24769 1
1459947872812458 138 2236478 30095 129 2109032 23184 0
1459947872814175 133 2231993 31877 126 2105543 24587 0
1459947872815769 128 2231993 31877 119 2105543 24587 1
1459947872817530 135 2230418 30837 126 2102327 25630 0
1459947872819349 137 2231526 29449 128 2101922 23999 0
1459947872820997 136 2231268 27385 126 2098989 24827 0
1459947872822885 137 2232310 26205 130 2101405 25114 0
1459947872824680 135 2230710 25631 127 2099792 24637 0
1459947872826604 140 2235635 28169 131 2103425 26061 0
1459947872828367 134 2232496 28861 127 2101654 25655 0
1459947872830080 139 2236002 29838 130 2103862 25685 0
1459947872831591 133 2236002 29838 124 2103862 25685 1
1459947872833295 135 2234114 29246 128 2103337 24161 0
1459947872835187 139 2237493 30076 129 2104133 23007 0
1459947872836998 135 2235488 29573 129 2104867 21886 0
1459947872838769 135 2233640 28965 129 2105544 20800 0
1459947872840702 139 2237056 29852 130 2107448 20930 0
1459947872842500 136 2236366 28155 128 2106643 20035 0
1459947872844335 134 2233169 28901 128 2105901 19152 0
1459947872846161 138 2235342 28646 129 2106497 18204 0
1459947872847923 134 2235342 28646 125 2106497 18204 1
1459947872849805 139 2238625 29435 131 2109606 19648 0
1459947872851496 138 2240372 28745 131 2112473 20756 0
1459947872853311 136 2239422 27373 127 2109996 21417 0
1459947872855079 137 2239827 25607 127 2107712 21848 0
1459947872857019 138 2241480 25130 131 2110727 22920 0
1459947872858707 131 2241480 25130 125 2110727 22920 1
1459947872860339 136 2240444 24120 129 2110946 21331 0
1459947872862274 139 2243329 24894 131 2113708 22210 0
1459947872863928 136 2242148 24036 127 2111134 22846 0
1459947872865590 134 2238500 25520 129 2111321 21234 0
1459947872867602 142 2238500 25520 134 2111321 21234 1
1459947872869769 146 2238500 25520 138 2111321 21234 1
1459947872871573 137 2238977 23965 129 2111494 19734 0
1459947872873155 129 2238977 23965 121 2111494 19734 1
1459947872875045 135 2236856 24046 128 2110373 19224 0
1459947872876732 135 2236856 24046 125 2110373 19224 1
1459947872878707 137 2237461 22725 129 2110620 17949 0
1459947872880492 136 2236739 21614 127 2108287 18695 0
1459947872882427 140 2236739 21614 133 2108287 18695 1
1459947872884304 138 2238633 21671 130 2109977 18792 0
1459947872886044 134 2238633 21671 125 2109977 18792 1
1459947872887803 136 2238633 21671 124 2109977 18792 1
1459947872889458 136 2237819 20726 128 2108975 18246 0
1459947872891515 140 2237819 20726 132 2108975 18246 1
1459947872893490 139 2240909 21954 130 2110611 18328 0
1459947872895319 140 2245037 24044 133 2115959 21826 0
1459947872897260 141 2245037 24044 132 2115959 21826 1
1459947872898905 132 2245037 24044 125 2115959 21826 1
1459947872900641 136 2243723 23375 127 2113209 22654 0
1459947872902435 138 2245072 22791 131 2115794 23267 0
1459947872904230 138 2246315 22156 130 2116897 22466 0
1459947872906131 138 2247461 21482 129 2116634 20952 0
1459947872908022 140 2251078 23137 133 2121511 23811 0
1459947872909608 136 2249292 22974 127 2118327 24884 0
1459947872911347 135 2246366 23876 127 2115392 25644 0
1459947872913196 142 2246366 23876 135 2115392 25644 1
1459947872915215 140 2250068 25423 131 2117807 25866 0
1459947872917291 140 2253481 26582 133 2122593 28257 0
1459947872919011 136 2251507 26323 128 2120605 27881 0
1459947872920571 129 2251507 26323 123 2120605 27881 1
1459947872922459 135 2248408 27122 130 2121332 26372 0
1459947872924423 139 2250671 27089 131 2123282 26109 0
1459947872926211 138 2251477 25715 132 2126360 26907 0
1459947872928196 140 2254780 26751 131 2127918 26240 0
1459947872930039 138 2255265 25108 131 2129354 25514 0
1459947872932010 137 2254432 23913 126 2124278 28199 0
1459947872933798 133 2248544 27471 128 2122158 27948 0
1459947872935585 133 2248544 27471 124 2122158 27948 1
1459947872937238 130 2248544 27471 119 2122158 27948 1
1459947872938879 132 2248544 27471 123 2122158 27948 1
1459947872940563 133 2248544 27471 125 2122158 27948 1
1459947872942413 135 2245676 27967 126 2117644 29924 0
1459947872944244 137 2245592 25858 130 2118603 28470 0
1459947872946032 139 2248075 26126 132 2122047 29420 0
1459947872947732 133 2242684 29053 125 2116262 32453 0
1459947872949498 136 2241554 27824 128 2114769 31293 0
1459947872951020 132 2241554 27824 123 2114769 31293 1
1459947872952691 131 2234112 32510 126 2110832 32476 0
1459947872954515 136 2233652 30394 130 2112323 31312 0
1459947872956297 138 2235787 29988 130 2113697 30132 0
1459947872958226 136 2235196 28189 130 2114964 28945 0
1459947872959820 133 2230811 30028 125 2109732 31505 0
1459947872961612 136 2230608 27868 128 2108749 29949 0
1459947872963331 136 2230421 25861 129 2109122 27953 0
1459947872965023 131 2230421 25861 124 2109122 27953 1
1459947872966647 133 2226409 27538 126 2105626 28991 0
1459947872968588 136 2226550 25516 128 2104963 27336 0
1459947872970663 139 2230520 27182 131 2108192 28177 0
1459947872972722 139 2234180 28432 131 2111169 28719 0
1459947872974770 139 2237554 29321 130 2112633 27825 0
1459947872976792 139 2240665 29898 132 2116543 29256 0
1459947872978246 127 2240665 29898 121 2116543 29256 1
1459947872979870 131 2233293 34358 126 2112468 30726 0
1459947872981416 124 2233293 34358 117 2112468 30726 1
1459947872983103 131 2233293 34358 124 2112468 30726 1
1459947872984931 138 2235456 33668 129 2112551 28401 0
1459947872986643 136 2234891 31557 126 2108787 29650 0
1459947872988191 133 2230530 33111 125 2104038 31710 0
1459947872990058 138 2232909 32717 130 2106060 31096 0
1459947872991915 138 2235102 32182 129 2106644 29204 0
1459947872993840 136 2234564 30162 127 2104622 28785 0
1459947872995469 130 2234564 30162 122 2104622 28785 1
1459947872996907 126 2234564 30162 119 2104622 28785 1
1459947872998519 130 2234564 30162 121 2104622 28785 1
1459947873000334 139 2237908 30888 128 2104038 27073 0
1459947873002174 135 2235871 30351 129 2104780 25641 0
1459947873004279 144 2235871 30351 137 2104780 25641 1
1459947873005982 130 2235871 30351 124 2104780 25641 1
1459947873007739 135 2233993 29709 126 2101624 26546 0
1459947873009562 133 2229702 31342 126 2098714 27154 0
1459947873011008 129 2229702 31342 121 2098714 27154 1
1459947873012686 135 2228306 30179 127 2097311 26324 0
1459947873014663 139 2232139 31355 132 2102418 28975 0
1459947873016252 132 2226713 33906 125 2098166 30630 0
1459947873018086 134 2224271 33508 128 2098086 28309 0
1459947873020084 140 2229699 35894 130 2100573 28389 0
1459947873022175 141 2235983 38882 132 2105425 30644 0
1459947873023987 140 2240496 40005 131 2108618 31193 0
1459947873026121 140 2244657 40715 133 2114122 33830 0
1459947873027914 137 2244653 37537 129 2114076 31229 0
1459947873029699 135 2242089 36967 128 2112753 30007 0
1459947873031382 133 2237165 38616 126 2108974 31145 0
1459947873033232 136 2236466 36242 129 2109330 29039 0
1459947873034995 134 2233262 36363 127 2107098 28827 0
1459947873036880 135 2231588 35064 127 2105040 28470 0
1459947873038456 132 2231588 35064 122 2105040 28470 1
1459947873040187 135 2230045 33746 128 2104423 26813 0
1459947873042024 138 2232462 33337 131 2107694 27734 0
1459947873043852 136 2232130 31037 130 2109430 27167 0
1459947873045772 139 2235664 31870 132 2113590 28879 0
1459947873047420 134 2232522 32275 127 2111025 28985 0
1459947873049121 135 2230906 31242 127 2108661 28899 0
1459947873050754 133 2226856 32534 125 2103921 31009 0
1459947873052345 132 2221842 34613 124 2098272 33793 0
1459947873054044 134 2219780 33808 127 2096904 32412 0
1459947873055838 133 2216599 34097 125 2093083 33401 0
1459947873057617 135 2216227 31775 129 2094680 32264 0
1459947873059535 140 2222284 34876 131 2098713 33461 0
1459947873061506 140 2227868 37298 130 2101151 33093 0
1459947873063199 133 2224055 37898 126 2098278 33154 0
1459947873064912 136 2224380 35237 128 2098190 30644 0
1459947873066714 135 2223400 33387 126 2095548 30683 0
1459947873068688 137 2225056 32305 128 2095673 28400 0
1459947873070593 138 2227863 32369 130 2098348 28647 0
1459947873072370 135 2226611 30993 128 2098254 26494 0
1459947873074139 133 2222897 31994 127 2096887 25683 0
1459947873075820 135 2222033 30290 127 2095627 24836 0
1459947873077581 133 2218676 31017 126 2093186 25145 0
1459947873079425 138 2221981 31640 131 2097335 27005 0
1459947873081257 137 2223748 30797 130 2099880 27241 0
1459947873082971 132 2218977 32787 124 2094546 30028 0
1459947873084596 132 2214579 34278 125 2090909 31034 0
1459947873086504 137 2216925 33762 129 2092676 30238 0
1459947873088469 136 2217807 31937 130 2095585 30557 0
1459947873090415 137 2219900 31371 128 2095707 28281 0
1459947873092231 135 2219270 29500 125 2091979 29506 0
1459947873093603 127 2219270 29500 119 2091979 29506 1
1459947873095448 134 2217409 28910 127 2091103 28007 0
1459947873097331 137 2219533 28609 129 2092855 27433 0
1459947873099301 141 2219533 28609 134 2092855 27433 1
1459947873101279 140 2225331 31719 133 2099590 31498 0
1459947873103167 138 2228117 31808 131 2103239 32401 0
1459947873104875 134 2225565 31675 126 2100203 32667 0
1459947873106761 138 2228332 31751 129 2101244 31074 0
1459947873108569 139 2232163 32802 130 2103484 30711 0
1459947873110455 137 2233135 31135 130 2105549 30214 0
1459947873112322 137 2234031 29528 129 2106172 28428 0
1459947873113996 133 2229737 31179 126 2102907 29216 0
1459947873115724 134 2227058 31211 127 2101177 28527 0
1459947873117504 136 2227149 28855 129 2102142 27188 0
1459947873119442 144 2227149 28855 136 2102142 27188 1
1459947873121294 136 2227232 26677 130 2104312 27063 0
1459947873123120 136 2227309 24663 128 2103752 25463 0
1459947873124712 132 2227309 24663 124 2103752 25463 1
1459947873126382 136 2227380 22801 127 2101956 25128 0
1459947873128295 138 2230005 23439 131 2105420 26358 0
1459947873130097 134 2227305 24095 127 2103494 26073 0
1459947873131802 135 2226096 23325 127 2101718 25672 0
1459947873133664 138 2228822 24015 130 2103921 25697 0
1459947873135528 139 2232615 25634 131 2107232 26741 0
1459947873137582 143 2232615 25634 135 2107232 26741 1
1459947873139370 141 2232615 25634 133 2107232 26741 1
1459947873141070 136 2232271 23947 130 2109004 26285 0
1459947873142802 134 2229394 24727 128 2108078 25084 0
1459947873144661 137 2230582 23890 130 2109784 24697 0
1459947873146126 129 2230582 23890 123 2109784 24697 1
1459947873147925 137 2231677 23033 131 2112637 25397 0
1459947873149679 138 2233967 23344 132 2116547 27016 0
1459947873151224 125 2233967 23344 120 2116547 27016 1
1459947873152801 130 2233967 23344 124 2116547 27016 1
1459947873154586 137 2234798 22286 130 2117591 25868 0
1459947873156551 140 2234798 22286 133 2117591 25868 1
1459947873158299 134 2231724 23377 126 2113434 27679 0
1459947873160332 141 2231724 23377 133 2113434 27679 1
1459947873162222 137 2232730 22477 128 2112161 26688 0
1459947873164104 138 2234937 22755 131 2114828 27062 0
1459947873166100 141 2234937 22755 132 2114828 27062 1
1459947873167929 139 2238252 24033 131 2117287 27213 0
1459947873169702 133 2233628 26417 125 2111873 30076 0
1459947873171462 136 2233628 26417 124 2111873 30076 1
1459947873173220 133 2229365 28282 125 2106882 32326 0
1459947873175174 139 2233115 29529 130 2108681 31459 0
1459947873177347 143 2233115 29529 137 2108681 31459 1
1459947873179369 139 2236572 30409 132 2112900 32890 0
1459947873181223 136 2235919 28634 129 2112949 30365 0
1459947873182860 134 2232757 29310 127 2110434 30309 0
1459947873184649 135 2231122 28526 128 2109396 28897 0
1459947873186454 134 2228335 28865 129 2109719 26937 0
1459947873188336 136 2228326 26616 130 2111297 26286 0
1459947873189886 131 2228326 26616 121 2111297 26286 1
1459947873191677 138 2230878 26888 131 2114031 26753 0
1459947873193407 138 2233230 26955 131 2116552 26986 0
1459947873195176 137 2234118 25668 132 2120156 28199 0
1459947873197088 142 2234118 25668 131 2120156 28199 1
1459947873198874 134 2231097 26446 127 2117078 28831 0
1459947873200679 137 2232152 25352 129 2116801 26833 0
1459947873202476 137 2233125 24268 129 2116545 24971 0
1459947873204094 131 2226342 28624 126 2112469 26776 0
1459947873205943 133 2222649 29791 127 2109992 26967 0
1459947873207680 134 2220524 29421 128 2108988 25784 0
1459947873209297 127 2220524 29421 121 2108988 25784 1
1459947873210805 133 2217285 30107 125 2104223 28161 0
1459947873212659 138 2220699 30901 132 2108790 30170 0
1459947873214492 138 2223846 31388 130 2110440 29333 0
1459947873216386 139 2228028 32790 130 2111961 28444 0
1459947873218168 136 2228043 30242 130 2113364 27514 0
1459947873219966 137 2229337 29072 128 2112097 26531 0
1459947873221729 135 2227970 28060 131 2114769 26921 0
1459947873223645 139 2231829 29425 132 2118512 28268 0
1459947873225506 135 2230267 28565 129 2118123 26417 0
1459947873227293 137 2231387 27365 128 2116484 25863 0
1459947873229218 138 2233699 27359 128 2114973 25234 0
1459947873231147 135 2231991 26795 128 2113580 24545 0
1459947873232869 131 2231991 26795 123 2113580 24545 1
1459947873234968 140 2236816 29149 132 2117416 26163 0
1459947873237109 142 2236816 29149 134 2117416 26163 1
1459947873239056 135 2234864 28669 128 2115832 25578 0
1459947873240510 132 2229225 31627 126 2111812 27284 0
1459947873241974 129 2229225 31627 121 2111812 27284 1
1459947873243638 136 2229146 29228 129 2111946 25276 0
1459947873245305 135 2227793 28190 126 2108230 26726 0
1459947873247188 136 2227826 26018 128 2107364 25435 0
1459947873248880 135 2226577 25136 128 2106566 24182 0
1459947873250804 136 2226705 23290 129 2107110 22794 0
1459947873252753 143 2226705 23290 137 2107110 22794 1
1459947873254465 139 2230663 25119 132 2111452 25015 0
1459947873256408 141 2230663 25119 133 2111452 25015 1
1459947873258313 135 2229192 24511 129 2111614 23210 0
1459947873260139 137 2230396 23706 131 2114324 23894 0
1459947873261903 132 2225106 26729 126 2110422 25623 0
1459947873263840 141 2225106 26729 133 2110422 25623 1
1459947873265762 136 2225349 24864 128 2109385 24576 0
1459947873267471 134 2223013 25073 126 2105869 25897 0
1459947873269090 133 2223013 25073 124 2105869 25897 1
1459947873270857 137 2224700 24669 130 2107747 25605 0
1459947873272630 139 2228815 26534 132 2112039 27560 0
1459947873274489 138 2231328 26778 131 2114715 27873 0
1459947873276250 137 2232365 25641 128 2113342 26959 0
1459947873278131 137 2233321 24518 127 2110797 27198 0
1459947873279990 139 2236762 25774 130 2112290 26450 0
1459947873281673 128 2236762 25774 123 2112290 26450 1
1459947873283477 137 2237374 24325 131 2114947 26832 0
1459947873285266 136 2236659 23082 129 2114836 24836 0
1459947873287299 142 2236659 23082 132 2114836 24836 1
1459947873288941 132 2236659 23082 124 2114836 24836 1
1459947873290658 139 2239840 24210 129 2114734 22988 0
1459947873292366 137 2240212 22661 130 2115920 22285 0
1459947873294319 137 2240555 21206 128 2114453 21894 0
1459947873296123 132 2234471 25157 126 2110541 23789 0
1459947873297959 133 2230142 27180 127 2108214 24074 0
1459947873299526 133 2230142 27180 124 2108214 24074 1
1459947873301345 137 2231272 26097 131 2111189 24936 0
1459947873303132 136 2231033 24277 129 2111372 23156 0
1459947873304852 129 2231033 24277 122 2111372 23156 1
1459947873306433 132 2225693 27302 126 2107701 24730 0
1459947873308037 129 2225693 27302 123 2107701 24730 1
1459947873309845 137 2227170 26531 130 2109436 24397 0
1459947873311325 133 2223412 27922 125 2104636 26914 0
1459947873313210 142 2223412 27922 134 2104636 26914 1
1459947873315111 138 2226347 28446 133 2110451 30172 0
1459947873317093 139 2230333 29898 132 2114532 31576 0
1459947873318907 137 2231448 28590 129 2114454 29180 0
1459947873320657 134 2228636 28948 127 2111822 29326 0
1459947873322348 128 2228636 28948 122 2111822 29326 1
1459947873324264 133 2224763 30255 126 2108115 30450 0
1459947873325719 126 2224763 30255 119 2108115 30450 1
1459947873327359 132 2219913 32361 126 2104698 31220 0
1459947873329027 134 2218002 31593 125 2100268 32863 0
1459947873330996 139 2222640 33400 131 2103864 33610 0
1459947873333049 142 2222640 33400 134 2103864 33610 1
1459947873334888 129 2222640 33400 123 2103864 33610 1
1459947873336681 133 2219236 33927 126 2100779 33827 0
1459947873338346 135 2218658 31808 128 2100495 31445 0
1459947873340264 139 2223245 33551 131 2104073 32287 0
1459947873342316 141 2230033 37187 132 2108652 33985 0
1459947873344117 136 2229891 34411 129 2109033 31680 0
1459947873345971 133 2225920 35382 125 2104264 33600 0
1459947873347551 129 2225920 35382 123 2104264 33600 1
1459947873349029 125 2225920 35382 120 2104264 33600 1
1459947873350986 139 2229940 36322 131 2107548 34002 0
1459947873352764 134 2227245 35967 126 2104175 34453 0
1459947873354650 135 2226041 34266 127 2102346 33446 0
1459947873356313 135 2224931 32610 124 2096820 35927 0
1459947873357912 129 2224931 32610 122 2096820 35927 1
1459947873359594 133 2221348 33364 124 2091725 37816 0
1459947873361314 131 2215485 36161 123 2085748 40370 0
1459947873363035 129 2207520 40677 122 2078958 43474 0
1459947873365016 134 2206577 38367 128 2080379 41387 0
1459947873366645 135 2206988 35748 127 2080409 38181 0
1459947873368592 135 2207367 33304 129 2082997 37583 0
1459947873370473 140 2214116 36924 132 2089222 40385 0
1459947873372303 137 2216498 36235 131 2093681 41340 0
1459947873373965 133 2213574 36099 127 2092672 39040 0
1459947873375826 138 2217278 36693 130 2095582 38672 0
1459947873377641 135 2216853 34217 128 2095704 35763 0
1459947873379602 139 2221581 35901 131 2099657 36613 0
1459947873381594 137 2223379 34754 129 2100741 34751 0
1459947873383438 137 2225037 33566 130 2103020 34137 0
1459947873385022 128 2215045 40153 123 2096161 37792 0
1459947873386838 136 2216074 37965 128 2096238 34910 0
1459947873388690 135 2215743 35302 128 2096309 32247 0
1459947873390547 140 2221838 38162 132 2101494 34507 0
1459947873392482 140 2227456 40360 132 2106274 36218 0
1459947873394404 139 2231356 40801 131 2109401 36271 0
1459947873396329 137 2232391 38567 130 2111004 34914 0
1459947873398160 136 2232065 35853 130 2112481 33548 0
1459947873399704 128 2232065 35853 122 2112481 33548 1
1459947873401457 133 2227924 36867 126 2108723 34390 0
1459947873402968 131 2227924 36867 123 2108723 34390 1
1459947873404622 132 2222827 38684 125 2103979 36076 0
1459947873406426 137 2224528 37229 129 2104725 33945 0
1459947873408323 139 2228656 38126 133 2110533 36647 0
1459947873410255 141 2235022 41015 134 2117167 39899 0
1459947873411844 133 2230650 41839 127 2114323 39402 0
1459947873413555 136 2230460 38744 128 2112981 37559 0
1459947873415337 138 2232845 37915 129 2113024 34664 0
1459947873417205 136 2232483 35284 127 2110504 34278 0
1459947873418913 136 2232150 32833 128 2109460 32561 0
1459947873420695 136 2231843 30549 128 2108498 30903 0
1459947873422616 138 2234120 30261 131 2111451 31210 0
1459947873424539 136 2233659 28320 129 2111613 28921 0
1459947873426446 137 2234514 26895 129 2111763 26799 0
1459947873428373 139 2237862 27880 130 2113181 26012 0
1459947873430135 136 2237109 26395 128 2111928 25133 0
1459947873431900 135 2235134 26151 126 2108213 26593 0
1459947873433615 134 2232034 26964 127 2106068 26491 0
1459947873435380 133 2227896 28671 127 2104091 26243 0
1459947873437093 131 2221521 32307 125 2099708 28231 0
1459947873438670 130 2214364 36380 124 2094388 30929 0
1459947873440388 135 2214166 33718 127 2093323 29492 0
1459947873442366 136 2215264 32095 130 2096182 29822 0
1459947873443914 126 2215264 32095 120 2096182 29822 1
1459947873445779 130 2208596 35733 124 2091137 32142 0
1459947873447702 138 2212689 36714 132 2096726 34783 0
1459947873449288 132 2208782 37446 126 2094199 34394 0
1459947873451173 135 2209020 34740 127 2093149 32673 0
1459947873452979 137 2211800 34588 129 2094741 31588 0
1459947873454760 128 2211800 34588 121 2094741 31588 1
1459947873456329 131 2206683 36602 125 2091089 32486 0
1459947873458219 133 2204525 35730 125 2087722 33051 0
1459947873460044 137 2207656 35824 131 2092298 34687 0
1459947873461692 133 2205422 35083 126 2090117 33987 0
1459947873463484 136 2207203 33984 129 2091946 33017 0
1459947873465099 130 2207203 33984 121 2091946 33017 1
1459947873466591 133 2205005 33355 126 2089792 32422 0
1459947873468455 137 2208098 33601 127 2089087 30538 0
1459947873469923 126 2208098 33601 119 2089087 30538 1
1459947873471293 122 2208098 33601 114 2089087 30538 1
1459947873472688 121 2208098 33601 115 2089087 30538 1
1459947873474207 126 2208098 33601 120 2089087 30538 1
1459947873476155 136 2209670 32424 130 2092277 31092 0
1459947873478068 134 2208559 30913 126 2090097 30670 0
1459947873479803 134 2207535 29440 128 2090648 28781 0
1459947873481433 129 2207535 29440 121 2090648 28781 1
1459947873482899 129 2207535 29440 121 2090648 28781 1
1459947873484388 132 2204031 30369 123 2084756 31963 0
1459947873486398 139 2209761 33278 128 2085724 30357 0
1459947873488331 137 2212483 33187 131 2090456 32348 0
1459947873490188 138 2216272 34087 131 2094819 33842 0
1459947873492078 137 2218485 33463 128 2095001 31366 0
1459947873493823 134 2216685 32506 126 2092609 31120 0
1459947873495707 137 2218866 31977 129 2094243 30195 0
1459947873497547 134 2217037 31164 127 2093190 28806 0
1459947873499421 137 2219190 30714 130 2096059 29200 0
1459947873501181 133 2216055 31203 126 2093584 29199 0
1459947873503050 137 2218285 30821 130 2096422 29534 0
1459947873504998 138 2221621 31488 130 2099039 29638 0
1459947873506858 141 2221621 31488 131 2099039 29638 1
1459947873508707 138 2224696 31863 131 2102731 30726 0
1459947873510076 127 2224696 31863 121 2102731 30726 1
1459947873511629 129 2216011 37378 124 2097175 33446 0
1459947873513236 131 2210565 39477 123 2090773 36734 0
1459947873514833 126 2210565 39477 119 2090773 36734 1
1459947873516791 138 2214504 40023 131 2095111 37863 0
1459947873518828 139 2219415 41424 133 2101670 40951 0
1459947873520370 129 2211143 45812 125 2097477 41616 0
1459947873521896 125 2211143 45812 118 2097477 41616 1
1459947873523502 128 2202237 50441 122 2089771 45467 0
1459947873525354 140 2209387 53091 134 2098027 49525 0
1459947873527134 135 2209578 49119 127 2096678 46897 0
1459947873528822 132 2205914 48658 124 2091595 47918 0
1459947873530494 133 2203816 46789 125 2088189 47313 0
1459947873532121 135 2204442 43710 127 2087609 44150 0
1459947873533716 135 2205019 40827 127 2087074 41192 0
1459947873535477 133 2202991 39505 127 2086581 38427 0
1459947873537549 139 2208802 41775 132 2092526 40905 0
1459947873539129 126 2208802 41775 120 2092526 40905 1
1459947873540573 129 2201359 45372 122 2085207 44455 0
1459947873542068 131 2197057 45792 124 2081020 44840 0
1459947873543968 137 2200771 45638 129 2083560 43677 0
1459947873545908 145 2200771 45638 135 2083560 43677 1
1459947873547812 137 2204195 45229 129 2085901 42422 0
1459947873549241 129 2197112 48224 122 2079099 45376 0
1459947873550867 133 2195702 45755 126 2077949 42890 0
1459947873552671 137 2199522 45702 130 2082009 43282 0
1459947873554469 135 2200484 43018 128 2083192 40990 0
1459947873556227 135 2201371 40474 128 2084282 38792 0
1459947873557900 131 2197068 41276 124 2080167 39554 0
1459947873559570 129 2190542 44067 124 2076373 39959 0
1459947873561404 133 2189645 41450 128 2077996 38333 0
1459947873563293 137 2193938 42169 129 2080772 37897 0
1459947873565255 140 2201736 46063 132 2087171 40835 0
1459947873566840 128 2193565 49996 123 2081550 42825 0
1459947873568599 131 2189872 49493 125 2078928 41895 0
1459947873570218 131 2186468 48763 125 2076511 40848 0
1459947873571876 133 2185890 45485 125 2074283 39709 0
1459947873573579 135 2187917 43799 127 2074789 37073 0
1459947873575485 135 2189785 42100 129 2077816 36966 0
1459947873577762 139 2196628 45118 132 2084446 40190 0
1459947873579721 136 2199096 43868 128 2085438 37965 0
1459947873581613 137 2202651 43717 129 2087633 37021 0
1459947873583438 139 2208488 45682 133 2094776 40713 0
1459947873585173 134 2207469 43051 127 2093681 38540 0
1459947873586873 132 2203970 42912 125 2090112 38819 0
1459947873588423 129 2203970 42912 121 2090112 38819 1
1459947873590022 129 2196904 46072 122 2082982 42358 0
1459947873591924 138 2201910 47087 132 2089209 44788 0
1459947873593804 139 2207805 48843 131 2093669 45400 0
1459947873595457 133 2205560 47096 127 2092661 42782 0
1459947873597338 132 2202210 46503 127 2091731 40295 0
1459947873599033 132 2199122 45715 124 2087034 41475 0
1459947873600904 134 2198835 42406 128 2087824 38962 0
1459947873602305 129 2192171 45236 123 2082152 41146 0
1459947873603992 134 2192427 41937 128 2083323 39011 0
1459947873605686 130 2187543 43161 122 2076723 42046 0
1459947873607324 134 2188161 40358 128 2078319 40232 0
1459947873609332 135 2190010 38910 129 2081070 39624 0
1459947873611147 139 2196835 42162 132 2087446 42406 0
1459947873612723 133 2195447 40147 127 2086924 39573 0
1459947873614487 135 2196727 38190 129 2089003 38397 0
1459947873616276 135 2197907 36294 126 2087079 37170 0
1459947873618019 134 2197715 33634 128 2087865 34991 0
1459947873619703 135 2198818 32023 129 2089870 34105 0
1459947873621572 136 2201115 31638 130 2092998 34324 0
1459947873623161 131 2196832 33113 123 2086922 37242 0
1459947873624852 136 2199284 32786 129 2089001 36248 0
1459947873626615 136 2201544 32308 129 2090917 35183 0
1459947873628091 129 2194668 36121 122 2083724 39064 0
1459947873630039 135 2196009 34535 129 2086053 38159 0
1459947873631808 137 2199805 35336 131 2090760 39516 0
1459947873633464 131 2195625 36428 126 2088699 38327 0
1459947873635205 133 2194331 34774 128 2089359 35940 0
1459947873637071 135 2195698 33318 130 2092527 36053 0
1459947873638767 133 2194399 31912 127 2091608 34082 0
1459947873640365 134 2194481 29494 128 2092041 31818 0
1459947873642200 135 2195837 28439 131 2096280 33240 0
1459947873644258 141 2195837 28439 135 2096280 33240 1
1459947873646091 137 2199647 29729 131 2100188 34245 0
1459947873648162 137 2203159 30644 131 2103790 34890 0
1459947873650087 137 2206397 31234 129 2104551 32865 0
1459947873651979 137 2209382 31545 130 2106532 32124 0
1459947873653701 137 2212134 31617 129 2107079 30118 0
1459947873655431 132 2208271 32707 127 2105023 29659 0
1459947873656979 131 2203429 34613 126 2101848 30267 0
1459947873658698 132 2200246 34842 126 2098921 30600 0
1459947873660684 139 2206271 37674 134 2106462 35161 0
1459947873662549 141 2206271 37674 134 2106462 35161 1
1459947873664248 135 2206706 35131 129 2107014 32923 0
1459947873665981 132 2203267 35556 128 2106243 31060 0
1459947873668004 138 2207776 36935 132 2110652 32698 0
1459947873669783 134 2206813 34936 128 2109597 31115 0
1459947873671474 134 2205925 33023 129 2109904 28967 0
1459947873673233 135 2206387 30869 130 2111467 28144 0
1459947873675125 136 2208093 30029 129 2111628 26094 0
