1459947871376344 133 2179072 0 132 2162688 0 0
1459947871378266 133 2179072 0 131 2161408 1180 0
1459947871380294 137 2184192 4720 134 2164068 3539 0
1459947871382352 138 2190192 9882 134 2166520 5522 0
1459947871384172 132 2188043 11089 127 2159820 11265 0
1459947871386051 130 2183502 14408 127 2153644 16077 0
1459947871387992 132 2181875 14780 129 2150510 17708 0
1459947871390001 136 2185496 16963 134 2154021 19561 0
1459947871391982 138 2191394 21074 136 2159818 23376 0
1459947871393558 123 2177631 32114 123 2148522 31962 0
1459947871395245 127 2170063 36581 125 2140668 36703 0
1459947871396780 125 2160526 42514 123 2130868 42869 0
1459947871398420 128 2155574 43756 126 2125673 44307 0
1459947871400355 133 2157409 42029 130 2126004 41150 0
1459947871402320 132 2157821 39125 131 2127589 39397 0
1459947871404166 131 2156921 36897 129 2126491 37331 0
1459947871405887 124 2147131 43038 121 2115238 44786 0
1459947871407975 136 2153466 45515 133 2120225 45884 0
1459947871409901 132 2154186 42623 130 2120982 42997 0
1459947871411812 137 2161250 45805 131 2122960 41460 0
1459947871413551 135 2165202 45869 131 2124783 39901 0
1459947871415172 129 2161165 46006 125 2118784 42313 0
1459947871417012 131 2160003 43481 128 2117094 40564 0
1459947871418876 133 2161492 41457 131 2119376 39497 0
1459947871421156 146 2179505 54824 141 2134279 50150 0
1459947871423138 135 2182031 52868 134 2139058 50638 0
1459947871425176 136 2185639 52063 134 2143464 50742 0
1459947871427157 135 2187685 49882 131 2143685 46981 0
1459947871428607 108 2155012 76104 106 2111889 72621 0
1459947871430296 134 2158171 73070 131 2114577 69425 0
1459947871431910 129 2154683 70575 124 2108095 69975 0
1459947871433688 133 2156588 66817 129 2108520 64899 0
1459947871435711 136 2162184 66755 134 2115311 66089 0
1459947871437517 134 2164783 63935 131 2117732 63157 0
1459947871439396 140 2174859 68229 137 2127644 67359 0
1459947871441128 132 2173908 63774 128 2125261 64292 0
1459947871442747 127 2166631 65499 124 2117944 66013 0
1459947871444403 130 2163762 63024 129 2117599 61172 0
1459947871446366 134 2166238 60382 132 2121121 59639 0
1459947871448603 137 2172360 61308 133 2125648 59152 0
1459947871450471 131 2170324 58394 129 2124701 55402 0
1459947871452274 132 2169727 54380 130 2125108 51448 0
1459947871454055 129 2165337 54177 131 2126763 48954 0
1459947871455666 129 2161290 53674 127 2123169 48441 0
1459947871457601 137 2167799 55480 134 2128816 49862 0
1459947871459276 133 2168679 51956 132 2131462 48405 0
1459947871460760 128 2163090 53047 124 2123661 51814 0
1459947871462294 126 2155378 56010 121 2112629 57935 0
1459947871463956 130 2153389 53467 129 2112699 53473 0
1459947871465542 129 2150275 52159 126 2108924 52774 0
1459947871467393 133 2152524 50158 128 2108004 49498 0
1459947871469327 138 2160998 54051 136 2117396 54288 0
1459947871471359 137 2167530 55849 134 2123494 55668 0
1459947871473221 134 2169711 53496 132 2126556 54140 0
1459947871475108 134 2171722 51170 129 2125538 50847 0
1459947871477014 132 2171016 47822 129 2124600 47738 0
1459947871479016 134 2172925 45845 132 2127575 46751 0
1459947871480965 130 2169565 45360 128 2125198 45289 0
1459947871482946 135 2172867 44860 133 2129406 45630 0
1459947871484796 132 2172071 42088 130 2129446 42102 0
1459947871486678 131 2170057 40654 128 2126923 41137 0
1459947871488558 135 2173321 40486 135 2133557 44038 0
1459947871490304 132 2172490 38088 131 2134552 41515 0
1459947871492114 134 2174284 36766 133 2138030 41477 0
1459947871494041 135 2177218 36597 131 2138676 38831 0
1459947871496059 138 2183762 39770 136 2145671 42246 0
1459947871497684 129 2178275 41719 126 2139320 44799 0
1459947871499419 134 2179617 39696 131 2139865 41802 0
1459947871501129 128 2173174 42533 125 2132688 45152 0
1459947871502906 133 2173634 39634 130 2132471 41823 0
1459947871504786 133 2174058 36928 131 2133551 39551 0
1459947871506673 133 2174449 34404 129 2131987 37902 0
1459947871508509 131 2172250 33743 131 2133105 35971 0
1459947871510373 133 2172782 31597 131 2134136 34110 0
1459947871512490 137 2178393 34301 134 2138926 35861 0
1459947871514474 132 2177166 32752 125 2131822 39607 0
1459947871516407 131 2174754 32415 131 2132953 37555 0
1459947871518486 133 2175091 30193 131 2133996 35582 0
1459947871520335 132 2174122 28727 127 2129837 36635 0
1459947871522218 133 2174508 26838 130 2129843 33778 0
1459947871524164 135 2177424 27429 131 2131129 32324 0
1459947871525834 125 2167312 34607 125 2124634 35785 0
1459947871527474 132 2166950 32235 130 2125046 33369 0
1459947871529214 131 2165337 31202 128 2122866 32770 0
1459947871531110 132 2165130 28954 130 2123417 30717 0
1459947871532923 132 2164939 26866 130 2123925 28785 0
1459947871534812 139 2173723 32864 135 2130793 32867 0
1459947871536964 140 2183100 38941 137 2139684 38496 0
1459947871538638 128 2176385 42088 126 2133801 40911 0
1459947871540506 130 2172754 42145 131 2134777 38614 0
1459947871542473 134 2174527 40487 131 2135677 36427 0
1459947871544493 135 2177442 40010 133 2139067 36706 0
1459947871546624 137 2182689 41721 134 2143472 37899 0
1459947871548415 129 2177286 43441 125 2136013 41814 0
1459947871550326 133 2177425 40175 132 2138096 40468 0
1459947871552352 135 2180113 39514 134 2142577 41437 0
1459947871554374 138 2186431 42251 135 2147988 43187 0
1459947871556502 137 2190976 43140 134 2151696 43231 0
1459947871558641 137 2195166 43631 134 2155114 43004 0
1459947871560418 128 2187508 47281 125 2146745 47358 0
1459947871562225 129 2181728 48914 125 2139030 50769 0
1459947871564032 130 2177680 48823 127 2134478 50998 0
1459947871565701 127 2170108 51987 125 2127721 53241 0
1459947871567790 134 2172088 49750 133 2131732 52779 0
1459947871569951 135 2175193 48726 134 2136710 53244 0
1459947871571534 128 2169096 50539 126 2131059 54292 0
1459947871573194 129 2164755 50591 127 2127130 53672 0
1459947871574827 124 2154353 56226 123 2118387 57536 0
1459947871576351 127 2148604 57132 121 2107768 62830 0
1459947871578084 130 2147144 54013 124 2101818 63405 0
1459947871580138 135 2152198 54452 132 2106573 62834 0
1459947871582251 134 2155577 53312 129 2107116 58426 0
1459947871584357 137 2162532 55559 135 2115297 61403 0
1459947871586302 134 2165104 53589 131 2117719 58838 0
1459947871588309 136 2170035 53948 133 2122512 58659 0
1459947871590236 135 2173301 52743 132 2125650 56969 0
1459947871592171 138 2180151 54937 136 2133663 59905 0
1459947871594157 138 2186466 56467 137 2142330 63214 0
1459947871596154 135 2188448 53882 134 2146480 62101 0
1459947871598138 133 2187715 50347 129 2143906 59621 0
1459947871599938 131 2184479 49395 130 2142813 55970 0
1459947871601948 135 2186616 47506 131 2143085 51848 0
1459947871603961 132 2184746 45517 129 2140776 49925 0
1459947871605727 129 2179182 47088 126 2134807 51525 0
1459947871607653 132 2177893 44596 130 2134425 47850 0
1459947871609326 130 2174145 44566 127 2130233 47975 0
1459947871611300 138 2180929 47338 133 2134048 47743 0
1459947871613082 131 2178223 46132 131 2135005 44895 0
1459947871615088 134 2179569 43768 133 2138447 44560 0
1459947871617048 135 2182090 42672 134 2142900 45183 0
1459947871618984 137 2186974 43840 135 2148285 46618 0
1459947871620653 124 2174836 51604 121 2135330 54917 0
1459947871622530 131 2172606 49626 127 2131067 54555 0
1459947871624323 133 2173111 46213 131 2132257 51389 0
1459947871626447 139 2181256 50111 137 2141034 55465 0
1459947871628508 137 2186205 50758 135 2146565 56230 0
1459947871630267 129 2180527 52025 125 2138864 58935 0
1459947871632100 134 2181693 49035 131 2139445 54865 0
1459947871634111 135 2184048 47375 133 2142540 53432 0
1459947871636151 132 2182379 45211 131 2142834 49528 0
1459947871638178 137 2187240 46159 135 2148225 50627 0
1459947871639891 132 2185321 44320 129 2145514 49169 0
1459947871641526 130 2180992 44847 128 2141735 48810 0
1459947871643014 126 2171882 49741 123 2131851 54106 0
1459947871644540 129 2167323 50056 127 2127860 53557 0
1459947871646597 133 2168240 46991 130 2128020 49520 0
1459947871648228 127 2161406 49618 125 2121768 51414 0
1459947871650078 136 2166626 50553 132 2124964 50344 0
1459947871651782 129 2162478 50426 126 2120231 50773 0
1459947871653771 134 2165054 48861 133 2124827 51043 0
1459947871655515 129 2161029 48753 128 2122664 49048 0
1459947871657238 131 2159878 46004 129 2121950 45873 0
1459947871659051 133 2161377 43791 131 2123852 44043 0
1459947871660944 135 2165319 44003 131 2125606 42219 0
1459947871662632 129 2161273 44294 128 2123383 40969 0
1459947871664425 133 2162663 42114 131 2125173 39418 0
1459947871666139 128 2157544 43541 125 2119143 41896 0
1459947871667972 131 2156665 40948 126 2114864 42565 0
1459947871669810 135 2160975 41721 131 2117320 41503 0
1459947871671482 131 2159828 39517 127 2114464 40892 0
1459947871673445 136 2165171 41355 133 2119511 42350 0
1459947871675675 137 2171377 43845 134 2125444 44510 0
1459947871677448 130 2168138 43404 125 2119393 46609 0
1459947871679415 134 2170272 41980 133 2124055 47265 0
1459947871681420 133 2170959 39333 130 2124513 43994 0
1459947871683228 128 2165192 41575 127 2121095 43706 0
1459947871685168 135 2168836 41685 132 2124344 43286 0
1459947871686865 135 2172195 41525 133 2128619 43845 0
1459947871688925 142 2184252 49395 140 2141520 52312 0
1459947871690844 131 2181287 48269 127 2136773 52600 0
1459947871692681 135 2183673 46697 132 2138797 50356 0
1459947871694511 133 2183313 43379 131 2139383 46961 0
1459947871696341 133 2182981 40295 131 2139923 43790 0
1459947871698249 128 2176275 43327 128 2136581 43448 0
1459947871700298 135 2179053 42503 131 2137340 40753 0
1459947871702364 137 2184174 43903 133 2140600 40574 0
1459947871704389 136 2187615 43645 134 2144885 41354 0
1459947871706462 138 2193347 45519 134 2148835 41765 0
1459947871708528 139 2199911 48013 136 2155037 44219 0
1459947871710617 137 2203402 47480 135 2159474 44855 0
1459947871712482 135 2204061 44377 133 2161005 42761 0
1459947871714551 137 2207228 43830 135 2164976 43081 0
1459947871716567 135 2207588 40737 133 2166077 40730 0
1459947871718328 131 2202800 41967 128 2160692 42511 0
1459947871720227 129 2195826 45116 128 2155727 43765 0
1459947871721915 127 2186837 49877 125 2147310 48103 0
1459947871723758 136 2190070 48960 135 2152351 48991 0
1459947871725660 132 2187930 47107 129 2149318 47958 0
1459947871727442 134 2188517 43968 131 2149082 44428 0
1459947871729409 129 2182659 45933 126 2142464 47057 0
1459947871731214 129 2177258 47322 126 2136364 49003 0
1459947871733150 134 2178679 44934 131 2137140 45889 0
1459947871734845 126 2169749 49654 122 2126335 52262 0
1459947871736569 127 2162797 52182 126 2121495 52640 0
1459947871738553 131 2161508 49292 131 2123433 50313 0
1459947871740592 137 2168000 51426 136 2131619 53929 0
1459947871742499 132 2167585 47790 129 2130206 51017 0
1459947871744095 127 2160802 50308 126 2125063 51771 0
1459947871745801 132 2160949 46512 130 2125442 48075 0
1459947871747519 132 2161084 43003 127 2121951 47536 0
1459947871749599 139 2170169 48018 136 2130253 51475 0
1459947871751465 136 2174704 48447 133 2134066 50969 0
1459947871753278 137 2180165 49696 134 2138862 51408 0
1459947871755290 134 2181359 46914 130 2138163 48034 0
1459947871757000 130 2177340 46952 126 2132399 49594 0
1459947871758648 132 2176195 44338 130 2132205 45897 0
1459947871760255 126 2167459 48926 123 2123066 50735 0
1459947871762044 130 2164526 47806 129 2122321 47457 0
1459947871763920 133 2165662 45118 131 2124194 45476 0
1459947871766163 143 2165662 45118 140 2124194 45476 1
1459947871768027 135 2169269 44918 133 2128481 45875 0
1459947871770062 138 2176434 48014 133 2132433 45934 0
1459947871771924 134 2177920 45632 127 2128396 46065 0
1459947871773825 137 2183130 46869 136 2136195 49655 0
1459947871775255 121 2167452 57659 119 2121624 59206 0
1459947871777104 131 2165799 54677 129 2120992 55162 0
1459947871778722 129 2161715 54168 129 2120409 51388 0
1459947871780520 129 2157951 53405 127 2117312 50228 0
1459947871782472 132 2158321 49573 131 2119577 48391 0
1459947871784422 136 2163782 50734 134 2125505 50074 0
1459947871786556 136 2168816 51411 133 2129689 50019 0
1459947871788511 135 2172177 50492 132 2132267 48487 0
1459947871790427 136 2176555 50583 132 2134643 46889 0
1459947871792399 137 2181871 51532 134 2139394 47604 0
1459947871794415 136 2185492 50844 133 2142493 46741 0
1459947871796612 136 2188830 49948 130 2141510 43994 0
1459947871798588 131 2185507 49107 129 2139324 42570 0
1459947871800664 138 2191404 50706 137 2147549 46826 0
1459947871802599 133 2190440 47632 130 2146171 44436 0
1459947871804443 134 2190831 44271 132 2147461 42153 0
1459947871806243 128 2183512 47558 129 2144810 41302 0
1459947871807822 126 2174205 52421 123 2134686 47407 0
1459947871809705 133 2174585 48675 130 2134313 44046 0
1459947871811693 139 2182615 52275 133 2137809 43827 0
1459947871813491 136 2186178 51475 133 2141032 43374 0
1459947871815412 137 2190742 51661 133 2144003 42724 0
1459947871817194 132 2188550 49644 130 2142902 40400 0
1459947871819029 134 2189089 46262 131 2143167 37488 0
1459947871821179 134 2189586 43105 132 2144692 35964 0
1459947871823323 140 2197724 47239 137 2152497 40350 0
1459947871825165 137 2201386 46924 133 2154573 39110 0
1459947871827021 134 2200922 43685 131 2153926 36649 0
1459947871828871 130 2195374 45385 127 2148210 39053 0
1459947871830888 134 2195380 41844 130 2146781 37318 0
1459947871832525 129 2188985 44468 127 2141623 39156 0
1459947871834300 132 2186930 42886 128 2138148 39298 0
1459947871836034 131 2183756 42460 130 2137505 36819 0
1459947871837920 135 2185950 41164 133 2140752 36935 0
1459947871839663 130 2181572 41983 129 2138625 36009 0
1459947871841476 130 2177536 42423 126 2132824 38541 0
1459947871843305 133 2177656 39218 132 2135157 37679 0
1459947871845402 134 2179046 37436 132 2137307 36717 0
1459947871847386 134 2180328 35692 130 2136729 34379 0
1459947871849022 126 2180328 35692 120 2136729 34379 1
1459947871850801 129 2175109 37713 127 2132357 35723 0
1459947871852545 129 2170298 39200 127 2128326 36647 0
1459947871854242 133 2170983 36768 127 2124610 37208 0
1459947871856001 135 2174174 36837 128 2122464 36278 0
1459947871857807 136 2178396 37851 126 2117926 37625 0
1459947871859746 140 2187408 43201 132 2121423 37908 0
1459947871861528 141 2196996 48664 131 2123366 36738 0
1459947871863604 143 2208395 55371 136 2131558 41419 0
1459947871865333 132 2204824 54336 126 2126310 43020 0
1459947871867062 136 2206652 51776 127 2122752 42939 0
1459947871868965 137 2209617 50464 128 2120752 41427 0
1459947871870494 129 2202110 53440 122 2111228 46969 0
1459947871872162 133 2200310 50924 124 2105008 49032 0
1459947871874127 140 2207610 53675 132 2109514 49355 0
1459947871876009 140 2214340 55685 131 2112388 48148 0
1459947871877917 135 2214144 51514 128 2111197 45483 0
1459947871879697 134 2212684 48834 126 2107539 45300 0
1459947871881022 111 2212684 48834 102 2107539 45300 1
1459947871882584 138 2216458 48497 130 2109287 43371 0
1459947871884238 135 2216097 45040 128 2108338 40855 0
1459947871886080 137 2218324 43574 129 2108744 38037 0
1459947871887896 136 2219097 40882 130 2110398 36590 0
1459947871889373 126 2219097 40882 119 2110398 36590 1
1459947871891064 130 2212130 44110 124 2104243 39404 0
1459947871892589 128 2203147 48943 120 2093449 46275 0
1459947871894376 134 2202546 45672 127 2092458 43572 0
1459947871896141 135 2203272 42772 128 2092824 40505 0
1459947871897853 134 2202661 39992 126 2090602 39388 0
1459947871899797 138 2207218 41068 131 2094953 40321 0
1459947871901609 133 2205019 39886 126 2092564 39371 0
1459947871903130 128 2196591 44537 122 2085242 43044 0
1459947871904585 127 2187542 49398 122 2078492 45903 0
1459947871906391 135 2189440 47288 128 2079949 43659 0
1459947871908211 135 2191190 45206 128 2081292 41487 0
1459947871909946 131 2187683 44906 124 2077411 41822 0
1459947871911805 136 2190850 44316 129 2080233 41155 0
1459947871913877 139 2197609 47084 131 2085394 42697 0
1459947871915908 138 2202560 47970 130 2088872 42567 0
1459947871917802 135 2203285 44890 127 2088238 39824 0
1459947871919671 138 2207793 45538 131 2092774 40894 0
1459947871921591 141 2215789 49351 133 2099516 43914 0
1459947871923264 129 2207800 52859 120 2089091 50093 0
1459947871925005 133 2205555 50797 125 2085880 49138 0
1459947871926686 125 2193246 58175 118 2073960 56287 0
1459947871928375 131 2189578 57010 124 2070651 54938 0
1459947871930536 140 2197717 60059 131 2076561 56093 0
1459947871932662 139 2203940 61103 133 2084569 59093 0
1459947871934333 130 2198157 61660 121 2076592 61829 0
1459947871936163 136 2200505 59007 129 2079478 59658 0
1459947871938032 136 2202670 56393 131 2084698 59809 0
1459947871940053 143 2213626 62087 136 2095910 65473 0
1459947871941874 137 2216046 59467 131 2099847 63986 0
1459947871943714 137 2218277 56878 131 2103476 62332 0
1459947871945550 138 2221614 55510 131 2106821 60546 0
1459947871947299 136 2222130 51649 129 2107345 56298 0
1459947871948905 133 2218766 50714 125 2102708 56173 0
1459947871950887 140 2224624 52152 133 2108673 57283 0
1459947871952622 131 2218505 53717 124 2102652 58356 0
1459947871954460 138 2221824 52580 132 2107342 58119 0
1459947871956246 135 2221044 49191 127 2105265 55491 0
1459947871958290 144 2231844 55304 135 2113591 58830 0
1459947871960253 142 2239241 57802 134 2119986 60129 0
1459947871961946 133 2234540 57619 125 2114362 60615 0
1459947871963610 132 2228926 58291 127 2111737 58298 0
1459947871965275 133 2225031 57327 125 2106757 58333 0
1459947871967315 140 2230400 57798 131 2109846 56623 0
1459947871968920 130 2222550 60518 122 2101174 60193 0
1459947871970788 136 2222993 56198 129 2102139 56380 0
1459947871972424 133 2219561 54970 127 2100469 53514 0
1459947871974361 137 2221517 52478 131 2104049 52634 0
1459947871976270 141 2228440 54761 133 2109910 53924 0
1459947871978133 139 2232263 54006 130 2111473 51152 0
1459947871979930 138 2234507 51855 131 2114194 49663 0
1459947871981483 130 2226336 55335 123 2106462 52910 0
1459947871983321 134 2223923 53234 128 2105734 49446 0
1459947871985121 135 2222979 49945 128 2105063 46201 0
1459947871986797 136 2223388 46420 128 2104444 43160 0
1459947871988485 131 2217365 48344 123 2097474 46213 0
1459947871990089 133 2214373 47324 124 2092328 47345 0
1459947871991632 133 2211615 46168 125 2088864 46838 0
1459947871993374 137 2214192 44937 130 2092071 46134 0
1459947871995014 132 2210168 45135 124 2087347 46882 0
1459947871996914 141 2217978 48808 134 2095793 51005 0
1459947871998933 138 2221338 48091 132 2101019 51837 0
1459947872000643 132 2216755 48556 125 2096876 51605 0
1459947872002242 131 2211251 49835 123 2090497 53453 0
1459947872004089 134 2210017 47078 128 2091016 49755 0
1459947872005894 133 2207599 45628 126 2088935 47785 0
1459947872007529 133 2205370 44117 125 2085736 46999 0
1459947872009229 131 2200755 44923 125 2082787 46044 0
1459947872010790 132 2197781 44154 125 2080069 44951 0
1459947872012431 130 2192479 45591 125 2077563 43748 0
1459947872014281 131 2188871 45354 125 2075253 42459 0
1459947872016014 135 2190665 43464 129 2078243 41898 0
1459947872017805 136 2193599 42773 130 2082280 42345 0
1459947872019438 131 2189904 42837 125 2079601 41504 0
1459947872021304 135 2191617 41069 125 2077132 40536 0
1459947872023174 135 2193196 39316 128 2078696 38810 0
1459947872024867 134 2193372 36406 127 2078857 35926 0
1459947872026736 137 2197374 37251 131 2084126 37976 0
1459947872028646 134 2197224 34478 127 2083863 35250 0
1459947872030385 137 2200925 35196 128 2084901 33453 0
1459947872032134 137 2204337 35592 128 2085858 31721 0
1459947872033758 131 2199803 36990 123 2080340 34328 0
1459947872035428 136 2202023 36146 126 2079093 32795 0
1459947872037243 139 2207909 38749 131 2084343 35072 0
1459947872039061 137 2210776 38364 131 2089183 36794 0
1459947872040770 135 2210859 35442 130 2092365 36852 0
1459947872042571 138 2214775 36283 129 2094018 35496 0
1459947872044190 132 2210705 37199 127 2092982 33676 0
1459947872045905 134 2209513 35390 126 2090747 33104 0
1459947872047597 133 2207134 34817 124 2086127 34775 0
1459947872049344 135 2207501 32434 127 2085708 32443 0
1459947872051464 143 2207501 32434 135 2085708 32443 1
1459947872053475 136 2209119 31392 129 2087882 31912 0
1459947872055387 139 2214451 33855 134 2096286 37165 0
1459947872057281 139 2219367 35741 132 2101473 39043 0
1459947872059175 135 2218778 33490 129 2102415 36860 0
1459947872060846 131 2213115 36092 124 2096883 39078 0
1459947872062457 132 2209175 36903 126 2094344 38365 0
1459947872064273 131 2204263 38547 125 2090723 38704 0
1459947872066341 140 2211254 41980 131 2095065 39683 0
1459947872068093 138 2215139 42282 131 2099068 40272 0
1459947872070083 138 2218721 42280 132 2104038 41707 0
1459947872071880 135 2218183 39471 127 2102220 40123 0
1459947872073754 136 2218967 37110 129 2103104 37803 0
1459947872075608 140 2224810 39596 130 2105199 36780 0
1459947872077393 139 2228916 40287 130 2107130 35686 0
1459947872079159 136 2228861 37188 127 2105070 34796 0
1459947872080866 133 2224971 37867 126 2101891 35007 0
1459947872082633 139 2229065 38682 130 2104080 34290 0
1459947872084566 136 2228999 35719 127 2102258 33289 0
1459947872086412 139 2232778 36412 132 2106979 35040 0
1459947872088160 135 2231142 35074 127 2104931 34189 0
1459947872089943 134 2228354 34903 123 2097923 37977 0
1459947872091711 135 2227063 33365 126 2095302 37425 0
1459947872093630 139 2230993 34381 132 2100566 39354 0
1459947872095415 141 2237176 37394 135 2109259 44293 0
1459947872097355 139 2240316 37367 132 2113433 44680 0
1459947872099407 140 2244491 38296 133 2118561 45916 0
1459947872101322 135 2241940 37655 129 2118168 42689 0
1459947872103098 134 2238308 38060 126 2113966 43226 0
1459947872105207 139 2241360 37899 133 2119052 44537 0
1459947872107119 136 2240333 35884 128 2117341 42634 0
1459947872109014 137 2240666 33387 130 2118323 40209 0
1459947872111038 139 2243533 33421 132 2121789 40262 0
1459947872112846 141 2248736 35606 134 2127544 42421 0
1459947872114953 143 2256093 39606 133 2131569 42817 0
1459947872116748 135 2252635 39698 128 2128880 41949 0
1459947872118542 135 2249447 39534 127 2125121 42136 0
1459947872120327 133 2243948 41513 126 2120375 43218 0
1459947872121933 133 2238879 42941 125 2114720 45053 0
1459947872123520 134 2235486 42713 125 2109507 46338 0
1459947872125449 139 2238758 42393 132 2113661 46547 0
1459947872127376 138 2240495 40682 130 2114931 44081 0
1459947872129265 140 2244656 41339 133 2119942 45256 0
1459947872131350 140 2248492 41645 132 2123281 44798 0
1459947872133223 140 2252028 41651 131 2125079 42956 0
1459947872134997 139 2254008 40222 132 2128017 42308 0
1459947872136741 134 2249433 41295 127 2124325 42404 0
1459947872138895 140 2252896 41260 131 2126042 40673 0
1459947872140731 137 2252248 38632 132 2128904 40134 0
1459947872142388 136 2250371 37343 128 2126423 39284 0
1459947872144205 136 2248640 36020 129 2125416 37142 0
1459947872146098 141 2253445 37634 132 2128327 36924 0
1459947872147779 135 2250194 37689 128 2125891 36284 0
1459947872149319 131 2242077 42226 124 2118525 40238 0
1459947872151012 135 2239714 41104 127 2115575 39813 0
1459947872152855 136 2238816 38719 128 2114135 38028 0
1459947872154650 136 2237988 36456 130 2115368 36193 0
1459947872156363 136 2237225 34310 127 2112664 35856 0
1459947872158232 135 2235241 33457 128 2111452 34171 0
1459947872160187 136 2234692 31348 131 2114174 34011 0
1459947872162135 136 2234186 29363 130 2115404 32487 0
1459947872164099 139 2237560 30179 132 2119098 33353 0
1459947872165835 134 2234270 30853 128 2117383 32327 0
1459947872167638 132 2234270 30853 121 2117383 32327 1
1459947872169743 143 2242757 36266 136 2126042 37783 0
1459947872171867 143 2250581 40645 136 2134024 42190 0
1459947872173852 142 2256514 42938 134 2138823 43317 0
1459947872175846 137 2255583 40440 130 2138127 40573 0
1459947872177716 136 2253445 39250 130 2137485 37994 0
1459947872179363 134 2248914 40359 127 2133053 39109 0
1459947872181214 135 2246017 39875 128 2130248 38638 0
1459947872182909 137 2245906 36860 128 2127662 38002 0
1459947872184680 136 2244524 35253 129 2126558 36050 0
1459947872186441 135 2241970 34851 126 2121700 37710 0
1459947872188313 137 2242176 32318 131 2123622 36535 0
1459947872190048 136 2241086 30797 128 2121554 35586 0
1459947872191720 137 2241361 28643 127 2118367 35742 0
1459947872193515 138 2242894 27818 130 2119269 33781 0
1459947872195042 128 2242894 27818 121 2119269 33781 1
1459947872196967 137 2243027 25767 130 2120101 31908 0
1459947872198916 140 2246990 27406 134 2125988 34842 0
1459947872200988 140 2250643 28632 132 2128855 34762 0
1459947872202851 139 2252731 28320 131 2130218 33302 0
1459947872204763 138 2253376 26702 131 2131474 31858 0
1459947872206680 137 2252691 25246 128 2128792 31840 0
1459947872208327 129 2241819 33295 123 2119920 37530 0
1459947872210075 139 2244596 33253 131 2121981 36497 0
1459947872211911 139 2247156 33015 130 2122601 34216 0
1459947872213667 137 2246956 30618 132 2125732 34429 0
1459947872215474 135 2244212 30754 129 2124779 32617 0
1459947872217343 138 2245522 29559 131 2126460 31618 0
1459947872219054 132 2239050 33214 124 2119050 35977 0
1459947872220909 137 2239484 31019 130 2119899 33948 0
1459947872222661 137 2239884 28964 129 2119401 31753 0
1459947872224586 140 2244093 30581 132 2122782 32389 0
1459947872226489 137 2244133 28228 127 2119499 32883 0
1459947872228121 130 2235210 34247 123 2111353 37823 0
1459947872230145 140 2239784 35787 131 2114083 37385 0
1459947872232116 141 2245280 38058 133 2119160 39144 0
1459947872233954 137 2245227 35132 130 2120000 36860 0
1459947872235860 139 2247738 34702 131 2122055 35874 0
1459947872237608 138 2248773 32944 127 2118829 36044 0
1459947872239527 136 2247167 31849 130 2119695 34026 0
1459947872241515 136 2245687 30724 130 2120493 32103 0
1459947872243144 135 2243042 30760 127 2117389 32455 0
1459947872244754 135 2240604 30603 127 2114527 32556 0
1459947872246387 131 2233236 35003 123 2106769 37163 0
1459947872248258 139 2236684 35447 132 2111137 38286 0
1459947872250106 142 2243703 39147 134 2117724 41366 0
1459947872251723 130 2234813 44282 120 2105876 49055 0
1459947872253386 132 2229178 46016 124 2100074 50570 0
1459947872255354 139 2232943 45892 129 2101125 47588 0
1459947872257110 137 2233854 43146 128 2100814 44156 0
1459947872258769 133 2229574 43720 125 2096687 44509 0
1459947872260308 130 2221788 47481 123 2090323 46897 0
1459947872262153 136 2222290 44234 128 2090856 43724 0
1459947872263907 131 2216353 46250 124 2086227 44574 0
1459947872265559 132 2212160 46501 125 2083240 43844 0
1459947872266950 124 2212160 46501 115 2083240 43844 1
1459947872268660 135 2212135 42891 127 2083046 40595 0
1459947872270282 130 2205711 45461 122 2076468 43487 0
1459947872272027 136 2207469 43530 127 2076803 40398 0
1459947872273803 136 2209090 41623 126 2075832 38135 0
1459947872275663 134 2208024 39352 127 2076217 35510 0
1459947872277544 137 2210882 38911 131 2081692 37782 0
1459947872279256 135 2210956 35940 128 2082899 35943 0
1459947872280954 135 2211025 33195 128 2084012 34160 0
1459947872282763 135 2211088 30659 130 2087598 34797 0
1459947872284377 138 2214986 31857 130 2090904 35126 0
1459947872286272 138 2218580 32681 130 2093952 35191 0
1459947872288181 142 2227013 37901 133 2100602 38571 0
1459947872290028 136 2227107 35026 124 2095212 40525 0
1459947872291634 131 2220794 38108 123 2088963 43118 0
1459947872293132 133 2217534 38134 126 2087042 41519 0
1459947872295053 138 2220929 38283 131 2091671 42543 0
1459947872296821 137 2222778 36997 127 2090819 40004 0
1459947872298531 135 2221923 34893 128 2091313 37334 0
1459947872300251 137 2223695 33799 130 2094329 37197 0
1459947872301833 132 2218928 35551 124 2089429 38806 0
1459947872303707 137 2220934 34622 129 2091312 37510 0
1459947872305371 132 2216383 36111 125 2087928 37698 0
1459947872307312 141 2223708 40041 131 2092488 38956 0
1459947872309052 137 2225340 38417 130 2095412 38607 0
1459947872311064 137 2226845 36802 128 2095547 35715 0
1459947872312676 135 2225672 35006 126 2093112 35168 0
1459947872314307 132 2220751 36807 123 2087027 38028 0
1459947872316023 136 2221334 34469 130 2090378 38146 0
1459947872317645 135 2220592 32459 128 2090907 35652 0
1459947872319372 136 2221188 30472 129 2092674 34495 0
1459947872321308 137 2223017 29777 129 2094303 33302 0
1459947872322904 131 2217023 32974 122 2086845 37574 0
1459947872324446 126 2205098 41390 121 2078690 42155 0
1459947872326112 129 2197944 44750 121 2071172 45791 0
1459947872327996 139 2204149 46973 130 2075761 46444 0
1459947872329450 129 2197069 49829 120 2067192 50714 0
1459947872330771 122 2197069 49829 114 2067192 50714 1
1459947872332465 134 2196942 46052 125 2065692 48133 0
1459947872334243 135 2198105 43527 127 2066869 45457 0
1459947872335997 132 2195338 42676 125 2065394 43263 0
1459947872337626 132 2192787 41692 123 2061475 43495 0
1459947872339429 134 2192995 38626 128 2064262 42665 0
1459947872341370 139 2199587 41685 131 2070671 45239 0
1459947872343173 137 2203104 41670 131 2076579 47151 0
1459947872345127 142 2212746 47303 134 2085866 52028 0
1459947872346843 138 2216515 47081 130 2089307 51135 0
1459947872348525 131 2211029 48458 122 2082239 53654 0
1459947872350292 138 2214932 48270 128 2083404 50536 0
1459947872351829 131 2209570 49440 125 2080638 49136 0
1459947872353498 135 2209747 45740 128 2081928 46486 0
1459947872355035 130 2203510 47915 121 2074157 50017 0
1459947872356776 136 2205440 45951 128 2075953 47765 0
1459947872358716 136 2207220 44001 128 2077609 45559 0
1459947872360487 135 2207580 40895 128 2079135 43406 0
1459947872362308 138 2211752 41546 128 2080542 41311 0
1459947872364152 140 2218158 44206 133 2088239 45179 0
1459947872365826 132 2213824 44747 123 2082535 46907 0
1459947872367627 136 2214949 42288 126 2081116 44549 0
1459947872369471 140 2221106 44660 131 2086208 45763 0
1459947872371169 136 2221662 41682 129 2088343 44155 0
1459947872372734 133 2218334 41492 125 2085191 43610 0
1459947872374360 134 2216546 39897 125 2082285 42880 0
1459947872376106 131 2211058 41838 125 2079606 41999 0
1459947872377741 129 2203439 45592 124 2075856 42173 0
1459947872379481 135 2204095 42635 128 2077519 40411 0
1459947872381207 138 2208540 43401 130 2081612 41027 0
1459947872382849 127 2198557 49212 121 2073866 44961 0
1459947872384883 141 2207274 53403 134 2083365 50205 0
1459947872386728 136 2208910 50738 129 2085722 48454 0
1459947872388412 129 2201458 53642 124 2081494 48564 0
1459947872390062 134 2200989 49883 125 2078877 47181 0
1459947872391760 131 2196716 49923 122 2072624 49257 0
1459947872393369 135 2197897 47111 128 2074540 47174 0
1459947872395095 135 2198986 44434 129 2077586 46296 0
1459947872396753 134 2198710 41216 126 2076554 43629 0
1459947872398684 131 2194615 41770 125 2074323 42276 0
1459947872400761 136 2197240 40926 126 2073546 39688 0
1459947872402900 139 2203500 43499 131 2079230 41827 0
1459947872404745 136 2205431 41880 128 2080630 39849 0
1459947872406640 134 2204651 39326 126 2079360 37905 0
1459947872408461 137 2207772 39130 129 2082030 37404 0
1459947872410453 140 2214489 42265 133 2089611 41470 0
1459947872412426 138 2218122 42312 129 2091480 39953 0
1459947872414139 133 2215071 41818 126 2089363 38782 0
1459947872415946 128 2205858 47042 120 2079731 44630 0
1459947872417873 136 2207605 44976 129 2082372 43577 0
1459947872419574 134 2206655 42336 126 2080966 41467 0
1459947872421415 136 2208340 40581 130 2084790 41752 0
1459947872423192 141 2216293 44742 133 2092155 45280 0
1459947872424881 137 2218505 43285 131 2096385 45641 0
1459947872426822 136 2219264 40603 129 2097724 43310 0
1459947872428792 136 2219964 38075 131 2101519 43424 0
1459947872430780 139 2224449 39234 130 2103737 42076 0
1459947872432650 137 2226023 37619 131 2107062 41853 0
1459947872434038 120 2226023 37619 112 2107062 41853 1
1459947872435746 132 2221074 39241 125 2102447 42836 0
1459947872437674 137 2222912 37870 129 2103313 40287 0
1459947872439687 142 2231007 42373 132 2107951 41415 0
1459947872441615 143 2239749 47121 135 2116067 45661 0
1459947872443462 139 2242688 46149 132 2119709 45450 0
1459947872445204 134 2238998 45944 126 2115386 45883 0
1459947872447073 135 2236876 44309 126 2111401 45971 0
1459947872448711 135 2234920 42650 129 2111567 42532 0
1459947872450280 130 2226716 46879 123 2104040 46147 0
1459947872452089 138 2229393 45684 129 2104781 43224 0
1459947872453880 135 2228021 43378 128 2104184 40396 0
1459947872455902 138 2230596 42363 130 2106194 39093 0
1459947872457691 137 2231690 40062 129 2106767 36566 0
1459947872459452 137 2232699 37862 127 2104735 35581 0
1459947872461533 146 2232699 37862 137 2104735 35581 1
1459947872463186 132 2227229 39946 122 2096462 40427 0
1459947872464764 133 2223466 40293 125 2092675 40758 0
1459947872466270 126 2211037 48602 120 2082784 46690 0
1459947872467847 133 2208539 47106 124 2078786 46727 0
1459947872469781 140 2215196 49562 129 2081500 45578 0
1459947872471489 136 2216213 46627 129 2084002 44324 0
1459947872473119 131 2210751 48018 121 2076069 48173 0
1459947872474776 132 2206996 47727 124 2072596 47610 0
1459947872476454 131 2202254 48369 125 2070674 45661 0
1459947872478536 138 2206842 48820 130 2075302 46360 0
1459947872480419 140 2213632 51265 131 2080849 47851 0
1459947872482028 135 2213492 47388 126 2079562 45297 0
1459947872483643 135 2213362 43803 128 2080936 43024 0
1459947872485419 136 2214523 41450 129 2083482 42009 0
1459947872487162 137 2216873 40377 128 2084549 39711 0
1459947872488942 137 2219039 39219 131 2089373 41055 0
1459947872490687 133 2215916 39033 127 2088700 38466 0
1459947872492540 140 2221997 41589 131 2093200 39608 0
1459947872494390 139 2226323 42327 132 2098628 41517 0
1459947872496188 135 2225191 40063 128 2098512 38379 0
1459947872498006 135 2224147 37894 127 2097125 36657 0
1459947872499927 141 2230865 41126 135 2106087 42054 0
1459947872501876 141 2237058 43622 131 2109228 41664 0
1459947872503721 139 2240207 43117 132 2113404 42259 0
1459947872505660 140 2244390 43605 133 2118534 43686 0
1459947872507637 137 2244407 40213 129 2118143 40632 0
1459947872509610 136 2243142 38236 129 2117783 37788 0
1459947872511130 129 2243142 38236 120 2117783 37788 1
1459947872512529 127 2243142 38236 119 2117783 37788 1
1459947872513910 122 2243142 38236 116 2117783 37788 1
1459947872515577 130 2234296 43402 122 2108491 43400 0
1459947872517414 137 2235101 40753 130 2110165 41552 0
1459947872519236 137 2235843 38253 130 2111708 39727 0
1459947872521031 136 2235247 35812 130 2113130 37934 0
1459947872522467 134 2232138 35879 125 2108041 39660 0
1459947872524190 134 2229272 35716 125 2103350 40885 0
1459947872525782 134 2226630 35360 126 2100305 40496 0
1459947872527426 132 2221634 37202 124 2094938 42279 0
1459947872528911 128 2211908 43260 121 2086150 47075 0
1459947872530550 131 2206782 44604 123 2080609 48504 0
1459947872532008 121 2189257 57274 116 2066541 57682 0
1459947872533632 127 2180781 60612 122 2061252 58050 0
1459947872535511 137 2185767 60472 132 2069176 60819 0
1459947872537419 139 2192923 62344 132 2076481 62801 0
1459947872539510 140 2200800 64735 133 2084495 65282 0
1459947872541285 133 2199102 61241 125 2081643 62809 0
1459947872543162 137 2202657 59733 132 2087974 63739 0
1459947872544951 137 2205934 58087 131 2092531 62960 0
1459947872546737 135 2206395 53973 128 2092892 58373 0
1459947872548436 136 2208100 51328 127 2091944 54685 0
1459947872550249 140 2214792 53487 132 2097470 55507 0
1459947872552270 141 2222241 56175 133 2103845 57047 0
1459947872553784 123 2206068 66695 116 2087962 67232 0
1459947872555559 137 2209078 64259 129 2089959 63820 0
1459947872557074 128 2200333 67299 120 2080280 67755 0
1459947872558892 136 2202511 64049 129 2082878 64856 0
1459947872560451 135 2203239 59716 126 2081433 61120 0
1459947872562246 136 2205190 56849 126 2080101 57572 0
1459947872563922 133 2203149 54288 126 2078873 54205 0
1459947872565878 138 2207667 54212 130 2082861 53646 0
1459947872567664 135 2207993 50276 128 2083977 50483 0
1459947872569391 132 2204453 49610 123 2078606 51490 0
1459947872570972 135 2205030 46266 124 2074934 50851 0
1459947872572768 138 2209402 46681 129 2077949 49658 0
1459947872574373 131 2204472 47578 122 2071769 51474 0
1459947872576074 136 2206327 45570 128 2073752 49280 0
1459947872577852 134 2205477 42791 124 2070460 48464 0
1459947872579659 137 2208534 42265 128 2072545 46599 0
1459947872581507 132 2204952 42264 124 2069347 45905 0
1459947872583159 135 2205490 39458 128 2071519 44320 0
1459947872584782 132 2202146 39457 123 2067121 44910 0
1459947872586441 133 2200343 38035 128 2069467 43563 0
1459947872588561 139 2206361 40611 133 2078029 48052 0
1459947872590363 136 2208069 39012 128 2079522 45674 0
1459947872592199 138 2212203 39775 132 2086019 48094 0
1459947872593747 132 2208334 40233 125 2083048 47074 0
1459947872595471 135 2208607 37341 128 2084149 44411 0
1459947872597138 128 2199899 42450 121 2076204 48264 0
1459947872599049 142 2209791 48253 134 2085520 53081 0
1459947872600892 135 2209951 44630 130 2088988 52131 0
1459947872602605 130 2203698 46906 119 2078105 58089 0
1459947872604353 134 2203054 43834 127 2078313 53741 0
1459947872606058 130 2197340 45676 123 2073384 54085 0
1459947872607835 134 2197192 42242 129 2076520 52750 0
1459947872609795 137 2200896 42356 129 2079411 51294 0
1459947872611790 138 2205591 43374 132 2085917 53283 0
1459947872613733 139 2211199 45155 131 2090634 53469 0
1459947872615138 125 2198449 53380 118 2078343 60621 0
1459947872616640 124 2185415 61224 118 2067012 66329 0
1459947872618399 139 2192599 63063 132 2074486 68037 0
1459947872620175 134 2192822 58341 126 2073696 63448 0
1459947872622035 135 2194307 55152 127 2074248 59000 0
1459947872624030 138 2199516 55645 132 2081157 60759 0
1459947872626014 135 2200478 52184 127 2081126 56039 0
1459947872628037 135 2201365 48925 129 2083658 53994 0
1459947872629727 133 2199623 46707 126 2082152 51163 0
1459947872631270 129 2192897 49258 120 2073083 55524 0
1459947872633218 140 2200776 52673 131 2078803 56459 0
1459947872635174 138 2205480 52893 129 2081516 54549 0
1459947872637398 147 2221336 63378 141 2099377 66753 0
1459947872639269 139 2225714 62462 131 2103043 64916 0
1459947872641157 137 2227190 58942 128 2102582 60268 0
1459947872642873 132 2222150 58982 123 2095757 61850 0
1459947872644564 133 2218784 57476 125 2092025 60456 0
1459947872646269 135 2218241 53485 129 2093705 57281 0
1459947872647845 131 2212620 54486 123 2087574 58456 0
1459947872649680 138 2216399 53712 130 2090882 56938 0
1459947872651237 133 2213482 52203 125 2087531 55577 0
1459947872652903 135 2213353 48242 128 2088282 51927 0
1459947872654600 133 2210674 46941 124 2083854 51951 0
1459947872656570 142 2219725 51616 135 2093852 57109 0
1459947872658354 134 2217828 49330 126 2091549 54769 0
1459947872660275 139 2222480 49764 131 2095826 54433 0
1459947872662013 130 2215248 52542 124 2090809 54804 0
1459947872663713 133 2212421 51042 124 2086184 54785 0
1459947872665382 132 2208535 50635 127 2085760 50894 0
1459947872667102 137 2211353 49277 129 2087930 48917 0
1459947872668952 131 2206271 50111 124 2083530 49150 0
1459947872670908 136 2207986 47777 128 2084594 46291 0
1459947872672841 138 2212127 47861 132 2090695 48298 0
1459947872674900 145 2224904 55900 138 2103999 56789 0
1459947872677062 141 2231563 57671 132 2108584 56578 0
1459947872678920 134 2228742 55765 127 2106410 54160 0
1459947872680805 132 2223581 56165 121 2096726 58854 0
1459947872682641 137 2225223 53291 129 2098039 55466 0
1459947872684450 135 2224177 50090 128 2097969 51195 0
1459947872686282 136 2224493 46467 129 2099185 48316 0
1459947872687666 122 2224493 46467 116 2099185 48316 1
1459947872689220 127 2213264 53187 119 2087506 55307 0
1459947872690727 125 2200352 60933 117 2074179 63271 0
1459947872692352 135 2201249 56999 129 2077253 61161 0
1459947872694085 141 2209756 60387 133 2085207 63715 0
1459947872695985 141 2217598 62899 136 2096380 69037 0
1459947872697673 136 2218428 58750 128 2096440 63698 0
1459947872699251 133 2215353 56994 126 2093935 61029 0
1459947872700949 132 2211238 56333 123 2087786 61929 0
1459947872702577 129 2203605 58967 122 2080837 63495 0
1459947872704388 135 2204248 54953 128 2082111 59709 0
1459947872706148 138 2208681 54745 130 2085846 58487 0
1459947872707679 132 2205087 53780 125 2082889 56642 0
1459947872709304 135 2205614 50064 127 2082723 52368 0
1459947872711282 137 2208660 48960 130 2086410 51675 0
1459947872712943 133 2206348 47265 127 2085969 48043 0
1459947872714899 139 2211897 48687 132 2091962 49814 0
1459947872716761 136 2213172 46058 126 2089807 47908 0
1459947872718689 139 2218187 47083 132 2095500 49414 0
1459947872720395 138 2221531 46486 130 2098189 48031 0
1459947872722037 132 2216933 47091 128 2098107 44352 0
1459947872723769 131 2211415 48498 123 2091632 46855 0
1459947872725472 129 2203768 51758 122 2084383 49876 0
1459947872727096 130 2197998 53032 123 2078980 50959 0
1459947872728764 132 2195239 51431 125 2076559 49208 0
1459947872730491 137 2199095 50967 128 2078167 46846 0
1459947872732246 141 2207770 54982 132 2084770 49273 0
1459947872734014 138 2211927 54519 130 2088297 48674 0
1459947872735979 138 2215760 53792 129 2090268 46688 0
1459947872737927 138 2219293 52846 128 2090805 43535 0
1459947872739459 118 2219293 52846 113 2090805 43535 1
1459947872740790 96 2219293 52846 92 2090805 43535 1
1459947872742072 94 2219293 52846 88 2090805 43535 1
1459947872743275 105 2219293 52846 99 2090805 43535 1
1459947872744952 138 2222550 51720 130 2093860 42950 0
1459947872746538 137 2224273 49267 128 2094117 39831 0
1459947872748116 133 2220741 48673 125 2090514 40040 0
1459947872749836 136 2221325 45408 129 2092312 38569 0
1459947872751585 136 2221863 42356 124 2087570 39926 0
1459947872753385 138 2224919 41864 128 2088318 37496 0
1459947872755236 135 2223897 39534 127 2087728 35109 0
1459947872757136 134 2221675 38493 128 2088464 33044 0
1459947872758770 129 2213226 43273 123 2082742 35736 0
1459947872760516 131 2207997 44711 123 2077467 37806 0
1459947872762188 132 2204457 44480 122 2071324 40514 0
1459947872763932 137 2207593 43896 131 2077181 42748 0
1459947872765641 133 2205364 42520 124 2073621 42689 0
1459947872767380 133 2203309 41091 126 2072899 40018 0
1459947872769179 137 2206535 40854 129 2076073 39817 0
1459947872770770 129 2199269 44359 121 2068759 43447 0
1459947872772486 138 2204091 45338 131 2074817 45636 0
1459947872774123 136 2205976 43533 128 2076561 43678 0
1459947872776035 139 2211554 45273 128 2078169 41748 0
1459947872777696 132 2207736 45255 124 2074532 41838 0
1459947872779469 134 2206776 42603 127 2075019 39018 0
1459947872781192 135 2207171 39638 126 2074188 36734 0
1459947872783025 138 2211375 40417 130 2078542 37877 0
1459947872784907 138 2215251 40832 131 2083835 39797 0
1459947872786737 136 2216264 38576 129 2086155 38826 0
1459947872788527 134 2214638 37060 127 2085734 36179 0
1459947872790652 143 2224659 43402 134 2094306 41254 0
1459947872792446 139 2228777 43807 131 2098368 41776 0
1459947872794261 137 2230013 41524 128 2098273 38599 0
1459947872795995 134 2227313 40767 124 2093065 40383 0
1459947872797990 135 2226104 38696 128 2093384 37522 0
1459947872799832 140 2231389 40544 129 2094958 36041 0
1459947872801604 133 2227301 41143 126 2092569 35426 0
1459947872803313 132 2222253 42581 126 2090367 34687 0
1459947872805029 137 2223999 40864 129 2092177 33645 0
1459947872806957 139 2228169 41515 131 2096405 34914 0
1459947872808591 137 2229453 39454 131 2100303 35779 0
1459947872810641 143 2238316 44542 134 2107736 39836 0
1459947872812458 138 2240087 42695 129 2108189 37140 0
1459947872814175 133 2235320 43753 126 2104766 37392 0
1459947872815769 128 2235320 43753 119 2104766 37392 1
1459947872817530 135 2233485 42025 126 2101611 37378 0
1459947872819349 137 2234353 39542 128 2101262 34778 0
1459947872820997 136 2233874 36893 126 2098380 34715 0
1459947872822885 137 2234712 34783 130 2100844 34273 0
1459947872824680 135 2232925 33712 127 2099275 33040 0
1459947872826604 140 2237677 35459 131 2102949 33845 0
1459947872828367 134 2234378 35728 127 2101216 32797 0
1459947872830080 139 2237737 36032 130 2103458 32301 0
1459947872831591 133 2233153 37442 124 2097845 34951 0
1459947872833295 135 2231487 36050 128 2097790 32269 0
1459947872835187 139 2235072 36538 129 2099020 30881 0
1459947872836998 135 2233257 35356 129 2100154 29513 0
1459947872838769 135 2231583 34135 129 2101199 28170 0
1459947872840702 139 2235160 34766 130 2103442 28037 0
1459947872842500 136 2234618 32548 128 2102950 26298 0
1459947872844335 134 2231558 32825 128 2102497 24660 0
1459947872846161 138 2233857 32379 129 2103359 23528 0
1459947872847923 134 2230856 32614 125 2099034 25676 0
1459947872849805 139 2234490 33416 131 2102726 27074 0
1459947872851496 138 2236560 32713 131 2106130 28096 0
1459947872853311 136 2235908 30757 127 2104148 27727 0
1459947872855079 137 2236587 28980 127 2102321 27243 0
1459947872857019 138 2238493 28472 131 2105757 28281 0
1459947872858707 131 2231290 32886 125 2101244 30230 0
1459947872860339 136 2231050 30536 129 2102204 28753 0
1459947872862274 139 2234669 31486 131 2105649 29682 0
1459947872863928 136 2234165 29490 127 2103705 29154 0
1459947872865590 134 2231140 29973 129 2104473 27584 0
1459947872867602 142 2238592 34501 134 2111581 31981 0
1459947872869769 146 2238592 34501 138 2111581 31981 1
1459947872871573 137 2239062 32238 129 2111733 29622 0
1459947872873155 129 2239062 32238 121 2111733 29622 1
1459947872875045 135 2236935 31679 128 2110593 28357 0
1459947872876732 135 2234974 31011 125 2105702 30648 0
1459947872878707 137 2235726 29281 129 2106314 28817 0
1459947872880492 136 2235139 27533 127 2104318 28404 0
1459947872882427 140 2239718 29603 133 2110158 31567 0
1459947872884304 138 2241380 28822 130 2111701 30523 0
1459947872886044 134 2237792 29877 125 2106724 32725 0
1459947872887803 136 2237044 28231 124 2100856 35577 0
1459947872889458 136 2236354 26660 128 2100566 33063 0
1459947872891515 140 2240838 28711 132 2105419 34953 0
1459947872893490 139 2243692 29098 130 2107333 33986 0
1459947872895319 140 2247603 30430 133 2112937 36496 0
1459947872897260 141 2252489 32556 132 2116823 37227 0
1459947872898905 132 2245473 36479 125 2111446 39274 0
1459947872900641 136 2244125 34871 127 2109049 38414 0
1459947872902435 138 2245442 33360 131 2111959 38095 0
1459947872904230 138 2246656 31873 130 2113362 36411 0
1459947872906131 138 2247776 30414 129 2113375 33578 0
1459947872908022 140 2251368 31348 133 2118507 35685 0
1459947872909608 136 2249559 30564 127 2115558 35614 0
1459947872911347 135 2246612 30892 127 2112840 35336 0
1459947872913196 142 2252855 34233 135 2120574 39705 0
1459947872915215 140 2256050 34504 131 2122584 38456 0
1459947872917291 140 2258996 34523 133 2126997 39519 0
1459947872919011 136 2256591 34041 128 2124665 38580 0
1459947872920571 129 2245414 41683 123 2116115 43446 0
1459947872922459 135 2242791 40844 130 2117193 41045 0
1459947872924423 139 2245492 40143 131 2119467 39934 0
1459947872926211 138 2246702 38122 132 2122843 39926 0
1459947872928196 140 2250378 38532 131 2124675 38495 0
1459947872930039 138 2251207 36285 131 2126364 37044 0
1459947872932010 137 2250691 33925 126 2121521 38612 0
1459947872933798 133 2245095 36432 128 2119617 37350 0
1459947872935585 133 2239936 38340 124 2112741 40769 0
1459947872937238 130 2239936 38340 119 2112741 40769 1
1459947872938879 132 2233901 40907 123 2105123 44605 0
1459947872940563 133 2229617 41659 125 2100660 45234 0
1459947872942413 135 2228228 39684 126 2097825 44312 0
1459947872944244 137 2229507 37762 130 2100332 43161 0
1459947872946032 139 2233246 38258 132 2105203 44280 0
1459947872947732 133 2229013 39170 125 2100734 44939 0
1459947872949498 136 2228951 36165 128 2100454 41685 0
1459947872951020 132 2223774 38111 123 2093796 44565 0
1459947872952691 131 2217721 40712 126 2091498 43201 0
1459947872954515 136 2218541 38287 130 2094499 42592 0
1459947872956297 138 2221857 38352 130 2097266 41815 0
1459947872958226 136 2222354 35813 130 2099817 40899 0
1459947872959820 133 2218972 36132 125 2095768 41434 0
1459947872961612 136 2219694 33975 128 2095876 38295 0
1459947872963331 136 2220360 31934 129 2097255 36574 0
1459947872965023 131 2214574 34772 124 2092126 38443 0
1459947872966647 133 2211800 34611 126 2089958 37436 0
1459947872968588 136 2213083 33089 128 2090520 35029 0
1459947872970663 139 2218105 35133 131 2094878 36309 0
1459947872972722 139 2222735 36656 131 2098895 37175 0
1459947872974770 139 2227003 37727 130 2101318 36504 0
1459947872976792 139 2230938 38406 132 2106112 38072 0
1459947872978246 127 2219205 46220 121 2096452 44002 0
1459947872979870 131 2213509 47859 126 2093946 42873 0
1459947872981416 124 2213509 47859 117 2093946 42873 1
1459947872983103 131 2208258 48960 124 2089076 44012 0
1459947872984931 138 2212377 48933 129 2090986 42334 0
1459947872986643 136 2213615 46251 126 2088907 40941 0
1459947872988191 133 2210916 45124 125 2085711 40688 0
1459947872990058 138 2214828 45204 130 2089164 40693 0
1459947872991915 138 2218434 44996 129 2091068 39268 0
1459947872993840 136 2219198 42185 127 2090263 36941 0
1459947872995469 130 2212223 45318 122 2083121 40637 0
1459947872996907 126 2200673 52424 119 2072697 47071 0
1459947872998519 130 2195145 53423 121 2065647 49891 0
1459947873000334 139 2201569 55171 128 2068108 48262 0
1459947873002174 135 2202371 51599 129 2071657 47762 0
1459947873004279 144 2214630 58869 137 2085168 56486 0
1459947873005982 130 2208012 60369 124 2080984 55929 0
1459947873007739 135 2208311 55927 126 2079687 52754 0
1459947873009562 133 2206026 53662 126 2078491 49734 0
1459947873011008 129 2198800 56130 121 2070988 52763 0
1459947873012686 135 2199818 52683 127 2071752 49344 0
1459947873014663 139 2205877 54152 132 2078856 52038 0
1459947873016252 132 2202502 53031 125 2076445 50194 0
1459947873018086 134 2201951 49394 128 2078062 47763 0
1459947873020084 140 2209123 52147 130 2082113 47765 0
1459947873022175 141 2217015 55348 132 2088407 49836 0
1459947873023987 140 2223010 56550 131 2092930 50111 0
1459947873026121 140 2228537 57227 133 2099659 52400 0
1459947873027914 137 2229792 53913 129 2100743 49305 0
1459947873029699 135 2228389 50993 128 2100462 45711 0
1459947873031382 133 2224536 50560 126 2097643 44737 0
1459947873033232 136 2224824 46875 129 2098884 42385 0
1459947873034995 134 2222529 45327 127 2097468 40377 0
1459947873036880 135 2221693 42554 127 2096163 38424 0
1459947873038456 132 2217083 43478 122 2088560 42430 0
1459947873040187 135 2216673 40458 128 2089231 39733 0
1459947873042024 138 2220135 40488 131 2093689 40738 0
1459947873043852 136 2220766 37906 130 2096519 40164 0
1459947873045772 139 2225188 39021 132 2101688 41791 0
1459947873047420 134 2222865 38113 127 2100053 40032 0
1459947873049121 135 2222003 35928 127 2098546 38292 0
1459947873050754 133 2218649 36212 125 2094597 38940 0
1459947873052345 132 2214277 37412 124 2089676 40432 0
1459947873054044 134 2212806 35844 127 2088980 37914 0
1459947873055838 133 2210170 35472 125 2085778 37902 0
1459947873057617 135 2210300 32820 129 2087946 36939 0
1459947873059535 140 2216820 36265 131 2092505 38256 0
1459947873061506 140 2222830 38972 130 2095428 37961 0
1459947873063199 133 2219411 39078 126 2093002 37230 0
1459947873064912 136 2220099 36659 128 2093326 34619 0
1459947873066714 135 2219453 34389 126 2091064 33998 0
1459947873068688 137 2221418 33513 128 2091539 31779 0
1459947873070593 138 2224509 33744 130 2094537 32060 0
1459947873072370 135 2223519 32019 128 2094741 29743 0
1459947873074139 133 2220046 32718 127 2093649 28425 0
1459947873075820 135 2219404 30751 127 2092642 27131 0
1459947873077581 133 2216253 31252 126 2090434 27046 0
1459947873079425 138 2219748 32032 131 2094798 28956 0
1459947873081257 137 2221690 31319 130 2097541 29222 0
1459947873082971 132 2217080 33121 124 2092390 31686 0
1459947873084596 132 2212830 34450 125 2088922 32407 0
1459947873086504 137 2215312 34046 129 2090844 31647 0
1459947873088469 136 2216320 32316 130 2093896 31988 0
1459947873090415 137 2218530 31828 128 2094150 29722 0
1459947873092231 135 2218007 29822 125 2090544 30722 0
1459947873093603 127 2218007 29822 119 2090544 30722 1
1459947873095448 134 2216245 29116 127 2089780 29025 0
1459947873097331 137 2218460 28883 129 2091635 28468 0
1459947873099301 141 2225622 33229 134 2099746 33720 0
1459947873101279 140 2230945 35539 133 2105943 36798 0
1459947873103167 138 2233292 34926 131 2109096 36829 0
1459947873104875 134 2230336 34922 126 2105602 37171 0
1459947873106761 138 2232731 34400 129 2106221 34838 0
1459947873108569 139 2236218 34927 130 2108072 33822 0
1459947873110455 137 2236873 32802 130 2109778 32752 0
1459947873112322 137 2237477 30796 129 2110071 30463 0
1459947873113996 133 2232914 32596 126 2106501 31373 0
1459947873115724 134 2229987 32746 127 2104490 30774 0
1459947873117504 136 2229849 30313 129 2105196 29020 0
1459947873119442 144 2229849 30313 136 2105196 29020 1
1459947873121294 136 2229722 28061 130 2107127 28532 0
1459947873123120 136 2229604 25975 128 2106347 27020 0
1459947873124712 132 2224376 28764 124 2100508 30291 0
1459947873126382 136 2224676 26793 127 2098965 29345 0
1459947873128295 138 2227513 27314 131 2102663 30461 0
1459947873130097 134 2225008 27488 127 2100952 29657 0
1459947873131802 135 2223979 26288 127 2099375 28793 0
1459947873133664 138 2226870 26899 130 2101761 28742 0
1459947873135528 139 2230815 28434 131 2105240 29704 0
1459947873137582 143 2230815 28434 135 2105240 29704 1
1459947873139370 141 2237012 31925 133 2111008 32700 0
1459947873141070 136 2236325 30062 130 2112485 31507 0
1459947873142802 134 2233132 30656 128 2111287 30149 0
1459947873144661 137 2234028 29087 130 2112742 29135 0
1459947873146126 129 2224614 35491 123 2105124 33880 0
1459947873147925 137 2226176 34158 131 2108341 34198 0
1459947873149679 138 2228896 33996 132 2112586 35440 0
1459947873151224 125 2228896 33996 120 2112586 35440 1
1459947873152801 130 2221163 38468 124 2106260 38502 0
1459947873154586 137 2222994 37150 130 2108108 37198 0
1459947873156551 140 2228522 39343 133 2113652 39401 0
1459947873158299 134 2225938 38650 126 2109802 39870 0
1459947873160332 141 2232516 41694 133 2115213 41743 0
1459947873162222 137 2233460 39306 128 2113801 39781 0
1459947873164104 138 2235610 38217 131 2116340 39013 0
1459947873166100 141 2241432 40599 132 2119960 39303 0
1459947873167929 139 2244240 40015 131 2122018 38129 0
1459947873169702 133 2239148 41581 125 2116235 40480 0
1459947873171462 136 2238294 39118 124 2109624 43411 0
1459947873173220 133 2233667 40326 125 2104809 44457 0
1459947873175174 139 2237081 40323 130 2106770 42791 0
1459947873177347 143 2245349 44794 137 2117538 49374 0
1459947873179369 139 2247851 43600 132 2121065 48767 0
1459947873181223 136 2246317 41606 129 2120476 45499 0
1459947873182860 134 2242343 42018 127 2117373 44803 0
1459947873184649 135 2239959 40931 128 2115793 42758 0
1459947873186454 134 2236482 40938 129 2115616 39579 0
1459947873188336 136 2235836 38333 130 2116733 37516 0
1459947873189886 131 2228841 41786 121 2106243 44255 0
1459947873191677 138 2231352 40836 131 2109372 43682 0
1459947873193407 138 2233667 39779 131 2112257 42928 0
1459947873195176 137 2234521 37459 132 2116196 43206 0
1459947873197088 142 2241709 41158 131 2118548 41998 0
1459947873198874 134 2238095 41273 127 2115596 41436 0
1459947873200679 137 2238603 38517 129 2115435 38346 0
1459947873202476 137 2239072 35939 129 2115286 35486 0
1459947873204094 131 2231824 39812 126 2111309 36379 0
1459947873205943 133 2227702 40500 127 2108922 35735 0
1459947873207680 134 2225182 39657 128 2108002 33790 0
1459947873209297 127 2213899 46958 121 2098194 40191 0
1459947873210805 133 2211178 45797 125 2094272 40666 0
1459947873212659 138 2215069 45806 132 2099617 42415 0
1459947873214492 138 2218656 45534 130 2101984 41283 0
1459947873216386 139 2223243 46205 130 2104166 40069 0
1459947873218168 136 2223632 42953 130 2106178 38792 0
1459947873219966 137 2225270 41107 128 2105472 36411 0
1459947873221729 135 2224220 38862 131 2108662 36506 0
1459947873223645 139 2228372 39653 132 2112882 37544 0
1459947873225506 135 2227080 37745 129 2112933 34657 0
1459947873227293 137 2228449 36058 128 2111700 33085 0
1459947873229218 138 2230991 35583 128 2110563 31547 0
1459947873231147 135 2229494 34182 128 2109515 30047 0
1459947873232869 131 2222994 37502 123 2102149 34489 0
1459947873234968 140 2228522 39668 132 2106878 36154 0
1459947873237109 142 2236178 43626 134 2113798 39708 0
1459947873239056 135 2234276 41969 128 2112497 37803 0
1459947873240510 132 2228683 43845 126 2108738 38314 0
1459947873241974 129 2219687 48712 121 2098872 44414 0
1459947873243638 136 2220353 45520 129 2100017 42000 0
1459947873245305 135 2219687 42576 126 2097233 41284 0
1459947873247188 136 2220353 39863 128 2097226 38063 0
1459947873248880 135 2219687 37361 128 2097220 35094 0
1459947873250804 136 2220353 35056 129 2098494 33527 0
1459947873252753 143 2229927 41143 137 2109909 41430 0
1459947873254465 139 2233633 41345 132 2114032 41994 0
1459947873256408 141 2239610 43624 133 2119113 43397 0
1459947873258313 135 2237440 42215 129 2118677 40407 0
1459947873260139 137 2238000 39432 131 2120835 39239 0
1459947873261903 132 2232116 41775 126 2116424 40238 0
1459947873263840 141 2238211 44130 133 2121318 41606 0
1459947873265762 136 2237430 41401 128 2119430 40095 0
1459947873267471 134 2234150 41188 126 2115129 40926 0
1459947873269090 133 2229847 41936 124 2108604 43742 0
1459947873270857 137 2231000 39722 130 2110269 41859 0
1459947873272630 139 2234623 39958 132 2114364 42363 0
1459947873274489 138 2236683 38735 131 2116859 41353 0
1459947873276250 137 2237302 36278 128 2115319 39541 0
1459947873278131 137 2237872 33969 127 2112619 38939 0
1459947873279990 139 2240958 34160 130 2113970 37142 0
1459947873281673 128 2229723 41848 123 2106256 41351 0
1459947873283477 137 2230885 39650 131 2109384 41004 0
1459947873285266 136 2230677 36743 129 2109708 38099 0
1459947873287299 142 2238165 40775 132 2113847 38937 0
1459947873288941 132 2232268 43024 124 2107422 41817 0
1459947873290658 139 2235792 42910 129 2107899 38990 0
1459947873292366 137 2236480 40192 130 2109619 37529 0
1459947873294319 137 2237115 37637 128 2108645 35494 0
1459947873296123 132 2231300 40056 126 2105187 35908 0
1459947873297959 133 2227219 40687 127 2103279 34860 0
1459947873299526 133 2223457 40975 124 2097680 37297 0
1459947873301345 137 2225109 39296 131 2101478 37885 0
1459947873303132 136 2225352 36450 129 2102420 35793 0
1459947873304852 129 2216616 41655 122 2094328 40455 0
1459947873306433 132 2212402 42283 126 2091988 39450 0
1459947873308037 129 2204678 46099 123 2085991 41895 0
1459947873309845 137 2207797 45372 130 2089422 41784 0
1459947873311325 133 2205552 43895 125 2086185 41502 0
1459947873313210 142 2215003 49177 134 2094721 46128 0
1459947873315111 138 2218595 48647 133 2101310 48599 0
1459947873317093 139 2223187 49079 132 2106105 49222 0
1459947873318907 137 2224860 46786 129 2106685 45911 0
1459947873320657 134 2222562 45247 127 2104660 44190 0
1459947873322348 128 2212764 50744 122 2096393 48357 0
1459947873324264 133 2210131 49205 126 2093892 46884 0
1459947873325719 126 2198744 55856 119 2082626 53606 0
1459947873327359 132 2195927 54088 126 2081200 50731 0
1459947873329027 134 2195890 49895 125 2078606 49158 0
1459947873330996 139 2202256 51864 131 2083894 50192 0
1459947873333049 142 2211964 56762 134 2092609 54304 0
1459947873334888 129 2204274 59415 123 2086563 55633 0
1459947873336681 133 2202305 56588 126 2084830 52883 0
1459947873338346 135 2203049 52853 128 2085792 49638 0
1459947873340264 139 2208855 54076 131 2090519 50118 0
1459947873342316 141 2216768 57146 132 2096157 51399 0
1459947873344117 136 2217663 53506 129 2097514 48634 0
1459947873345971 133 2214648 52104 125 2093645 48400 0
1459947873347551 129 2206748 55315 123 2087518 50265 0
1459947873349029 125 2194345 62426 120 2078030 55084 0
1459947873350986 139 2200831 63528 131 2083363 55697 0
1459947873352764 134 2200411 58951 126 2081880 52711 0
1459947873354650 135 2201303 55168 127 2081793 48672 0
1459947873356313 135 2202126 51616 124 2077872 48482 0
1459947873357912 129 2195204 53963 122 2071698 50385 0
1459947873359594 133 2193943 50908 124 2068566 49334 0
1459947873361314 131 2190221 50361 123 2064399 49320 0
1459947873363035 129 2184229 51948 122 2059277 50187 0
1459947873365016 134 2185106 48697 128 2062235 48993 0
1459947873366645 135 2187194 46817 127 2063682 46499 0
1459947873368592 135 2189119 44934 129 2067576 46456 0
1459947873370473 140 2197294 48959 132 2075006 49676 0
1459947873372303 137 2200990 48541 131 2080576 50930 0
1459947873373965 133 2199277 46326 127 2080591 46964 0
1459947873375826 138 2204098 47150 130 2084444 46846 0
1459947873377641 135 2204702 44023 128 2085436 44101 0
1459947873379602 139 2210379 45817 131 2090191 45038 0
1459947873381594 137 2213053 44702 129 2092014 43200 0
1459947873383438 137 2215518 43481 130 2094975 42555 0
1459947873385022 128 2206270 48608 123 2088745 44973 0
1459947873386838 136 2207985 46391 128 2089401 42064 0
1459947873388690 135 2208286 43043 128 2090006 39335 0
1459947873390547 140 2214963 45836 132 2095684 41495 0
1459947873392482 140 2221119 47930 132 2100918 43078 0
1459947873394404 139 2225514 48236 131 2104463 42980 0
1459947873396329 137 2227005 45842 130 2106451 41455 0
1459947873398160 136 2227100 42347 130 2108284 39906 0
1459947873399704 128 2216947 48396 122 2099734 44669 0
1459947873401457 133 2213988 47342 126 2096972 43724 0
1459947873402968 131 2208700 48517 123 2090586 46195 0
1459947873404622 132 2205105 48039 125 2087258 45653 0
1459947873406426 137 2208191 47130 129 2089310 43978 0
1459947873408323 139 2213596 48429 133 2096322 47006 0
1459947873410255 141 2221138 51598 134 2104066 50472 0
1459947873411844 133 2217851 50595 127 2102245 48205 0
1459947873413555 136 2218661 47389 128 2101847 44804 0
1459947873415337 138 2221968 46734 129 2102760 42144 0
1459947873417205 136 2222456 43532 127 2101041 40434 0
1459947873418913 136 2222906 40546 128 2100737 37555 0
1459947873420695 136 2223321 37761 128 2100456 34879 0
1459947873422616 138 2226264 37523 131 2104037 35456 0
1459947873424539 136 2226417 34732 129 2104779 33370 0
1459947873426446 137 2227838 33328 129 2105463 31392 0
1459947873428373 139 2231708 34291 130 2107373 30700 0
1459947873430135 136 2231435 31862 128 2106574 29037 0
1459947873431900 135 2229904 30783 126 2103277 29806 0
1459947873433615 134 2227212 30858 127 2101518 29098 0
1459947873435380 133 2223451 31914 127 2099896 28318 0
1459947873437093 131 2217423 34976 125 2095841 29842 0
1459947873438670 130 2210586 38545 124 2090823 32135 0
1459947873440388 135 2210683 35623 127 2090037 30348 0
1459947873442366 136 2212053 34102 130 2093152 30849 0
1459947873443914 126 2212053 34102 120 2093152 30849 1
1459947873445779 130 2205636 37352 124 2088344 32869 0
1459947873447702 138 2209960 38419 132 2094152 35655 0
1459947873449288 132 2206266 38821 126 2091826 35012 0
1459947873451173 135 2206701 36189 127 2090962 33072 0
1459947873452979 137 2209662 36091 129 2092725 32113 0
1459947873454760 128 2200872 41374 121 2084110 37545 0
1459947873456329 131 2196608 42071 125 2081288 37211 0
1459947873458219 133 2195238 40046 125 2078687 36700 0
1459947873460044 137 2199095 40472 131 2083969 38701 0
1459947873461692 133 2197530 38752 126 2082438 37087 0
1459947873463484 136 2199927 37934 129 2084867 36428 0
1459947873465099 130 2194457 40011 121 2076866 40957 0
1459947873466591 133 2193255 37993 126 2075890 38655 0
1459947873468455 137 2197266 38722 127 2076271 35986 0
1459947873469923 126 2186884 45266 119 2066382 42290 0
1459947873471293 122 2186884 45266 114 2066382 42290 1
1459947873472688 121 2186884 45266 115 2066382 42290 1
1459947873474207 126 2177313 50551 120 2058545 46209 0
1459947873476155 136 2181290 50267 130 2064121 47738 0
1459947873478068 134 2182396 47359 126 2064141 44026 0
1459947873479803 134 2183416 44599 128 2066719 42963 0
1459947873481433 129 2177956 46146 121 2060136 45674 0
1459947873482899 129 2172923 47179 121 2054067 47698 0
1459947873484388 132 2172123 44230 123 2051033 46767 0
1459947873486398 139 2180345 48354 128 2054636 46434 0
1459947873488331 137 2185365 49204 131 2061797 49408 0
1459947873490188 138 2191273 50805 131 2068399 51634 0
1459947873492078 137 2195439 50676 128 2070645 49670 0
1459947873493823 134 2195440 46717 126 2070155 46239 0
1459947873495707 137 2199281 46608 129 2073544 45750 0
1459947873497547 134 2198982 43241 127 2074108 42695 0
1459947873499421 137 2202546 43148 130 2078468 43378 0
1459947873501181 133 2200712 41467 126 2077367 41003 0
1459947873503050 137 2204141 41388 130 2081472 41584 0
1459947873504998 138 2208582 42248 130 2085257 41824 0
1459947873506858 141 2216516 46261 131 2090026 42952 0
1459947873508707 138 2219990 45849 131 2094422 43649 0
1459947873510076 127 2209113 52293 121 2085675 48301 0
1459947873511629 129 2201646 55090 124 2081451 48420 0
1459947873513236 131 2197322 54771 123 2076277 49406 0
1459947873514833 126 2186936 60066 119 2066387 54662 0
1459947873516791 138 2192721 60706 131 2072630 56146 0
1459947873518828 139 2199334 62060 133 2080945 59425 0
1459947873520370 129 2192631 63390 125 2078371 57154 0
1459947873521896 125 2181331 68853 118 2067038 63135 0
1459947873523502 128 2174754 69535 122 2061710 63113 0
1459947873525354 140 2184051 72673 134 2072158 67814 0
1459947873527134 135 2186222 68996 127 2072830 63136 0
1459947873528822 132 2184383 65299 124 2069610 61171 0
1459947873530494 133 2183968 60579 125 2067921 57948 0
1459947873532121 135 2186145 57853 127 2068924 54345 0
1459947873533716 135 2188152 55183 127 2069849 50952 0
1459947873535477 133 2187442 51524 127 2070702 47757 0
1459947873537549 139 2194468 53975 132 2077888 50650 0
1459947873539129 126 2184305 59126 120 2069153 54744 0
1459947873540573 129 2178776 59602 122 2063660 55530 0
1459947873542068 131 2176239 57283 124 2061156 53498 0
1459947873543968 137 2181580 57731 129 2065248 53090 0
1459947873545908 145 2196744 67199 135 2076700 59499 0
1459947873547812 137 2200483 65396 129 2079577 57503 0
1459947873549241 129 2193690 66548 122 2073270 58824 0
1459947873550867 133 2192547 62400 126 2072575 54867 0
1459947873552671 137 2196614 61274 130 2077055 54710 0
1459947873554469 135 2197803 57582 128 2078625 51882 0
1459947873556227 135 2198899 54094 128 2080072 49162 0
1459947873557900 131 2194790 53654 124 2076286 48810 0
1459947873559570 129 2188442 55314 124 2072796 48213 0
1459947873561404 133 2187709 51666 128 2074698 46200 0
1459947873563293 137 2192154 51726 129 2077732 45387 0
1459947873565255 140 2200091 55001 132 2084369 47959 0
1459947873566840 128 2192048 58117 123 2078967 49191 0
1459947873568599 131 2188474 56870 125 2076547 47577 0
1459947873570218 131 2185179 55464 125 2074316 45915 0
1459947873571876 133 2184701 51569 125 2072260 44222 0
1459947873573579 135 2186821 49494 127 2072924 41379 0
1459947873575485 135 2188775 47428 129 2076096 41071 0
1459947873577762 139 2195696 50103 132 2082861 44098 0
1459947873579721 136 2198237 48530 128 2083977 41681 0
1459947873581613 137 2201859 48077 129 2086286 40552 0
1459947873583438 139 2207758 49758 133 2093534 44065 0
1459947873585173 134 2206796 46755 127 2092536 41541 0
1459947873586873 132 2203350 46278 125 2089056 41502 0
1459947873588423 129 2196333 49130 121 2080728 45935 0
1459947873590022 129 2189864 51254 122 2074331 48243 0
1459947873591924 138 2195420 52371 132 2081233 50837 0
1459947873593804 139 2201822 54181 131 2086316 51551 0
1459947873595457 133 2200044 51586 127 2085882 47922 0
1459947873597338 132 2197125 50245 127 2085482 44546 0
1459947873599033 132 2194434 48799 124 2081273 44944 0
1459947873600904 134 2194513 45059 128 2082513 42575 0
1459947873602305 129 2188186 47370 123 2077256 44093 0
1459947873603992 134 2188753 44192 128 2078810 42080 0
1459947873605686 130 2184156 44976 122 2072562 44550 0
1459947873607324 134 2185038 42275 128 2074483 42840 0
1459947873609332 135 2187131 40902 129 2077534 42305 0
1459947873611147 139 2194181 44205 132 2084186 45131 0
1459947873612723 133 2193000 41839 127 2083918 41851 0
1459947873614487 135 2194471 39926 129 2086231 40714 0
1459947873616276 135 2195827 38057 126 2084524 39106 0
1459947873618019 134 2195798 35109 128 2085510 36959 0
1459947873619703 135 2197051 33521 129 2087699 36089 0
1459947873621572 136 2199486 33147 130 2090997 36309 0
1459947873623161 131 2195331 34387 123 2085077 38928 0
1459947873624852 136 2197900 34069 129 2087300 37935 0
1459947873626615 136 2200269 33590 129 2089349 36860 0
1459947873628091 129 2193492 37211 122 2082278 40497 0
1459947873630039 135 2194925 35624 129 2084720 39584 0
1459947873631808 137 2198806 36418 131 2089531 40926 0
1459947873633464 131 2194704 37353 126 2087566 39539 0
1459947873635205 133 2193482 35559 128 2088314 37140 0
1459947873637071 135 2194916 34102 130 2091564 37234 0
1459947873638767 133 2193678 32578 127 2090720 35102 0
1459947873640365 134 2193816 30160 128 2091222 32822 0
1459947873642200 135 2195224 29101 131 2095525 34224 0
1459947873644258 141 2195224 29101 135 2095525 34224 1
1459947873646091 137 2199082 30383 131 2099492 35207 0
1459947873648162 137 2202638 31287 131 2103149 35827 0
1459947873650087 137 2205916 31864 129 2103960 33776 0
1459947873651979 137 2208938 32160 130 2105988 33006 0
1459947873653701 137 2211724 32216 129 2106577 30970 0
1459947873655431 132 2207893 33230 127 2104560 30408 0
1459947873656979 131 2203081 35068 126 2101421 30925 0
1459947873658698 132 2199925 35237 126 2098527 31175 0
1459947873660684 139 2205975 38062 134 2106099 35720 0
1459947873662549 141 2214113 42590 134 2113080 39364 0
1459947873664248 135 2213935 39425 129 2113115 36320 0
1459947873665981 132 2209931 40034 128 2111867 34631 0
1459947873668004 138 2213920 40583 132 2115837 35585 0
1459947873669783 134 2212477 38741 128 2114377 34149 0
1459947873671474 134 2211147 36939 129 2114311 31541 0
1459947873673233 135 2211201 34102 130 2115530 30200 0
1459947873675125 136 2212530 32663 129 2115374 27983 0
