1459947871376344 133 2179072 0 132 2162688 0 0
1459947871378266 133 2179072 0 131 2161408 1180 0
1459947871380294 137 2184192 4720 134 2164068 3539 0
1459947871382352 138 2190192 9882 134 2166520 5522 0
1459947871384172 132 2188043 11089 127 2159820 11265 0
1459947871386051 130 2183502 14408 127 2153644 16077 0
1459947871387992 132 2181875 14780 129 2150510 17708 0
1459947871390001 136 2185496 16963 134 2154021 19561 0
1459947871391982 138 2191394 21074 136 2159818 23376 0
1459947871393558 123 2177631 32114 123 2148522 31962 0
1459947871395245 127 2170063 36581 125 2140668 36703 0
1459947871396780 125 2160526 42514 123 2130868 42869 0
1459947871398420 128 2155574 43756 126 2125673 44307 0
1459947871400355 133 2157409 42029 130 2126004 41150 0
1459947871402320 132 2157821 39125 131 2127589 39397 0
1459947871404166 131 2156921 36897 129 2126491 37331 0
1459947871405887 124 2147131 43038 121 2115238 44786 0
1459947871407975 136 2153466 45515 133 2120225 45884 0
1459947871409901 132 2154186 42623 130 2120982 42997 0
1459947871411812 137 2161250 45805 131 2122960 41460 0
1459947871413551 135 2165202 45869 131 2124783 39901 0
1459947871415172 129 2161165 46006 125 2118784 42313 0
1459947871417012 131 2160003 43481 128 2117094 40564 0
1459947871418876 133 2161492 41457 131 2119376 39497 0
1459947871421156 146 2179505 54824 141 2134279 50150 0
1459947871423138 135 2182031 52868 134 2139058 50638 0
1459947871425176 136 2185639 52063 134 2143464 50742 0
1459947871427157 135 2187685 49882 131 2143685 46981 0
1459947871428607 108 2155012 76104 106 2111889 72621 0
1459947871430296 134 2158171 73070 131 2114577 69425 0
1459947871431910 129 2154683 70575 124 2108095 69975 0
1459947871433688 133 2156588 66817 129 2108520 64899 0
1459947871435711 136 2162184 66755 134 2115311 66089 0
1459947871437517 134 2164783 63935 131 2117732 63157 0
1459947871439396 140 2174859 68229 137 2127644 67359 0
1459947871441128 132 2173908 63774 128 2125261 64292 0
1459947871442747 127 2166631 65499 124 2117944 66013 0
1459947871444403 130 2163762 63024 129 2117599 61172 0
1459947871446366 134 2166238 60382 132 2121121 59639 0
1459947871448603 137 2172360 61308 133 2125648 59152 0
1459947871450471 131 2170324 58394 129 2124701 55402 0
1459947871452274 132 2169727 54380 130 2125108 51448 0
1459947871454055 129 2165337 54177 131 2126763 48954 0
1459947871455666 129 2161290 53674 127 2123169 48441 0
1459947871457601 137 2167799 55480 134 2128816 49862 0
1459947871459276 133 2168679 51956 132 2131462 48405 0
1459947871460760 128 2163090 53047 124 2123661 51814 0
1459947871462294 126 2155378 56010 121 2112629 57935 0
1459947871463956 130 2153389 53467 129 2112699 53473 0
1459947871465542 129 2150275 52159 126 2108924 52774 0
1459947871467393 133 2152524 50158 128 2108004 49498 0
1459947871469327 138 2160998 54051 136 2117396 54288 0
1459947871471359 137 2167530 55849 134 2123494 55668 0
1459947871473221 134 2169711 53496 132 2126556 54140 0
1459947871475108 134 2171722 51170 129 2125538 50847 0
1459947871477014 132 2171016 47822 129 2124600 47738 0
1459947871479016 134 2172925 45845 132 2127575 46751 0
1459947871480965 130 2169565 45360 128 2125198 45289 0
1459947871482946 135 2172867 44860 133 2129406 45630 0
1459947871484796 132 2172071 42088 130 2129446 42102 0
1459947871486678 131 2170057 40654 128 2126923 41137 0
1459947871488558 135 2173321 40486 135 2133557 44038 0
1459947871490304 132 2172490 38088 131 2134552 41515 0
1459947871492114 134 2174284 36766 133 2138030 41477 0
1459947871494041 135 2177218 36597 131 2138676 38831 0
1459947871496059 138 2183762 39770 136 2145671 42246 0
1459947871497684 129 2178275 41719 126 2139320 44799 0
1459947871499419 134 2179617 39696 131 2139865 41802 0
1459947871501129 128 2173174 42533 125 2132688 45152 0
1459947871502906 133 2173634 39634 130 2132471 41823 0
1459947871504786 133 2174058 36928 131 2133551 39551 0
1459947871506673 133 2174449 34404 129 2131987 37902 0
1459947871508509 131 2172250 33743 131 2133105 35971 0
1459947871510373 133 2172782 31597 131 2134136 34110 0
1459947871512490 137 2178393 34301 134 2138926 35861 0
1459947871514474 132 2177166 32752 125 2131822 39607 0
1459947871516407 131 2174754 32415 131 2132953 37555 0
1459947871518486 133 2175091 30193 131 2133996 35582 0
1459947871520335 132 2174122 28727 127 2129837 36635 0
1459947871522218 133 2174508 26838 130 2129843 33778 0
1459947871524164 135 2177424 27429 131 2131129 32324 0
1459947871525834 125 2167312 34607 125 2124634 35785 0
1459947871527474 132 2166950 32235 130 2125046 33369 0
1459947871529214 131 2165337 31202 128 2122866 32770 0
1459947871531110 132 2165130 28954 130 2123417 30717 0
1459947871532923 132 2164939 26866 130 2123925 28785 0
1459947871534812 139 2173723 32864 135 2130793 32867 0
1459947871536964 140 2183100 38941 137 2139684 38496 0
1459947871538638 128 2176385 42088 126 2133801 40911 0
1459947871540506 130 2172754 42145 131 2134777 38614 0
1459947871542473 134 2174527 40487 131 2135677 36427 0
1459947871544493 135 2177442 40010 133 2139067 36706 0
1459947871546624 137 2182689 41721 134 2143472 37899 0
1459947871548415 129 2177286 43441 125 2136013 41814 0
1459947871550326 133 2177425 40175 132 2138096 40468 0
1459947871552352 135 2180113 39514 134 2142577 41437 0
1459947871554374 138 2186431 42251 135 2147988 43187 0
1459947871556502 137 2190976 43140 134 2151696 43231 0
1459947871558641 137 2195166 43631 134 2155114 43004 0
1459947871560418 128 2187508 47281 125 2146745 47358 0
1459947871562225 129 2181728 48914 125 2139030 50769 0
1459947871564032 130 2177680 48823 127 2134478 50998 0
1459947871565701 127 2170108 51987 125 2127721 53241 0
1459947871567790 134 2172088 49750 133 2131732 52779 0
1459947871569951 135 2175193 48726 134 2136710 53244 0
1459947871571534 128 2169096 50539 126 2131059 54292 0
1459947871573194 129 2164755 50591 127 2127130 53672 0
1459947871574827 124 2154353 56226 123 2118387 57536 0
1459947871576351 127 2148604 57132 121 2107768 62830 0
1459947871578084 130 2147144 54013 124 2101818 63405 0
1459947871580138 135 2152198 54452 132 2106573 62834 0
1459947871582251 134 2155577 53312 129 2107116 58426 0
1459947871584357 137 2162532 55559 135 2115297 61403 0
1459947871586302 134 2165104 53589 131 2117719 58838 0
1459947871588309 136 2170035 53948 133 2122512 58659 0
1459947871590236 135 2173301 52743 132 2125650 56969 0
1459947871592171 138 2180151 54937 136 2133663 59905 0
1459947871594157 138 2186466 56467 137 2142330 63214 0
1459947871596154 135 2188448 53882 134 2146480 62101 0
1459947871598138 133 2187715 50347 129 2143906 59621 0
1459947871599938 131 2184479 49395 130 2142813 55970 0
1459947871601948 135 2186616 47506 131 2143085 51848 0
1459947871603961 132 2184746 45517 129 2140776 49925 0
1459947871605727 129 2179182 47088 126 2134807 51525 0
1459947871607653 132 2177893 44596 130 2134425 47850 0
1459947871609326 130 2174145 44566 127 2130233 47975 0
1459947871611300 138 2180929 47338 133 2134048 47743 0
1459947871613082 131 2178223 46132 131 2135005 44895 0
1459947871615088 134 2179569 43768 133 2138447 44560 0
1459947871617048 135 2182090 42672 134 2142900 45183 0
1459947871618984 137 2186974 43840 135 2148285 46618 0
1459947871620653 124 2186974 43840 121 2148285 46618 1
1459947871622530 131 2183796 43344 127 2143010 47837 0
1459947871624323 133 2183426 40297 131 2143267 44336 0
1459947871626447 139 2183426 40297 137 2143267 44336 1
1459947871628508 137 2188205 41554 135 2148624 45810 0
1459947871630267 129 2182371 43684 125 2140762 49478 0
1459947871632100 134 2183393 41213 131 2141194 46011 0
1459947871634111 135 2185615 40041 133 2144153 45144 0
1459947871636151 132 2183823 38563 131 2144321 41771 0
1459947871638178 137 2188571 39927 135 2149595 43369 0
1459947871639891 132 2186548 38671 129 2146777 42576 0
1459947871641526 130 2182123 39727 128 2142900 42823 0
1459947871643014 126 2182123 39727 123 2142900 42823 1
1459947871644540 129 2176764 41562 127 2138045 43951 0
1459947871646597 133 2176944 38480 130 2137410 41102 0
1459947871648228 127 2169430 42399 125 2130424 44329 0
1459947871650078 136 2174023 43320 132 2132944 43188 0
1459947871651782 129 2169297 44291 126 2127587 44750 0
1459947871653771 134 2171340 42714 133 2131609 44961 0
1459947871655515 129 2166824 43539 128 2128917 43929 0
1459947871657238 131 2165220 41614 129 2127715 41604 0
1459947871659051 133 2166302 39359 131 2129167 39691 0
1459947871660944 135 2169859 39563 131 2130505 37824 0
1459947871662632 129 2165458 40528 128 2127899 37271 0
1459947871664425 133 2166521 38341 131 2129336 35684 0
1459947871666139 128 2166521 38341 125 2129336 35684 1
1459947871667972 131 2164941 36801 126 2124261 37573 0
1459947871669810 135 2168604 37302 131 2125983 36224 0
1459947871671482 131 2166861 35993 127 2122450 36650 0
1459947871673445 136 2171654 37600 133 2126873 37864 0
1459947871675675 137 2177353 39916 134 2132231 39844 0
1459947871677448 130 2173647 40213 125 2125650 42797 0
1459947871679415 134 2175350 38641 133 2129823 43300 0
1459947871681420 133 2175640 35890 130 2129830 39924 0
1459947871683228 128 2169508 38738 127 2125997 40337 0
1459947871685168 135 2172815 38759 132 2128863 39827 0
1459947871686865 135 2175863 38540 133 2132785 40331 0
1459947871688925 142 2175863 38540 140 2132785 40331 1
1459947871690844 131 2173553 37657 127 2128721 40926 0
1459947871692681 135 2176544 37472 132 2131374 40174 0
1459947871694511 133 2176741 34726 131 2132540 38110 0
1459947871696341 133 2176923 32180 131 2133615 36123 0
1459947871698249 128 2170690 35410 128 2130766 35926 0
1459947871700298 135 2173904 35606 131 2131979 34238 0
1459947871702364 137 2179427 37916 133 2135658 34954 0
1459947871704389 136 2183239 38467 134 2140329 36529 0
1459947871706462 138 2189313 41060 134 2144635 37645 0
1459947871708528 139 2196192 44194 136 2151165 40723 0
1459947871710617 137 2199974 44228 135 2155905 41910 0
1459947871712482 135 2200901 41626 133 2157714 40303 0
1459947871714551 137 2204315 41520 135 2161942 41052 0
1459947871716567 135 2204902 38818 133 2163280 39077 0
1459947871718328 131 2200324 40005 128 2158113 40786 0
1459947871720227 129 2193543 43129 128 2153350 41989 0
1459947871721915 127 2193543 43129 125 2153350 41989 1
1459947871723758 136 2196252 42256 135 2157919 42920 0
1459947871725660 132 2193629 41371 129 2154451 42762 0
1459947871727442 134 2193771 38269 131 2153814 40007 0
1459947871729409 129 2187502 41057 126 2146827 43321 0
1459947871731214 129 2181723 43176 126 2140386 45873 0
1459947871733150 134 2182795 40791 131 2140848 42715 0
1459947871734845 126 2182795 40791 122 2140848 42715 1
1459947871736569 127 2174824 44952 126 2134874 44884 0
1459947871738553 131 2172595 43493 131 2135766 42200 0
1459947871740592 137 2178221 45281 136 2142989 45561 0
1459947871742499 132 2177007 42861 129 2140687 44122 0
1459947871744095 127 2169488 46443 126 2134725 46169 0
1459947871745801 132 2168956 43303 130 2134349 42908 0
1459947871747519 132 2168466 40370 127 2130162 43413 0
1459947871749599 139 2168466 40370 136 2130162 43413 1
1459947871751465 136 2173134 41519 133 2133983 43543 0
1459947871753278 137 2178717 43422 134 2138785 44568 0
1459947871755290 134 2180024 41234 130 2138092 41724 0
1459947871757000 130 2176109 41620 126 2132333 43772 0
1459947871758648 132 2175060 39334 130 2132144 40525 0
1459947871760255 126 2175060 39334 123 2132144 40525 1
1459947871762044 130 2171533 39512 129 2130690 38698 0
1459947871763920 133 2172121 36968 131 2131909 36798 0
1459947871766163 143 2172121 36968 140 2131909 36798 1
1459947871768027 135 2175224 36939 133 2135593 37319 0
1459947871770062 138 2175224 36939 133 2135593 37319 1
1459947871771924 134 2176804 35510 127 2131309 38351 0
1459947871773825 137 2182101 37618 136 2138880 42334 0
1459947871775255 121 2182101 37618 119 2138880 42334 1
1459947871777104 131 2179304 37257 129 2136900 40851 0
1459947871778722 129 2174165 39082 129 2135074 39341 0
1459947871780520 129 2169428 40394 127 2130831 40178 0
1459947871782472 132 2168901 37723 131 2132039 38153 0
1459947871784422 136 2173535 39047 134 2136993 39739 0
1459947871786556 136 2177807 39934 133 2140280 39664 0
1459947871788511 135 2180465 39265 132 2142030 38178 0
1459947871790427 136 2184196 39636 132 2143643 36682 0
1459947871792399 137 2188915 40890 134 2147690 37547 0
1459947871794415 136 2191986 40526 133 2150141 36873 0
1459947871796612 136 2194817 39968 130 2148561 35448 0
1459947871798588 131 2191026 40338 129 2145824 35200 0
1459947871800664 138 2196492 42225 137 2153541 39564 0
1459947871802599 133 2195131 40180 130 2151695 38174 0
1459947871804443 134 2195156 37063 132 2152553 35982 0
1459947871806243 128 2187499 41225 129 2149504 35980 0
1459947871807822 126 2187499 41225 123 2149504 35980 1
1459947871809705 133 2186840 38610 130 2147974 34579 0
1459947871811693 139 2186840 38610 133 2147974 34579 1
1459947871813491 136 2190073 38573 133 2150403 34116 0
1459947871815412 137 2194333 39486 133 2152642 33514 0
1459947871817194 132 2191860 38680 130 2150866 32531 0
1459947871819029 134 2192140 35917 131 2150509 30317 0
1459947871821179 134 2192399 33348 132 2151460 28825 0
1459947871823323 140 2192399 33348 137 2151460 28825 1
1459947871825165 137 2196477 34502 133 2153617 28561 0
1459947871827021 134 2196397 31879 131 2153045 26855 0
1459947871828871 130 2196397 31879 127 2153045 26855 1
1459947871830888 134 2196323 29455 130 2151238 26421 0
1459947871832525 129 2196323 29455 127 2151238 26421 1
1459947871834300 132 2193695 29575 128 2147012 28251 0
1459947871836034 131 2189992 30677 130 2145676 27273 0
1459947871837920 135 2191698 29853 133 2148285 27547 0
1459947871839663 130 2186871 31969 129 2145570 27896 0
1459947871841476 130 2186871 31969 126 2145570 27896 1
1459947871843305 133 2186261 30032 132 2146907 26948 0
1459947871845402 134 2186979 28347 132 2148139 25978 0
1459947871847386 134 2187641 26742 130 2146715 25260 0
1459947871849022 126 2187641 26742 120 2146715 25260 1
1459947871850801 129 2187641 26742 127 2146715 25260 1
1459947871852545 129 2187641 26742 127 2146715 25260 1
1459947871854242 133 2187641 26742 127 2146715 25260 1
1459947871856001 135 2189531 26394 128 2142842 26855 0
1459947871857807 136 2189531 26394 126 2142842 26855 1
1459947871859746 140 2189531 26394 132 2142842 26855 1
1459947871861528 141 2189531 26394 131 2142842 26855 1
1459947871863604 143 2189531 26394 136 2142842 26855 1
1459947871865333 132 2189531 26394 126 2142842 26855 1
1459947871867062 136 2189531 26394 127 2142842 26855 1
1459947871868965 137 2193833 28297 128 2139272 28046 0
1459947871870494 129 2193833 28297 122 2139272 28046 1
1459947871872162 133 2193833 28297 124 2139272 28046 1
1459947871874127 140 2193833 28297 132 2139272 28046 1
1459947871876009 140 2193833 28297 131 2139272 28046 1
1459947871877917 135 2195239 27382 128 2135981 28887 0
1459947871879697 134 2195239 27382 126 2135981 28887 1
1459947871881022 111 2195239 27382 102 2135981 28887 1
1459947871882584 138 2195239 27382 130 2135981 28887 1
1459947871884238 135 2196535 26437 128 2132947 29426 0
1459947871886080 137 2200290 27833 129 2131430 28524 0
1459947871887896 136 2202472 27669 130 2131312 26403 0
1459947871889373 126 2202472 27669 119 2131312 26403 1
1459947871891064 130 2202472 27669 124 2131312 26403 1
1459947871892589 128 2202472 27669 120 2131312 26403 1
1459947871894376 134 2201923 26012 127 2127363 27980 0
1459947871896141 135 2202697 24693 128 2125002 27969 0
1459947871897853 134 2202131 23284 126 2120266 30148 0
1459947871899797 138 2202131 23284 131 2120266 30148 1
1459947871901609 133 2200329 23124 126 2115900 31816 0
1459947871903130 128 2200329 23124 122 2115900 31816 1
1459947871904585 127 2200329 23124 122 2115900 31816 1
1459947871906391 135 2201228 22146 128 2114435 30680 0
1459947871908211 135 2202057 21179 128 2113084 29527 0
1459947871909946 131 2202057 21179 124 2113084 29527 1
1459947871911805 136 2204101 21408 129 2113119 27252 0
1459947871913877 139 2204101 21408 131 2113119 27252 1
1459947871915908 138 2204101 21408 130 2113119 27252 1
1459947871917802 135 2204705 20292 127 2110591 27451 0
1459947871919671 138 2204705 20292 131 2110591 27451 1
1459947871921591 141 2204705 20292 133 2110591 27451 1
1459947871923264 129 2204705 20292 120 2110591 27451 1
1459947871925005 133 2204705 20292 125 2110591 27451 1
1459947871926686 125 2204705 20292 118 2110591 27451 1
1459947871928375 131 2204705 20292 124 2110591 27451 1
1459947871930536 140 2204705 20292 131 2110591 27451 1
1459947871932662 139 2204705 20292 133 2110591 27451 1
1459947871934333 130 2204705 20292 121 2110591 27451 1
1459947871936163 136 2206542 20399 129 2110821 25518 0
1459947871938032 136 2208235 20366 131 2113593 26079 0
1459947871940053 143 2208235 20366 136 2113593 26079 1
1459947871941874 137 2211076 21393 131 2116148 26396 0
1459947871943714 137 2213695 22136 131 2118503 26504 0
1459947871945550 138 2217390 23812 131 2120674 26435 0
1459947871947299 136 2218236 22731 129 2120116 24883 0
1459947871948905 133 2218236 22731 125 2120116 24883 1
1459947871950887 140 2218236 22731 133 2120116 24883 1
1459947871952622 131 2218236 22731 124 2120116 24883 1
1459947871954460 138 2221576 24034 132 2123441 26005 0
1459947871956246 135 2220815 22857 127 2120107 27046 0
1459947871958290 144 2220815 22857 135 2120107 27046 1
1459947871960253 142 2220815 22857 134 2120107 27046 1
1459947871961946 133 2220815 22857 125 2120107 27046 1
1459947871963610 132 2216273 25257 127 2117033 27766 0
1459947871965275 133 2216273 25257 125 2117033 27766 1
1459947871967315 140 2216273 25257 131 2117033 27766 1
1459947871968920 130 2216273 25257 122 2117033 27766 1
1459947871970788 136 2217206 24143 129 2116759 25847 0
1459947871972424 133 2214226 25002 127 2113947 26419 0
1459947871974361 137 2216599 25236 131 2116474 26685 0
1459947871976270 141 2216599 25236 133 2116474 26685 1
1459947871978133 139 2216599 25236 130 2116474 26685 1
1459947871979930 138 2220067 26461 131 2118804 26748 0
1459947871981483 130 2220067 26461 123 2118804 26748 1
1459947871983321 134 2218144 26165 128 2117112 26217 0
1459947871985121 135 2217651 24573 128 2115552 25605 0
1459947871986797 136 2218477 23414 128 2114114 24929 0
1459947871988485 131 2218477 23414 123 2114114 24929 1
1459947871990089 133 2218477 23414 124 2114114 24929 1
1459947871991632 133 2218477 23414 125 2114114 24929 1
1459947871993374 137 2220518 23466 130 2115348 24119 0
1459947871995014 132 2220518 23466 124 2115348 24119 1
1459947871996914 141 2220518 23466 134 2115348 24119 1
1459947871998933 138 2223680 24547 132 2119046 25643 0
1459947872000643 132 2223680 24547 125 2119046 25643 1
1459947872002242 131 2223680 24547 123 2119046 25643 1
1459947872004089 134 2221475 24661 128 2117335 25215 0
1459947872005894 133 2218162 25787 126 2113198 27058 0
1459947872007529 133 2218162 25787 125 2113198 27058 1
1459947872009229 131 2218162 25787 125 2113198 27058 1
1459947872010790 132 2218162 25787 125 2113198 27058 1
1459947872012431 130 2218162 25787 125 2113198 27058 1
1459947872014281 131 2218162 25787 125 2113198 27058 1
1459947872016014 135 2217668 24227 129 2113224 24968 0
1459947872017805 136 2218492 23094 130 2114528 24219 0
1459947872019438 131 2218492 23094 125 2114528 24219 1
1459947872021304 135 2218492 23094 125 2114528 24219 1
1459947872023174 135 2217972 21768 128 2113170 23577 0
1459947872024867 134 2216212 21688 127 2110638 24068 0
1459947872026736 137 2218430 22038 131 2113424 24755 0
1459947872028646 134 2216635 21970 127 2110872 25172 0
1459947872030385 137 2218820 22267 128 2109800 24193 0
1459947872032134 137 2220834 22384 128 2108811 23212 0
1459947872033758 131 2220834 22384 123 2108811 23212 1
1459947872035428 136 2221411 21167 126 2105340 24597 0
1459947872037243 139 2221411 21167 131 2105340 24597 1
1459947872039061 137 2223223 21183 131 2108540 25625 0
1459947872040770 135 2222333 20347 130 2110210 25162 0
1459947872042571 138 2225353 21541 129 2110469 23435 0
1459947872044190 132 2220457 24371 127 2108148 23743 0
1459947872045905 134 2218503 24267 126 2104728 25039 0
1459947872047597 133 2218503 24267 124 2104728 25039 1
1459947872049344 135 2217982 22850 127 2102856 24807 0
1459947872051464 143 2217982 22850 135 2102856 24807 1
1459947872053475 136 2218782 21801 129 2103690 23637 0
1459947872055387 139 2218782 21801 134 2103690 23637 1
1459947872057281 139 2218782 21801 132 2103690 23637 1
1459947872059175 135 2218239 20596 129 2104459 22499 0
1459947872060846 131 2218239 20596 124 2104459 22499 1
1459947872062457 132 2213899 22986 126 2101328 23627 0
1459947872064273 131 2213899 22986 125 2101328 23627 1
1459947872066341 140 2213899 22986 131 2101328 23627 1
1459947872068093 138 2217578 24581 131 2104841 25020 0
1459947872070083 138 2220969 25786 132 2109360 27231 0
1459947872071880 135 2220255 24428 127 2107126 27162 0
1459947872073754 136 2220877 23092 129 2107626 25500 0
1459947872075608 140 2220877 23092 130 2107626 25500 1
1459947872077393 139 2220877 23092 130 2107626 25500 1
1459947872079159 136 2221450 21816 127 2105527 25441 0
1459947872080866 133 2218139 23163 126 2102312 26416 0
1459947872082633 139 2218139 23163 130 2102312 26416 1
1459947872084566 136 2218926 22079 127 2100628 25903 0
1459947872086412 139 2218926 22079 132 2100628 25903 1
1459947872088160 135 2218372 20864 127 2099076 25309 0
1459947872089943 134 2218372 20864 123 2099076 25309 1
1459947872091711 135 2217861 19704 126 2096365 25829 0
1459947872093630 139 2217861 19704 132 2096365 25829 1
1459947872095415 141 2217861 19704 135 2096365 25829 1
1459947872097355 139 2217861 19704 132 2096365 25829 1
1459947872099407 140 2217861 19704 133 2096365 25829 1
1459947872101322 135 2217390 18597 129 2097706 25047 0
1459947872103098 134 2215676 18723 126 2095102 25489 0
1459947872105207 139 2215676 18723 133 2095102 25489 1
1459947872107119 136 2216656 18163 128 2095262 23644 0
1459947872109014 137 2218839 18757 130 2097969 24292 0
1459947872111038 139 2218839 18757 132 2097969 24292 1
1459947872112846 141 2218839 18757 134 2097969 24292 1
1459947872114953 143 2218839 18757 133 2097969 24292 1
1459947872116748 135 2218292 17795 128 2097905 22452 0
1459947872118542 135 2217787 16868 127 2096566 21931 0
1459947872120327 133 2214762 18338 126 2094051 22534 0
1459947872121933 133 2211973 19475 125 2090453 24089 0
1459947872123520 134 2210682 19142 125 2087136 25264 0
1459947872125449 139 2210682 19142 132 2087136 25264 1
1459947872127376 138 2210682 19142 130 2087136 25264 1
1459947872129265 140 2210682 19142 133 2087136 25264 1
1459947872131350 140 2210682 19142 132 2087136 25264 1
1459947872133223 140 2210682 19142 131 2087136 25264 1
1459947872134997 139 2210682 19142 132 2087136 25264 1
1459947872136741 134 2209492 18742 127 2086638 23748 0
1459947872138895 140 2209492 18742 131 2086638 23748 1
1459947872140731 137 2212235 19806 132 2092579 27369 0
1459947872142388 136 2213484 19409 128 2092936 25559 0
1459947872144205 136 2214635 18953 129 2094545 25045 0
1459947872146098 141 2214635 18953 132 2094545 25045 1
1459947872147779 135 2214416 17673 128 2094748 23275 0
1459947872149319 131 2214416 17673 124 2094748 23275 1
1459947872151012 135 2214214 16477 127 2093655 22462 0
1459947872152855 136 2215308 16198 128 2093928 20958 0
1459947872154650 136 2216317 15862 130 2096739 21912 0
1459947872156363 136 2217247 15479 127 2095491 21350 0
1459947872158232 135 2216824 14658 128 2095620 19801 0
1459947872160187 136 2217714 14333 131 2099579 21904 0
1459947872162135 136 2218535 13969 130 2101949 22377 0
1459947872164099 139 2218535 13969 132 2101949 22377 1
1459947872165835 134 2216731 14539 128 2101574 20973 0
1459947872167638 132 2216731 14539 121 2101574 20973 1
1459947872169743 143 2216731 14539 136 2101574 20973 1
1459947872171867 143 2216731 14539 136 2101574 20973 1
1459947872173852 142 2216731 14539 134 2101574 20973 1
1459947872175846 137 2218908 15410 130 2103788 21375 0
1459947872177716 136 2219635 14877 130 2105829 21587 0
1459947872179363 134 2217746 15455 127 2103871 21704 0
1459947872181214 135 2217284 14672 128 2103346 20491 0
1459947872182909 137 2219418 15492 128 2102862 19336 0
1459947872184680 136 2220105 14915 129 2103695 18593 0
1459947872186441 135 2219459 14344 126 2100623 19971 0
1459947872188313 137 2221423 15034 131 2104191 21700 0
1459947872190048 136 2221954 14348 128 2103641 20510 0
1459947872191720 137 2223723 14858 127 2101854 20554 0
1459947872193515 138 2223723 14858 130 2101854 20554 1
1459947872195042 128 2223723 14858 121 2101854 20554 1
1459947872196967 137 2225354 15201 130 2104046 20969 0
1459947872198916 140 2225354 15201 134 2104046 20969 1
1459947872200988 140 2225354 15201 132 2104046 20969 1
1459947872202851 139 2225354 15201 131 2104046 20969 1
1459947872204763 138 2225354 15201 131 2104046 20969 1
1459947872206680 137 2226858 15399 128 2103507 19826 0
1459947872208327 129 2226858 15399 123 2103507 19826 1
1459947872210075 139 2226858 15399 131 2103507 19826 1
1459947872211911 139 2226858 15399 130 2103507 19826 1
1459947872213667 137 2228244 15473 132 2108130 22539 0
1459947872215474 135 2226962 15445 129 2108552 21167 0
1459947872217343 138 2229620 16688 131 2111501 22231 0
1459947872219054 132 2229620 16688 124 2111501 22231 1
1459947872220909 137 2230790 16463 130 2112939 21820 0
1459947872222661 137 2231869 16171 129 2112985 20158 0
1459947872224586 140 2231869 16171 132 2112985 20158 1
1459947872226489 137 2232864 15824 127 2110468 20903 0
1459947872228121 130 2232864 15824 123 2110468 20903 1
1459947872230145 140 2232864 15824 131 2110468 20903 1
1459947872232116 141 2232864 15824 133 2110468 20903 1
1459947872233954 137 2233781 15432 130 2111987 20670 0
1459947872235860 139 2233781 15432 131 2111987 20670 1
1459947872237608 138 2235906 16185 127 2109548 21303 0
1459947872239527 136 2235305 15473 130 2111139 21105 0
1459947872241515 136 2234751 14773 130 2112606 20808 0
1459947872243144 135 2232961 15268 127 2110118 21474 0
1459947872244754 135 2231310 15596 127 2107825 21909 0
1459947872246387 131 2231310 15596 123 2107825 21909 1
1459947872248258 139 2231310 15596 132 2107825 21909 1
1459947872250106 142 2231310 15596 134 2107825 21909 1
1459947872251723 130 2231310 15596 120 2107825 21909 1
1459947872253386 132 2231310 15596 124 2107825 21909 1
1459947872255354 139 2231310 15596 129 2107825 21909 1
1459947872257110 137 2232348 15334 128 2106991 20965 0
1459947872258769 133 2232348 15334 125 2106991 20965 1
1459947872260308 130 2232348 15334 123 2106991 20965 1
1459947872262153 136 2232025 14432 128 2106222 20035 0
1459947872263907 131 2232025 14432 124 2106222 20035 1
1459947872265559 132 2232025 14432 125 2106222 20035 1
1459947872266950 124 2232025 14432 115 2106222 20035 1
1459947872268660 135 2230448 14757 127 2104233 20302 0
1459947872270282 130 2230448 14757 122 2104233 20302 1
1459947872272027 136 2230274 13764 127 2102399 20404 0
1459947872273803 136 2230113 12835 126 2099429 21546 0
1459947872275663 134 2227405 14328 127 2097971 21205 0
1459947872277544 137 2228748 14447 131 2101747 23029 0
1459947872279256 135 2227427 14535 128 2101388 21559 0
1459947872280954 135 2226209 14521 128 2101057 20179 0
1459947872282763 135 2225086 14420 130 2103311 20680 0
1459947872284377 138 2225086 14420 130 2103311 20680 1
1459947872286272 138 2225086 14420 130 2103311 20680 1
1459947872288181 142 2225086 14420 133 2103311 20680 1
1459947872290028 136 2225086 14420 124 2103311 20680 1
1459947872291634 131 2225086 14420 123 2103311 20680 1
1459947872293132 133 2221491 16606 126 2100269 21867 0
1459947872295053 138 2221491 16606 131 2100269 21867 1
1459947872296821 137 2223297 16972 127 2098745 21562 0
1459947872298531 135 2222401 16471 128 2098620 19991 0
1459947872300251 137 2224135 16783 130 2101065 20683 0
1459947872301833 132 2224135 16783 124 2101065 20683 1
1459947872303707 137 2225734 16945 129 2102039 19965 0
1459947872305371 132 2225734 16945 125 2102039 19965 1
1459947872307312 141 2225734 16945 131 2102039 19965 1
1459947872309052 137 2227208 16980 130 2104217 20413 0
1459947872311064 137 2228567 16906 128 2103665 19326 0
1459947872312676 135 2227260 16789 126 2100596 20645 0
1459947872314307 132 2227260 16789 123 2100596 20645 1
1459947872316023 136 2227335 15546 130 2102886 21144 0
1459947872317645 135 2226124 15446 128 2102438 19904 0
1459947872319372 136 2226288 14390 129 2103305 19148 0
1459947872321308 137 2227719 14584 129 2104104 18388 0
1459947872322904 131 2227719 14584 122 2104104 18388 1
1459947872324446 126 2227719 14584 121 2104104 18388 1
1459947872326112 129 2227719 14584 121 2104104 18388 1
1459947872327996 139 2227719 14584 130 2104104 18388 1
1459947872329450 129 2227719 14584 120 2104104 18388 1
1459947872330771 122 2227719 14584 114 2104104 18388 1
1459947872332465 134 2227719 14584 125 2104104 18388 1
1459947872334243 135 2226478 14587 127 2102280 18631 0
1459947872335997 132 2226478 14587 125 2102280 18631 1
1459947872337626 132 2226478 14587 123 2102280 18631 1
1459947872339429 134 2224054 15681 128 2101879 17544 0
1459947872341370 139 2224054 15681 131 2101879 17544 1
1459947872343173 137 2225659 15935 131 2105349 19372 0
1459947872345127 142 2225659 15935 134 2105349 19372 1
1459947872346843 138 2228419 17234 130 2107268 19627 0
1459947872348525 131 2228419 17234 122 2107268 19627 1
1459947872350292 138 2230963 18233 128 2106477 18821 0
1459947872351829 131 2230963 18233 125 2106477 18821 1
1459947872353498 135 2229469 18185 128 2105748 18021 0
1459947872355035 130 2229469 18185 121 2105748 18021 1
1459947872356776 136 2229371 16853 128 2105076 17232 0
1459947872358716 136 2229281 15618 128 2104456 16455 0
1459947872360487 135 2227918 15653 128 2103885 15695 0
1459947872362308 138 2230501 16812 128 2103358 14952 0
1459947872364152 140 2230501 16812 133 2103358 14952 1
1459947872365826 132 2230501 16812 123 2103358 14952 1
1459947872367627 136 2230501 16812 126 2103358 14952 1
1459947872369471 140 2230501 16812 131 2103358 14952 1
1459947872371169 136 2230323 15661 129 2104153 14516 0
1459947872372734 133 2230323 15661 125 2104153 14516 1
1459947872374360 134 2230323 15661 125 2104153 14516 1
1459947872376106 131 2230323 15661 125 2104153 14516 1
1459947872377741 129 2230323 15661 124 2104153 14516 1
1459947872379481 135 2228879 15768 128 2103606 13885 0
1459947872381207 138 2231387 16848 130 2105661 14695 0
1459947872382849 127 2231387 16848 121 2105661 14695 1
1459947872384883 141 2231387 16848 134 2105661 14695 1
1459947872386728 136 2231139 15758 129 2106276 14113 0
1459947872388412 129 2231139 15758 124 2106276 14113 1
1459947872390062 134 2231139 15758 125 2106276 14113 1
1459947872391760 131 2231139 15758 122 2106276 14113 1
1459947872393369 135 2229631 15915 128 2105563 13667 0
1459947872395095 135 2228241 15952 129 2106185 13173 0
1459947872396753 134 2228241 15952 126 2106185 13173 1
1459947872398684 131 2228241 15952 125 2106185 13173 1
1459947872400761 136 2228241 15952 126 2106185 13173 1
1459947872402900 139 2228241 15952 131 2106185 13173 1
1459947872404745 136 2228239 14706 128 2105479 12793 0
1459947872406640 134 2228239 14706 126 2105479 12793 1
1459947872408461 137 2229517 14735 129 2106108 12373 0
1459947872410453 140 2229517 14735 133 2106108 12373 1
1459947872412426 138 2231975 15849 129 2106688 11941 0
1459947872414139 133 2231975 15849 126 2106688 11941 1
1459947872415946 128 2231975 15849 120 2106688 11941 1
1459947872417873 136 2231681 14880 129 2107223 11501 0
1459947872419574 134 2231681 14880 126 2107223 11501 1
1459947872421415 136 2231410 13965 130 2108996 12236 0
1459947872423192 141 2231410 13965 133 2108996 12236 1
1459947872424881 137 2232441 13823 131 2111910 13967 0
1459947872426822 136 2232111 13046 129 2112037 12992 0
1459947872428792 136 2231807 12305 131 2114714 14444 0
1459947872430780 139 2231807 12305 130 2114714 14444 1
1459947872432650 137 2232807 12264 131 2117181 15590 0
1459947872434038 120 2232807 12264 112 2117181 15590 1
1459947872435746 132 2232807 12264 125 2117181 15590 1
1459947872437674 137 2233728 12155 129 2116896 14634 0
1459947872439687 142 2233728 12155 132 2116896 14634 1
1459947872441615 143 2233728 12155 135 2116896 14634 1
1459947872443462 139 2233728 12155 132 2116896 14634 1
1459947872445204 134 2233728 12155 126 2116896 14634 1
1459947872447073 135 2233728 12155 126 2116896 14634 1
1459947872448711 135 2232018 12781 129 2116633 13731 0
1459947872450280 130 2232018 12781 123 2116633 13731 1
1459947872452089 138 2232018 12781 129 2116633 13731 1
1459947872453880 135 2230441 13235 128 2115111 14061 0
1459947872455902 138 2230441 13235 130 2115111 14061 1
1459947872457691 137 2231547 13221 129 2114987 13075 0
1459947872459452 137 2231547 13221 127 2114987 13075 1
1459947872461533 146 2231547 13221 137 2114987 13075 1
1459947872463186 132 2231547 13221 122 2114987 13075 1
1459947872464764 133 2231547 13221 125 2114987 13075 1
1459947872466270 126 2231547 13221 120 2114987 13075 1
1459947872467847 133 2231547 13221 124 2114987 13075 1
1459947872469781 140 2231547 13221 129 2114987 13075 1
1459947872471489 136 2231287 12427 129 2114873 12157 0
1459947872473119 131 2231287 12427 121 2114873 12157 1
1459947872474776 132 2231287 12427 124 2114873 12157 1
1459947872476454 131 2231287 12427 125 2114873 12157 1
1459947872478536 138 2231287 12427 130 2114873 12157 1
1459947872480419 140 2231287 12427 131 2114873 12157 1
1459947872482028 135 2231287 12427 126 2114873 12157 1
1459947872483643 135 2229767 12856 128 2113488 12483 0
1459947872485419 136 2229646 11962 129 2113491 11510 0
1459947872487162 137 2230814 12104 128 2112214 11786 0
1459947872488942 137 2231891 12151 131 2114877 13320 0
1459947872490687 133 2231891 12151 127 2114877 13320 1
1459947872492540 140 2231891 12151 131 2114877 13320 1
1459947872494390 139 2231891 12151 132 2114877 13320 1
1459947872496188 135 2230324 12645 128 2113492 13555 0
1459947872498006 135 2230324 12645 127 2113492 13555 1
1459947872499927 141 2230324 12645 135 2113492 13555 1
1459947872501876 141 2230324 12645 131 2113492 13555 1
1459947872503721 139 2230324 12645 132 2113492 13555 1
1459947872505660 140 2230324 12645 133 2113492 13555 1
1459947872507637 137 2231439 12685 129 2113495 12499 0
1459947872509610 136 2231187 11924 129 2113498 11524 0
1459947872511130 129 2231187 11924 120 2113498 11524 1
1459947872512529 127 2231187 11924 119 2113498 11524 1
1459947872513910 122 2231187 11924 116 2113498 11524 1
1459947872515577 130 2231187 11924 122 2113498 11524 1
1459947872517414 137 2232235 11958 130 2114780 11805 0
1459947872519236 137 2233201 11914 130 2115962 11972 0
1459947872521031 136 2232812 11341 130 2117052 12041 0
1459947872522467 134 2232812 11341 125 2117052 12041 1
1459947872524190 134 2232812 11341 125 2117052 12041 1
1459947872525782 134 2232812 11341 126 2117052 12041 1
1459947872527426 132 2232812 11341 124 2117052 12041 1
1459947872528911 128 2232812 11341 121 2117052 12041 1
1459947872530550 131 2232812 11341 123 2117052 12041 1
1459947872532008 121 2232812 11341 116 2117052 12041 1
1459947872533632 127 2232812 11341 122 2117052 12041 1
1459947872535511 137 2233733 11303 132 2120617 14386 0
1459947872537419 139 2233733 11303 132 2120617 14386 1
1459947872539510 140 2233733 11303 133 2120617 14386 1
1459947872541285 133 2233733 11303 125 2120617 14386 1
1459947872543162 137 2234582 11202 132 2123903 16292 0
1459947872544951 137 2235365 11048 131 2125653 16632 0
1459947872546737 135 2233527 11878 128 2123426 17384 0
1459947872548436 136 2233527 11878 127 2123426 17384 1
1459947872550249 140 2233527 11878 132 2123426 17384 1
1459947872552270 141 2233527 11878 133 2123426 17384 1
1459947872553784 123 2233527 11878 116 2123426 17384 1
1459947872555559 137 2234392 11748 129 2122653 16737 0
1459947872557074 128 2234392 11748 120 2122653 16737 1
1459947872558892 136 2233910 11274 129 2121940 16085 0
1459947872560451 135 2233910 11274 126 2121940 16085 1
1459947872562246 136 2233910 11274 126 2121940 16085 1
1459947872563922 133 2233910 11274 126 2121940 16085 1
1459947872565878 138 2233910 11274 130 2121940 16085 1
1459947872567664 135 2232185 11982 128 2120003 16613 0
1459947872569391 132 2232185 11982 123 2120003 16613 1
1459947872570972 135 2232185 11982 124 2120003 16613 1
1459947872572768 138 2232185 11982 129 2120003 16613 1
1459947872574373 131 2232185 11982 122 2120003 16613 1
1459947872576074 136 2231875 11330 128 2118217 16960 0
1459947872577852 134 2231875 11330 124 2118217 16960 1
1459947872579659 137 2232869 11361 128 2116571 17152 0
1459947872581507 132 2232869 11361 124 2116571 17152 1
1459947872583159 135 2231226 11987 128 2115053 17210 0
1459947872584782 132 2231226 11987 123 2115053 17210 1
1459947872586441 133 2227151 14806 128 2113654 17154 0
1459947872588561 139 2227151 14806 133 2113654 17154 1
1459947872590363 136 2227234 13726 128 2112364 17001 0
1459947872592199 138 2227234 13726 132 2112364 17001 1
1459947872593747 132 2227234 13726 125 2112364 17001 1
1459947872595471 135 2226031 13761 128 2111175 16767 0
1459947872597138 128 2226031 13761 121 2111175 16767 1
1459947872599049 142 2226031 13761 134 2111175 16767 1
1459947872600892 135 2224922 13707 130 2112639 16807 0
1459947872602605 130 2224922 13707 119 2112639 16807 1
1459947872604353 134 2222619 14758 127 2110149 17788 0
1459947872606058 130 2222619 14758 123 2110149 17788 1
1459947872607835 134 2220496 15561 129 2110413 16641 0
1459947872609795 137 2222379 16081 129 2110656 15565 0
1459947872611790 138 2222379 16081 132 2110656 15565 1
1459947872613733 139 2222379 16081 131 2110656 15565 1
1459947872615138 125 2222379 16081 118 2110656 15565 1
1459947872616640 124 2222379 16081 118 2110656 15565 1
1459947872618399 139 2222379 16081 132 2110656 15565 1
1459947872620175 134 2222379 16081 126 2110656 15565 1
1459947872622035 135 2221555 15582 127 2108321 16500 0
1459947872624030 138 2221555 15582 132 2108321 16500 1
1459947872626014 135 2220796 15063 127 2106168 17194 0
1459947872628037 135 2220096 14531 129 2106743 16380 0
1459947872629727 133 2220096 14531 126 2106743 16380 1
1459947872631270 129 2220096 14531 120 2106743 16380 1
1459947872633218 140 2220096 14531 131 2106743 16380 1
1459947872635174 138 2220096 14531 129 2106743 16380 1
1459947872637398 147 2220096 14531 141 2106743 16380 1
1459947872639269 139 2220096 14531 131 2106743 16380 1
1459947872641157 137 2222011 15160 128 2105993 15790 0
1459947872642873 132 2222011 15160 123 2105993 15790 1
1459947872644564 133 2222011 15160 125 2105993 15790 1
1459947872646269 135 2221216 14707 129 2106582 15099 0
1459947872647845 131 2221216 14707 123 2106582 15099 1
1459947872649680 138 2221216 14707 130 2106582 15099 1
1459947872651237 133 2221216 14707 125 2106582 15099 1
1459947872652903 135 2220483 14233 128 2105845 14598 0
1459947872654600 133 2220483 14233 124 2105845 14598 1
1459947872656570 142 2220483 14233 135 2105845 14598 1
1459947872658354 134 2220483 14233 126 2105845 14598 1
1459947872660275 139 2220483 14233 131 2105845 14598 1
1459947872662013 130 2220483 14233 124 2105845 14598 1
1459947872663713 133 2220483 14233 124 2105845 14598 1
1459947872665382 132 2215967 17283 127 2103885 15263 0
1459947872667102 137 2218204 17994 129 2104638 14765 0
1459947872668952 131 2218204 17994 124 2104638 14765 1
1459947872670908 136 2218986 17309 128 2104053 14150 0
1459947872672841 138 2218986 17309 132 2104053 14150 1
1459947872674900 145 2218986 17309 138 2104053 14150 1
1459947872677062 141 2218986 17309 132 2104053 14150 1
1459947872678920 134 2217147 17650 127 2102233 14720 0
1459947872680805 132 2217147 17650 121 2102233 14720 1
1459947872682641 137 2219292 18248 129 2103116 14384 0
1459947872684450 135 2218709 17358 128 2102650 13689 0
1459947872686282 136 2219452 16686 129 2103500 13403 0
1459947872687666 122 2219452 16686 116 2103500 13403 1
1459947872689220 127 2219452 16686 119 2103500 13403 1
1459947872690727 125 2219452 16686 117 2103500 13403 1
1459947872692352 135 2218857 15930 129 2104284 13077 0
1459947872694085 141 2218857 15930 133 2104284 13077 1
1459947872695985 141 2218857 15930 136 2104284 13077 1
1459947872697673 136 2219588 15359 128 2103726 12568 0
1459947872699251 133 2219588 15359 126 2103726 12568 1
1459947872700949 132 2219588 15359 123 2103726 12568 1
1459947872702577 129 2219588 15359 122 2103726 12568 1
1459947872704388 135 2218982 14716 128 2103212 12059 0
1459947872706148 138 2218982 14716 130 2103212 12059 1
1459947872707679 132 2218982 14716 125 2103212 12059 1
1459947872709304 135 2218424 14080 127 2101458 12732 0
1459947872711282 137 2220469 14865 130 2103681 13786 0
1459947872712943 133 2217234 16684 127 2101890 14358 0
1459947872714899 139 2217234 16684 132 2101890 14358 1
1459947872716761 136 2217234 16684 126 2101890 14358 1
1459947872718689 139 2217234 16684 132 2101890 14358 1
1459947872720395 138 2217234 16684 130 2101890 14358 1
1459947872722037 132 2212972 19308 128 2101519 13577 0
1459947872723769 131 2212972 19308 123 2101519 13577 1
1459947872725472 129 2212972 19308 122 2101519 13577 1
1459947872727096 130 2212972 19308 123 2101519 13577 1
1459947872728764 132 2212972 19308 125 2101519 13577 1
1459947872730491 137 2215443 20077 128 2101177 12830 0
1459947872732246 141 2215443 20077 132 2101177 12830 1
1459947872734014 138 2215443 20077 130 2101177 12830 1
1459947872735979 138 2215443 20077 129 2101177 12830 1
1459947872737927 138 2215443 20077 128 2101177 12830 1
1459947872739459 118 2215443 20077 113 2101177 12830 1
1459947872740790 96 2215443 20077 92 2101177 12830 1
1459947872742072 94 2215443 20077 88 2101177 12830 1
1459947872743275 105 2215443 20077 99 2101177 12830 1
1459947872744952 138 2215443 20077 130 2101177 12830 1
1459947872746538 137 2217721 20608 128 2100862 12116 0
1459947872748116 133 2217721 20608 125 2100862 12116 1
1459947872749836 136 2218541 19754 129 2101852 12081 0
1459947872751585 136 2218541 19754 124 2101852 12081 1
1459947872753385 138 2221857 21267 128 2101484 11475 0
1459947872755236 135 2221074 20326 127 2099865 12069 0
1459947872757136 134 2219072 20583 128 2099653 11321 0
1459947872758770 129 2219072 20583 123 2099653 11321 1
1459947872760516 131 2219072 20583 123 2099653 11321 1
1459947872762188 132 2219072 20583 122 2099653 11321 1
1459947872763932 137 2221067 20813 131 2103297 13795 0
1459947872765641 133 2221067 20813 124 2103297 13795 1
1459947872767380 133 2221067 20813 126 2103297 13795 1
1459947872769179 137 2222906 20881 129 2104096 13454 0
1459947872770770 129 2222906 20881 121 2104096 13454 1
1459947872772486 138 2225881 21992 131 2107393 15441 0
1459947872774123 136 2226064 20441 128 2106592 14971 0
1459947872776035 139 2226064 20441 128 2106592 14971 1
1459947872777696 132 2226064 20441 124 2106592 14971 1
1459947872779469 134 2223672 21048 127 2104574 15660 0
1459947872781192 135 2223672 21048 126 2104574 15660 1
1459947872783025 138 2226587 22090 130 2106554 16261 0
1459947872784907 138 2229274 22841 131 2109659 17852 0
1459947872786737 136 2229191 21131 129 2109961 16736 0
1459947872788527 134 2226555 21909 127 2107680 17530 0
1459947872790652 143 2226555 21909 134 2107680 17530 1
1459947872792446 139 2226555 21909 131 2107680 17530 1
1459947872794261 137 2227965 21497 128 2106857 16918 0
1459947872795995 134 2227965 21497 124 2106857 16918 1
1459947872797990 135 2226705 20978 128 2106098 16294 0
1459947872799832 140 2226705 20978 129 2106098 16294 1
1459947872801604 133 2226705 20978 126 2106098 16294 1
1459947872803313 132 2226705 20978 126 2106098 16294 1
1459947872805029 137 2228103 20628 129 2106679 15556 0
1459947872806957 139 2228103 20628 131 2106679 15556 1
1459947872808591 137 2229392 20204 131 2109774 17193 0
1459947872810641 143 2229392 20204 134 2109774 17193 1
1459947872812458 138 2231860 20900 129 2110067 16120 0
1459947872814175 133 2231860 20900 126 2110067 16120 1
1459947872815769 128 2231860 20900 119 2110067 16120 1
1459947872817530 135 2231860 20900 126 2110067 16120 1
1459947872819349 137 2232855 20185 128 2109058 15790 0
1459947872820997 136 2232855 20185 126 2109058 15790 1
1459947872822885 137 2233773 19454 130 2110687 16058 0
1459947872824680 135 2232059 19513 127 2108349 16957 0
1459947872826604 140 2232059 19513 131 2108349 16957 1
1459947872828367 134 2229199 20624 127 2106194 17618 0
1459947872830080 139 2229199 20624 130 2106194 17618 1
1459947872831591 133 2229199 20624 124 2106194 17618 1
1459947872833295 135 2227842 20262 128 2105487 16892 0
1459947872835187 139 2227842 20262 129 2105487 16892 1
1459947872836998 135 2226591 19831 129 2106115 16151 0
1459947872838769 135 2225438 19343 129 2106694 15423 0
1459947872840702 139 2225438 19343 130 2106694 15423 1
1459947872842500 136 2225655 18031 128 2105948 14905 0
1459947872844335 134 2223295 18796 128 2105260 14373 0
1459947872846161 138 2226240 20042 129 2105906 13846 0
1459947872847923 134 2226240 20042 125 2105906 13846 1
1459947872849805 139 2226240 20042 131 2105906 13846 1
1459947872851496 138 2228955 20978 131 2109062 15673 0
1459947872853311 136 2228897 19391 127 2106851 16485 0
1459947872855079 137 2230124 19007 127 2104813 17075 0
1459947872857019 138 2232535 19745 131 2108054 18729 0
1459947872858707 131 2232535 19745 125 2108054 18729 1
1459947872860339 136 2232198 18512 129 2108482 17659 0
1459947872862274 139 2232198 18512 131 2108482 17659 1
1459947872863928 136 2231887 17351 127 2106316 18274 0
1459947872865590 134 2229040 18618 129 2106880 17366 0
1459947872867602 142 2229040 18618 134 2106880 17366 1
1459947872869769 146 2229040 18618 138 2106880 17366 1
1459947872871573 137 2230256 18284 129 2107400 16488 0
1459947872873155 129 2230256 18284 121 2107400 16488 1
1459947872875045 135 2228817 18181 128 2106599 15937 0
1459947872876732 135 2228817 18181 125 2106599 15937 1
1459947872878707 137 2230050 17897 129 2107140 15190 0
1459947872880492 136 2229907 16629 127 2105079 15902 0
1459947872882427 140 2229907 16629 133 2105079 15902 1
1459947872884304 138 2232335 17567 130 2107019 16448 0
1459947872886044 134 2232335 17567 125 2107019 16448 1
1459947872887803 136 2232335 17567 124 2107019 16448 1
1459947872889458 136 2232013 16490 128 2106248 15873 0
1459947872891515 140 2232013 16490 132 2106248 15873 1
1459947872893490 139 2232013 16490 130 2106248 15873 1
1459947872895319 140 2232013 16490 133 2106248 15873 1
1459947872897260 141 2232013 16490 132 2106248 15873 1
1459947872898905 132 2232013 16490 125 2106248 15873 1
1459947872900641 136 2231716 15473 127 2104257 16467 0
1459947872902435 138 2234003 16372 131 2107541 18208 0
1459947872904230 138 2236111 17035 130 2109289 18396 0
1459947872906131 138 2238054 17496 129 2109620 17263 0
1459947872908022 140 2238054 17496 133 2109620 17263 1
1459947872909608 136 2237286 16836 127 2107365 17991 0
1459947872911347 135 2235298 17352 127 2105287 18500 0
1459947872913196 142 2235298 17352 135 2105287 18500 1
1459947872915215 140 2235298 17352 131 2105287 18500 1
1459947872917291 140 2235298 17352 133 2105287 18500 1
1459947872919011 136 2234745 16505 128 2104651 17639 0
1459947872920571 129 2234745 16505 123 2104651 17639 1
1459947872922459 135 2232955 16864 130 2106625 18079 0
1459947872924423 139 2232955 16864 131 2106625 18079 1
1459947872926211 138 2235145 17565 132 2111004 20703 0
1459947872928196 140 2235145 17565 131 2111004 20703 1
1459947872930039 138 2237164 18053 131 2113761 21627 0
1459947872932010 137 2237164 18053 126 2113761 21627 1
1459947872933798 133 2232625 20825 128 2112463 21133 0
1459947872935585 133 2232625 20825 124 2112463 21133 1
1459947872937238 130 2232625 20825 119 2112463 21133 1
1459947872938879 132 2232625 20825 123 2112463 21133 1
1459947872940563 133 2232625 20825 125 2112463 21133 1
1459947872942413 135 2232625 20825 126 2112463 21133 1
1459947872944244 137 2233561 20061 130 2113826 20738 0
1459947872946032 139 2236984 21648 132 2117643 22636 0
1459947872947732 133 2236984 21648 125 2117643 22636 1
1459947872949498 136 2236299 20586 128 2116042 22342 0
1459947872951020 132 2236299 20586 123 2116042 22342 1
1459947872952691 131 2236299 20586 126 2116042 22342 1
1459947872954515 136 2235668 19558 130 2117126 21595 0
1459947872956297 138 2237646 19853 130 2118125 20828 0
1459947872958226 136 2236909 18979 130 2119046 20049 0
1459947872959820 133 2236909 18979 125 2119046 20049 1
1459947872961612 136 2236230 18121 128 2117335 20058 0
1459947872963331 136 2235604 17281 129 2117038 18763 0
1459947872965023 131 2235604 17281 124 2117038 18763 1
1459947872966647 133 2235604 17281 126 2117038 18763 1
1459947872968588 136 2235027 16461 128 2115484 18729 0
1459947872970663 139 2235027 16461 131 2115484 18729 1
1459947872972722 139 2235027 16461 131 2115484 18729 1
1459947872974770 139 2235027 16461 130 2115484 18729 1
1459947872976792 139 2235027 16461 132 2115484 18729 1
1459947872978246 127 2235027 16461 121 2115484 18729 1
1459947872979870 131 2235027 16461 126 2115484 18729 1
1459947872981416 124 2235027 16461 117 2115484 18729 1
1459947872983103 131 2235027 16461 124 2115484 18729 1
1459947872984931 138 2237055 17044 129 2115331 17405 0
1459947872986643 136 2237055 17044 126 2115331 17405 1
1459947872988191 133 2237055 17044 125 2115331 17405 1
1459947872990058 138 2238925 17435 130 2116470 17095 0
1459947872991915 138 2240648 17661 129 2116240 15970 0
1459947872993840 136 2239677 17175 127 2113468 17276 0
1459947872995469 130 2239677 17175 122 2113468 17276 1
1459947872996907 126 2239677 17175 119 2113468 17276 1
1459947872998519 130 2239677 17175 121 2113468 17276 1
1459947873000334 139 2242622 18548 128 2112193 17101 0
1459947873002174 135 2240217 19314 129 2112297 15860 0
1459947873004279 144 2240217 19314 137 2112297 15860 1
1459947873005982 130 2240217 19314 124 2112297 15860 1
1459947873007739 135 2240217 19314 126 2112297 15860 1
1459947873009562 133 2240217 19314 126 2112297 15860 1
1459947873011008 129 2240217 19314 121 2112297 15860 1
1459947873012686 135 2238000 19848 127 2109833 16890 0
1459947873014663 139 2241076 21132 132 2113962 19376 0
1459947873016252 132 2241076 21132 125 2113962 19376 1
1459947873018086 134 2237511 22766 128 2112648 19072 0
1459947873020084 140 2237511 22766 130 2112648 19072 1
1459947873022175 141 2237511 22766 132 2112648 19072 1
1459947873023987 140 2237511 22766 131 2112648 19072 1
1459947873026121 140 2237511 22766 133 2112648 19072 1
1459947873027914 137 2238065 21498 129 2112717 17645 0
1459947873029699 135 2236016 21706 128 2111500 17386 0
1459947873031382 133 2236016 21706 126 2111500 17386 1
1459947873033232 136 2235407 20571 129 2111659 16173 0
1459947873034995 134 2232285 21840 127 2109245 17133 0
1459947873036880 135 2230687 21605 127 2107020 17844 0
1459947873038456 132 2230687 21605 122 2107020 17844 1
1459947873040187 135 2229214 21274 128 2106249 17159 0
1459947873042024 138 2231696 21899 131 2109378 18702 0
1459947873043852 136 2231424 20438 130 2110982 18719 0
1459947873045772 139 2235014 22150 132 2115021 20979 0
1459947873047420 134 2231923 23267 127 2112344 21806 0
1459947873049121 135 2230354 22895 127 2109877 22376 0
1459947873050754 133 2230354 22895 125 2109877 22376 1
1459947873052345 132 2230354 22895 124 2109877 22376 1
1459947873054044 134 2227627 23619 127 2107602 22723 0
1459947873055838 133 2227627 23619 125 2107602 22723 1
1459947873057617 135 2226393 22909 129 2108065 21374 0
1459947873059535 140 2226393 22909 131 2108065 21374 1
1459947873061506 140 2226393 22909 130 2108065 21374 1
1459947873063199 133 2222696 24527 126 2104652 22849 0
1459947873064912 136 2223127 23008 128 2104066 21603 0
1459947873066714 135 2222245 22022 126 2100965 22772 0
1459947873068688 137 2223992 21911 128 2100667 21266 0
1459947873070593 138 2226882 22863 130 2102952 21710 0
1459947873072370 135 2225706 22159 128 2102498 20430 0
1459947873074139 133 2222062 23785 127 2100800 20398 0
1459947873075820 135 2221263 22662 127 2099235 20246 0
1459947873077581 133 2217966 23929 126 2096512 21174 0
1459947873079425 138 2221327 25157 131 2100402 23105 0
1459947873081257 137 2223145 24867 130 2102708 23424 0
1459947873082971 132 2223145 24867 124 2102708 23424 1
1459947873084596 132 2223145 24867 125 2102708 23424 1
1459947873086504 137 2224821 24469 129 2103553 22373 0
1459947873088469 136 2225086 22802 130 2105612 22524 0
1459947873090415 137 2226611 22426 128 2104951 21373 0
1459947873092231 135 2226611 22426 125 2104951 21373 1
1459947873093603 127 2226611 22426 119 2104951 21373 1
1459947873095448 134 2224177 22916 127 2103061 21444 0
1459947873097331 137 2225773 22596 129 2103879 20522 0
1459947873099301 141 2225773 22596 134 2103879 20522 1
1459947873101279 140 2225773 22596 133 2103879 20522 1
1459947873103167 138 2228524 23366 131 2107193 21973 0
1459947873104875 134 2225940 23921 126 2103848 23339 0
1459947873106761 138 2228678 24576 129 2104604 22212 0
1459947873108569 139 2232482 26163 130 2106581 22299 0
1459947873110455 137 2233429 24992 130 2108404 22236 0
1459947873112322 137 2234302 23844 129 2108804 20867 0
1459947873113996 133 2229987 25958 126 2105333 22435 0
1459947873115724 134 2227289 26416 127 2103413 22451 0
1459947873117504 136 2227362 24419 129 2104203 21426 0
1459947873119442 144 2227362 24419 136 2104203 21426 1
1459947873121294 136 2227429 22573 130 2106212 21604 0
1459947873123120 136 2227491 20866 128 2105504 20568 0
1459947873124712 132 2227491 20866 124 2105504 20568 1
1459947873126382 136 2227548 19287 127 2103571 20742 0
1459947873128295 138 2230160 20188 131 2106909 22198 0
1459947873130097 134 2227448 21109 127 2104866 22345 0
1459947873131802 135 2226228 20583 127 2102983 22334 0
1459947873133664 138 2228943 21477 130 2105087 22529 0
1459947873135528 139 2228943 21477 131 2105087 22529 1
1459947873137582 143 2228943 21477 135 2105087 22529 1
1459947873139370 141 2228943 21477 133 2105087 22529 1
1459947873141070 136 2228886 19850 130 2107027 22556 0
1459947873142802 134 2226274 20706 128 2106255 21504 0
1459947873144661 137 2227706 20408 130 2108103 21528 0
1459947873146126 129 2227706 20408 123 2108103 21528 1
1459947873147925 137 2229026 20030 131 2111087 22597 0
1459947873149679 138 2231523 20767 132 2115118 24547 0
1459947873151224 125 2231523 20767 120 2115118 24547 1
1459947873152801 130 2231523 20767 124 2115118 24547 1
1459947873154586 137 2232545 20086 130 2116274 23695 0
1459947873156551 140 2232545 20086 133 2116274 23695 1
1459947873158299 134 2229647 21187 126 2112220 25580 0
1459947873160332 141 2229647 21187 133 2112220 25580 1
1459947873162222 137 2230815 20608 128 2111042 24666 0
1459947873164104 138 2233172 21171 131 2113796 25277 0
1459947873166100 141 2233172 21171 132 2113796 25277 1
1459947873167929 139 2236625 22700 131 2116335 25643 0
1459947873169702 133 2236625 22700 125 2116335 25643 1
1459947873171462 136 2236625 22700 124 2116335 25643 1
1459947873173220 133 2236625 22700 125 2116335 25643 1
1459947873175174 139 2239808 23861 130 2117396 24617 0
1459947873177347 143 2239808 23861 137 2117396 24617 1
1459947873179369 139 2242743 24701 132 2120934 25955 0
1459947873181223 136 2241608 23816 129 2120356 24459 0
1459947873182860 134 2238002 25278 127 2117263 25399 0
1459947873184649 135 2235958 25187 128 2115691 24862 0
1459947873186454 134 2232793 26135 129 2115522 23074 0
1459947873188336 136 2232436 24422 130 2116646 22308 0
1459947873189886 131 2232436 24422 121 2116646 22308 1
1459947873191677 138 2234666 24570 131 2118963 22701 0
1459947873193407 138 2236722 24546 131 2121099 22896 0
1459947873195176 137 2237338 23195 132 2124348 24102 0
1459947873197088 142 2237338 23195 131 2124348 24102 1
1459947873198874 134 2234065 24398 127 2120943 25357 0
1459947873200679 137 2234888 23250 129 2120364 23908 0
1459947873202476 137 2235647 22133 129 2119830 22531 0
1459947873204094 131 2235647 22133 126 2119830 22531 1
1459947873205943 133 2231227 24477 127 2116778 23583 0
1459947873207680 134 2228432 25140 128 2115244 23153 0
1459947873209297 127 2228432 25140 121 2115244 23153 1
1459947873210805 133 2228432 25140 125 2115244 23153 1
1459947873212659 138 2230975 25520 132 2118950 24761 0
1459947873214492 138 2233320 25687 130 2119807 23616 0
1459947873216386 139 2236761 26853 130 2120597 22499 0
1459947873218168 136 2236094 25369 130 2121325 21412 0
1459947873219966 137 2236759 24000 128 2119436 21479 0
1459947873221729 135 2234812 23919 131 2121535 21735 0
1459947873223645 139 2238137 25115 132 2124750 22999 0
1459947873225506 135 2236082 25045 129 2123873 22009 0
1459947873227293 137 2236748 23702 128 2121785 22213 0
1459947873229218 138 2238642 23596 128 2119860 22251 0
1459947873231147 135 2236548 23682 128 2118085 22147 0
1459947873232869 131 2236548 23682 123 2118085 22147 1
1459947873234968 140 2236548 23682 132 2118085 22147 1
1459947873237109 142 2236548 23682 134 2118085 22147 1
1459947873239056 135 2234617 23610 128 2116449 21923 0
1459947873240510 132 2234617 23610 126 2116449 21923 1
1459947873241974 129 2234617 23610 121 2116449 21923 1
1459947873243638 136 2234117 22225 129 2116221 20419 0
1459947873245305 135 2234117 22225 126 2116221 20419 1
1459947873247188 136 2233656 20912 128 2114731 20196 0
1459947873248880 135 2231951 20849 128 2113357 19884 0
1459947873250804 136 2231659 19488 129 2113370 18342 0
1459947873252753 143 2231659 19488 137 2113370 18342 1
1459947873254465 139 2231659 19488 132 2113370 18342 1
1459947873256408 141 2231659 19488 133 2113370 18342 1
1459947873258313 135 2230110 19392 129 2113382 16921 0
1459947873260139 137 2231242 18921 131 2115954 17970 0
1459947873261903 132 2231242 18921 126 2115954 17970 1
1459947873263840 141 2231242 18921 133 2115954 17970 1
1459947873265762 136 2231006 17659 128 2114485 17920 0
1459947873267471 134 2231006 17659 126 2114485 17920 1
1459947873269090 133 2231006 17659 124 2114485 17920 1
1459947873270857 137 2232068 17258 130 2115690 17631 0
1459947873272630 139 2232068 17258 132 2115690 17631 1
1459947873274489 138 2234327 17992 131 2118081 18457 0
1459947873276250 137 2235130 17326 128 2116445 18522 0
1459947873278131 137 2235870 16654 127 2113657 19643 0
1459947873279990 139 2235870 16654 130 2113657 19643 1
1459947873281673 128 2235870 16654 123 2113657 19643 1
1459947873283477 137 2236552 15981 131 2116207 20459 0
1459947873285266 136 2235901 15331 129 2115998 19052 0
1459947873287299 142 2235901 15331 132 2115998 19052 1
1459947873288941 132 2235901 15331 124 2115998 19052 1
1459947873290658 139 2235901 15331 129 2115998 19052 1
1459947873292366 137 2236581 14760 130 2117085 18565 0
1459947873294319 137 2237208 14184 128 2115527 18549 0
1459947873296123 132 2237208 14184 126 2115527 18549 1
1459947873297959 133 2232666 17262 127 2112811 19602 0
1459947873299526 133 2232666 17262 124 2112811 19602 1
1459947873301345 137 2233598 16773 131 2115427 20482 0
1459947873303132 136 2233178 15849 129 2115279 19017 0
1459947873304852 129 2233178 15849 122 2115279 19017 1
1459947873306433 132 2233178 15849 126 2115279 19017 1
1459947873308037 129 2233178 15849 123 2115279 19017 1
1459947873309845 137 2234070 15433 130 2116422 18585 0
1459947873311325 133 2234070 15433 125 2116422 18585 1
1459947873313210 142 2234070 15433 134 2116422 18585 1
1459947873315111 138 2236173 16165 133 2121316 21645 0
1459947873317093 139 2236173 16165 132 2121316 21645 1
1459947873318907 137 2236831 15509 129 2120708 20513 0
1459947873320657 134 2233598 17276 127 2117587 21786 0
1459947873322348 128 2233598 17276 122 2117587 21786 1
1459947873324264 133 2233598 17276 126 2117587 21786 1
1459947873325719 126 2233598 17276 119 2117587 21786 1
1459947873327359 132 2233598 17276 126 2117587 21786 1
1459947873329027 134 2233598 17276 125 2117587 21786 1
1459947873330996 139 2233598 17276 131 2117587 21786 1
1459947873333049 142 2233598 17276 134 2117587 21786 1
1459947873334888 129 2233598 17276 123 2117587 21786 1
1459947873336681 133 2233598 17276 126 2117587 21786 1
1459947873338346 135 2231898 17493 128 2115990 21554 0
1459947873340264 139 2231898 17493 131 2115990 21554 1
1459947873342316 141 2231898 17493 132 2115990 21554 1
1459947873344117 136 2231610 16390 129 2115798 20046 0
1459947873345971 133 2231610 16390 125 2115798 20046 1
1459947873347551 129 2231610 16390 123 2115798 20046 1
1459947873349029 125 2231610 16390 120 2115798 20046 1
1459947873350986 139 2231610 16390 131 2115798 20046 1
1459947873352764 134 2231610 16390 126 2115798 20046 1
1459947873354650 135 2230065 16532 127 2113061 21001 0
1459947873356313 135 2230065 16532 124 2113061 21001 1
1459947873357912 129 2230065 16532 122 2113061 21001 1
1459947873359594 133 2230065 16532 124 2113061 21001 1
1459947873361314 131 2230065 16532 123 2113061 21001 1
1459947873363035 129 2230065 16532 122 2113061 21001 1
1459947873365016 134 2227361 17732 128 2111818 20505 0
1459947873366645 135 2226148 17463 127 2109392 21139 0
1459947873368592 135 2225030 17128 129 2109715 19785 0
1459947873370473 140 2225030 17128 132 2109715 19785 1
1459947873372303 137 2226559 17199 131 2112573 20874 0
1459947873373965 133 2222849 19275 127 2110088 21533 0
1459947873375826 138 2225828 20516 130 2111637 21278 0
1459947873377641 135 2224735 19920 128 2110505 20658 0
1459947873379602 139 2224735 19920 131 2110505 20658 1
1459947873381594 137 2226287 19794 129 2110741 19262 0
1459947873383438 137 2227718 19566 130 2112239 19138 0
1459947873385022 128 2227718 19566 123 2112239 19138 1
1459947873386838 136 2227757 18073 128 2111060 18728 0
1459947873388690 135 2226513 17807 128 2109973 18265 0
1459947873390547 140 2226513 17807 132 2109973 18265 1
1459947873392482 140 2226513 17807 132 2109973 18265 1
1459947873394404 139 2226513 17807 131 2109973 18265 1
1459947873396329 137 2227926 17718 130 2111531 18274 0
1459947873398160 136 2227949 16354 130 2112967 18170 0
1459947873399704 128 2227949 16354 122 2112967 18170 1
1459947873401457 133 2227949 16354 126 2112967 18170 1
1459947873402968 131 2227949 16354 123 2112967 18170 1
1459947873404622 132 2227949 16354 125 2112967 18170 1
1459947873406426 137 2229250 16275 129 2113011 16791 0
1459947873408323 139 2229250 16275 133 2113011 16791 1
1459947873410255 141 2229250 16275 134 2113011 16791 1
1459947873411844 133 2225329 18616 127 2110492 17801 0
1459947873413555 136 2225555 17369 128 2109449 17370 0
1459947873415337 138 2228323 18564 129 2109768 16306 0
1459947873417205 136 2228315 17120 127 2107502 17120 0
1459947873418913 136 2228307 15788 128 2106693 16527 0
1459947873420695 136 2228300 14559 128 2105947 15922 0
1459947873422616 138 2230854 15775 131 2109099 17584 0
1459947873424539 136 2230648 14731 129 2109445 16529 0
1459947873426446 137 2231738 14585 129 2109764 15531 0
1459947873428373 139 2231738 14585 130 2109764 15531 1
1459947873430135 136 2231463 13698 128 2108778 15225 0
1459947873431900 135 2231463 13698 126 2108778 15225 1
1459947873433615 134 2228649 15220 127 2106589 16052 0
1459947873435380 133 2224775 17600 127 2104571 16656 0
1459947873437093 131 2224775 17600 125 2104571 16656 1
1459947873438670 130 2224775 17600 124 2104571 16656 1
1459947873440388 135 2223764 17156 127 2102711 17068 0
1459947873442366 136 2224112 16136 130 2104836 17693 0
1459947873443914 126 2224112 16136 120 2104836 17693 1
1459947873445779 130 2224112 16136 124 2104836 17693 1
1459947873447702 138 2224112 16136 132 2104836 17693 1
1459947873449288 132 2224112 16136 126 2104836 17693 1
1459947873451173 135 2223153 15758 127 2102955 18043 0
1459947873452979 137 2224829 16071 129 2103781 17395 0
1459947873454760 128 2224829 16071 121 2103781 17395 1
1459947873456329 131 2224829 16071 125 2103781 17395 1
1459947873458219 133 2224829 16071 125 2103781 17395 1
1459947873460044 137 2226374 16239 131 2107103 19098 0
1459947873461692 133 2222678 18376 126 2103765 20681 0
1459947873463484 136 2223111 17339 129 2104528 19768 0
1459947873465099 130 2223111 17339 121 2104528 19768 1
1459947873466591 133 2219670 19155 126 2101391 21114 0
1459947873468455 137 2221618 19454 127 2099779 20949 0
1459947873469923 126 2221618 19454 119 2099779 20949 1
1459947873471293 122 2221618 19454 114 2099779 20949 1
1459947873472688 121 2221618 19454 115 2099779 20949 1
1459947873474207 126 2221618 19454 120 2099779 20949 1
1459947873476155 136 2222134 18409 130 2102133 21482 0
1459947873478068 134 2220049 18891 126 2099183 22521 0
1459947873479803 134 2218127 19186 128 2099024 20907 0
1459947873481433 129 2218127 19186 121 2099024 20907 1
1459947873482899 129 2218127 19186 121 2099024 20907 1
1459947873484388 132 2218127 19186 123 2099024 20907 1
1459947873486398 139 2218127 19186 128 2099024 20907 1
1459947873488331 137 2220195 19594 131 2102717 22678 0
1459947873490188 138 2223382 21001 131 2106122 24045 0
1459947873492078 137 2225040 20888 128 2105421 22812 0
1459947873493823 134 2222728 21386 126 2102214 23984 0
1459947873495707 137 2224437 21290 129 2103098 22925 0
1459947873497547 134 2222172 21713 127 2101353 22741 0
1459947873499421 137 2223924 21631 130 2103584 23021 0
1459947873501181 133 2220419 23171 126 2100521 24045 0
1459947873503050 137 2222308 23102 130 2102817 24283 0
1459947873504998 138 2225330 24083 130 2104934 24337 0
1459947873506858 141 2225330 24083 131 2104934 24337 1
1459947873508707 138 2228116 24769 131 2108166 25414 0
1459947873510076 127 2228116 24769 121 2108166 25414 1
1459947873511629 129 2228116 24769 124 2108166 25414 1
1459947873513236 131 2228116 24769 123 2108166 25414 1
1459947873514833 126 2228116 24769 119 2108166 25414 1
1459947873516791 138 2230684 25200 131 2111145 26174 0
1459947873518828 139 2234331 26593 133 2116451 29021 0
1459947873520370 129 2234331 26593 125 2116451 29021 1
1459947873521896 125 2234331 26593 118 2116451 29021 1
1459947873523502 128 2234331 26593 122 2116451 29021 1
1459947873525354 140 2238973 28795 134 2122623 32443 0
1459947873527134 135 2236853 28499 127 2119353 32922 0
1459947873528822 132 2236853 28499 124 2119353 32922 1
1459947873530494 133 2232338 30433 125 2113778 35487 0
1459947873532121 135 2230736 29531 127 2111199 35091 0
1459947873533716 135 2229259 28583 127 2108821 34540 0
1459947873535477 133 2225338 29963 127 2106629 33861 0
1459947873537549 139 2229403 31369 132 2111008 35252 0
1459947873539129 126 2229403 31369 120 2111008 35252 1
1459947873540573 129 2229403 31369 122 2111008 35252 1
1459947873542068 131 2229403 31369 124 2111008 35252 1
1459947873543968 137 2230590 30013 129 2111205 32679 0
1459947873545908 145 2230590 30013 135 2111205 32679 1
1459947873547812 137 2231685 28677 129 2111387 30292 0
1459947873549241 129 2231685 28677 122 2111387 30292 1
1459947873550867 133 2227574 30225 126 2107714 31310 0
1459947873552671 137 2228904 29089 130 2109448 30462 0
1459947873554469 135 2227570 28044 128 2108487 28967 0
1459947873556227 135 2226341 26985 128 2107601 27519 0
1459947873557900 131 2226341 26985 124 2107601 27519 1
1459947873559570 129 2226341 26985 124 2107601 27519 1
1459947873561404 133 2222648 28280 128 2106784 26121 0
1459947873563293 137 2224363 27651 129 2107311 24566 0
1459947873565255 140 2224363 27651 132 2107311 24566 1
1459947873566840 128 2224363 27651 123 2107311 24566 1
1459947873568599 131 2224363 27651 125 2107311 24566 1
1459947873570218 131 2224363 27651 125 2107311 24566 1
1459947873571876 133 2224363 27651 125 2107311 24566 1
1459947873573579 135 2223384 26391 127 2105237 24557 0
1459947873575485 135 2222482 25160 129 2105885 23235 0
1459947873577762 139 2226770 27147 132 2110322 25510 0
1459947873579721 136 2226883 25130 128 2109293 24465 0
1459947873581613 137 2228267 24442 129 2109624 22858 0
1459947873583438 139 2232103 26068 133 2115049 26073 0
1459947873585173 134 2229239 26670 127 2112370 26504 0
1459947873586873 132 2229239 26670 125 2112370 26504 1
1459947873588423 129 2229239 26670 121 2112370 26504 1
1459947873590022 129 2229239 26670 122 2112370 26504 1
1459947873591924 138 2231719 26872 132 2116301 28056 0
1459947873593804 139 2235285 28060 131 2118644 28024 0
1459947873595457 133 2230893 29915 127 2115684 28561 0
1459947873597338 132 2225564 32489 127 2112956 28843 0
1459947873599033 132 2225564 32489 124 2112956 28843 1
1459947873600904 134 2223211 32118 128 2111721 27727 0
1459947873602305 129 2223211 32118 123 2111721 27727 1
1459947873603992 134 2221042 31606 128 2110582 26609 0
1459947873605686 130 2221042 31606 122 2110582 26609 1
1459947873607324 134 2219043 30978 128 2109532 25497 0
1459947873609332 135 2218480 29075 129 2109844 23793 0
1459947873611147 139 2223081 31044 132 2113972 25739 0
1459947873612723 133 2219642 31787 127 2111377 26119 0
1459947873614487 135 2219032 29864 129 2111545 24233 0
1459947873616276 135 2218470 28047 126 2107860 25735 0
1459947873618019 134 2216672 27512 128 2107023 24495 0
1459947873619703 135 2216294 25709 129 2107531 23050 0
1459947873621572 136 2217226 24559 130 2109280 22861 0
1459947873623161 131 2217226 24559 123 2109280 22861 1
1459947873624852 136 2218085 23432 129 2109612 21380 0
1459947873626615 136 2218877 22331 129 2109918 19991 0
1459947873628091 129 2218877 22331 122 2109918 19991 1
1459947873630039 135 2218327 21092 129 2110200 18689 0
1459947873631808 137 2220380 21336 131 2113020 19828 0
1459947873633464 131 2220380 21336 126 2113020 19828 1
1459947873635205 133 2217152 22644 128 2111780 19420 0
1459947873637071 135 2216737 21256 130 2113197 19208 0
1459947873638767 133 2213794 22307 127 2110663 20042 0
1459947873640365 134 2212361 21884 128 2109607 19449 0
1459947873642200 135 2212320 20211 131 2112473 20572 0
1459947873644258 141 2212320 20211 135 2112473 20572 1
1459947873646091 137 2214842 20957 131 2115116 21400 0
1459947873648162 137 2217167 21462 131 2117552 21974 0
1459947873650087 137 2219310 21761 129 2117238 20546 0
1459947873651979 137 2221286 21882 130 2118228 19853 0
1459947873653701 137 2223108 21851 129 2117861 18638 0
1459947873655431 132 2218387 24494 127 2114963 19852 0
1459947873656979 131 2218387 24494 126 2114963 19852 1
1459947873658698 132 2218387 24494 126 2114963 19852 1
1459947873660684 139 2218387 24494 134 2114963 19852 1
1459947873662549 141 2218387 24494 134 2114963 19852 1
1459947873664248 135 2217875 23051 129 2114851 18403 0
1459947873665981 132 2213563 25224 128 2113468 18239 0
1459947873668004 138 2217268 26668 132 2117313 20358 0
1459947873669783 134 2215563 26154 128 2115737 20218 0
1459947873671474 134 2213992 25558 129 2115565 18796 0
1459947873673233 135 2213823 23715 130 2116686 18360 0
1459947873675125 136 2214948 22899 129 2116439 17151 0
