1459947871376344 133 2179072 0 132 2162688 0 0
1459947871378266 133 2179072 0 131 2161408 1180 0
1459947871380294 137 2184192 4720 134 2164068 3539 0
1459947871382352 138 2190192 9882 134 2166520 5522 0
1459947871384172 132 2188043 11089 127 2159820 11265 0
1459947871386051 130 2183502 14408 127 2153644 16077 0
1459947871387992 132 2181875 14780 129 2150510 17708 0
1459947871390001 136 2185496 16963 134 2154021 19561 0
1459947871391982 138 2191394 21074 136 2159818 23376 0
1459947871393558 123 2177631 32114 123 2148522 31962 0
1459947871395245 127 2170063 36581 125 2140668 36703 0
1459947871396780 125 2160526 42514 123 2130868 42869 0
1459947871398420 128 2155574 43756 126 2125673 44307 0
1459947871400355 133 2157409 42029 130 2126004 41150 0
1459947871402320 132 2157821 39125 131 2127589 39397 0
1459947871404166 131 2156921 36897 129 2126491 37331 0
1459947871405887 124 2147131 43038 121 2115238 44786 0
1459947871407975 136 2153466 45515 133 2120225 45884 0
1459947871409901 132 2154186 42623 130 2120982 42997 0
1459947871411812 137 2161250 45805 131 2122960 41460 0
1459947871413551 135 2165202 45869 131 2124783 39901 0
1459947871415172 129 2161165 46006 125 2118784 42313 0
1459947871417012 131 2160003 43481 128 2117094 40564 0
1459947871418876 133 2161492 41457 131 2119376 39497 0
1459947871421156 146 2179505 54824 141 2134279 50150 0
1459947871423138 135 2182031 52868 134 2139058 50638 0
1459947871425176 136 2185639 52063 134 2143464 50742 0
1459947871427157 135 2187685 49882 131 2143685 46981 0
1459947871428607 108 2155012 76104 106 2111889 72621 0
1459947871430296 134 2158171 73070 131 2114577 69425 0
1459947871431910 129 2154683 70575 124 2108095 69975 0
1459947871433688 133 2156588 66817 129 2108520 64899 0
1459947871435711 136 2162184 66755 134 2115311 66089 0
1459947871437517 134 2164783 63935 131 2117732 63157 0
1459947871439396 140 2174859 68229 137 2127644 67359 0
1459947871441128 132 2173908 63774 128 2125261 64292 0
1459947871442747 127 2166631 65499 124 2117944 66013 0
1459947871444403 130 2163762 63024 129 2117599 61172 0
1459947871446366 134 2166238 60382 132 2121121 59639 0
1459947871448603 137 2172360 61308 133 2125648 59152 0
1459947871450471 131 2170324 58394 129 2124701 55402 0
1459947871452274 132 2169727 54380 130 2125108 51448 0
1459947871454055 129 2165337 54177 131 2126763 48954 0
1459947871455666 129 2161290 53674 127 2123169 48441 0
1459947871457601 137 2167799 55480 134 2128816 49862 0
1459947871459276 133 2168679 51956 132 2131462 48405 0
1459947871460760 128 2163090 53047 124 2123661 51814 0
1459947871462294 126 2155378 56010 121 2112629 57935 0
1459947871463956 130 2153389 53467 129 2112699 53473 0
1459947871465542 129 2150275 52159 126 2108924 52774 0
1459947871467393 133 2152524 50158 128 2108004 49498 0
1459947871469327 138 2160998 54051 136 2117396 54288 0
1459947871471359 137 2167530 55849 134 2123494 55668 0
1459947871473221 134 2169711 53496 132 2126556 54140 0
1459947871475108 134 2171722 51170 129 2125538 50847 0
1459947871477014 132 2171016 47822 129 2124600 47738 0
1459947871479016 134 2172925 45845 132 2127575 46751 0
1459947871480965 130 2169565 45360 128 2125198 45289 0
1459947871482946 135 2172867 44860 133 2129406 45630 0
1459947871484796 132 2172071 42088 130 2129446 42102 0
1459947871486678 131 2170057 40654 128 2126923 41137 0
1459947871488558 135 2173321 40486 135 2133557 44038 0
1459947871490304 132 2172490 38088 131 2134552 41515 0
1459947871492114 134 2174284 36766 133 2138030 41477 0
1459947871494041 135 2177218 36597 131 2138676 38831 0
1459947871496059 138 2183762 39770 136 2145671 42246 0
1459947871497684 129 2178275 41719 126 2139320 44799 0
1459947871499419 134 2179617 39696 131 2139865 41802 0
1459947871501129 128 2173174 42533 125 2132688 45152 0
1459947871502906 133 2173634 39634 130 2132471 41823 0
1459947871504786 133 2174058 36928 131 2133551 39551 0
1459947871506673 133 2174449 34404 129 2131987 37902 0
1459947871508509 131 2172250 33743 131 2133105 35971 0
1459947871510373 133 2172782 31597 131 2134136 34110 0
1459947871512490 137 2178393 34301 134 2138926 35861 0
1459947871514474 132 2177166 32752 125 2131822 39607 0
1459947871516407 131 2174754 32415 131 2132953 37555 0
1459947871518486 133 2175091 30193 131 2133996 35582 0
1459947871520335 132 2174122 28727 127 2129837 36635 0
1459947871522218 133 2174508 26838 130 2129843 33778 0
1459947871524164 135 2177424 27429 131 2131129 32324 0
1459947871525834 125 2167312 34607 125 2124634 35785 0
1459947871527474 132 2166950 32235 130 2125046 33369 0
1459947871529214 131 2165337 31202 128 2122866 32770 0
1459947871531110 132 2165130 28954 130 2123417 30717 0
1459947871532923 132 2164939 26866 130 2123925 28785 0
1459947871534812 139 2173723 32864 135 2130793 32867 0
1459947871536964 140 2183100 38941 137 2139684 38496 0
1459947871538638 128 2176385 42088 126 2133801 40911 0
1459947871540506 130 2172754 42145 131 2134777 38614 0
1459947871542473 134 2174527 40487 131 2135677 36427 0
1459947871544493 135 2177442 40010 133 2139067 36706 0
1459947871546624 137 2182689 41721 134 2143472 37899 0
1459947871548415 129 2177286 43441 125 2136013 41814 0
1459947871550326 133 2177425 40175 132 2138096 40468 0
1459947871552352 135 2180113 39514 134 2142577 41437 0
1459947871554374 138 2186431 42251 135 2147988 43187 0
1459947871556502 137 2190976 43140 134 2151696 43231 0
1459947871558641 137 2195166 43631 134 2155114 43004 0
1459947871560418 128 2187508 47281 125 2146745 47358 0
1459947871562225 129 2181728 48914 125 2139030 50769 0
1459947871564032 130 2177680 48823 127 2134478 50998 0
1459947871565701 127 2170108 51987 125 2127721 53241 0
1459947871567790 134 2172088 49750 133 2131732 52779 0
1459947871569951 135 2175193 48726 134 2136710 53244 0
1459947871571534 128 2169096 50539 126 2131059 54292 0
1459947871573194 129 2164755 50591 127 2127130 53672 0
1459947871574827 124 2154353 56226 123 2118387 57536 0
1459947871576351 127 2148604 57132 121 2107768 62830 0
1459947871578084 130 2147144 54013 124 2101818 63405 0
1459947871580138 135 2152198 54452 132 2106573 62834 0
1459947871582251 134 2155577 53312 129 2107116 58426 0
1459947871584357 137 2162532 55559 135 2115297 61403 0
1459947871586302 134 2165104 53589 131 2117719 58838 0
1459947871588309 136 2170035 53948 133 2122512 58659 0
1459947871590236 135 2173301 52743 132 2125650 56969 0
1459947871592171 138 2180151 54937 136 2133663 59905 0
1459947871594157 138 2186466 56467 137 2142330 63214 0
1459947871596154 135 2188448 53882 134 2146480 62101 0
1459947871598138 133 2187715 50347 129 2143906 59621 0
1459947871599938 131 2184479 49395 130 2142813 55970 0
1459947871601948 135 2186616 47506 131 2143085 51848 0
1459947871603961 132 2184746 45517 129 2140776 49925 0
1459947871605727 129 2179182 47088 126 2134807 51525 0
1459947871607653 132 2177893 44596 130 2134425 47850 0
1459947871609326 130 2174145 44566 127 2130233 47975 0
1459947871611300 138 2180929 47338 133 2134048 47743 0
1459947871613082 131 2178223 46132 131 2135005 44895 0
1459947871615088 134 2179569 43768 133 2138447 44560 0
1459947871617048 135 2182090 42672 134 2142900 45183 0
1459947871618984 137 2186974 43840 135 2148285 46618 0
1459947871620653 124 2174836 51604 121 2135330 54917 0
1459947871622530 131 2172606 49626 127 2131067 54555 0
1459947871624323 133 2173111 46213 131 2132257 51389 0
1459947871626447 139 2181256 50111 137 2141034 55465 0
1459947871628508 137 2186205 50758 135 2146565 56230 0
1459947871630267 129 2180527 52025 125 2138864 58935 0
1459947871632100 134 2181693 49035 131 2139445 54865 0
1459947871634111 135 2184048 47375 133 2142540 53432 0
1459947871636151 132 2182379 45211 131 2142834 49528 0
1459947871638178 137 2187240 46159 135 2148225 50627 0
1459947871639891 132 2185321 44320 129 2145514 49169 0
1459947871641526 130 2180992 44847 128 2141735 48810 0
1459947871643014 126 2171882 49741 123 2131851 54106 0
1459947871644540 129 2167323 50056 127 2127860 53557 0
1459947871646597 133 2168240 46991 130 2128020 49520 0
1459947871648228 127 2161406 49618 125 2121768 51414 0
1459947871650078 136 2166626 50553 132 2124964 50344 0
1459947871651782 129 2162478 50426 126 2120231 50773 0
1459947871653771 134 2165054 48861 133 2124827 51043 0
1459947871655515 129 2161029 48753 128 2122664 49048 0
1459947871657238 131 2159878 46004 129 2121950 45873 0
1459947871659051 133 2161377 43791 131 2123852 44043 0
1459947871660944 135 2165319 44003 131 2125606 42219 0
1459947871662632 129 2161273 44294 128 2123383 40969 0
1459947871664425 133 2162663 42114 131 2125173 39418 0
1459947871666139 128 2157544 43541 125 2119143 41896 0
1459947871667972 131 2156665 40948 126 2114864 42565 0
1459947871669810 135 2160975 41721 131 2117320 41503 0
1459947871671482 131 2159828 39517 127 2114464 40892 0
1459947871673445 136 2165171 41355 133 2119511 42350 0
1459947871675675 137 2171377 43845 134 2125444 44510 0
1459947871677448 130 2168138 43404 125 2119393 46609 0
1459947871679415 134 2170272 41980 133 2124055 47265 0
1459947871681420 133 2170959 39333 130 2124513 43994 0
1459947871683228 128 2165192 41575 127 2121095 43706 0
1459947871685168 135 2168836 41685 132 2124344 43286 0
1459947871686865 135 2172195 41525 133 2128619 43845 0
1459947871688925 142 2184252 49395 140 2141520 52312 0
1459947871690844 131 2181287 48269 127 2136773 52600 0
1459947871692681 135 2183673 46697 132 2138797 50356 0
1459947871694511 133 2183313 43379 131 2139383 46961 0
1459947871696341 133 2182981 40295 131 2139923 43790 0
1459947871698249 128 2176275 43327 128 2136581 43448 0
1459947871700298 135 2179053 42503 131 2137340 40753 0
1459947871702364 137 2184174 43903 133 2140600 40574 0
1459947871704389 136 2187615 43645 134 2144885 41354 0
1459947871706462 138 2193347 45519 134 2148835 41765 0
1459947871708528 139 2199911 48013 136 2155037 44219 0
1459947871710617 137 2203402 47480 135 2159474 44855 0
1459947871712482 135 2204061 44377 133 2161005 42761 0
1459947871714551 137 2207228 43830 135 2164976 43081 0
1459947871716567 135 2207588 40737 133 2166077 40730 0
1459947871718328 131 2202800 41967 128 2160692 42511 0
1459947871720227 129 2195826 45116 128 2155727 43765 0
1459947871721915 127 2186837 49877 125 2147310 48103 0
1459947871723758 136 2190070 48960 135 2152351 48991 0
1459947871725660 132 2187930 47107 129 2149318 47958 0
1459947871727442 134 2188517 43968 131 2149082 44428 0
1459947871729409 129 2182659 45933 126 2142464 47057 0
1459947871731214 129 2177258 47322 126 2136364 49003 0
1459947871733150 134 2178679 44934 131 2137140 45889 0
1459947871734845 126 2169749 49654 122 2126335 52262 0
1459947871736569 127 2162797 52182 126 2121495 52640 0
1459947871738553 131 2161508 49292 131 2123433 50313 0
1459947871740592 137 2168000 51426 136 2131619 53929 0
1459947871742499 132 2167585 47790 129 2130206 51017 0
1459947871744095 127 2160802 50308 126 2125063 51771 0
1459947871745801 132 2160949 46512 130 2125442 48075 0
1459947871747519 132 2161084 43003 127 2121951 47536 0
1459947871749599 139 2170169 48018 136 2130253 51475 0
1459947871751465 136 2174704 48447 133 2134066 50969 0
1459947871753278 137 2180165 49696 134 2138862 51408 0
1459947871755290 134 2181359 46914 130 2138163 48034 0
1459947871757000 130 2177340 46952 126 2132399 49594 0
1459947871758648 132 2176195 44338 130 2132205 45897 0
1459947871760255 126 2167459 48926 123 2123066 50735 0
1459947871762044 130 2164526 47806 129 2122321 47457 0
1459947871763920 133 2165662 45118 131 2124194 45476 0
1459947871766163 143 2179509 54358 140 2137441 54135 0
1459947871768027 135 2182034 52439 133 2140693 52903 0
1459947871770062 138 2188202 54028 133 2143691 51533 0
1459947871771924 134 2188768 50329 127 2138775 52037 0
1459947871773825 137 2193130 50418 136 2145763 54413 0
1459947871775255 121 2176671 61651 119 2130445 64282 0
1459947871777104 131 2174298 59021 129 2129123 60476 0
1459947871778722 129 2169550 58785 129 2127905 56873 0
1459947871780520 129 2165173 58226 127 2124222 55823 0
1459947871782472 132 2164978 53855 131 2125947 53051 0
1459947871784422 136 2169919 54202 134 2131377 53912 0
1459947871786556 136 2174474 54166 133 2135103 53135 0
1459947871788511 135 2177393 52625 132 2137258 50969 0
1459947871790427 136 2181364 52173 132 2139244 48818 0
1459947871792399 137 2186304 52651 134 2143635 49052 0
1459947871794415 136 2189579 51556 133 2146403 47771 0
1459947871796612 136 2192598 50311 130 2145115 45225 0
1459947871798588 131 2188981 49714 129 2142647 43965 0
1459947871800664 138 2194606 51016 137 2150612 47873 0
1459947871802599 133 2193392 48148 130 2148995 45622 0
1459947871804443 134 2193553 44534 132 2150064 43043 0
1459947871806243 128 2186021 47996 129 2147210 42310 0
1459947871807822 126 2176518 53006 123 2136899 48509 0
1459947871809705 133 2176717 49047 130 2136353 45221 0
1459947871811693 139 2184580 52464 133 2139690 44764 0
1459947871813491 136 2187989 51508 133 2142766 44102 0
1459947871815412 137 2192412 51560 133 2145602 43270 0
1459947871817194 132 2190089 49671 130 2144376 41018 0
1459947871819029 134 2190508 46176 131 2144526 37951 0
1459947871821179 134 2190894 42924 132 2145944 36294 0
1459947871823323 140 2198930 46978 137 2153652 40563 0
1459947871825165 137 2202498 46596 133 2155637 39224 0
1459947871827021 134 2201947 43462 131 2154907 36831 0
1459947871828871 130 2196319 45253 127 2149114 39292 0
1459947871830888 134 2196251 41779 130 2147614 37604 0
1459947871832525 129 2189788 44472 127 2142391 39480 0
1459947871834300 132 2187670 42948 128 2138856 39653 0
1459947871836034 131 2184438 42571 130 2138157 37198 0
1459947871837920 135 2186578 41218 133 2141353 37237 0
1459947871839663 130 2182151 42077 129 2139179 36330 0
1459947871841476 130 2178070 42550 126 2133335 38877 0
1459947871843305 133 2178148 39297 132 2135628 37953 0
1459947871845402 134 2179500 37472 132 2137742 36935 0
1459947871847386 134 2180746 35693 130 2137130 34612 0
1459947871849022 126 2171655 41284 120 2123766 44226 0
1459947871850801 129 2167114 42243 127 2120406 43866 0
1459947871852545 129 2162928 42800 127 2117309 43292 0
1459947871854242 133 2164189 40618 127 2114454 42540 0
1459947871856001 135 2167911 40875 128 2113102 40462 0
1459947871857807 136 2172622 42024 126 2109295 40808 0
1459947871859746 140 2172622 42024 132 2109295 40808 1
1459947871861528 141 2172622 42024 131 2109295 40808 1
1459947871863604 143 2172622 42024 136 2109295 40808 1
1459947871865333 132 2171845 39455 126 2105786 40853 0
1459947871867062 136 2176249 40432 127 2103831 39462 0
1459947871868965 137 2176249 40432 128 2103831 39462 1
1459947871870494 129 2176249 40432 122 2103831 39462 1
1459947871872162 133 2176249 40432 124 2103831 39462 1
1459947871874127 140 2176249 40432 132 2103831 39462 1
1459947871876009 140 2176249 40432 131 2103831 39462 1
1459947871877917 135 2179029 39836 128 2103309 36860 0
1459947871879697 134 2180312 37906 126 2100267 36783 0
1459947871881022 111 2180312 37906 102 2100267 36783 1
1459947871882584 138 2180312 37906 130 2100267 36783 1
1459947871884238 135 2182775 37214 128 2100023 34133 0
1459947871886080 137 2182775 37214 129 2100023 34133 1
1459947871887896 136 2186325 37579 130 2102358 33619 0
1459947871889373 126 2186325 37579 119 2102358 33619 1
1459947871891064 130 2186325 37579 124 2102358 33619 1
1459947871892589 128 2186325 37579 120 2102358 33619 1
1459947871894376 134 2187038 35300 127 2100671 32546 0
1459947871896141 135 2188975 34328 128 2100396 30256 0
1459947871897853 134 2189481 32112 126 2097582 30485 0
1459947871899797 138 2189481 32112 131 2097582 30485 1
1459947871901609 133 2188667 30352 126 2094988 30493 0
1459947871903130 128 2188667 30352 122 2094988 30493 1
1459947871904585 127 2188667 30352 122 2094988 30493 1
1459947871906391 135 2190477 29648 128 2095157 28265 0
1459947871908211 135 2192145 28869 128 2095312 26199 0
1459947871909946 131 2192145 28869 124 2095312 26199 1
1459947871911805 136 2194963 29211 129 2096735 25464 0
1459947871913877 139 2194963 29211 131 2096735 25464 1
1459947871915908 138 2194963 29211 130 2096735 25464 1
1459947871917802 135 2196281 28143 127 2095487 24623 0
1459947871919671 138 2196281 28143 131 2095487 24623 1
1459947871921591 141 2196281 28143 133 2095487 24623 1
1459947871923264 129 2196281 28143 120 2095487 24623 1
1459947871925005 133 2196281 28143 125 2095487 24623 1
1459947871926686 125 2196281 28143 118 2095487 24623 1
1459947871928375 131 2196281 28143 124 2095487 24623 1
1459947871930536 140 2196281 28143 131 2095487 24623 1
1459947871932662 139 2196281 28143 133 2095487 24623 1
1459947871934333 130 2196281 28143 121 2095487 24623 1
1459947871936163 136 2198776 28244 129 2096897 23998 0
1459947871938032 136 2201076 28157 131 2100756 25681 0
1459947871940053 143 2201076 28157 136 2100756 25681 1
1459947871941874 137 2201076 28157 131 2100756 25681 1
1459947871943714 137 2201076 28157 131 2100756 25681 1
1459947871945550 138 2201076 28157 131 2100756 25681 1
1459947871947299 136 2203196 27912 129 2101754 24594 0
1459947871948905 133 2203196 27912 125 2101754 24594 1
1459947871950887 140 2203196 27912 133 2101754 24594 1
1459947871952622 131 2203196 27912 124 2101754 24594 1
1459947871954460 138 2203196 27912 132 2101754 24594 1
1459947871956246 135 2203871 26353 127 2100114 24183 0
1459947871958290 144 2203871 26353 135 2100114 24183 1
1459947871960253 142 2203871 26353 134 2100114 24183 1
1459947871961946 133 2203871 26353 125 2100114 24183 1
1459947871963610 132 2200653 27260 127 2098602 23686 0
1459947871965275 133 2200653 27260 125 2098602 23686 1
1459947871967315 140 2200653 27260 131 2098602 23686 1
1459947871968920 130 2200653 27260 122 2098602 23686 1
1459947871970788 136 2202806 27115 129 2099768 22910 0
1459947871972424 133 2200951 26705 127 2098283 22488 0
1459947871974361 137 2200951 26705 131 2098283 22488 1
1459947871976270 141 2200951 26705 133 2098283 22488 1
1459947871978133 139 2200951 26705 130 2098283 22488 1
1459947871979930 138 2200951 26705 131 2098283 22488 1
1459947871981483 130 2200951 26705 123 2098283 22488 1
1459947871983321 134 2200521 25013 128 2098194 20812 0
1459947871985121 135 2201405 23873 128 2098112 19261 0
1459947871986797 136 2203500 23938 128 2098037 17825 0
1459947871988485 131 2203500 23938 123 2098037 17825 1
1459947871990089 133 2203500 23938 124 2098037 17825 1
1459947871991632 133 2203500 23938 125 2098037 17825 1
1459947871993374 137 2203500 23938 130 2098037 17825 1
1459947871995014 132 2203500 23938 124 2098037 17825 1
1459947871996914 141 2203500 23938 134 2098037 17825 1
1459947871998933 138 2203500 23938 132 2098037 17825 1
1459947872000643 132 2203500 23938 125 2098037 17825 1
1459947872002242 131 2203500 23938 123 2098037 17825 1
1459947872004089 134 2202871 22646 128 2097967 16495 0
1459947872005894 133 2202871 22646 126 2097967 16495 1
1459947872007529 133 2202871 22646 125 2097967 16495 1
1459947872009229 131 2202871 22646 125 2097967 16495 1
1459947872010790 132 2202871 22646 125 2097967 16495 1
1459947872012431 130 2202871 22646 125 2097967 16495 1
1459947872014281 131 2202871 22646 125 2097967 16495 1
1459947872016014 135 2203571 21522 129 2099183 16327 0
1459947872017805 136 2205497 21615 130 2101584 17264 0
1459947872019438 131 2205497 21615 125 2101584 17264 1
1459947872021304 135 2205497 21615 125 2101584 17264 1
1459947872023174 135 2205992 20382 128 2101237 16234 0
1459947872024867 134 2205168 19547 127 2099637 16439 0
1459947872026736 137 2205168 19547 131 2099637 16439 1
1459947872028646 134 2204409 18718 127 2098162 16512 0
1459947872030385 137 2204409 18718 128 2098162 16512 1
1459947872032134 137 2204409 18718 128 2098162 16512 1
1459947872033758 131 2204409 18718 123 2098162 16512 1
1459947872035428 136 2204409 18718 126 2098162 16512 1
1459947872037243 139 2204409 18718 131 2098162 16512 1
1459947872039061 137 2204409 18718 131 2098162 16512 1
1459947872040770 135 2204989 17790 130 2100643 17509 0
1459947872042571 138 2204989 17790 129 2100643 17509 1
1459947872044190 132 2201684 19446 127 2099090 17572 0
1459947872045905 134 2201684 19446 126 2099090 17572 1
1459947872047597 133 2201684 19446 124 2099090 17572 1
1459947872049344 135 2202477 18657 127 2097658 17518 0
1459947872051464 143 2202477 18657 135 2097658 17518 1
1459947872053475 136 2204488 19053 129 2098898 17292 0
1459947872055387 139 2204488 19053 134 2098898 17292 1
1459947872057281 139 2204488 19053 132 2098898 17292 1
1459947872059175 135 2205062 18093 129 2100041 16995 0
1459947872060846 131 2205062 18093 124 2100041 16995 1
1459947872062457 132 2205062 18093 126 2100041 16995 1
1459947872064273 131 2205062 18093 125 2100041 16995 1
1459947872066341 140 2205062 18093 131 2100041 16995 1
1459947872068093 138 2205062 18093 131 2100041 16995 1
1459947872070083 138 2205062 18093 132 2100041 16995 1
1459947872071880 135 2205591 17167 127 2098535 17055 0
1459947872073754 136 2207359 17455 129 2099706 16802 0
1459947872075608 140 2207359 17455 130 2099706 16802 1
1459947872077393 139 2207359 17455 130 2099706 16802 1
1459947872079159 136 2208989 17593 127 2098226 16852 0
1459947872080866 133 2208989 17593 126 2098226 16852 1
1459947872082633 139 2208989 17593 130 2098226 16852 1
1459947872084566 136 2210491 17603 127 2096862 16792 0
1459947872086412 139 2210491 17603 132 2096862 16792 1
1459947872088160 135 2210596 16324 127 2095604 16639 0
1459947872089943 134 2210596 16324 123 2095604 16639 1
1459947872091711 135 2210596 16324 126 2095604 16639 1
1459947872093630 139 2210596 16324 132 2095604 16639 1
1459947872095415 141 2210596 16324 135 2095604 16639 1
1459947872097355 139 2210596 16324 132 2095604 16639 1
1459947872099407 140 2210596 16324 133 2095604 16639 1
1459947872101322 135 2210693 15137 129 2097004 16630 0
1459947872103098 134 2210693 15137 126 2097004 16630 1
1459947872105207 139 2210693 15137 133 2097004 16630 1
1459947872107119 136 2212062 15216 128 2097015 15340 0
1459947872109014 137 2212062 15216 130 2097015 15340 1
1459947872111038 139 2212062 15216 132 2097015 15340 1
1459947872112846 141 2212062 15216 134 2097015 15340 1
1459947872114953 143 2212062 15216 133 2097015 15340 1
1459947872116748 135 2212044 14042 128 2097025 14150 0
1459947872118542 135 2212028 12958 127 2095754 14214 0
1459947872120327 133 2212028 12958 126 2095754 14214 1
1459947872121933 133 2212028 12958 125 2095754 14214 1
1459947872123520 134 2212028 12958 125 2095754 14214 1
1459947872125449 139 2212028 12958 132 2095754 14214 1
1459947872127376 138 2212028 12958 130 2095754 14214 1
1459947872129265 140 2212028 12958 133 2095754 14214 1
1459947872131350 140 2212028 12958 132 2095754 14214 1
1459947872133223 140 2212028 12958 131 2095754 14214 1
1459947872134997 139 2212028 12958 132 2095754 14214 1
1459947872136741 134 2210733 13138 127 2094583 14182 0
1459947872138895 140 2210733 13138 131 2094583 14182 1
1459947872140731 137 2210733 13138 132 2094583 14182 1
1459947872142388 136 2212099 13370 128 2094783 13259 0
1459947872144205 136 2213358 13486 129 2096248 13573 0
1459947872146098 141 2213358 13486 132 2096248 13573 1
1459947872147779 135 2213239 12541 128 2096318 12577 0
1459947872149319 131 2213239 12541 124 2096318 12577 1
1459947872151012 135 2213129 11661 127 2095103 12713 0
1459947872152855 136 2214308 11836 128 2095263 11866 0
1459947872154650 136 2215395 11913 130 2097970 13434 0
1459947872156363 136 2216397 11905 127 2096626 13622 0
1459947872158232 135 2216040 11302 128 2096667 12594 0
1459947872160187 136 2216991 11296 131 2100544 15185 0
1459947872162135 136 2217868 11222 130 2102839 16113 0
1459947872164099 139 2217868 11222 132 2102839 16113 1
1459947872165835 134 2216117 11959 128 2102394 15263 0
1459947872167638 132 2216117 11959 121 2102394 15263 1
1459947872169743 143 2216117 11959 136 2102394 15263 1
1459947872171867 143 2216117 11959 136 2102394 15263 1
1459947872173852 142 2216117 11959 134 2102394 15263 1
1459947872175846 137 2216117 11959 130 2102394 15263 1
1459947872177716 136 2217062 11896 130 2104544 16052 0
1459947872179363 134 2215374 12522 127 2102686 16509 0
1459947872181214 135 2215097 11797 128 2102253 15617 0
1459947872182909 137 2215097 11797 128 2102253 15617 1
1459947872184680 136 2216122 11820 129 2103134 15208 0
1459947872186441 135 2216122 11820 126 2103134 15208 1
1459947872188313 137 2216122 11820 131 2103134 15208 1
1459947872190048 136 2217067 11767 128 2102666 14449 0
1459947872191720 137 2217067 11767 127 2102666 14449 1
1459947872193515 138 2217067 11767 130 2102666 14449 1
1459947872195042 128 2217067 11767 121 2102666 14449 1
1459947872196967 137 2217067 11767 130 2102666 14449 1
1459947872198916 140 2217067 11767 134 2102666 14449 1
1459947872200988 140 2217067 11767 132 2102666 14449 1
1459947872202851 139 2217067 11767 131 2102666 14449 1
1459947872204763 138 2217067 11767 131 2102666 14449 1
1459947872206680 137 2217067 11767 128 2102666 14449 1
1459947872208327 129 2217067 11767 123 2102666 14449 1
1459947872210075 139 2217067 11767 131 2102666 14449 1
1459947872211911 139 2217067 11767 130 2102666 14449 1
1459947872213667 137 2217067 11767 132 2102666 14449 1
1459947872215474 135 2216658 11223 129 2103515 14102 0
1459947872217343 138 2216658 11223 131 2103515 14102 1
1459947872219054 132 2216658 11223 124 2103515 14102 1
1459947872220909 137 2216658 11223 130 2103515 14102 1
1459947872222661 137 2216658 11223 129 2103515 14102 1
1459947872224586 140 2216658 11223 132 2103515 14102 1
1459947872226489 137 2216658 11223 127 2103515 14102 1
1459947872228121 130 2216658 11223 123 2103515 14102 1
1459947872230145 140 2216658 11223 131 2103515 14102 1
1459947872232116 141 2216658 11223 133 2103515 14102 1
1459947872233954 137 2216658 11223 130 2103515 14102 1
1459947872235860 139 2216658 11223 131 2103515 14102 1
1459947872237608 138 2216658 11223 127 2103515 14102 1
1459947872239527 136 2217561 11179 130 2105577 14901 0
1459947872241515 136 2218394 11072 130 2107478 15489 0
1459947872243144 135 2218394 11072 127 2107478 15489 1
1459947872244754 135 2218394 11072 127 2107478 15489 1
1459947872246387 131 2218394 11072 123 2107478 15489 1
1459947872248258 139 2218394 11072 132 2107478 15489 1
1459947872250106 142 2218394 11072 134 2107478 15489 1
1459947872251723 130 2218394 11072 120 2107478 15489 1
1459947872253386 132 2218394 11072 124 2107478 15489 1
1459947872255354 139 2218394 11072 129 2107478 15489 1
1459947872257110 137 2218394 11072 128 2107478 15489 1
1459947872258769 133 2218394 11072 125 2107478 15489 1
1459947872260308 130 2218394 11072 123 2107478 15489 1
1459947872262153 136 2219161 10915 128 2106671 15021 0
1459947872263907 131 2219161 10915 124 2106671 15021 1
1459947872265559 132 2219161 10915 125 2106671 15021 1
1459947872266950 124 2219161 10915 115 2106671 15021 1
1459947872268660 135 2219161 10915 127 2106671 15021 1
1459947872270282 130 2219161 10915 122 2106671 15021 1
1459947872272027 136 2219161 10915 127 2106671 15021 1
1459947872273803 136 2219161 10915 126 2106671 15021 1
1459947872275663 134 2219161 10915 127 2106671 15021 1
1459947872277544 137 2219161 10915 131 2106671 15021 1
1459947872279256 135 2218589 10589 128 2105927 14532 0
1459947872280954 135 2218061 10247 128 2105241 14027 0
1459947872282763 135 2217574 9893 130 2107169 14708 0
1459947872284377 138 2217574 9893 130 2107169 14708 1
1459947872286272 138 2217574 9893 130 2107169 14708 1
1459947872288181 142 2217574 9893 133 2107169 14708 1
1459947872290028 136 2217574 9893 124 2107169 14708 1
1459947872291634 131 2217574 9893 123 2107169 14708 1
1459947872293132 133 2217574 9893 126 2107169 14708 1
1459947872295053 138 2217574 9893 131 2107169 14708 1
1459947872296821 137 2217574 9893 127 2107169 14708 1
1459947872298531 135 2217126 9532 128 2106386 14279 0
1459947872300251 137 2217126 9532 130 2106386 14279 1
1459947872301833 132 2217126 9532 124 2106386 14279 1
1459947872303707 137 2217126 9532 129 2106386 14279 1
1459947872305371 132 2217126 9532 125 2106386 14279 1
1459947872307312 141 2217126 9532 131 2106386 14279 1
1459947872309052 137 2217126 9532 130 2106386 14279 1
1459947872311064 137 2217126 9532 128 2106386 14279 1
1459947872312676 135 2217126 9532 126 2106386 14279 1
1459947872314307 132 2217126 9532 123 2106386 14279 1
1459947872316023 136 2217993 9586 130 2108224 14858 0
1459947872317645 135 2217512 9280 128 2107359 14494 0
1459947872319372 136 2218348 9326 129 2107841 13805 0
1459947872321308 137 2218348 9326 129 2107841 13805 1
1459947872322904 131 2218348 9326 122 2107841 13805 1
1459947872324446 126 2218348 9326 121 2107841 13805 1
1459947872326112 129 2218348 9326 121 2107841 13805 1
1459947872327996 139 2218348 9326 130 2107841 13805 1
1459947872329450 129 2218348 9326 120 2107841 13805 1
1459947872330771 122 2218348 9326 114 2107841 13805 1
1459947872332465 134 2218348 9326 125 2107841 13805 1
1459947872334243 135 2218348 9326 127 2107841 13805 1
1459947872335997 132 2218348 9326 125 2107841 13805 1
1459947872337626 132 2218348 9326 123 2107841 13805 1
1459947872339429 134 2216559 10245 128 2107005 13495 0
1459947872341370 139 2216559 10245 131 2107005 13495 1
1459947872343173 137 2216559 10245 131 2107005 13495 1
1459947872345127 142 2216559 10245 134 2107005 13495 1
1459947872346843 138 2216559 10245 130 2107005 13495 1
1459947872348525 131 2216559 10245 122 2107005 13495 1
1459947872350292 138 2216559 10245 128 2107005 13495 1
1459947872351829 131 2216559 10245 125 2107005 13495 1
1459947872353498 135 2216190 9783 128 2106235 13149 0
1459947872355035 130 2216190 9783 121 2106235 13149 1
1459947872356776 136 2217130 9884 128 2105525 12775 0
1459947872358716 136 2217996 9910 128 2104870 12378 0
1459947872360487 135 2217515 9578 128 2104267 11965 0
1459947872362308 138 2217515 9578 128 2104267 11965 1
1459947872364152 140 2217515 9578 133 2104267 11965 1
1459947872365826 132 2217515 9578 123 2104267 11965 1
1459947872367627 136 2217515 9578 126 2104267 11965 1
1459947872369471 140 2217515 9578 131 2104267 11965 1
1459947872371169 136 2218351 9600 129 2104991 11697 0
1459947872372734 133 2218351 9600 125 2104991 11697 1
1459947872374360 134 2218351 9600 125 2104991 11697 1
1459947872376106 131 2218351 9600 125 2104991 11697 1
1459947872377741 129 2218351 9600 124 2104991 11697 1
1459947872379481 135 2217842 9318 128 2104378 11347 0
1459947872381207 138 2217842 9318 130 2104378 11347 1
1459947872382849 127 2217842 9318 121 2104378 11347 1
1459947872384883 141 2217842 9318 134 2104378 11347 1
1459947872386728 136 2218653 9337 129 2105093 11119 0
1459947872388412 129 2218653 9337 124 2105093 11119 1
1459947872390062 134 2218653 9337 125 2105093 11119 1
1459947872391760 131 2218653 9337 122 2105093 11119 1
1459947872393369 135 2218120 9097 128 2104472 10821 0
1459947872395095 135 2217629 8838 129 2105180 10627 0
1459947872396753 134 2217629 8838 126 2105180 10627 1
1459947872398684 131 2217629 8838 125 2105180 10627 1
1459947872400761 136 2217629 8838 126 2105180 10627 1
1459947872402900 139 2217629 8838 131 2105180 10627 1
1459947872404745 136 2218456 8910 128 2104552 10374 0
1459947872406640 134 2218456 8910 126 2104552 10374 1
1459947872408461 137 2218456 8910 129 2104552 10374 1
1459947872410453 140 2218456 8910 133 2104552 10374 1
1459947872412426 138 2218456 8910 129 2104552 10374 1
1459947872414139 133 2218456 8910 126 2104552 10374 1
1459947872415946 128 2218456 8910 120 2104552 10374 1
1459947872417873 136 2219219 8916 129 2105253 10210 0
1459947872419574 134 2219219 8916 126 2105253 10210 1
1459947872421415 136 2219922 8867 130 2107180 11188 0
1459947872423192 141 2219922 8867 133 2107180 11188 1
1459947872424881 137 2219922 8867 131 2107180 11188 1
1459947872426822 136 2220570 8771 129 2107676 10770 0
1459947872428792 136 2221167 8636 131 2110693 12710 0
1459947872430780 139 2221167 8636 130 2110693 12710 1
1459947872432650 137 2221167 8636 131 2110693 12710 1
1459947872434038 120 2221167 8636 112 2110693 12710 1
1459947872435746 132 2221167 8636 125 2110693 12710 1
1459947872437674 137 2221167 8636 129 2110693 12710 1
1459947872439687 142 2221167 8636 132 2110693 12710 1
1459947872441615 143 2221167 8636 135 2110693 12710 1
1459947872443462 139 2221167 8636 132 2110693 12710 1
1459947872445204 134 2221167 8636 126 2110693 12710 1
1459947872447073 135 2221167 8636 126 2110693 12710 1
1459947872448711 135 2220438 8632 129 2110915 11921 0
1459947872450280 130 2220438 8632 123 2110915 11921 1
1459947872452089 138 2220438 8632 129 2110915 11921 1
1459947872453880 135 2219766 8576 128 2109839 11980 0
1459947872455902 138 2219766 8576 130 2109839 11980 1
1459947872457691 137 2219766 8576 129 2109839 11980 1
1459947872459452 137 2219766 8576 127 2109839 11980 1
1459947872461533 146 2219766 8576 137 2109839 11980 1
1459947872463186 132 2219766 8576 122 2109839 11980 1
1459947872464764 133 2219766 8576 125 2109839 11980 1
1459947872466270 126 2219766 8576 120 2109839 11980 1
1459947872467847 133 2219766 8576 124 2109839 11980 1
1459947872469781 140 2219766 8576 129 2109839 11980 1
1459947872471489 136 2220426 8515 129 2110127 11310 0
1459947872473119 131 2220426 8515 121 2110127 11310 1
1459947872474776 132 2220426 8515 124 2110127 11310 1
1459947872476454 131 2220426 8515 125 2110127 11310 1
1459947872478536 138 2220426 8515 130 2110127 11310 1
1459947872480419 140 2220426 8515 131 2110127 11310 1
1459947872482028 135 2220426 8515 126 2110127 11310 1
1459947872483643 135 2219755 8467 128 2109113 11360 0
1459947872485419 136 2220416 8415 129 2109458 10790 0
1459947872487162 137 2220416 8415 128 2109458 10790 1
1459947872488942 137 2220416 8415 131 2109458 10790 1
1459947872490687 133 2220416 8415 127 2109458 10790 1
1459947872492540 140 2220416 8415 131 2109458 10790 1
1459947872494390 139 2220416 8415 132 2109458 10790 1
1459947872496188 135 2219746 8374 128 2108496 10833 0
1459947872498006 135 2219746 8374 127 2108496 10833 1
1459947872499927 141 2219746 8374 135 2108496 10833 1
1459947872501876 141 2219746 8374 131 2108496 10833 1
1459947872503721 139 2219746 8374 132 2108496 10833 1
1459947872505660 140 2219746 8374 133 2108496 10833 1
1459947872507637 137 2219746 8374 129 2108496 10833 1
1459947872509610 136 2220408 8329 129 2108889 10349 0
1459947872511130 129 2220408 8329 120 2108889 10349 1
1459947872512529 127 2220408 8329 119 2108889 10349 1
1459947872513910 122 2220408 8329 116 2108889 10349 1
1459947872515577 130 2220408 8329 122 2108889 10349 1
1459947872517414 137 2220408 8329 130 2108889 10349 1
1459947872519236 137 2220408 8329 130 2108889 10349 1
1459947872521031 136 2221018 8240 130 2110532 11054 0
1459947872522467 134 2221018 8240 125 2110532 11054 1
1459947872524190 134 2221018 8240 125 2110532 11054 1
1459947872525782 134 2221018 8240 126 2110532 11054 1
1459947872527426 132 2221018 8240 124 2110532 11054 1
1459947872528911 128 2221018 8240 121 2110532 11054 1
1459947872530550 131 2221018 8240 123 2110532 11054 1
1459947872532008 121 2221018 8240 116 2110532 11054 1
1459947872533632 127 2221018 8240 122 2110532 11054 1
1459947872535511 137 2221018 8240 132 2110532 11054 1
1459947872537419 139 2221018 8240 132 2110532 11054 1
1459947872539510 140 2221018 8240 133 2110532 11054 1
1459947872541285 133 2221018 8240 125 2110532 11054 1
1459947872543162 137 2221018 8240 132 2110532 11054 1
1459947872544951 137 2221018 8240 131 2110532 11054 1
1459947872546737 135 2220300 8256 128 2109486 11153 0
1459947872548436 136 2220300 8256 127 2109486 11153 1
1459947872550249 140 2220300 8256 132 2109486 11153 1
1459947872552270 141 2220300 8256 133 2109486 11153 1
1459947872553784 123 2220300 8256 116 2109486 11153 1
1459947872555559 137 2220300 8256 129 2109486 11153 1
1459947872557074 128 2220300 8256 120 2109486 11153 1
1459947872558892 136 2220919 8181 129 2109802 10572 0
1459947872560451 135 2220919 8181 126 2109802 10572 1
1459947872562246 136 2220919 8181 126 2109802 10572 1
1459947872563922 133 2220919 8181 126 2109802 10572 1
1459947872565878 138 2220919 8181 130 2109802 10572 1
1459947872567664 135 2220209 8194 128 2108813 10657 0
1459947872569391 132 2220209 8194 123 2108813 10657 1
1459947872570972 135 2220209 8194 124 2108813 10657 1
1459947872572768 138 2220209 8194 129 2108813 10657 1
1459947872574373 131 2220209 8194 122 2108813 10657 1
1459947872576074 136 2220835 8130 128 2107901 10663 0
1459947872577852 134 2220835 8130 124 2107901 10663 1
1459947872579659 137 2220835 8130 128 2107901 10663 1
1459947872581507 132 2220835 8130 124 2107901 10663 1
1459947872583159 135 2220132 8141 128 2107061 10603 0
1459947872584782 132 2220132 8141 123 2107061 10603 1
1459947872586441 133 2216924 10461 128 2106286 10487 0
1459947872588561 139 2216924 10461 133 2106286 10487 1
1459947872590363 136 2217806 10456 128 2105572 10324 0
1459947872592199 138 2217806 10456 132 2105572 10324 1
1459947872593747 132 2217806 10456 125 2105572 10324 1
1459947872595471 135 2217339 10068 128 2104914 10123 0
1459947872597138 128 2217339 10068 121 2104914 10123 1
1459947872599049 142 2217339 10068 134 2104914 10123 1
1459947872600892 135 2216909 9677 130 2106867 11133 0
1459947872602605 130 2216909 9677 119 2106867 11133 1
1459947872604353 134 2216909 9677 127 2106867 11133 1
1459947872606058 130 2216909 9677 123 2106867 11133 1
1459947872607835 134 2215232 10465 129 2107388 10743 0
1459947872609795 137 2215232 10465 129 2107388 10743 1
1459947872611790 138 2215232 10465 132 2107388 10743 1
1459947872613733 139 2215232 10465 131 2107388 10743 1
1459947872615138 125 2215232 10465 118 2107388 10743 1
1459947872616640 124 2215232 10465 118 2107388 10743 1
1459947872618399 139 2215232 10465 132 2107388 10743 1
1459947872620175 134 2215232 10465 126 2107388 10743 1
1459947872622035 135 2215232 10465 127 2107388 10743 1
1459947872624030 138 2215232 10465 132 2107388 10743 1
1459947872626014 135 2215232 10465 127 2107388 10743 1
1459947872628037 135 2214967 9891 129 2107868 10345 0
1459947872629727 133 2214967 9891 126 2107868 10345 1
1459947872631270 129 2214967 9891 120 2107868 10345 1
1459947872633218 140 2214967 9891 131 2107868 10345 1
1459947872635174 138 2214967 9891 129 2107868 10345 1
1459947872637398 147 2214967 9891 141 2107868 10345 1
1459947872639269 139 2214967 9891 131 2107868 10345 1
1459947872641157 137 2214967 9891 128 2107868 10345 1
1459947872642873 132 2214967 9891 123 2107868 10345 1
1459947872644564 133 2214967 9891 125 2107868 10345 1
1459947872646269 135 2214722 9343 129 2108310 9944 0
1459947872647845 131 2214722 9343 123 2108310 9944 1
1459947872649680 138 2214722 9343 130 2108310 9944 1
1459947872651237 133 2214722 9343 125 2108310 9944 1
1459947872652903 135 2214496 8820 128 2107438 9970 0
1459947872654600 133 2214496 8820 124 2107438 9970 1
1459947872656570 142 2214496 8820 135 2107438 9970 1
1459947872658354 134 2214496 8820 126 2107438 9970 1
1459947872660275 139 2214496 8820 131 2107438 9970 1
1459947872662013 130 2214496 8820 124 2107438 9970 1
1459947872663713 133 2214496 8820 124 2107438 9970 1
1459947872665382 132 2214496 8820 127 2107438 9970 1
1459947872667102 137 2214496 8820 129 2107438 9970 1
1459947872668952 131 2214496 8820 124 2107438 9970 1
1459947872670908 136 2214496 8820 128 2107438 9970 1
1459947872672841 138 2214496 8820 132 2107438 9970 1
1459947872674900 145 2214496 8820 138 2107438 9970 1
1459947872677062 141 2214496 8820 132 2107438 9970 1
1459947872678920 134 2214496 8820 127 2107438 9970 1
1459947872680805 132 2214496 8820 121 2107438 9970 1
1459947872682641 137 2214496 8820 129 2107438 9970 1
1459947872684450 135 2214288 8321 128 2106634 9931 0
1459947872686282 136 2214288 8321 129 2106634 9931 1
1459947872687666 122 2214288 8321 116 2106634 9931 1
1459947872689220 127 2214288 8321 119 2106634 9931 1
1459947872690727 125 2214288 8321 117 2106634 9931 1
1459947872692352 135 2214096 7846 129 2107173 9652 0
1459947872694085 141 2214096 7846 133 2107173 9652 1
1459947872695985 141 2214096 7846 136 2107173 9652 1
1459947872697673 136 2214096 7846 128 2107173 9652 1
1459947872699251 133 2214096 7846 126 2107173 9652 1
1459947872700949 132 2214096 7846 123 2107173 9652 1
1459947872702577 129 2214096 7846 122 2107173 9652 1
1459947872704388 135 2213919 7395 128 2106390 9618 0
1459947872706148 138 2213919 7395 130 2106390 9618 1
1459947872707679 132 2213919 7395 125 2106390 9618 1
1459947872709304 135 2213919 7395 127 2106390 9618 1
1459947872711282 137 2213919 7395 130 2106390 9618 1
1459947872712943 133 2213919 7395 127 2106390 9618 1
1459947872714899 139 2213919 7395 132 2106390 9618 1
1459947872716761 136 2213919 7395 126 2106390 9618 1
1459947872718689 139 2213919 7395 132 2106390 9618 1
1459947872720395 138 2213919 7395 130 2106390 9618 1
1459947872722037 132 2209916 10506 128 2105668 9531 0
1459947872723769 131 2209916 10506 123 2105668 9531 1
1459947872725472 129 2209916 10506 122 2105668 9531 1
1459947872727096 130 2209916 10506 123 2105668 9531 1
1459947872728764 132 2209916 10506 125 2105668 9531 1
1459947872730491 137 2209916 10506 128 2105668 9531 1
1459947872732246 141 2209916 10506 132 2105668 9531 1
1459947872734014 138 2209916 10506 130 2105668 9531 1
1459947872735979 138 2209916 10506 129 2105668 9531 1
1459947872737927 138 2209916 10506 128 2105668 9531 1
1459947872739459 118 2209916 10506 113 2105668 9531 1
1459947872740790 96 2209916 10506 92 2105668 9531 1
1459947872742072 94 2209916 10506 88 2105668 9531 1
1459947872743275 105 2209916 10506 99 2105668 9531 1
1459947872744952 138 2209916 10506 130 2105668 9531 1
1459947872746538 137 2209916 10506 128 2105668 9531 1
1459947872748116 133 2209916 10506 125 2105668 9531 1
1459947872749836 136 2209916 10506 129 2105668 9531 1
1459947872751585 136 2209916 10506 124 2105668 9531 1
1459947872753385 138 2209916 10506 128 2105668 9531 1
1459947872755236 135 2209916 10506 127 2105668 9531 1
1459947872757136 134 2208786 10726 128 2105002 9399 0
1459947872758770 129 2208786 10726 123 2105002 9399 1
1459947872760516 131 2208786 10726 123 2105002 9399 1
1459947872762188 132 2208786 10726 122 2105002 9399 1
1459947872763932 137 2208786 10726 131 2105002 9399 1
1459947872765641 133 2208786 10726 124 2105002 9399 1
1459947872767380 133 2208786 10726 126 2105002 9399 1
1459947872769179 137 2208786 10726 129 2105002 9399 1
1459947872770770 129 2208786 10726 121 2105002 9399 1
1459947872772486 138 2208786 10726 131 2105002 9399 1
1459947872774123 136 2208786 10726 128 2105002 9399 1
1459947872776035 139 2208786 10726 128 2105002 9399 1
1459947872777696 132 2208786 10726 124 2105002 9399 1
1459947872779469 134 2208786 10726 127 2105002 9399 1
1459947872781192 135 2208786 10726 126 2105002 9399 1
1459947872783025 138 2208786 10726 130 2105002 9399 1
1459947872784907 138 2208786 10726 131 2105002 9399 1
1459947872786737 136 2208786 10726 129 2105002 9399 1
1459947872788527 134 2208786 10726 127 2105002 9399 1
1459947872790652 143 2208786 10726 134 2105002 9399 1
1459947872792446 139 2208786 10726 131 2105002 9399 1
1459947872794261 137 2208786 10726 128 2105002 9399 1
1459947872795995 134 2208786 10726 124 2105002 9399 1
1459947872797990 135 2209024 10108 128 2104388 9229 0
1459947872799832 140 2209024 10108 129 2104388 9229 1
1459947872801604 133 2209024 10108 126 2104388 9229 1
1459947872803313 132 2209024 10108 126 2104388 9229 1
1459947872805029 137 2209024 10108 129 2104388 9229 1
1459947872806957 139 2209024 10108 131 2104388 9229 1
1459947872808591 137 2209024 10108 131 2104388 9229 1
1459947872810641 143 2209024 10108 134 2104388 9229 1
1459947872812458 138 2209024 10108 129 2104388 9229 1
1459947872814175 133 2209024 10108 126 2104388 9229 1
1459947872815769 128 2209024 10108 119 2104388 9229 1
1459947872817530 135 2209024 10108 126 2104388 9229 1
1459947872819349 137 2209024 10108 128 2104388 9229 1
1459947872820997 136 2209024 10108 126 2104388 9229 1
1459947872822885 137 2209024 10108 130 2104388 9229 1
1459947872824680 135 2209024 10108 127 2104388 9229 1
1459947872826604 140 2209024 10108 131 2104388 9229 1
1459947872828367 134 2209024 10108 127 2104388 9229 1
1459947872830080 139 2209024 10108 130 2104388 9229 1
1459947872831591 133 2209024 10108 124 2104388 9229 1
1459947872833295 135 2209244 9520 128 2103822 9028 0
1459947872835187 139 2209244 9520 129 2103822 9028 1
1459947872836998 135 2209446 8963 129 2104580 9021 0
1459947872838769 135 2209633 8434 129 2105279 8961 0
1459947872840702 139 2209633 8434 130 2105279 8961 1
1459947872842500 136 2209633 8434 128 2105279 8961 1
1459947872844335 134 2208525 8796 128 2104644 8845 0
1459947872846161 138 2208525 8796 129 2104644 8845 1
1459947872847923 134 2208525 8796 125 2104644 8845 1
1459947872849805 139 2208525 8796 131 2104644 8845 1
1459947872851496 138 2208525 8796 131 2104644 8845 1
1459947872853311 136 2208525 8796 127 2104644 8845 1
1459947872855079 137 2208525 8796 127 2104644 8845 1
1459947872857019 138 2208525 8796 131 2104644 8845 1
1459947872858707 131 2208525 8796 125 2104644 8845 1
1459947872860339 136 2208525 8796 129 2104644 8845 1
1459947872862274 139 2208525 8796 131 2104644 8845 1
1459947872863928 136 2208525 8796 127 2104644 8845 1
1459947872865590 134 2207503 9049 129 2105338 8793 0
1459947872867602 142 2207503 9049 134 2105338 8793 1
1459947872869769 146 2207503 9049 138 2105338 8793 1
1459947872871573 137 2207503 9049 129 2105338 8793 1
1459947872873155 129 2207503 9049 121 2105338 8793 1
1459947872875045 135 2207841 8654 128 2104698 8695 0
1459947872876732 135 2207841 8654 125 2104698 8695 1
1459947872878707 137 2207841 8654 129 2104698 8695 1
1459947872880492 136 2207841 8654 127 2104698 8695 1
1459947872882427 140 2207841 8654 133 2104698 8695 1
1459947872884304 138 2207841 8654 130 2104698 8695 1
1459947872886044 134 2207841 8654 125 2104698 8695 1
1459947872887803 136 2207841 8654 124 2104698 8695 1
1459947872889458 136 2207841 8654 128 2104698 8695 1
1459947872891515 140 2207841 8654 132 2104698 8695 1
1459947872893490 139 2207841 8654 130 2104698 8695 1
1459947872895319 140 2207841 8654 133 2104698 8695 1
1459947872897260 141 2207841 8654 132 2104698 8695 1
1459947872898905 132 2207841 8654 125 2104698 8695 1
1459947872900641 136 2207841 8654 127 2104698 8695 1
1459947872902435 138 2207841 8654 131 2104698 8695 1
1459947872904230 138 2207841 8654 130 2104698 8695 1
1459947872906131 138 2207841 8654 129 2104698 8695 1
1459947872908022 140 2207841 8654 133 2104698 8695 1
1459947872909608 136 2207841 8654 127 2104698 8695 1
1459947872911347 135 2207841 8654 127 2104698 8695 1
1459947872913196 142 2207841 8654 135 2104698 8695 1
1459947872915215 140 2207841 8654 131 2104698 8695 1
1459947872917291 140 2207841 8654 133 2104698 8695 1
1459947872919011 136 2207841 8654 128 2104698 8695 1
1459947872920571 129 2207841 8654 123 2104698 8695 1
1459947872922459 135 2208153 8265 130 2106668 9831 0
1459947872924423 139 2208153 8265 131 2106668 9831 1
1459947872926211 138 2208153 8265 132 2106668 9831 1
1459947872928196 140 2208153 8265 131 2106668 9831 1
1459947872930039 138 2208153 8265 131 2106668 9831 1
1459947872932010 137 2208153 8265 126 2106668 9831 1
1459947872933798 133 2205881 9713 128 2105924 9747 0
1459947872935585 133 2205881 9713 124 2105924 9747 1
1459947872937238 130 2205881 9713 119 2105924 9747 1
1459947872938879 132 2205881 9713 123 2105924 9747 1
1459947872940563 133 2205881 9713 125 2105924 9747 1
1459947872942413 135 2205881 9713 126 2105924 9747 1
1459947872944244 137 2205881 9713 130 2105924 9747 1
1459947872946032 139 2205881 9713 132 2105924 9747 1
1459947872947732 133 2205881 9713 125 2105924 9747 1
1459947872949498 136 2205881 9713 128 2105924 9747 1
1459947872951020 132 2205881 9713 123 2105924 9747 1
1459947872952691 131 2205881 9713 126 2105924 9747 1
1459947872954515 136 2205881 9713 130 2105924 9747 1
1459947872956297 138 2205881 9713 130 2105924 9747 1
1459947872958226 136 2205881 9713 130 2105924 9747 1
1459947872959820 133 2205881 9713 125 2105924 9747 1
1459947872961612 136 2205881 9713 128 2105924 9747 1
1459947872963331 136 2205881 9713 129 2105924 9747 1
1459947872965023 131 2205881 9713 124 2105924 9747 1
1459947872966647 133 2205881 9713 126 2105924 9747 1
1459947872968588 136 2205881 9713 128 2105924 9747 1
1459947872970663 139 2205881 9713 131 2105924 9747 1
1459947872972722 139 2205881 9713 131 2105924 9747 1
1459947872974770 139 2205881 9713 130 2105924 9747 1
1459947872976792 139 2205881 9713 132 2105924 9747 1
1459947872978246 127 2205881 9713 121 2105924 9747 1
1459947872979870 131 2205881 9713 126 2105924 9747 1
1459947872981416 124 2205881 9713 117 2105924 9747 1
1459947872983103 131 2205881 9713 124 2105924 9747 1
1459947872984931 138 2205881 9713 129 2105924 9747 1
1459947872986643 136 2205881 9713 126 2105924 9747 1
1459947872988191 133 2205881 9713 125 2105924 9747 1
1459947872990058 138 2205881 9713 130 2105924 9747 1
1459947872991915 138 2205881 9713 129 2105924 9747 1
1459947872993840 136 2205881 9713 127 2105924 9747 1
1459947872995469 130 2205881 9713 122 2105924 9747 1
1459947872996907 126 2205881 9713 119 2105924 9747 1
1459947872998519 130 2205881 9713 121 2105924 9747 1
1459947873000334 139 2205881 9713 128 2105924 9747 1
1459947873002174 135 2206346 9383 129 2106518 9533 0
1459947873004279 144 2206346 9383 137 2106518 9533 1
1459947873005982 130 2206346 9383 124 2106518 9533 1
1459947873007739 135 2206346 9383 126 2106518 9533 1
1459947873009562 133 2206346 9383 126 2106518 9533 1
1459947873011008 129 2206346 9383 121 2106518 9533 1
1459947873012686 135 2206346 9383 127 2106518 9533 1
1459947873014663 139 2206346 9383 132 2106518 9533 1
1459947873016252 132 2206346 9383 125 2106518 9533 1
1459947873018086 134 2205495 9433 128 2105786 9462 0
1459947873020084 140 2205495 9433 130 2105786 9462 1
1459947873022175 141 2205495 9433 132 2105786 9462 1
1459947873023987 140 2205495 9433 131 2105786 9462 1
1459947873026121 140 2205495 9433 133 2105786 9462 1
1459947873027914 137 2205495 9433 129 2105786 9462 1
1459947873029699 135 2205990 9153 128 2105111 9343 0
1459947873031382 133 2205990 9153 126 2105111 9343 1
1459947873033232 136 2205990 9153 129 2105111 9343 1
1459947873034995 134 2205990 9153 127 2105111 9343 1
1459947873036880 135 2205990 9153 127 2105111 9343 1
1459947873038456 132 2205990 9153 122 2105111 9343 1
1459947873040187 135 2206447 8858 128 2104489 9186 0
1459947873042024 138 2206447 8858 131 2104489 9186 1
1459947873043852 136 2206447 8858 130 2104489 9186 1
1459947873045772 139 2206447 8858 132 2104489 9186 1
1459947873047420 134 2206447 8858 127 2104489 9186 1
1459947873049121 135 2206447 8858 127 2104489 9186 1
1459947873050754 133 2206447 8858 125 2104489 9186 1
1459947873052345 132 2206447 8858 124 2104489 9186 1
1459947873054044 134 2206447 8858 127 2104489 9186 1
1459947873055838 133 2206447 8858 125 2104489 9186 1
1459947873057617 135 2206868 8553 129 2105195 9119 0
1459947873059535 140 2206868 8553 131 2105195 9119 1
1459947873061506 140 2206868 8553 130 2105195 9119 1
1459947873063199 133 2206868 8553 126 2105195 9119 1
1459947873064912 136 2206868 8553 128 2105195 9119 1
1459947873066714 135 2206868 8553 126 2105195 9119 1
1459947873068688 137 2206868 8553 128 2105195 9119 1
1459947873070593 138 2206868 8553 130 2105195 9119 1
1459947873072370 135 2207256 8242 128 2104566 8985 0
1459947873074139 133 2207256 8242 127 2104566 8985 1
1459947873075820 135 2207256 8242 127 2104566 8985 1
1459947873077581 133 2207256 8242 126 2104566 8985 1
1459947873079425 138 2207256 8242 131 2104566 8985 1
1459947873081257 137 2207256 8242 130 2104566 8985 1
1459947873082971 132 2207256 8242 124 2104566 8985 1
1459947873084596 132 2207256 8242 125 2104566 8985 1
1459947873086504 137 2207256 8242 129 2104566 8985 1
1459947873088469 136 2207256 8242 130 2104566 8985 1
1459947873090415 137 2207256 8242 128 2104566 8985 1
1459947873092231 135 2207256 8242 125 2104566 8985 1
1459947873093603 127 2207256 8242 119 2104566 8985 1
1459947873095448 134 2207256 8242 127 2104566 8985 1
1459947873097331 137 2207256 8242 129 2104566 8985 1
1459947873099301 141 2207256 8242 134 2104566 8985 1
1459947873101279 140 2207256 8242 133 2104566 8985 1
1459947873103167 138 2207256 8242 131 2104566 8985 1
1459947873104875 134 2207256 8242 126 2104566 8985 1
1459947873106761 138 2207256 8242 129 2104566 8985 1
1459947873108569 139 2207256 8242 130 2104566 8985 1
1459947873110455 137 2207256 8242 130 2104566 8985 1
1459947873112322 137 2207256 8242 129 2104566 8985 1
1459947873113996 133 2207256 8242 126 2104566 8985 1
1459947873115724 134 2207256 8242 127 2104566 8985 1
1459947873117504 136 2207256 8242 129 2104566 8985 1
1459947873119442 144 2207256 8242 136 2104566 8985 1
1459947873121294 136 2207256 8242 130 2104566 8985 1
1459947873123120 136 2207256 8242 128 2104566 8985 1
1459947873124712 132 2207256 8242 124 2104566 8985 1
1459947873126382 136 2207256 8242 127 2104566 8985 1
1459947873128295 138 2207256 8242 131 2104566 8985 1
1459947873130097 134 2207256 8242 127 2104566 8985 1
1459947873131802 135 2207256 8242 127 2104566 8985 1
1459947873133664 138 2207256 8242 130 2104566 8985 1
1459947873135528 139 2207256 8242 131 2104566 8985 1
1459947873137582 143 2207256 8242 135 2104566 8985 1
1459947873139370 141 2207256 8242 133 2104566 8985 1
1459947873141070 136 2207256 8242 130 2104566 8985 1
1459947873142802 134 2206334 8447 128 2103986 8816 0
1459947873144661 137 2206334 8447 130 2103986 8816 1
1459947873146126 129 2206334 8447 123 2103986 8816 1
1459947873147925 137 2206334 8447 131 2103986 8816 1
1459947873149679 138 2206334 8447 132 2103986 8816 1
1459947873151224 125 2206334 8447 120 2103986 8816 1
1459947873152801 130 2206334 8447 124 2103986 8816 1
1459947873154586 137 2206334 8447 130 2103986 8816 1
1459947873156551 140 2206334 8447 133 2103986 8816 1
1459947873158299 134 2206334 8447 126 2103986 8816 1
1459947873160332 141 2206334 8447 133 2103986 8816 1
1459947873162222 137 2206334 8447 128 2103986 8816 1
1459947873164104 138 2206334 8447 131 2103986 8816 1
1459947873166100 141 2206334 8447 132 2103986 8816 1
1459947873167929 139 2206334 8447 131 2103986 8816 1
1459947873169702 133 2206334 8447 125 2103986 8816 1
1459947873171462 136 2206334 8447 124 2103986 8816 1
1459947873173220 133 2206334 8447 125 2103986 8816 1
1459947873175174 139 2206334 8447 130 2103986 8816 1
1459947873177347 143 2206334 8447 137 2103986 8816 1
1459947873179369 139 2206334 8447 132 2103986 8816 1
1459947873181223 136 2206334 8447 129 2103986 8816 1
1459947873182860 134 2206334 8447 127 2103986 8816 1
1459947873184649 135 2206764 8183 128 2103452 8619 0
1459947873186454 134 2205880 8357 129 2104239 8671 0
1459947873188336 136 2205880 8357 130 2104239 8671 1
1459947873189886 131 2205880 8357 121 2104239 8671 1
1459947873191677 138 2205880 8357 131 2104239 8671 1
1459947873193407 138 2205880 8357 131 2104239 8671 1
1459947873195176 137 2205880 8357 132 2104239 8671 1
1459947873197088 142 2205880 8357 131 2104239 8671 1
1459947873198874 134 2205880 8357 127 2104239 8671 1
1459947873200679 137 2205880 8357 129 2104239 8671 1
1459947873202476 137 2205880 8357 129 2104239 8671 1
1459947873204094 131 2205880 8357 126 2104239 8671 1
1459947873205943 133 2205880 8357 127 2104239 8671 1
1459947873207680 134 2205065 8454 128 2103685 8503 0
1459947873209297 127 2205065 8454 121 2103685 8503 1
1459947873210805 133 2205065 8454 125 2103685 8503 1
1459947873212659 138 2205065 8454 132 2103685 8503 1
1459947873214492 138 2205065 8454 130 2103685 8503 1
1459947873216386 139 2205065 8454 130 2103685 8503 1
1459947873218168 136 2205065 8454 130 2103685 8503 1
1459947873219966 137 2205065 8454 128 2103685 8503 1
1459947873221729 135 2205594 8280 131 2107014 10907 0
1459947873223645 139 2205594 8280 132 2107014 10907 1
1459947873225506 135 2206081 8082 129 2107523 10523 0
1459947873227293 137 2206081 8082 128 2107523 10523 1
1459947873229218 138 2206081 8082 128 2107523 10523 1
1459947873231147 135 2206530 7864 128 2106712 10446 0
1459947873232869 131 2206530 7864 123 2106712 10446 1
1459947873234968 140 2206530 7864 132 2106712 10446 1
1459947873237109 142 2206530 7864 134 2106712 10446 1
1459947873239056 135 2206944 7631 128 2105965 10317 0
1459947873240510 132 2206944 7631 126 2105965 10317 1
1459947873241974 129 2206944 7631 121 2105965 10317 1
1459947873243638 136 2206944 7631 129 2105965 10317 1
1459947873245305 135 2206944 7631 126 2105965 10317 1
1459947873247188 136 2206944 7631 128 2105965 10317 1
1459947873248880 135 2207326 7386 128 2105276 10144 0
1459947873250804 136 2207326 7386 129 2105276 10144 1
1459947873252753 143 2207326 7386 137 2105276 10144 1
1459947873254465 139 2207326 7386 132 2105276 10144 1
1459947873256408 141 2207326 7386 133 2105276 10144 1
1459947873258313 135 2207678 7133 129 2105921 9945 0
1459947873260139 137 2207678 7133 131 2105921 9945 1
1459947873261903 132 2207678 7133 126 2105921 9945 1
1459947873263840 141 2207678 7133 133 2105921 9945 1
1459947873265762 136 2207678 7133 128 2105921 9945 1
1459947873267471 134 2207678 7133 126 2105921 9945 1
1459947873269090 133 2207678 7133 124 2105921 9945 1
1459947873270857 137 2207678 7133 130 2105921 9945 1
1459947873272630 139 2207678 7133 132 2105921 9945 1
1459947873274489 138 2207678 7133 131 2105921 9945 1
1459947873276250 137 2207678 7133 128 2105921 9945 1
1459947873278131 137 2207678 7133 127 2105921 9945 1
1459947873279990 139 2207678 7133 130 2105921 9945 1
1459947873281673 128 2207678 7133 123 2105921 9945 1
1459947873283477 137 2207678 7133 131 2105921 9945 1
1459947873285266 136 2207678 7133 129 2105921 9945 1
1459947873287299 142 2207678 7133 132 2105921 9945 1
1459947873288941 132 2207678 7133 124 2105921 9945 1
1459947873290658 139 2207678 7133 129 2105921 9945 1
1459947873292366 137 2207678 7133 130 2105921 9945 1
1459947873294319 137 2207678 7133 128 2105921 9945 1
1459947873296123 132 2207678 7133 126 2105921 9945 1
1459947873297959 133 2207678 7133 127 2105921 9945 1
1459947873299526 133 2207678 7133 124 2105921 9945 1
1459947873301345 137 2207678 7133 131 2105921 9945 1
1459947873303132 136 2207678 7133 129 2105921 9945 1
1459947873304852 129 2207678 7133 122 2105921 9945 1
1459947873306433 132 2207678 7133 126 2105921 9945 1
1459947873308037 129 2207678 7133 123 2105921 9945 1
1459947873309845 137 2207678 7133 130 2105921 9945 1
1459947873311325 133 2207678 7133 125 2105921 9945 1
1459947873313210 142 2207678 7133 134 2105921 9945 1
1459947873315111 138 2207678 7133 133 2105921 9945 1
1459947873317093 139 2207678 7133 132 2105921 9945 1
1459947873318907 137 2207678 7133 129 2105921 9945 1
1459947873320657 134 2207678 7133 127 2105921 9945 1
1459947873322348 128 2207678 7133 122 2105921 9945 1
1459947873324264 133 2207678 7133 126 2105921 9945 1
1459947873325719 126 2207678 7133 119 2105921 9945 1
1459947873327359 132 2207678 7133 126 2105921 9945 1
1459947873329027 134 2207678 7133 125 2105921 9945 1
1459947873330996 139 2207678 7133 131 2105921 9945 1
1459947873333049 142 2207678 7133 134 2105921 9945 1
1459947873334888 129 2207678 7133 123 2105921 9945 1
1459947873336681 133 2207678 7133 126 2105921 9945 1
1459947873338346 135 2208003 6874 128 2105235 9799 0
1459947873340264 139 2208003 6874 131 2105235 9799 1
1459947873342316 141 2208003 6874 132 2105235 9799 1
1459947873344117 136 2208003 6874 129 2105235 9799 1
1459947873345971 133 2208003 6874 125 2105235 9799 1
1459947873347551 129 2208003 6874 123 2105235 9799 1
1459947873349029 125 2208003 6874 120 2105235 9799 1
1459947873350986 139 2208003 6874 131 2105235 9799 1
1459947873352764 134 2208003 6874 126 2105235 9799 1
1459947873354650 135 2208003 6874 127 2105235 9799 1
1459947873356313 135 2208003 6874 124 2105235 9799 1
1459947873357912 129 2208003 6874 122 2105235 9799 1
1459947873359594 133 2208003 6874 124 2105235 9799 1
1459947873361314 131 2208003 6874 123 2105235 9799 1
1459947873363035 129 2208003 6874 122 2105235 9799 1
1459947873365016 134 2207022 7239 128 2104603 9615 0
1459947873366645 135 2207022 7239 127 2104603 9615 1
1459947873368592 135 2207398 7020 129 2105300 9506 0
1459947873370473 140 2207398 7020 132 2105300 9506 1
1459947873372303 137 2207398 7020 131 2105300 9506 1
1459947873373965 133 2207398 7020 127 2105300 9506 1
1459947873375826 138 2207398 7020 130 2105300 9506 1
1459947873377641 135 2207745 6790 128 2104663 9349 0
1459947873379602 139 2207745 6790 131 2104663 9349 1
1459947873381594 137 2207745 6790 129 2104663 9349 1
1459947873383438 137 2207745 6790 130 2104663 9349 1
1459947873385022 128 2207745 6790 123 2104663 9349 1
1459947873386838 136 2207745 6790 128 2104663 9349 1
1459947873388690 135 2208064 6554 128 2104076 9158 0
1459947873390547 140 2208064 6554 132 2104076 9158 1
1459947873392482 140 2208064 6554 132 2104076 9158 1
1459947873394404 139 2208064 6554 131 2104076 9158 1
1459947873396329 137 2208064 6554 130 2104076 9158 1
1459947873398160 136 2208064 6554 130 2104076 9158 1
1459947873399704 128 2208064 6554 122 2104076 9158 1
1459947873401457 133 2208064 6554 126 2104076 9158 1
1459947873402968 131 2208064 6554 123 2104076 9158 1
1459947873404622 132 2208064 6554 125 2104076 9158 1
1459947873406426 137 2208064 6554 129 2104076 9158 1
1459947873408323 139 2208064 6554 133 2104076 9158 1
1459947873410255 141 2208064 6554 134 2104076 9158 1
1459947873411844 133 2208064 6554 127 2104076 9158 1
1459947873413555 136 2208064 6554 128 2104076 9158 1
1459947873415337 138 2208064 6554 129 2104076 9158 1
1459947873417205 136 2208064 6554 127 2104076 9158 1
1459947873418913 136 2208064 6554 128 2104076 9158 1
1459947873420695 136 2208064 6554 128 2104076 9158 1
1459947873422616 138 2208064 6554 131 2104076 9158 1
1459947873424539 136 2208064 6554 129 2104076 9158 1
1459947873426446 137 2208064 6554 129 2104076 9158 1
1459947873428373 139 2208064 6554 130 2104076 9158 1
1459947873430135 136 2208064 6554 128 2104076 9158 1
1459947873431900 135 2208064 6554 126 2104076 9158 1
1459947873433615 134 2208064 6554 127 2104076 9158 1
1459947873435380 133 2208064 6554 127 2104076 9158 1
1459947873437093 131 2208064 6554 125 2104076 9158 1
1459947873438670 130 2208064 6554 124 2104076 9158 1
1459947873440388 135 2208064 6554 127 2104076 9158 1
1459947873442366 136 2208064 6554 130 2104076 9158 1
1459947873443914 126 2208064 6554 120 2104076 9158 1
1459947873445779 130 2208064 6554 124 2104076 9158 1
1459947873447702 138 2208064 6554 132 2104076 9158 1
1459947873449288 132 2208064 6554 126 2104076 9158 1
1459947873451173 135 2208064 6554 127 2104076 9158 1
1459947873452979 137 2208064 6554 129 2104076 9158 1
1459947873454760 128 2208064 6554 121 2104076 9158 1
1459947873456329 131 2208064 6554 125 2104076 9158 1
1459947873458219 133 2208064 6554 125 2104076 9158 1
1459947873460044 137 2208064 6554 131 2104076 9158 1
1459947873461692 133 2208064 6554 126 2104076 9158 1
1459947873463484 136 2208064 6554 129 2104076 9158 1
1459947873465099 130 2208064 6554 121 2104076 9158 1
1459947873466591 133 2208064 6554 126 2104076 9158 1
1459947873468455 137 2208064 6554 127 2104076 9158 1
1459947873469923 126 2208064 6554 119 2104076 9158 1
1459947873471293 122 2208064 6554 114 2104076 9158 1
1459947873472688 121 2208064 6554 115 2104076 9158 1
1459947873474207 126 2208064 6554 120 2104076 9158 1
1459947873476155 136 2208064 6554 130 2104076 9158 1
1459947873478068 134 2208064 6554 126 2104076 9158 1
1459947873479803 134 2207079 6949 128 2103535 8940 0
1459947873481433 129 2207079 6949 121 2103535 8940 1
1459947873482899 129 2207079 6949 121 2103535 8940 1
1459947873484388 132 2207079 6949 123 2103535 8940 1
1459947873486398 139 2207079 6949 128 2103535 8940 1
1459947873488331 137 2207079 6949 131 2103535 8940 1
1459947873490188 138 2207079 6949 131 2103535 8940 1
1459947873492078 137 2207079 6949 128 2103535 8940 1
1459947873493823 134 2207079 6949 126 2103535 8940 1
1459947873495707 137 2207079 6949 129 2103535 8940 1
1459947873497547 134 2207079 6949 127 2103535 8940 1
1459947873499421 137 2207079 6949 130 2103535 8940 1
1459947873501181 133 2207079 6949 126 2103535 8940 1
1459947873503050 137 2207079 6949 130 2103535 8940 1
1459947873504998 138 2207079 6949 130 2103535 8940 1
1459947873506858 141 2207079 6949 131 2103535 8940 1
1459947873508707 138 2207079 6949 131 2103535 8940 1
1459947873510076 127 2207079 6949 121 2103535 8940 1
1459947873511629 129 2207079 6949 124 2103535 8940 1
1459947873513236 131 2207079 6949 123 2103535 8940 1
1459947873514833 126 2207079 6949 119 2103535 8940 1
1459947873516791 138 2207079 6949 131 2103535 8940 1
1459947873518828 139 2207079 6949 133 2103535 8940 1
1459947873520370 129 2207079 6949 125 2103535 8940 1
1459947873521896 125 2207079 6949 118 2103535 8940 1
1459947873523502 128 2207079 6949 122 2103535 8940 1
1459947873525354 140 2207079 6949 134 2103535 8940 1
1459947873527134 135 2207079 6949 127 2103535 8940 1
1459947873528822 132 2207079 6949 124 2103535 8940 1
1459947873530494 133 2207079 6949 125 2103535 8940 1
1459947873532121 135 2207079 6949 127 2103535 8940 1
1459947873533716 135 2207079 6949 127 2103535 8940 1
1459947873535477 133 2207079 6949 127 2103535 8940 1
1459947873537549 139 2207079 6949 132 2103535 8940 1
1459947873539129 126 2207079 6949 120 2103535 8940 1
1459947873540573 129 2207079 6949 122 2103535 8940 1
1459947873542068 131 2207079 6949 124 2103535 8940 1
1459947873543968 137 2207079 6949 129 2103535 8940 1
1459947873545908 145 2207079 6949 135 2103535 8940 1
1459947873547812 137 2207079 6949 129 2103535 8940 1
1459947873549241 129 2207079 6949 122 2103535 8940 1
1459947873550867 133 2207079 6949 126 2103535 8940 1
1459947873552671 137 2207079 6949 130 2103535 8940 1
1459947873554469 135 2207450 6748 128 2103036 8700 0
1459947873556227 135 2207792 6536 128 2102576 8443 0
1459947873557900 131 2207792 6536 124 2102576 8443 1
1459947873559570 129 2207792 6536 124 2102576 8443 1
1459947873561404 133 2205548 8093 128 2102152 8173 0
1459947873563293 137 2205548 8093 129 2102152 8173 1
1459947873565255 140 2205548 8093 132 2102152 8173 1
1459947873566840 128 2205548 8093 123 2102152 8173 1
1459947873568599 131 2205548 8093 125 2102152 8173 1
1459947873570218 131 2205548 8093 125 2102152 8173 1
1459947873571876 133 2205548 8093 125 2102152 8173 1
1459947873573579 135 2205548 8093 127 2102152 8173 1
1459947873575485 135 2206039 7913 129 2103041 8353 0
1459947873577762 139 2206039 7913 132 2103041 8353 1
1459947873579721 136 2206039 7913 128 2103041 8353 1
1459947873581613 137 2206039 7913 129 2103041 8353 1
1459947873583438 139 2206039 7913 133 2103041 8353 1
1459947873585173 134 2206039 7913 127 2103041 8353 1
1459947873586873 132 2206039 7913 125 2103041 8353 1
1459947873588423 129 2206039 7913 121 2103041 8353 1
1459947873590022 129 2206039 7913 122 2103041 8353 1
1459947873591924 138 2206039 7913 132 2103041 8353 1
1459947873593804 139 2206039 7913 131 2103041 8353 1
1459947873595457 133 2206039 7913 127 2103041 8353 1
1459947873597338 132 2206039 7913 127 2103041 8353 1
1459947873599033 132 2206039 7913 124 2103041 8353 1
1459947873600904 134 2205212 8056 128 2102580 8124 0
1459947873602305 129 2205212 8056 123 2102580 8124 1
1459947873603992 134 2204449 8128 128 2102155 7879 0
1459947873605686 130 2204449 8128 122 2102155 7879 1
1459947873607324 134 2203746 8140 128 2101764 7623 0
1459947873609332 135 2204378 8086 129 2102683 7874 0
1459947873611147 139 2204378 8086 132 2102683 7874 1
1459947873612723 133 2204378 8086 127 2102683 7874 1
1459947873614487 135 2204960 7991 129 2103530 8039 0
1459947873616276 135 2204960 7991 126 2103530 8039 1
1459947873618019 134 2204217 8050 128 2103031 7869 0
1459947873619703 135 2204812 7970 129 2103851 8010 0
1459947873621572 136 2204812 7970 130 2103851 8010 1
1459947873623161 131 2204812 7970 123 2103851 8010 1
1459947873624852 136 2204812 7970 129 2103851 8010 1
1459947873626615 136 2204812 7970 129 2103851 8010 1
1459947873628091 129 2204812 7970 122 2103851 8010 1
1459947873630039 135 2205361 7853 129 2104607 8081 0
1459947873631808 137 2205361 7853 131 2104607 8081 1
1459947873633464 131 2205361 7853 126 2104607 8081 1
1459947873635205 133 2203307 9132 128 2104024 7985 0
1459947873637071 135 2203973 9032 130 2106047 9226 0
1459947873638767 133 2203973 9032 127 2106047 9226 1
1459947873640365 134 2203307 8939 128 2105352 9145 0
1459947873642200 135 2203973 8854 131 2108551 11379 0
1459947873644258 141 2203973 8854 135 2108551 11379 1
1459947873646091 137 2203973 8854 131 2108551 11379 1
1459947873648162 137 2203973 8854 131 2108551 11379 1
1459947873650087 137 2203973 8854 129 2108551 11379 1
1459947873651979 137 2203973 8854 130 2108551 11379 1
1459947873653701 137 2203973 8854 129 2108551 11379 1
1459947873655431 132 2203973 8854 127 2108551 11379 1
1459947873656979 131 2203973 8854 126 2108551 11379 1
1459947873658698 132 2203973 8854 126 2108551 11379 1
1459947873660684 139 2203973 8854 134 2108551 11379 1
1459947873662549 141 2203973 8854 134 2108551 11379 1
1459947873664248 135 2204587 8728 129 2108940 10849 0
1459947873665981 132 2201313 11063 128 2108019 10849 0
1459947873668004 138 2201313 11063 132 2108019 10849 1
1459947873669783 134 2200855 10619 128 2107170 10783 0
1459947873671474 134 2200433 10177 129 2107667 10398 0
1459947873673233 135 2201324 10202 130 2109405 11187 0
1459947873675125 136 2201324 10202 129 2109405 11187 1
