1459947871376344 133 2179072 0 132 2162688 0 0
1459947871378266 133 2179072 0 131 2161408 1180 0
1459947871380294 137 2184192 4720 134 2164068 3539 0
1459947871382352 138 2190192 9882 134 2166520 5522 0
1459947871384172 132 2188043 11089 127 2159820 11265 0
1459947871386051 130 2183502 14408 127 2153644 16077 0
1459947871387992 132 2181875 14780 129 2150510 17708 0
1459947871390001 136 2185496 16963 134 2154021 19561 0
1459947871391982 138 2191394 21074 136 2159818 23376 0
1459947871393558 123 2177631 32114 123 2148522 31962 0
1459947871395245 127 2170063 36581 125 2140668 36703 0
1459947871396780 125 2160526 42514 123 2130868 42869 0
1459947871398420 128 2155574 43756 126 2125673 44307 0
1459947871400355 133 2157409 42029 130 2126004 41150 0
1459947871402320 132 2157821 39125 131 2127589 39397 0
1459947871404166 131 2156921 36897 129 2126491 37331 0
1459947871405887 124 2147131 43038 121 2115238 44786 0
1459947871407975 136 2153466 45515 133 2120225 45884 0
1459947871409901 132 2154186 42623 130 2120982 42997 0
1459947871411812 137 2161250 45805 131 2122960 41460 0
1459947871413551 135 2165202 45869 131 2124783 39901 0
1459947871415172 129 2161165 46006 125 2118784 42313 0
1459947871417012 131 2160003 43481 128 2117094 40564 0
1459947871418876 133 2161492 41457 131 2119376 39497 0
1459947871421156 146 2179505 54824 141 2134279 50150 0
1459947871423138 135 2182031 52868 134 2139058 50638 0
1459947871425176 136 2185639 52063 134 2143464 50742 0
1459947871427157 135 2187685 49882 131 2143685 46981 0
1459947871428607 108 2155012 76104 106 2111889 72621 0
1459947871430296 134 2158171 73070 131 2114577 69425 0
1459947871431910 129 2154683 70575 124 2108095 69975 0
1459947871433688 133 2156588 66817 129 2108520 64899 0
1459947871435711 136 2162184 66755 134 2115311 66089 0
1459947871437517 134 2164783 63935 131 2117732 63157 0
1459947871439396 140 2174859 68229 137 2127644 67359 0
1459947871441128 132 2173908 63774 128 2125261 64292 0
1459947871442747 127 2166631 65499 124 2117944 66013 0
1459947871444403 130 2163762 63024 129 2117599 61172 0
1459947871446366 134 2166238 60382 132 2121121 59639 0
1459947871448603 137 2172360 61308 133 2125648 59152 0
1459947871450471 131 2170324 58394 129 2124701 55402 0
1459947871452274 132 2169727 54380 130 2125108 51448 0
1459947871454055 129 2165337 54177 131 2126763 48954 0
1459947871455666 129 2161290 53674 127 2123169 48441 0
1459947871457601 137 2167799 55480 134 2128816 49862 0
1459947871459276 133 2168679 51956 132 2131462 48405 0
1459947871460760 128 2163090 53047 124 2123661 51814 0
1459947871462294 126 2155378 56010 121 2112629 57935 0
1459947871463956 130 2153389 53467 129 2112699 53473 0
1459947871465542 129 2150275 52159 126 2108924 52774 0
1459947871467393 133 2152524 50158 128 2108004 49498 0
1459947871469327 138 2160998 54051 136 2117396 54288 0
1459947871471359 137 2167530 55849 134 2123494 55668 0
1459947871473221 134 2169711 53496 132 2126556 54140 0
1459947871475108 134 2171722 51170 129 2125538 50847 0
1459947871477014 132 2171016 47822 129 2124600 47738 0
1459947871479016 134 2172925 45845 132 2127575 46751 0
1459947871480965 130 2169565 45360 128 2125198 45289 0
1459947871482946 135 2172867 44860 133 2129406 45630 0
1459947871484796 132 2172071 42088 130 2129446 42102 0
1459947871486678 131 2170057 40654 128 2126923 41137 0
1459947871488558 135 2173321 40486 135 2133557 44038 0
1459947871490304 132 2172490 38088 131 2134552 41515 0
1459947871492114 134 2174284 36766 133 2138030 41477 0
1459947871494041 135 2177218 36597 131 2138676 38831 0
1459947871496059 138 2183762 39770 136 2145671 42246 0
1459947871497684 129 2178275 41719 126 2139320 44799 0
1459947871499419 134 2179617 39696 131 2139865 41802 0
1459947871501129 128 2173174 42533 125 2132688 45152 0
1459947871502906 133 2173634 39634 130 2132471 41823 0
1459947871504786 133 2174058 36928 131 2133551 39551 0
1459947871506673 133 2174449 34404 129 2131987 37902 0
1459947871508509 131 2172250 33743 131 2133105 35971 0
1459947871510373 133 2172782 31597 131 2134136 34110 0
1459947871512490 137 2178393 34301 134 2138926 35861 0
1459947871514474 132 2177166 32752 125 2131822 39607 0
1459947871516407 131 2174754 32415 131 2132953 37555 0
1459947871518486 133 2175091 30193 131 2133996 35582 0
1459947871520335 132 2174122 28727 127 2129837 36635 0
1459947871522218 133 2174508 26838 130 2129843 33778 0
1459947871524164 135 2177424 27429 131 2131129 32324 0
1459947871525834 125 2167312 34607 125 2124634 35785 0
1459947871527474 132 2166950 32235 130 2125046 33369 0
1459947871529214 131 2165337 31202 128 2122866 32770 0
1459947871531110 132 2165130 28954 130 2123417 30717 0
1459947871532923 132 2164939 26866 130 2123925 28785 0
1459947871534812 139 2173723 32864 135 2130793 32867 0
1459947871536964 140 2183100 38941 137 2139684 38496 0
1459947871538638 128 2176385 42088 126 2133801 40911 0
1459947871540506 130 2172754 42145 131 2134777 38614 0
1459947871542473 134 2174527 40487 131 2135677 36427 0
1459947871544493 135 2177442 40010 133 2139067 36706 0
1459947871546624 137 2182689 41721 134 2143472 37899 0
1459947871548415 129 2177286 43441 125 2136013 41814 0
1459947871550326 133 2177425 40175 132 2138096 40468 0
1459947871552352 135 2180113 39514 134 2142577 41437 0
1459947871554374 138 2186431 42251 135 2147988 43187 0
1459947871556502 137 2190976 43140 134 2151696 43231 0
1459947871558641 137 2195166 43631 134 2155114 43004 0
1459947871560418 128 2187508 47281 125 2146745 47358 0
1459947871562225 129 2181728 48914 125 2139030 50769 0
1459947871564032 130 2177680 48823 127 2134478 50998 0
1459947871565701 127 2170108 51987 125 2127721 53241 0
1459947871567790 134 2172088 49750 133 2131732 52779 0
1459947871569951 135 2175193 48726 134 2136710 53244 0
1459947871571534 128 2169096 50539 126 2131059 54292 0
1459947871573194 129 2164755 50591 127 2127130 53672 0
1459947871574827 124 2154353 56226 123 2118387 57536 0
1459947871576351 127 2148604 57132 121 2107768 62830 0
1459947871578084 130 2147144 54013 124 2101818 63405 0
1459947871580138 135 2152198 54452 132 2106573 62834 0
1459947871582251 134 2155577 53312 129 2107116 58426 0
1459947871584357 137 2162532 55559 135 2115297 61403 0
1459947871586302 134 2165104 53589 131 2117719 58838 0
1459947871588309 136 2170035 53948 133 2122512 58659 0
1459947871590236 135 2173301 52743 132 2125650 56969 0
1459947871592171 138 2180151 54937 136 2133663 59905 0
1459947871594157 138 2186466 56467 137 2142330 63214 0
1459947871596154 135 2188448 53882 134 2146480 62101 0
1459947871598138 133 2187715 50347 129 2143906 59621 0
1459947871599938 131 2184479 49395 130 2142813 55970 0
1459947871601948 135 2186616 47506 131 2143085 51848 0
1459947871603961 132 2184746 45517 129 2140776 49925 0
1459947871605727 129 2179182 47088 126 2134807 51525 0
1459947871607653 132 2177893 44596 130 2134425 47850 0
1459947871609326 130 2174145 44566 127 2130233 47975 0
1459947871611300 138 2180929 47338 133 2134048 47743 0
1459947871613082 131 2178223 46132 131 2135005 44895 0
1459947871615088 134 2179569 43768 133 2138447 44560 0
1459947871617048 135 2182090 42672 134 2142900 45183 0
1459947871618984 137 2186974 43840 135 2148285 46618 0
1459947871620653 124 2174836 51604 121 2135330 54917 0
1459947871622530 131 2172606 49626 127 2131067 54555 0
1459947871624323 133 2173111 46213 131 2132257 51389 0
1459947871626447 139 2181256 50111 137 2141034 55465 0
1459947871628508 137 2186205 50758 135 2146565 56230 0
1459947871630267 129 2180527 52025 125 2138864 58935 0
1459947871632100 134 2181693 49035 131 2139445 54865 0
1459947871634111 135 2184048 47375 133 2142540 53432 0
1459947871636151 132 2182379 45211 131 2142834 49528 0
1459947871638178 137 2187240 46159 135 2148225 50627 0
1459947871639891 132 2185321 44320 129 2145514 49169 0
1459947871641526 130 2180992 44847 128 2141735 48810 0
1459947871643014 126 2171882 49741 123 2131851 54106 0
1459947871644540 129 2167323 50056 127 2127860 53557 0
1459947871646597 133 2168240 46991 130 2128020 49520 0
1459947871648228 127 2161406 49618 125 2121768 51414 0
1459947871650078 136 2166626 50553 132 2124964 50344 0
1459947871651782 129 2162478 50426 126 2120231 50773 0
1459947871653771 134 2165054 48861 133 2124827 51043 0
1459947871655515 129 2161029 48753 128 2122664 49048 0
1459947871657238 131 2159878 46004 129 2121950 45873 0
1459947871659051 133 2161377 43791 131 2123852 44043 0
1459947871660944 135 2165319 44003 131 2125606 42219 0
1459947871662632 129 2161273 44294 128 2123383 40969 0
1459947871664425 133 2162663 42114 131 2125173 39418 0
1459947871666139 128 2157544 43541 125 2119143 41896 0
1459947871667972 131 2156665 40948 126 2114864 42565 0
1459947871669810 135 2160975 41721 131 2117320 41503 0
1459947871671482 131 2159828 39517 127 2114464 40892 0
1459947871673445 136 2165171 41355 133 2119511 42350 0
1459947871675675 137 2171377 43845 134 2125444 44510 0
1459947871677448 130 2168138 43404 125 2119393 46609 0
1459947871679415 134 2170272 41980 133 2124055 47265 0
1459947871681420 133 2170959 39333 130 2124513 43994 0
1459947871683228 128 2165192 41575 127 2121095 43706 0
1459947871685168 135 2168836 41685 132 2124344 43286 0
1459947871686865 135 2172195 41525 133 2128619 43845 0
1459947871688925 142 2184252 49395 140 2141520 52312 0
1459947871690844 131 2181287 48269 127 2136773 52600 0
1459947871692681 135 2183673 46697 132 2138797 50356 0
1459947871694511 133 2183313 43379 131 2139383 46961 0
1459947871696341 133 2182981 40295 131 2139923 43790 0
1459947871698249 128 2176275 43327 128 2136581 43448 0
1459947871700298 135 2179053 42503 131 2137340 40753 0
1459947871702364 137 2184174 43903 133 2140600 40574 0
1459947871704389 136 2187615 43645 134 2144885 41354 0
1459947871706462 138 2193347 45519 134 2148835 41765 0
1459947871708528 139 2199911 48013 136 2155037 44219 0
1459947871710617 137 2203402 47480 135 2159474 44855 0
1459947871712482 135 2204061 44377 133 2161005 42761 0
1459947871714551 137 2207228 43830 135 2164976 43081 0
1459947871716567 135 2207588 40737 133 2166077 40730 0
1459947871718328 131 2202800 41967 128 2160692 42511 0
1459947871720227 129 2195826 45116 128 2155727 43765 0
1459947871721915 127 2186837 49877 125 2147310 48103 0
1459947871723758 136 2190070 48960 135 2152351 48991 0
1459947871725660 132 2187930 47107 129 2149318 47958 0
1459947871727442 134 2188517 43968 131 2149082 44428 0
1459947871729409 129 2182659 45933 126 2142464 47057 0
1459947871731214 129 2177258 47322 126 2136364 49003 0
1459947871733150 134 2178679 44934 131 2137140 45889 0
1459947871734845 126 2169749 49654 122 2126335 52262 0
1459947871736569 127 2162797 52182 126 2121495 52640 0
1459947871738553 131 2161508 49292 131 2123433 50313 0
1459947871740592 137 2168000 51426 136 2131619 53929 0
1459947871742499 132 2167585 47790 129 2130206 51017 0
1459947871744095 127 2160802 50308 126 2125063 51771 0
1459947871745801 132 2160949 46512 130 2125442 48075 0
1459947871747519 132 2161084 43003 127 2121951 47536 0
1459947871749599 139 2170169 48018 136 2130253 51475 0
1459947871751465 136 2174704 48447 133 2134066 50969 0
1459947871753278 137 2180165 49696 134 2138862 51408 0
1459947871755290 134 2181359 46914 130 2138163 48034 0
1459947871757000 130 2177340 46952 126 2132399 49594 0
1459947871758648 132 2176195 44338 130 2132205 45897 0
1459947871760255 126 2167459 48926 123 2123066 50735 0
1459947871762044 130 2164526 47806 129 2122321 47457 0
1459947871763920 133 2165662 45118 131 2124194 45476 0
1459947871766163 143 2179509 54358 140 2137441 54135 0
1459947871768027 135 2182034 52439 133 2140693 52903 0
1459947871770062 138 2188202 54028 133 2143691 51533 0
1459947871771924 134 2188768 50329 127 2138775 52037 0
1459947871773825 137 2193130 50418 136 2145763 54413 0
1459947871775255 121 2176671 61651 119 2130445 64282 0
1459947871777104 131 2174298 59021 129 2129123 60476 0
1459947871778722 129 2169550 58785 129 2127905 56873 0
1459947871780520 129 2165173 58226 127 2124222 55823 0
1459947871782472 132 2164978 53855 131 2125947 53051 0
1459947871784422 136 2169919 54202 134 2131377 53912 0
1459947871786556 136 2174474 54166 133 2135103 53135 0
1459947871788511 135 2177393 52625 132 2137258 50969 0
1459947871790427 136 2181364 52173 132 2139244 48818 0
1459947871792399 137 2186304 52651 134 2143635 49052 0
1459947871794415 136 2189579 51556 133 2146403 47771 0
1459947871796612 136 2192598 50311 130 2145115 45225 0
1459947871798588 131 2188981 49714 129 2142647 43965 0
1459947871800664 138 2194606 51016 137 2150612 47873 0
1459947871802599 133 2193392 48148 130 2148995 45622 0
1459947871804443 134 2193553 44534 132 2150064 43043 0
1459947871806243 128 2186021 47996 129 2147210 42310 0
1459947871807822 126 2176518 53006 123 2136899 48509 0
1459947871809705 133 2176717 49047 130 2136353 45221 0
1459947871811693 139 2184580 52464 133 2139690 44764 0
1459947871813491 136 2187989 51508 133 2142766 44102 0
1459947871815412 137 2192412 51560 133 2145602 43270 0
1459947871817194 132 2190089 49671 130 2144376 41018 0
1459947871819029 134 2190508 46176 131 2144526 37951 0
1459947871821179 134 2190894 42924 132 2145944 36294 0
1459947871823323 140 2198930 46978 137 2153652 40563 0
1459947871825165 137 2202498 46596 133 2155637 39224 0
1459947871827021 134 2201947 43462 131 2154907 36831 0
1459947871828871 130 2196319 45253 127 2149114 39292 0
1459947871830888 134 2196251 41779 130 2147614 37604 0
1459947871832525 129 2189788 44472 127 2142391 39480 0
1459947871834300 132 2187670 42948 128 2138856 39653 0
1459947871836034 131 2184438 42571 130 2138157 37198 0
1459947871837920 135 2186578 41218 133 2141353 37237 0
1459947871839663 130 2182151 42077 129 2139179 36330 0
1459947871841476 130 2178070 42550 126 2133335 38877 0
1459947871843305 133 2178148 39297 132 2135628 37953 0
1459947871845402 134 2179500 37472 132 2137742 36935 0
1459947871847386 134 2180746 35693 130 2137130 34612 0
1459947871849022 126 2171655 41284 120 2123766 44226 0
1459947871850801 129 2167114 42243 127 2120406 43866 0
1459947871852545 129 2162928 42800 127 2117309 43292 0
1459947871854242 133 2164189 40618 127 2114454 42540 0
1459947871856001 135 2167911 40875 128 2113102 40462 0
1459947871857807 136 2172622 42024 126 2109295 40808 0
1459947871859746 140 2182085 47464 132 2113466 41464 0
1459947871861528 141 2192089 52978 131 2116031 40589 0
1459947871863604 143 2203872 59701 136 2124796 45497 0
1459947871865333 132 2200654 58002 126 2120076 46292 0
1459947871867062 136 2202807 55455 127 2117005 45506 0
1459947871868965 137 2206072 54132 128 2115453 43379 0
1459947871870494 129 2198842 56566 122 2106343 48388 0
1459947871872162 133 2197297 53569 124 2100504 49988 0
1459947871874127 140 2204833 56330 132 2105362 50560 0
1459947871876009 140 2211780 58333 131 2108560 49558 0
1459947871877917 135 2211784 53779 128 2107668 46507 0
1459947871879697 134 2210508 50752 126 2104286 45990 0
1459947871881022 111 2210508 50752 102 2104286 45990 1
1459947871882584 138 2214452 50422 130 2106288 44243 0
1459947871884238 135 2214247 46670 128 2105574 41443 0
1459947871886080 137 2216618 45209 129 2106196 38778 0
1459947871887896 136 2217524 42512 130 2108049 37456 0
1459947871889373 126 2217524 42512 119 2108049 37456 1
1459947871891064 130 2210679 45499 124 2102077 40033 0
1459947871892589 128 2210679 45499 120 2102077 40033 1
1459947871894376 134 2209489 43040 127 2100412 38439 0
1459947871896141 135 2209672 39846 128 2100157 35669 0
1459947871897853 134 2208561 37756 126 2097362 35458 0
1459947871899797 138 2212657 38582 131 2101185 36211 0
1459947871901609 133 2210033 37985 126 2098309 36032 0
1459947871903130 128 2201214 43146 122 2090538 40380 0
1459947871904585 127 2191804 48449 122 2083374 43828 0
1459947871906391 135 2193369 46106 128 2084450 41395 0
1459947871908211 135 2194812 43833 128 2085442 39075 0
1459947871909946 131 2191022 43901 124 2081236 39898 0
1459947871911805 136 2193928 43150 129 2083759 39106 0
1459947871913877 139 2200447 45788 131 2088645 40554 0
1459947871915908 138 2205177 46570 130 2091869 40357 0
1459947871917802 135 2205697 43410 127 2091001 38003 0
1459947871919671 138 2210016 44000 131 2095321 39017 0
1459947871921591 141 2217838 47773 133 2101864 41999 0
1459947871923264 129 2209689 51551 120 2091255 48496 0
1459947871925005 133 2207297 49728 125 2087875 47822 0
1459947871926686 125 2194851 57315 118 2075799 55216 0
1459947871928375 131 2191058 56333 124 2072347 54084 0
1459947871930536 140 2199081 59327 131 2078124 55184 0
1459947871932662 139 2205197 60330 133 2086010 58142 0
1459947871934333 130 2199315 61037 121 2077920 61056 0
1459947871936163 136 2201573 58350 129 2080702 58851 0
1459947871938032 136 2203655 55710 131 2085827 58977 0
1459947871940053 143 2214534 61386 136 2096951 64624 0
1459947871941874 137 2216883 58756 131 2100806 63129 0
1459947871943714 137 2219049 56161 131 2104360 61473 0
1459947871945550 138 2222325 54793 131 2107636 59690 0
1459947871947299 136 2222785 50936 129 2108096 55451 0
1459947871948905 133 2219369 50104 125 2103401 55446 0
1459947871950887 140 2225180 51546 133 2109312 56564 0
1459947871952622 131 2219017 53198 124 2103242 57739 0
1459947871954460 138 2222296 52064 132 2107886 57509 0
1459947871956246 135 2221479 48749 127 2105767 54969 0
1459947871958290 144 2232245 54865 135 2114053 58313 0
1459947871960253 142 2239610 57368 134 2120412 59619 0
1459947871961946 133 2234880 57246 125 2114754 60176 0
1459947871963610 132 2229240 57972 127 2112098 57921 0
1459947871965275 133 2225320 57055 125 2107090 58011 0
1459947871967315 140 2230666 57526 131 2110153 56302 0
1459947871968920 130 2222795 60286 122 2101457 59919 0
1459947871970788 136 2223219 55967 129 2102400 56107 0
1459947871972424 133 2219770 54773 127 2100710 53280 0
1459947871974361 137 2221710 52281 131 2104272 52400 0
1459947871976270 141 2228618 54565 133 2110115 53693 0
1459947871978133 139 2232427 53813 130 2111662 50924 0
1459947871979930 138 2234658 51665 131 2114368 49440 0
1459947871981483 130 2226475 55171 123 2106623 52716 0
1459947871983321 134 2224051 53093 128 2105883 49279 0
1459947871985121 135 2223097 49824 128 2105200 46057 0
1459947871986797 136 2223497 46300 128 2104571 43037 0
1459947871988485 131 2217466 48241 123 2097591 46108 0
1459947871990089 133 2214466 47237 124 2092436 47256 0
1459947871991632 133 2211700 46095 125 2088964 46764 0
1459947871993374 137 2214270 44863 130 2092163 46059 0
1459947871995014 132 2210240 45073 124 2087432 46820 0
1459947871996914 141 2218045 48746 134 2095871 50942 0
1459947871998933 138 2221400 48030 132 2101091 51774 0
1459947872000643 132 2216813 48505 125 2096943 51552 0
1459947872002242 131 2211304 49793 123 2090559 53408 0
1459947872004089 134 2210065 47043 128 2091074 49709 0
1459947872005894 133 2207643 45599 126 2088988 47747 0
1459947872007529 133 2205410 44093 125 2085785 46967 0
1459947872009229 131 2200792 44904 125 2082833 46018 0
1459947872010790 132 2197815 44139 125 2080111 44930 0
1459947872012431 130 2192510 45579 125 2077602 43731 0
1459947872014281 131 2188900 45345 125 2075289 42445 0
1459947872016014 135 2190692 43454 129 2078277 41882 0
1459947872017805 136 2193624 42762 130 2082311 42328 0
1459947872019438 131 2189927 42829 125 2079630 41492 0
1459947872021304 135 2191638 41060 125 2077158 40527 0
1459947872023174 135 2193216 39307 128 2078720 38800 0
1459947872024867 134 2193391 36397 127 2078880 35915 0
1459947872026736 137 2197392 37241 131 2084147 37965 0
1459947872028646 134 2197240 34470 127 2083883 35241 0
1459947872030385 137 2200940 35188 128 2084919 33442 0
1459947872032134 137 2204351 35583 128 2085874 31710 0
1459947872033758 131 2199816 36983 123 2080355 34319 0
1459947872035428 136 2202035 36139 126 2079107 32787 0
1459947872037243 139 2207921 38741 131 2084356 35064 0
1459947872039061 137 2210787 38356 131 2089195 36785 0
1459947872040770 135 2210869 35434 130 2092376 36844 0
1459947872042571 138 2214784 36275 129 2094029 35488 0
1459947872044190 132 2210714 37193 127 2092992 33670 0
1459947872045905 134 2209521 35385 126 2090757 33099 0
1459947872047597 133 2207142 34812 124 2086136 34772 0
1459947872049344 135 2207509 32430 127 2085716 32441 0
1459947872051464 143 2207509 32430 135 2085716 32441 1
1459947872053475 136 2209127 31387 129 2087889 31909 0
1459947872055387 139 2214458 33849 134 2096292 37163 0
1459947872057281 139 2219373 35735 132 2101479 39040 0
1459947872059175 135 2218784 33485 129 2102420 36858 0
1459947872060846 131 2213121 36088 124 2096888 39077 0
1459947872062457 132 2209180 36900 126 2094348 38364 0
1459947872064273 131 2204267 38545 125 2090727 38704 0
1459947872066341 140 2211258 41978 131 2095068 39682 0
1459947872068093 138 2215143 42279 131 2099070 40271 0
1459947872070083 138 2218724 42277 132 2104040 41705 0
1459947872071880 135 2218186 39469 127 2102221 40122 0
1459947872073754 136 2218970 37107 129 2103104 37802 0
1459947872075608 140 2224812 39594 130 2105199 36779 0
1459947872077393 139 2228918 40285 130 2107130 35685 0
1459947872079159 136 2228863 37186 127 2105070 34795 0
1459947872080866 133 2224973 37866 126 2101891 35006 0
1459947872082633 139 2229066 38681 130 2104080 34289 0
1459947872084566 136 2229000 35719 127 2102258 33288 0
1459947872086412 139 2232779 36412 132 2106979 35039 0
1459947872088160 135 2231143 35075 127 2104931 34188 0
1459947872089943 134 2228354 34904 123 2097923 37977 0
1459947872091711 135 2227063 33366 126 2095302 37425 0
1459947872093630 139 2230993 34382 132 2100566 39354 0
1459947872095415 141 2237176 37395 135 2109259 44293 0
1459947872097355 139 2240316 37368 132 2113433 44680 0
1459947872099407 140 2244491 38297 133 2118561 45916 0
1459947872101322 135 2241940 37656 129 2118168 42689 0
1459947872103098 134 2238308 38061 126 2113966 43226 0
1459947872105207 139 2241360 37900 133 2119052 44537 0
1459947872107119 136 2240333 35885 128 2117341 42634 0
1459947872109014 137 2240666 33388 130 2118323 40209 0
1459947872111038 139 2243533 33422 132 2121789 40262 0
1459947872112846 141 2248736 35607 134 2127544 42421 0
1459947872114953 143 2256093 39607 133 2131569 42817 0
1459947872116748 135 2252635 39699 128 2128880 41949 0
1459947872118542 135 2249447 39535 127 2125121 42136 0
1459947872120327 133 2243948 41514 126 2120375 43218 0
1459947872121933 133 2238879 42942 125 2114720 45053 0
1459947872123520 134 2235486 42714 125 2109507 46338 0
1459947872125449 139 2238758 42393 132 2113661 46547 0
1459947872127376 138 2240495 40682 130 2114931 44081 0
1459947872129265 140 2244656 41339 133 2119942 45256 0
1459947872131350 140 2248492 41645 132 2123281 44798 0
1459947872133223 140 2252028 41651 131 2125079 42956 0
1459947872134997 139 2254008 40222 132 2128017 42308 0
1459947872136741 134 2249433 41295 127 2124325 42404 0
1459947872138895 140 2252896 41260 131 2126042 40673 0
1459947872140731 137 2252248 38632 132 2128904 40134 0
1459947872142388 136 2250371 37343 128 2126423 39284 0
1459947872144205 136 2248640 36020 129 2125416 37142 0
1459947872146098 141 2253445 37634 132 2128327 36924 0
1459947872147779 135 2250194 37689 128 2125891 36284 0
1459947872149319 131 2242077 42226 124 2118525 40238 0
1459947872151012 135 2239714 41104 127 2115575 39813 0
1459947872152855 136 2238816 38719 128 2114135 38028 0
1459947872154650 136 2237988 36456 130 2115368 36193 0
1459947872156363 136 2237225 34310 127 2112664 35856 0
1459947872158232 135 2235241 33457 128 2111452 34171 0
1459947872160187 136 2234692 31348 131 2114174 34011 0
1459947872162135 136 2234186 29363 130 2115404 32487 0
1459947872164099 139 2237560 30179 132 2119098 33353 0
1459947872165835 134 2234270 30853 128 2117383 32327 0
1459947872167638 132 2234270 30853 121 2117383 32327 1
1459947872169743 143 2234270 30853 136 2117383 32327 1
1459947872171867 143 2234270 30853 136 2117383 32327 1
1459947872173852 142 2241477 35086 134 2123482 35423 0
1459947872175846 137 2241721 32569 130 2123984 33118 0
1459947872177716 136 2240666 30996 130 2124447 30957 0
1459947872179363 134 2237133 31830 127 2121034 31683 0
1459947872181214 135 2235156 31164 128 2119168 30927 0
1459947872182909 137 2235894 29409 128 2117448 30095 0
1459947872184680 136 2235294 27663 129 2117142 28024 0
1459947872186441 135 2233461 27190 126 2113020 29633 0
1459947872188313 137 2234331 25867 131 2115620 29714 0
1459947872190048 136 2233853 24285 128 2114177 28722 0
1459947872191720 137 2234693 23161 127 2111566 28884 0
1459947872193515 138 2236747 23245 130 2112999 27948 0
1459947872195042 128 2236747 23245 121 2112999 27948 1
1459947872196967 137 2237361 21994 130 2114320 26982 0
1459947872198916 140 2241767 24336 134 2120658 30717 0
1459947872200988 140 2245828 26178 132 2123941 31344 0
1459947872202851 139 2248292 26404 131 2125688 30505 0
1459947872204763 138 2249284 25255 131 2127298 29605 0
1459947872206680 137 2248918 23617 128 2124942 29463 0
1459947872208327 129 2248918 23617 123 2124942 29463 1
1459947872210075 139 2251141 23820 131 2126610 28699 0
1459947872211911 139 2253190 23848 130 2126868 26694 0
1459947872213667 137 2252519 22602 132 2129666 27187 0
1459947872215474 135 2249340 23765 129 2128405 26224 0
1459947872217343 138 2250250 22747 131 2129803 25464 0
1459947872219054 132 2250250 22747 124 2129803 25464 1
1459947872220909 137 2249809 21375 130 2129812 23482 0
1459947872222661 137 2249402 20079 129 2128540 22819 0
1459947872224586 140 2252867 21704 132 2131207 23495 0
1459947872226489 137 2252221 20602 127 2127266 25291 0
1459947872228121 130 2252221 20602 123 2127266 25291 1
1459947872230145 140 2255466 21983 131 2128753 24686 0
1459947872232116 141 2259737 24203 133 2132684 26381 0
1459947872233954 137 2258555 23401 130 2132468 24518 0
1459947872235860 139 2260025 22927 131 2133548 23598 0
1459947872237608 138 2260100 21204 127 2129424 25555 0
1459947872239527 136 2257609 21842 130 2129462 23593 0
1459947872241515 136 2255313 22251 130 2129497 21782 0
1459947872243144 135 2251916 23642 127 2125690 23589 0
1459947872244754 135 2248785 24680 127 2122180 24981 0
1459947872246387 131 2248785 24680 123 2122180 24981 1
1459947872248258 139 2251018 24810 132 2125344 25946 0
1459947872250106 142 2256917 28309 134 2130821 28967 0
1459947872251723 130 2256917 28309 120 2130821 28967 1
1459947872253386 132 2256917 28309 124 2130821 28967 1
1459947872255354 139 2258515 27570 129 2129470 27947 0
1459947872257110 137 2257428 26417 128 2126945 28090 0
1459947872258769 133 2251306 29996 125 2120777 31580 0
1459947872260308 130 2241822 36394 123 2112531 36713 0
1459947872262153 136 2240759 34529 128 2111329 34951 0
1459947872263907 131 2233379 38633 124 2105101 37961 0
1459947872265559 132 2227856 40705 125 2100639 39107 0
1459947872266950 124 2227856 40705 115 2100639 39107 1
1459947872268660 135 2226604 38677 127 2099086 37482 0
1459947872270282 130 2219050 42618 122 2091254 41772 0
1459947872272027 136 2219766 39948 127 2090434 39263 0
1459947872273803 136 2220426 37436 126 2088398 38071 0
1459947872275663 134 2218475 36309 127 2087801 35645 0
1459947872277544 137 2220516 35354 131 2092371 37073 0
1459947872279256 135 2219838 33215 128 2092744 34520 0
1459947872280954 135 2219213 31196 128 2093088 32140 0
1459947872282763 135 2218636 29288 130 2095965 32281 0
1459947872284377 138 2221945 30049 130 2098617 32204 0
1459947872286272 138 2224995 30513 130 2101062 31942 0
1459947872288181 142 2232927 35441 133 2107156 35064 0
1459947872290028 136 2232559 33010 124 2101254 37764 0
1459947872291634 131 2225820 36643 123 2094533 41008 0
1459947872293132 133 2222167 37146 126 2092177 39975 0
1459947872295053 138 2225200 37039 131 2096405 40749 0
1459947872296821 137 2226716 35542 127 2095183 38691 0
1459947872298531 135 2225553 33836 128 2095336 35809 0
1459947872300251 137 2227041 32564 130 2098037 35501 0
1459947872301833 132 2222013 34653 124 2092847 37510 0
1459947872303707 137 2223778 33572 129 2094463 36069 0
1459947872305371 132 2219005 35348 125 2090833 36597 0
1459947872307312 141 2226125 39149 131 2095166 37732 0
1459947872309052 137 2227568 37421 130 2097881 37287 0
1459947872311064 137 2228899 35724 128 2097824 34425 0
1459947872312676 135 2227566 34161 126 2095211 34143 0
1459947872314307 132 2222497 36164 123 2088962 37235 0
1459947872316023 136 2222944 33750 130 2092161 37275 0
1459947872317645 135 2222076 31912 128 2092550 34721 0
1459947872319372 136 2222556 29860 129 2094189 33519 0
1459947872321308 137 2224278 29115 129 2095700 32293 0
1459947872322904 131 2218186 32455 122 2088133 36745 0
1459947872324446 126 2206170 40996 121 2079877 41484 0
1459947872326112 129 2198932 44464 121 2072266 45258 0
1459947872327996 139 2205060 46639 130 2076770 45874 0
1459947872329450 129 2197909 49586 120 2068122 50262 0
1459947872330771 122 2197909 49586 114 2068122 50262 1
1459947872332465 134 2197717 45888 125 2066549 47784 0
1459947872334243 135 2198820 43320 127 2067659 45074 0
1459947872335997 132 2195997 42537 125 2066123 42967 0
1459947872337626 132 2193394 41611 123 2062147 43275 0
1459947872339429 134 2193555 38508 128 2064881 42415 0
1459947872341370 139 2200103 41535 131 2071242 44965 0
1459947872343173 137 2203579 41495 131 2077106 46858 0
1459947872345127 142 2213184 47108 134 2086352 51720 0
1459947872346843 138 2216919 46870 130 2089755 50816 0
1459947872348525 131 2211402 48293 122 2082652 53393 0
1459947872350292 138 2215276 48091 128 2083784 50265 0
1459947872351829 131 2209887 49300 125 2080988 48915 0
1459947872353498 135 2210039 45588 128 2082250 46257 0
1459947872355035 130 2203779 47796 121 2074454 49829 0
1459947872356776 136 2205688 45821 128 2076227 47570 0
1459947872358716 136 2207448 43864 128 2077861 45360 0
1459947872360487 135 2207791 40753 128 2079368 43205 0
1459947872362308 138 2211947 41400 128 2080757 41109 0
1459947872364152 140 2218338 44057 133 2088437 44977 0
1459947872365826 132 2213990 44622 123 2082717 46735 0
1459947872367627 136 2215102 42160 126 2081284 44403 0
1459947872369471 140 2221247 44531 131 2086363 45616 0
1459947872371169 136 2221792 41554 129 2088485 44009 0
1459947872372734 133 2218454 41383 125 2085322 43485 0
1459947872374360 134 2216657 39805 125 2082406 42774 0
1459947872376106 131 2211160 41761 125 2079718 41909 0
1459947872377741 129 2203533 45529 124 2075960 42098 0
1459947872379481 135 2204181 42570 128 2077615 40335 0
1459947872381207 138 2208619 43335 130 2081701 40950 0
1459947872382849 127 2198630 49156 121 2073948 44897 0
1459947872384883 141 2207342 53346 134 2083440 50140 0
1459947872386728 136 2208973 50681 129 2085791 48389 0
1459947872388412 129 2201516 53594 124 2081558 48509 0
1459947872390062 134 2201042 49842 125 2078936 47135 0
1459947872391760 131 2196765 49890 122 2072679 49220 0
1459947872393369 135 2197942 47077 128 2074590 47136 0
1459947872395095 135 2199027 44400 129 2077632 46258 0
1459947872396753 134 2198748 41188 126 2076597 43598 0
1459947872398684 131 2194650 41747 125 2074362 42250 0
1459947872400761 136 2197272 40903 126 2073582 39667 0
1459947872402900 139 2203530 43476 131 2079263 41805 0
1459947872404745 136 2205459 41857 128 2080660 39826 0
1459947872406640 134 2204677 39306 126 2079388 37886 0
1459947872408461 137 2207796 39110 129 2082055 37385 0
1459947872410453 140 2214511 42245 133 2089634 41451 0
1459947872412426 138 2218142 42291 129 2091501 39933 0
1459947872414139 133 2215089 41800 126 2089382 38765 0
1459947872415946 128 2205875 47027 120 2079749 44616 0
1459947872417873 136 2207621 44962 129 2082388 43563 0
1459947872419574 134 2206670 42325 126 2080981 41455 0
1459947872421415 136 2208353 40570 130 2084804 41740 0
1459947872423192 141 2216305 44731 133 2092168 45268 0
1459947872424881 137 2218516 43274 131 2096397 45629 0
1459947872426822 136 2219274 40592 129 2097735 43298 0
1459947872428792 136 2219973 38064 131 2101529 43413 0
1459947872430780 139 2224457 39224 130 2103747 42065 0
1459947872432650 137 2226031 37610 131 2107071 41843 0
1459947872434038 120 2226031 37610 112 2107071 41843 1
1459947872435746 132 2221082 39233 125 2102456 42828 0
1459947872437674 137 2222919 37861 129 2103321 40280 0
1459947872439687 142 2231013 42365 132 2107959 41408 0
1459947872441615 143 2239755 47114 135 2116074 45654 0
1459947872443462 139 2242694 46142 132 2119715 45444 0
1459947872445204 134 2239003 45939 126 2115392 45878 0
1459947872447073 135 2236880 44306 126 2111407 45966 0
1459947872448711 135 2234923 42647 129 2111573 42527 0
1459947872450280 130 2226719 46877 123 2104046 46142 0
1459947872452089 138 2229396 45682 129 2104787 43220 0
1459947872453880 135 2228024 43377 128 2104190 40392 0
1459947872455902 138 2230599 42362 130 2106200 39089 0
1459947872457691 137 2231693 40060 129 2106773 36563 0
1459947872459452 137 2232701 37860 127 2104741 35578 0
1459947872461533 146 2232701 37860 137 2104741 35578 1
1459947872463186 132 2227231 39944 122 2096468 40424 0
1459947872464764 133 2223468 40291 125 2092681 40755 0
1459947872466270 126 2211039 48600 120 2082790 46688 0
1459947872467847 133 2208541 47105 124 2078792 46725 0
1459947872469781 140 2215198 49561 129 2081506 45576 0
1459947872471489 136 2216215 46627 129 2084008 44321 0
1459947872473119 131 2210753 48019 121 2076074 48171 0
1459947872474776 132 2206997 47728 124 2072600 47608 0
1459947872476454 131 2202255 48370 125 2070678 45659 0
1459947872478536 138 2206843 48821 130 2075306 46357 0
1459947872480419 140 2213633 51265 131 2080852 47848 0
1459947872482028 135 2213492 47388 126 2079565 45295 0
1459947872483643 135 2213362 43803 128 2080938 43022 0
1459947872485419 136 2214523 41450 129 2083484 42007 0
1459947872487162 137 2216873 40377 128 2084551 39709 0
1459947872488942 137 2219039 39219 131 2089375 41053 0
1459947872490687 133 2215916 39033 127 2088702 38464 0
1459947872492540 140 2221997 41589 131 2093202 39607 0
1459947872494390 139 2226323 42327 132 2098630 41516 0
1459947872496188 135 2225191 40063 128 2098514 38378 0
1459947872498006 135 2224147 37894 127 2097127 36657 0
1459947872499927 141 2230865 41126 135 2106088 42054 0
1459947872501876 141 2237058 43622 131 2109229 41664 0
1459947872503721 139 2240207 43117 132 2113405 42259 0
1459947872505660 140 2244390 43605 133 2118535 43686 0
1459947872507637 137 2244407 40213 129 2118144 40633 0
1459947872509610 136 2243142 38236 129 2117784 37789 0
1459947872511130 129 2243142 38236 120 2117784 37789 1
1459947872512529 127 2243142 38236 119 2117784 37789 1
1459947872513910 122 2243142 38236 116 2117784 37789 1
1459947872515577 130 2234296 43402 122 2108492 43401 0
1459947872517414 137 2235101 40753 130 2110166 41553 0
1459947872519236 137 2235843 38253 130 2111709 39728 0
1459947872521031 136 2235247 35812 130 2113131 37935 0
1459947872522467 134 2232138 35879 125 2108042 39661 0
1459947872524190 134 2229272 35716 125 2103351 40886 0
1459947872525782 134 2226630 35360 126 2100306 40497 0
1459947872527426 132 2221634 37202 124 2094939 42280 0
1459947872528911 128 2211908 43260 121 2086151 47076 0
1459947872530550 131 2206782 44604 123 2080610 48505 0
1459947872532008 121 2206782 44604 116 2080610 48505 1
1459947872533632 127 2196937 50194 122 2074222 50603 0
1459947872535511 137 2200661 49705 132 2081133 53020 0
1459947872537419 139 2206654 51346 132 2087504 54750 0
1459947872539510 140 2213459 53607 133 2094657 57066 0
1459947872541285 133 2210772 51894 125 2091011 55967 0
1459947872543162 137 2213415 50275 132 2096610 56756 0
1459947872544951 137 2215851 48593 131 2100492 55900 0
1459947872546737 135 2215537 45084 128 2100231 51772 0
1459947872548436 136 2216528 42474 127 2098710 49128 0
1459947872550249 140 2222561 44717 132 2103708 49896 0
1459947872552270 141 2229403 47530 133 2109595 51424 0
1459947872553784 123 2229403 47530 116 2109595 51424 1
1459947872555559 137 2230590 44911 129 2109902 47689 0
1459947872557074 128 2220165 51012 120 2098665 54321 0
1459947872558892 136 2220794 47606 129 2099826 51148 0
1459947872560451 135 2220094 44530 126 2097057 49704 0
1459947872562246 136 2220729 41636 126 2094504 48173 0
1459947872563922 133 2217474 41383 126 2092150 46578 0
1459947872565878 138 2220873 41283 130 2095100 45659 0
1459947872567664 135 2220167 38707 128 2095260 42238 0
1459947872569391 132 2215676 39822 123 2089007 44701 0
1459947872570972 135 2215376 36986 124 2084523 45341 0
1459947872572768 138 2218939 37381 129 2086789 43887 0
1459947872574373 131 2213264 39691 122 2079918 46791 0
1459947872576074 136 2214432 37667 128 2081264 44376 0
1459947872577852 134 2212949 36090 124 2077385 44484 0
1459947872579659 137 2215422 35550 128 2078929 42431 0
1459947872581507 132 2211302 36569 124 2075232 42523 0
1459947872583159 135 2211344 33750 128 2076944 40778 0
1459947872584782 132 2207542 34617 123 2072122 42036 0
1459947872586441 133 2205317 33962 128 2074077 40553 0
1459947872588561 139 2210946 36497 133 2082279 44945 0
1459947872590363 136 2212295 34889 128 2083440 42504 0
1459947872592199 138 2216099 35670 132 2089631 44890 0
1459947872593747 132 2211926 36729 125 2086378 44380 0
1459947872595471 135 2211919 33865 128 2087219 41688 0
1459947872597138 128 2202952 39484 121 2079035 45975 0
1459947872599049 142 2212606 45299 134 2088130 50767 0
1459947872600892 135 2212546 41815 130 2091394 49809 0
1459947872602605 130 2206090 44498 119 2080323 56122 0
1459947872604353 134 2205259 41786 127 2080357 51769 0
1459947872606058 130 2199373 43947 123 2075269 52414 0
1459947872607835 134 2199066 40795 129 2078258 51075 0
1459947872609795 137 2202623 40887 129 2081014 49624 0
1459947872611790 138 2207183 41895 132 2087394 51629 0
1459947872613733 139 2212666 43676 131 2091996 51837 0
1459947872615138 125 2199801 52122 118 2079598 59215 0
1459947872616640 124 2186661 60161 118 2068169 65123 0
1459947872618399 139 2193748 61993 132 2075553 66842 0
1459947872620175 134 2193881 57272 126 2074680 62423 0
1459947872622035 135 2195284 54090 127 2075155 57984 0
1459947872624030 138 2200417 54596 132 2081993 59758 0
1459947872626014 135 2201309 51152 127 2081897 55177 0
1459947872628037 135 2202131 47913 129 2084368 53144 0
1459947872629727 133 2200329 45829 126 2082806 50431 0
1459947872631270 129 2193548 48498 120 2073686 54897 0
1459947872633218 140 2201377 51926 131 2079359 55838 0
1459947872635174 138 2206034 52162 129 2082029 53936 0
1459947872637398 147 2206034 52162 141 2082029 53936 1
1459947872639269 139 2211607 53224 131 2087050 54351 0
1459947872641157 137 2214185 51441 128 2087839 50831 0
1459947872642873 132 2210161 51130 123 2082166 52088 0
1459947872644564 133 2207732 49374 125 2079496 50478 0
1459947872646269 135 2208052 45811 129 2082155 48985 0
1459947872647845 131 2203227 46679 123 2076926 49977 0
1459947872649680 138 2207739 47192 130 2081066 49888 0
1459947872651237 133 2205499 45569 125 2078482 48371 0
1459947872652903 135 2205994 42464 128 2079940 45936 0
1459947872654600 133 2203890 41084 124 2076164 45827 0
1459947872656570 142 2213471 46706 135 2086763 52017 0
1459947872658354 134 2212063 44354 126 2085014 49564 0
1459947872660275 139 2217165 45591 131 2089802 50105 0
1459947872662013 130 2210348 48312 124 2085256 50380 0
1459947872663713 133 2207904 46789 124 2081065 50307 0
1459947872665382 132 2204371 46389 127 2081041 46397 0
1459947872667102 137 2207514 45661 129 2083579 45112 0
1459947872668952 131 2202731 46501 124 2079519 45329 0
1459947872670908 136 2204722 44704 128 2080896 43057 0
1459947872672841 138 2209118 45263 132 2087286 45583 0
1459947872674900 145 2209118 45263 138 2087286 45583 1
1459947872677062 141 2217010 49002 132 2093176 47451 0
1459947872678920 134 2215326 46725 127 2092206 44636 0
1459947872680805 132 2211213 46865 121 2083632 49051 0
1459947872682641 137 2213821 45608 129 2085968 47371 0
1459947872684450 135 2213666 42186 128 2086841 44475 0
1459947872686282 136 2214803 39938 129 2088926 42922 0
1459947872687666 122 2214803 39938 116 2088926 42922 1
1459947872689220 127 2204331 46470 119 2078048 49595 0
1459947872690727 125 2192117 54098 117 2065460 57324 0
1459947872692352 135 2193657 51291 129 2069215 56307 0
1459947872694085 141 2202757 55672 133 2077797 59820 0
1459947872695985 141 2211146 59056 136 2089549 65979 0
1459947872697673 136 2212480 55672 128 2090142 61371 0
1459947872699251 133 2209870 53728 126 2088129 58431 0
1459947872700949 132 2206183 52928 123 2082433 59116 0
1459947872702577 129 2198944 55465 122 2075902 60516 0
1459947872704388 135 2199951 52059 128 2077562 57318 0
1459947872706148 138 2204719 52387 130 2081652 56610 0
1459947872707679 132 2201435 51321 125 2079022 54610 0
1459947872709304 135 2202247 48060 127 2079158 50468 0
1459947872711282 137 2205556 47355 130 2083123 50181 0
1459947872712943 133 2203486 45562 127 2082939 46429 0
1459947872714899 139 2209258 47323 132 2089169 48544 0
1459947872716761 136 2210739 44991 126 2087232 46536 0
1459947872718689 139 2215945 46275 132 2093127 48334 0
1459947872720395 138 2219464 45903 130 2096001 47206 0
1459947872722037 132 2215028 46405 128 2096090 43600 0
1459947872723769 131 2209658 47728 123 2089772 46016 0
1459947872725472 129 2202148 50921 122 2082668 48969 0
1459947872727096 130 2196505 52143 123 2077399 49999 0
1459947872728764 132 2193863 50504 125 2075102 48209 0
1459947872730491 137 2197827 50212 128 2076824 46030 0
1459947872732246 141 2206601 54378 132 2083532 48617 0
1459947872734014 138 2210850 54046 130 2087156 48158 0
1459947872735979 138 2214767 53434 129 2089216 46295 0
1459947872737927 138 2218378 52588 128 2089836 43249 0
1459947872739459 118 2218378 52588 113 2089836 43249 1
1459947872740790 96 2218378 52588 92 2089836 43249 1
1459947872742072 94 2218378 52588 88 2089836 43249 1
1459947872743275 105 2218378 52588 99 2089836 43249 1
1459947872744952 138 2221707 51548 130 2092967 42756 0
1459947872746538 137 2223496 49169 128 2093293 39716 0
1459947872748116 133 2220025 48526 125 2089754 39875 0
1459947872749836 136 2220665 45324 129 2091611 38471 0
1459947872751585 136 2221255 42327 124 2086923 39785 0
1459947872753385 138 2224359 41881 128 2087722 37412 0
1459947872755236 135 2223380 39510 127 2087178 34989 0
1459947872757136 134 2221198 38434 128 2087957 32973 0
1459947872758770 129 2212786 43184 123 2082275 35633 0
1459947872760516 131 2207592 44598 123 2077037 37677 0
1459947872762188 132 2204083 44346 122 2070928 40364 0
1459947872763932 137 2207249 43799 131 2076816 42638 0
1459947872765641 133 2205047 42406 124 2073284 42561 0
1459947872767380 133 2203017 40963 126 2072588 39875 0
1459947872769179 137 2206266 40757 129 2075787 39708 0
1459947872770770 129 2199021 44250 121 2068496 43326 0
1459947872772486 138 2203862 45255 131 2074574 45544 0
1459947872774123 136 2205765 43473 128 2076337 43611 0
1459947872776035 139 2211359 45233 128 2077963 41702 0
1459947872777696 132 2207556 45204 124 2074342 41781 0
1459947872779469 134 2206610 42543 127 2074844 38978 0
1459947872781192 135 2207018 39595 126 2074026 36685 0
1459947872783025 138 2211234 40388 130 2078392 37843 0
1459947872784907 138 2215121 40815 131 2083697 39777 0
1459947872786737 136 2216144 38569 129 2086028 38818 0
1459947872788527 134 2214527 37044 127 2085617 36163 0
1459947872790652 143 2214527 37044 134 2085617 36163 1
1459947872792446 139 2219437 38675 131 2090358 37707 0
1459947872794261 137 2221403 37465 128 2090888 35250 0
1459947872795995 134 2219375 36406 124 2086257 36764 0
1459947872797990 135 2218786 34103 128 2087108 34675 0
1459947872799832 140 2224643 36837 129 2089172 33869 0
1459947872801604 133 2221082 37241 126 2087235 33007 0
1459947872803313 132 2216519 38536 126 2085449 32073 0
1459947872805029 137 2218713 37548 129 2087643 31589 0
1459947872806957 139 2223296 38839 131 2092225 33345 0
1459947872808591 137 2224961 37338 131 2096449 34633 0
1459947872810641 143 2234175 42915 134 2104183 39057 0
1459947872812458 138 2236270 41493 129 2104913 36678 0
1459947872814175 133 2231801 42370 126 2101746 36730 0
1459947872815769 128 2231801 42370 119 2101746 36730 1
1459947872817530 135 2230241 40496 126 2098827 36550 0
1459947872819349 137 2231363 38366 128 2098696 33814 0
1459947872820997 136 2231117 35594 126 2096015 33643 0
1459947872822885 137 2232170 33784 130 2098663 33455 0
1459947872824680 135 2230581 32608 127 2097264 32129 0
1459947872826604 140 2235516 34610 131 2101095 33149 0
1459947872828367 134 2232386 34791 127 2099506 32022 0
1459947872830080 139 2235900 35312 130 2101882 31710 0
1459947872831591 133 2231460 36645 124 2096392 34292 0
1459947872833295 135 2229927 35195 128 2096451 31666 0
1459947872835187 139 2233633 35862 129 2097785 30422 0
1459947872836998 135 2231930 34629 129 2099015 29179 0
1459947872838769 135 2230360 33369 129 2100149 27944 0
1459947872840702 139 2234033 34148 130 2102474 27904 0
1459947872842500 136 2233579 31898 128 2102058 26107 0
1459947872844335 134 2230600 32150 128 2101674 24420 0
1459947872846161 138 2232974 31826 129 2102600 23366 0
1459947872847923 134 2230042 32041 125 2098334 25472 0
1459947872849805 139 2233739 32946 131 2102081 26936 0
1459947872851496 138 2235868 32334 131 2105535 28016 0
1459947872853311 136 2235270 30357 127 2103600 27610 0
1459947872855079 137 2235999 28657 127 2101816 27096 0
1459947872857019 138 2237951 28218 131 2105291 28183 0
1459947872858707 131 2230791 32613 125 2100815 30107 0
1459947872860339 136 2230590 30249 129 2101808 28670 0
1459947872862274 139 2234245 31254 131 2105284 29634 0
1459947872863928 136 2233774 29245 127 2103368 29083 0
1459947872865590 134 2230780 29719 129 2104162 27542 0
1459947872867602 142 2238260 34292 134 2111294 31965 0
1459947872869769 146 2238260 34292 138 2111294 31965 1
1459947872871573 137 2238755 32069 129 2111469 29628 0
1459947872873155 129 2238755 32069 121 2111469 29628 1
1459947872875045 135 2236652 31501 128 2110350 28344 0
1459947872876732 135 2234713 30825 125 2105478 30619 0
1459947872878707 137 2235486 29128 129 2106107 28806 0
1459947872880492 136 2234918 27374 127 2104127 28379 0
1459947872882427 140 2239515 29472 133 2109982 31558 0
1459947872884304 138 2241192 28715 130 2111539 30528 0
1459947872886044 134 2237618 29764 125 2106575 32719 0
1459947872887803 136 2236884 28114 124 2100718 35560 0
1459947872889458 136 2236207 26540 128 2100439 33037 0
1459947872891515 140 2240703 28611 132 2105302 34938 0
1459947872893490 139 2243568 29016 130 2107225 33981 0
1459947872895319 140 2247489 30363 133 2112838 36500 0
1459947872897260 141 2252383 32502 132 2116732 37238 0
1459947872898905 132 2245375 36421 125 2111362 39278 0
1459947872900641 136 2244035 34810 127 2108971 38412 0
1459947872902435 138 2245359 33311 131 2111887 38099 0
1459947872904230 138 2246580 31833 130 2113295 36420 0
1459947872906131 138 2247705 30384 129 2113313 33591 0
1459947872908022 140 2251303 31326 133 2118450 35702 0
1459947872909608 136 2249499 30540 127 2115506 35625 0
1459947872911347 135 2246556 30866 127 2112792 35342 0
1459947872913196 142 2252803 34213 135 2120530 39713 0
1459947872915215 140 2256002 34489 131 2122543 38466 0
1459947872917291 140 2258951 34513 133 2126959 39531 0
1459947872919011 136 2256550 34028 128 2124630 38588 0
1459947872920571 129 2245377 41669 123 2116083 43451 0
1459947872922459 135 2242756 40828 130 2117164 41052 0
1459947872924423 139 2245460 40131 131 2119440 39942 0
1459947872926211 138 2246673 38113 132 2122818 39935 0
1459947872928196 140 2250351 38526 131 2124652 38506 0
1459947872930039 138 2251182 36282 131 2126343 37056 0
1459947872932010 137 2250668 33920 126 2121502 38623 0
1459947872933798 133 2245074 36426 128 2119599 37358 0
1459947872935585 133 2239917 38333 124 2112725 40775 0
1459947872937238 130 2239917 38333 119 2112725 40775 1
1459947872938879 132 2233883 40900 123 2105108 44610 0
1459947872940563 133 2229600 41651 125 2100646 45236 0
1459947872942413 135 2228212 39676 126 2097813 44312 0
1459947872944244 137 2229492 37756 130 2100321 43162 0
1459947872946032 139 2233232 38254 132 2105193 44280 0
1459947872947732 133 2229000 39165 125 2100724 44939 0
1459947872949498 136 2228939 36160 128 2100444 41685 0
1459947872951020 132 2223763 38106 123 2093786 44565 0
1459947872952691 131 2217711 40706 126 2091488 43200 0
1459947872954515 136 2218532 38282 130 2094490 42592 0
1459947872956297 138 2221849 38349 130 2097257 41815 0
1459947872958226 136 2222347 35811 130 2099808 40900 0
1459947872959820 133 2218966 36129 125 2095760 41435 0
1459947872961612 136 2219689 33972 128 2095868 38297 0
1459947872963331 136 2220355 31931 129 2097248 36577 0
1459947872965023 131 2214569 34769 124 2092120 38445 0
1459947872966647 133 2211795 34608 126 2089953 37438 0
1459947872968588 136 2213078 33087 128 2090515 35031 0
1459947872970663 139 2218101 35132 131 2094873 36312 0
1459947872972722 139 2222731 36656 131 2098891 37179 0
1459947872974770 139 2227000 37727 130 2101315 36508 0
1459947872976792 139 2230935 38407 132 2106109 38075 0
1459947872978246 127 2219203 46221 121 2096449 44005 0
1459947872979870 131 2213507 47859 126 2093943 42876 0
1459947872981416 124 2213507 47859 117 2093943 42876 1
1459947872983103 131 2208256 48960 124 2089073 44014 0
1459947872984931 138 2212376 48933 129 2090984 42336 0
1459947872986643 136 2213614 46251 126 2088905 40943 0
1459947872988191 133 2210915 45124 125 2085709 40690 0
1459947872990058 138 2214827 45204 130 2089162 40695 0
1459947872991915 138 2218433 44996 129 2091066 39270 0
1459947872993840 136 2219197 42185 127 2090261 36943 0
1459947872995469 130 2212222 45318 122 2083119 40639 0
1459947872996907 126 2200672 52424 119 2072695 47073 0
1459947872998519 130 2195144 53423 121 2065645 49893 0
1459947873000334 139 2201568 55171 128 2068106 48264 0
1459947873002174 135 2202370 51599 129 2071655 47764 0
1459947873004279 144 2214629 58869 137 2085166 56488 0
1459947873005982 130 2208011 60369 124 2080982 55930 0
1459947873007739 135 2208310 55927 126 2079685 52755 0
1459947873009562 133 2206025 53662 126 2078489 49734 0
1459947873011008 129 2198799 56130 121 2070987 52763 0
1459947873012686 135 2199817 52683 127 2071751 49344 0
1459947873014663 139 2205876 54152 132 2078855 52038 0
1459947873016252 132 2202501 53031 125 2076444 50194 0
1459947873018086 134 2201950 49394 128 2078061 47763 0
1459947873020084 140 2209122 52147 130 2082112 47766 0
1459947873022175 141 2217014 55348 132 2088407 49837 0
1459947873023987 140 2223009 56550 131 2092930 50112 0
1459947873026121 140 2228536 57227 133 2099659 52401 0
1459947873027914 137 2229791 53913 129 2100743 49306 0
1459947873029699 135 2228388 50993 128 2100462 45711 0
1459947873031382 133 2224535 50560 126 2097643 44737 0
1459947873033232 136 2224823 46875 129 2098884 42385 0
1459947873034995 134 2222528 45327 127 2097468 40377 0
1459947873036880 135 2221693 42554 127 2096163 38424 0
1459947873038456 132 2217083 43478 122 2088560 42430 0
1459947873040187 135 2216673 40458 128 2089231 39733 0
1459947873042024 138 2220135 40488 131 2093689 40738 0
1459947873043852 136 2220766 37906 130 2096519 40164 0
1459947873045772 139 2225188 39021 132 2101688 41791 0
1459947873047420 134 2222865 38113 127 2100053 40032 0
1459947873049121 135 2222003 35928 127 2098546 38292 0
1459947873050754 133 2218649 36212 125 2094597 38940 0
1459947873052345 132 2214277 37412 124 2089676 40432 0
1459947873054044 134 2212806 35844 127 2088980 37914 0
1459947873055838 133 2210170 35472 125 2085778 37902 0
1459947873057617 135 2210300 32820 129 2087946 36939 0
1459947873059535 140 2216820 36265 131 2092505 38256 0
1459947873061506 140 2222830 38972 130 2095428 37961 0
1459947873063199 133 2219411 39078 126 2093002 37230 0
1459947873064912 136 2220099 36659 128 2093326 34619 0
1459947873066714 135 2219453 34389 126 2091064 33998 0
1459947873068688 137 2221418 33513 128 2091539 31779 0
1459947873070593 138 2224509 33744 130 2094537 32060 0
1459947873072370 135 2223519 32019 128 2094741 29743 0
1459947873074139 133 2220046 32718 127 2093649 28425 0
1459947873075820 135 2219404 30751 127 2092642 27131 0
1459947873077581 133 2216253 31252 126 2090434 27046 0
1459947873079425 138 2219748 32032 131 2094798 28956 0
1459947873081257 137 2221690 31319 130 2097541 29222 0
1459947873082971 132 2217080 33121 124 2092390 31686 0
1459947873084596 132 2212830 34450 125 2088922 32407 0
1459947873086504 137 2215312 34046 129 2090844 31647 0
1459947873088469 136 2216320 32316 130 2093896 31988 0
1459947873090415 137 2218530 31828 128 2094150 29722 0
1459947873092231 135 2218007 29822 125 2090544 30722 0
1459947873093603 127 2218007 29822 119 2090544 30722 1
1459947873095448 134 2216245 29116 127 2089780 29025 0
1459947873097331 137 2218460 28883 129 2091635 28468 0
1459947873099301 141 2225622 33229 134 2099746 33720 0
1459947873101279 140 2230945 35539 133 2105943 36798 0
1459947873103167 138 2233292 34926 131 2109096 36829 0
1459947873104875 134 2230336 34922 126 2105602 37171 0
1459947873106761 138 2232731 34400 129 2106221 34838 0
1459947873108569 139 2236218 34927 130 2108072 33822 0
1459947873110455 137 2236873 32802 130 2109778 32752 0
1459947873112322 137 2237477 30796 129 2110071 30463 0
1459947873113996 133 2232914 32596 126 2106501 31373 0
1459947873115724 134 2229987 32746 127 2104490 30774 0
1459947873117504 136 2229849 30313 129 2105196 29020 0
1459947873119442 144 2229849 30313 136 2105196 29020 1
1459947873121294 136 2229722 28061 130 2107127 28532 0
1459947873123120 136 2229604 25975 128 2106347 27020 0
1459947873124712 132 2224376 28764 124 2100508 30291 0
1459947873126382 136 2224676 26793 127 2098965 29345 0
1459947873128295 138 2227513 27314 131 2102663 30461 0
1459947873130097 134 2225008 27488 127 2100952 29657 0
1459947873131802 135 2223979 26288 127 2099375 28793 0
1459947873133664 138 2226870 26899 130 2101761 28742 0
1459947873135528 139 2230815 28434 131 2105240 29704 0
1459947873137582 143 2230815 28434 135 2105240 29704 1
1459947873139370 141 2237012 31925 133 2111008 32700 0
1459947873141070 136 2236325 30062 130 2112485 31507 0
1459947873142802 134 2233132 30656 128 2111287 30149 0
1459947873144661 137 2234028 29087 130 2112742 29135 0
1459947873146126 129 2224614 35491 123 2105124 33880 0
1459947873147925 137 2226176 34158 131 2108341 34198 0
1459947873149679 138 2228896 33996 132 2112586 35440 0
1459947873151224 125 2228896 33996 120 2112586 35440 1
1459947873152801 130 2221163 38468 124 2106260 38502 0
1459947873154586 137 2222994 37150 130 2108108 37198 0
1459947873156551 140 2228522 39343 133 2113652 39401 0
1459947873158299 134 2225938 38650 126 2109802 39870 0
1459947873160332 141 2232516 41694 133 2115213 41743 0
1459947873162222 137 2233460 39306 128 2113801 39781 0
1459947873164104 138 2235610 38217 131 2116340 39013 0
1459947873166100 141 2241432 40599 132 2119960 39303 0
1459947873167929 139 2244240 40015 131 2122018 38129 0
1459947873169702 133 2239148 41581 125 2116235 40480 0
1459947873171462 136 2238294 39118 124 2109624 43411 0
1459947873173220 133 2233667 40326 125 2104809 44457 0
1459947873175174 139 2237081 40323 130 2106770 42791 0
1459947873177347 143 2245349 44794 137 2117538 49374 0
1459947873179369 139 2247851 43600 132 2121065 48767 0
1459947873181223 136 2246317 41606 129 2120476 45499 0
1459947873182860 134 2242343 42018 127 2117373 44803 0
1459947873184649 135 2239959 40931 128 2115793 42758 0
1459947873186454 134 2236482 40938 129 2115616 39579 0
1459947873188336 136 2235836 38333 130 2116733 37516 0
1459947873189886 131 2235836 38333 121 2116733 37516 1
1459947873191677 138 2237801 37149 131 2119043 36714 0
1459947873193407 138 2239612 35916 131 2121172 35808 0
1459947873195176 137 2240002 33469 132 2124415 36000 0
1459947873197088 142 2246761 37085 131 2126125 34763 0
1459947873198874 134 2242752 37882 127 2122581 35313 0
1459947873200679 137 2242897 35055 129 2121874 33205 0
1459947873202476 137 2243030 32439 129 2121222 31210 0
1459947873204094 131 2235473 36870 126 2116781 32864 0
1459947873205943 133 2231066 38051 127 2113967 32889 0
1459947873207680 134 2228283 37642 128 2112653 31530 0
1459947873209297 127 2228283 37642 121 2112653 31530 1
1459947873210805 133 2224438 38245 125 2107601 33722 0
1459947873212659 138 2227293 37889 132 2111904 35054 0
1459947873214492 138 2229925 37355 130 2113311 33612 0
1459947873216386 139 2233632 37853 130 2114608 32182 0
1459947873218168 136 2233209 35284 130 2115804 30769 0
1459947873219966 137 2234099 33348 128 2114346 29708 0
1459947873221729 135 2232360 32345 131 2116842 29688 0
1459947873223645 139 2235876 33060 132 2120423 30669 0
1459947873225506 135 2233998 32208 129 2119884 28767 0
1459947873227293 137 2234826 30455 128 2118108 28156 0
1459947873229218 138 2236870 29959 128 2116470 27465 0
1459947873231147 135 2234914 29420 128 2114960 26710 0
1459947873232869 131 2234914 29420 123 2114960 26710 1
1459947873234968 140 2239511 31359 132 2118688 28060 0
1459947873237109 142 2246309 35176 134 2124685 31395 0
1459947873239056 135 2243616 34909 128 2122533 30924 0
1459947873240510 132 2237293 38009 126 2117990 32695 0
1459947873241974 129 2237293 38009 121 2117990 32695 1
1459947873243638 136 2236584 35692 129 2117642 30460 0
1459947873245305 135 2234650 34685 126 2113481 31915 0
1459947873247188 136 2234147 32437 128 2112205 30597 0
1459947873248880 135 2232404 31508 128 2111028 29290 0
1459947873250804 136 2232077 29347 129 2111223 27181 0
1459947873252753 143 2232077 29347 137 2111223 27181 1
1459947873254465 139 2235615 30316 132 2115243 28763 0
1459947873256408 141 2241437 33314 133 2120229 31112 0
1459947873258313 135 2239124 32842 129 2119706 29163 0
1459947873260139 137 2239552 30671 131 2121783 28799 0
1459947873261903 132 2233547 33809 126 2117298 30682 0
1459947873263840 141 2239531 36683 133 2122124 32733 0
1459947873265762 136 2238647 34631 128 2120173 31973 0
1459947873267471 134 2235272 35035 126 2115814 33492 0
1459947873269090 133 2230881 36344 124 2109236 36939 0
1459947873270857 137 2231953 34492 130 2110851 35542 0
1459947873272630 139 2235501 35068 132 2114900 36498 0
1459947873274489 138 2237492 34163 131 2117353 35907 0
1459947873276250 137 2238047 32006 128 2115774 34555 0
1459947873278131 137 2238559 29977 127 2113039 34376 0
1459947873279990 139 2241591 30430 130 2114357 32905 0
1459947873281673 128 2230306 38454 123 2106612 37473 0
1459947873283477 137 2231423 36479 131 2109712 37403 0
1459947873285266 136 2231173 33859 129 2110010 34755 0
1459947873287299 142 2238622 38080 132 2114125 35832 0
1459947873288941 132 2232689 40573 124 2107678 38974 0
1459947873290658 139 2236180 40621 129 2108135 36350 0
1459947873292366 137 2236838 38054 130 2109836 35079 0
1459947873294319 137 2237445 35640 128 2108845 33251 0
1459947873296123 132 2231604 38239 126 2105371 33855 0
1459947873297959 133 2227499 39034 127 2103448 32981 0
1459947873299526 133 2223715 39471 124 2097836 35577 0
1459947873301345 137 2225347 37891 131 2101622 36287 0
1459947873303132 136 2225571 35137 129 2102552 34310 0
1459947873304852 129 2216818 40459 122 2094450 39097 0
1459947873306433 132 2212589 41196 126 2092101 38207 0
1459947873308037 129 2204850 45110 123 2086095 40758 0
1459947873309845 137 2207956 44448 130 2089518 40729 0
1459947873311325 133 2205699 43055 125 2086274 40537 0
1459947873313210 142 2215138 48393 134 2094803 45233 0
1459947873315111 138 2218720 47914 133 2101386 47768 0
1459947873317093 139 2223302 48394 132 2106175 48451 0
1459947873318907 137 2224966 46147 129 2106750 45195 0
1459947873320657 134 2222660 44666 127 2104720 43535 0
1459947873322348 128 2212854 50215 122 2096448 47758 0
1459947873324264 133 2210214 48723 126 2093943 46335 0
1459947873325719 126 2198821 55418 119 2082673 53103 0
1459947873327359 132 2195998 53690 126 2081244 50271 0
1459947873329027 134 2195955 49533 125 2078646 48737 0
1459947873330996 139 2202316 51527 131 2083931 49801 0
1459947873333049 142 2212020 56446 134 2092643 53942 0
1459947873334888 129 2204325 59128 123 2086595 55302 0
1459947873336681 133 2202352 56326 126 2084859 52580 0
1459947873338346 135 2203093 52608 128 2085819 49357 0
1459947873340264 139 2208896 53848 131 2090544 49856 0
1459947873342316 141 2216806 56933 132 2096180 51156 0
1459947873344117 136 2217698 53307 129 2097535 48409 0
1459947873345971 133 2214680 51923 125 2093665 48194 0
1459947873347551 129 2206778 55150 123 2087537 50076 0
1459947873349029 125 2194373 62276 120 2078048 54910 0
1459947873350986 139 2200857 63388 131 2083380 55535 0
1459947873352764 134 2200435 58823 126 2081895 52564 0
1459947873354650 135 2201326 55048 127 2081806 48538 0
1459947873356313 135 2202147 51504 124 2077884 48359 0
1459947873357912 129 2195224 53861 122 2071709 50272 0
1459947873359594 133 2193962 50816 124 2068576 49231 0
1459947873361314 131 2190238 50278 123 2064408 49225 0
1459947873363035 129 2184245 51874 122 2059286 50100 0
1459947873365016 134 2185120 48628 128 2062244 48912 0
1459947873366645 135 2187207 46752 127 2063691 46424 0
1459947873368592 135 2189131 44873 129 2067585 46386 0
1459947873370473 140 2197305 48902 132 2075014 49611 0
1459947873372303 137 2201000 48487 131 2080583 50869 0
1459947873373965 133 2199286 46277 127 2080597 46907 0
1459947873375826 138 2204106 47105 130 2084450 46794 0
1459947873377641 135 2204710 43981 128 2085442 44052 0
1459947873379602 139 2210387 45777 131 2090196 44993 0
1459947873381594 137 2213060 44664 129 2092019 43158 0
1459947873383438 137 2215524 43446 130 2094980 42515 0
1459947873385022 128 2206276 48576 123 2088749 44936 0
1459947873386838 136 2207990 46361 128 2089405 42030 0
1459947873388690 135 2208290 43016 128 2090010 39303 0
1459947873390547 140 2214967 45810 132 2095687 41466 0
1459947873392482 140 2221122 47905 132 2100921 43051 0
1459947873394404 139 2225516 48213 131 2104466 42955 0
1459947873396329 137 2227007 45821 130 2106454 41432 0
1459947873398160 136 2227102 42328 130 2108287 39885 0
1459947873399704 128 2216949 48380 122 2099737 44649 0
1459947873401457 133 2213989 47327 126 2096975 43706 0
1459947873402968 131 2208701 48503 123 2090588 46178 0
1459947873404622 132 2205106 48026 125 2087260 45637 0
1459947873406426 137 2208192 47118 129 2089312 43963 0
1459947873408323 139 2213597 48418 133 2096324 46992 0
1459947873410255 141 2221139 51588 134 2104068 50459 0
1459947873411844 133 2217852 50586 127 2102247 48194 0
1459947873413555 136 2218662 47380 128 2101848 44794 0
1459947873415337 138 2221969 46726 129 2102761 42135 0
1459947873417205 136 2222457 43525 127 2101042 40426 0
1459947873418913 136 2222907 40539 128 2100738 37547 0
1459947873420695 136 2223322 37753 128 2100457 34871 0
1459947873422616 138 2226264 37516 131 2104038 35448 0
1459947873424539 136 2226417 34726 129 2104780 33362 0
1459947873426446 137 2227838 33323 129 2105464 31385 0
1459947873428373 139 2231708 34286 130 2107374 30694 0
1459947873430135 136 2231435 31857 128 2106575 29032 0
1459947873431900 135 2229904 30779 126 2103278 29801 0
1459947873433615 134 2227212 30854 127 2101519 29093 0
1459947873435380 133 2223451 31910 127 2099897 28314 0
1459947873437093 131 2217423 34973 125 2095842 29838 0
1459947873438670 130 2210586 38542 124 2090824 32131 0
1459947873440388 135 2210683 35620 127 2090038 30344 0
1459947873442366 136 2212053 34100 130 2093153 30845 0
1459947873443914 126 2212053 34100 120 2093153 30845 1
1459947873445779 130 2205636 37350 124 2088345 32866 0
1459947873447702 138 2209960 38418 132 2094153 35652 0
1459947873449288 132 2206266 38820 126 2091827 35009 0
1459947873451173 135 2206701 36188 127 2090963 33069 0
1459947873452979 137 2209662 36090 129 2092726 32110 0
1459947873454760 128 2209662 36090 121 2092726 32110 1
1459947873456329 131 2204712 37833 125 2089231 32822 0
1459947873458219 133 2202708 36723 125 2086009 33226 0
1459947873460044 137 2205981 36871 131 2090719 34972 0
1459947873461692 133 2203878 35927 126 2088661 34135 0
1459947873463484 136 2205780 34873 129 2090604 33259 0
1459947873465099 130 2199853 37611 121 2082155 38448 0
1459947873466591 133 2198229 36168 126 2080766 36723 0
1459947873468455 137 2201852 36682 127 2080766 33854 0
1459947873469923 126 2201852 36682 119 2080766 33854 1
1459947873471293 122 2201852 36682 114 2080766 33854 1
1459947873472688 121 2201852 36682 115 2080766 33854 1
1459947873474207 126 2201852 36682 120 2080766 33854 1
1459947873476155 136 2203912 35715 130 2084606 34749 0
1459947873478068 134 2203251 33532 126 2083026 33490 0
1459947873479803 134 2202642 31473 128 2084129 31890 0
1459947873481433 129 2195680 35431 121 2076186 36720 0
1459947873482899 129 2189262 38578 121 2068863 40600 0
1459947873484388 132 2187185 37477 123 2064673 41290 0
1459947873486398 139 2194231 41044 128 2067210 40403 0
1459947873488331 137 2198166 41465 131 2073389 42942 0
1459947873490188 138 2203074 42749 131 2079085 44838 0
1459947873492078 137 2206318 42400 128 2080496 42636 0
1459947873493823 134 2205469 39869 126 2079237 40465 0
1459947873495707 137 2208526 39572 129 2081916 39773 0
1459947873497547 134 2207504 37421 127 2081826 36747 0
1459947873499421 137 2210402 37169 130 2085583 37339 0
1459947873501181 133 2207954 36521 126 2083926 35947 0
1459947873503050 137 2210817 36306 130 2087519 36450 0
1459947873504998 138 2214736 37082 130 2090831 36655 0
1459947873506858 141 2222189 41055 131 2095164 37786 0
1459947873508707 138 2225220 40641 131 2099159 38516 0
1459947873510076 127 2213934 47868 121 2090042 43910 0
1459947873511629 129 2206090 51358 124 2085477 44686 0
1459947873513236 131 2201419 51650 123 2079989 46253 0
1459947873514833 126 2190713 57483 119 2069809 52022 0
1459947873516791 138 2196203 58053 131 2075785 53466 0
1459947873518828 139 2202544 59363 133 2083854 56726 0
1459947873520370 129 2195590 61135 125 2081052 54876 0
1459947873521896 125 2184059 66987 118 2069509 61228 0
1459947873523502 128 2177269 68012 122 2063988 61533 0
1459947873525354 140 2186369 71087 134 2074258 66193 0
1459947873527134 135 2188358 67367 127 2074766 61489 0
1459947873528822 132 2186352 63951 124 2071394 59792 0
1459947873530494 133 2185783 59478 125 2069566 56804 0
1459947873532121 135 2187818 56707 127 2070441 53172 0
1459947873533716 135 2189694 54006 127 2071247 49760 0
1459947873535477 133 2188864 50551 127 2071990 46557 0
1459947873537549 139 2195779 52975 132 2079075 49451 0
1459947873539129 126 2185513 58299 120 2070247 53725 0
1459947873540573 129 2179889 58927 122 2064668 54669 0
1459947873542068 131 2177265 56741 124 2062085 52777 0
1459947873543968 137 2182526 57158 129 2066104 52358 0
1459947873545908 145 2182526 57158 135 2066104 52358 1
1459947873547812 137 2187376 57163 129 2069809 51683 0
1459947873549241 129 2181607 58015 122 2064265 52755 0
1459947873550867 133 2181408 53664 126 2064274 48641 0
1459947873552671 137 2186345 54022 130 2069402 49567 0
1459947873554469 135 2188336 51637 128 2071569 47692 0
1459947873556227 135 2190172 49294 128 2073567 45808 0
1459947873557900 131 2186744 48601 124 2070289 45250 0
1459947873559570 129 2181024 50076 124 2067267 44499 0
1459947873561404 133 2180871 46303 128 2069601 43174 0
1459947873563293 137 2185850 47275 129 2073033 42965 0
1459947873565255 140 2194280 51352 132 2080037 46065 0
1459947873566840 128 2186691 54335 123 2074974 47133 0
1459947873568599 131 2183535 52998 125 2072866 45392 0
1459947873570218 131 2180626 51538 125 2070923 43635 0
1459947873571876 133 2180504 47622 125 2069132 41876 0
1459947873573579 135 2182952 46157 127 2070041 39442 0
1459947873575485 135 2185208 44630 129 2073439 39492 0
1459947873577762 139 2192408 47781 132 2080411 42833 0
1459947873579721 136 2195206 46627 128 2081718 40691 0
1459947873581613 137 2199065 46542 129 2084203 39803 0
1459947873583438 139 2205183 48545 133 2091614 43525 0
1459947873585173 134 2204423 45452 127 2090766 40905 0
1459947873586873 132 2201162 44906 125 2087424 40789 0
1459947873588423 129 2194316 47707 121 2079224 45161 0
1459947873590022 129 2188005 49796 122 2072944 47420 0
1459947873591924 138 2193707 51161 132 2079955 50178 0
1459947873593804 139 2200243 53190 131 2085138 51035 0
1459947873595457 133 2198589 50558 127 2084796 47361 0
1459947873597338 132 2195784 49193 127 2084481 43950 0
1459947873599033 132 2193198 47732 124 2080350 44323 0
1459947873600904 134 2193374 44164 128 2081662 42070 0
1459947873602305 129 2187136 46463 123 2076472 43567 0
1459947873603992 134 2187786 43432 128 2078087 41652 0
1459947873605686 130 2183265 44205 122 2071896 44103 0
1459947873607324 134 2184217 41629 128 2073869 42475 0
1459947873609332 135 2186375 40365 129 2076967 42012 0
1459947873611147 139 2193484 43765 132 2083663 44902 0
1459947873612723 133 2192358 41382 127 2083436 41602 0
1459947873614487 135 2193880 39552 129 2085787 40518 0
1459947873616276 135 2195283 37755 126 2084114 38893 0
1459947873618019 134 2195296 34817 128 2085132 36793 0
1459947873619703 135 2196588 33287 129 2087351 35963 0
1459947873621572 136 2199059 32964 130 2090676 36218 0
1459947873623161 131 2194937 34187 123 2084781 38821 0
1459947873624852 136 2197537 33913 129 2087027 37859 0
1459947873626615 136 2199934 33473 129 2089098 36810 0
1459947873628091 129 2193184 37079 122 2082047 40433 0
1459947873630039 135 2194641 35525 129 2084507 39541 0
1459947873631808 137 2198544 36347 131 2089334 40901 0
1459947873633464 131 2194462 37269 126 2087384 39501 0
1459947873635205 133 2193259 35465 128 2088147 37117 0
1459947873637071 135 2194710 34032 130 2091410 37225 0
1459947873638767 133 2193488 32499 127 2090578 35082 0
1459947873640365 134 2193641 30101 128 2091091 32814 0
1459947873642200 135 2195062 29059 131 2095404 34226 0
1459947873644258 141 2195062 29059 135 2095404 34226 1
1459947873646091 137 2198932 30356 131 2099380 35217 0
1459947873648162 137 2202500 31273 131 2103045 35844 0
1459947873650087 137 2205789 31861 129 2103864 33798 0
1459947873651979 137 2208821 32166 130 2105899 33033 0
1459947873653701 137 2211616 32230 129 2106495 31002 0
1459947873655431 132 2207793 33235 127 2104485 30431 0
1459947873656979 131 2202989 35066 126 2101352 30941 0
1459947873658698 132 2199840 35228 126 2098463 31185 0
1459947873660684 139 2205897 38059 134 2106040 35733 0
1459947873662549 141 2214041 42593 134 2113025 39380 0
1459947873664248 135 2213869 39423 129 2113064 36339 0
1459947873665981 132 2209870 40029 128 2111820 34645 0
1459947873668004 138 2213863 40582 132 2115794 35601 0
1459947873669783 134 2212424 38736 128 2114337 34161 0
1459947873671474 134 2211098 36931 129 2114274 31549 0
1459947873673233 135 2211155 34098 130 2115496 30210 0
1459947873675125 136 2212488 32663 129 2115342 27990 0
