1459947871376344 133 2179072 0 132 2162688 0 0
1459947871378266 133 2179072 0 131 2161408 1180 0
1459947871380294 137 2184192 4720 134 2164068 3539 0
1459947871382352 138 2190192 9882 134 2166520 5522 0
1459947871384172 132 2188043 11089 127 2159820 11265 0
1459947871386051 130 2183502 14408 127 2153644 16077 0
1459947871387992 132 2181875 14780 129 2150510 17708 0
1459947871390001 136 2185496 16963 134 2154021 19561 0
1459947871391982 138 2191394 21074 136 2159818 23376 0
1459947871393558 123 2177631 32114 123 2148522 31962 0
1459947871395245 127 2170063 36581 125 2140668 36703 0
1459947871396780 125 2160526 42514 123 2130868 42869 0
1459947871398420 128 2155574 43756 126 2125673 44307 0
1459947871400355 133 2157409 42029 130 2126004 41150 0
1459947871402320 132 2157821 39125 131 2127589 39397 0
1459947871404166 131 2156921 36897 129 2126491 37331 0
1459947871405887 124 2147131 43038 121 2115238 44786 0
1459947871407975 136 2153466 45515 133 2120225 45884 0
1459947871409901 132 2154186 42623 130 2120982 42997 0
1459947871411812 137 2161250 45805 131 2122960 41460 0
1459947871413551 135 2165202 45869 131 2124783 39901 0
1459947871415172 129 2161165 46006 125 2118784 42313 0
1459947871417012 131 2160003 43481 128 2117094 40564 0
1459947871418876 133 2161492 41457 131 2119376 39497 0
1459947871421156 146 2179505 54824 141 2134279 50150 0
1459947871423138 135 2182031 52868 134 2139058 50638 0
1459947871425176 136 2185639 52063 134 2143464 50742 0
1459947871427157 135 2187685 49882 131 2143685 46981 0
1459947871428607 108 2155012 76104 106 2111889 72621 0
1459947871430296 134 2158171 73070 131 2114577 69425 0
1459947871431910 129 2154683 70575 124 2108095 69975 0
1459947871433688 133 2156588 66817 129 2108520 64899 0
1459947871435711 136 2162184 66755 134 2115311 66089 0
1459947871437517 134 2164783 63935 131 2117732 63157 0
1459947871439396 140 2174859 68229 137 2127644 67359 0
1459947871441128 132 2173908 63774 128 2125261 64292 0
1459947871442747 127 2166631 65499 124 2117944 66013 0
1459947871444403 130 2163762 63024 129 2117599 61172 0
1459947871446366 134 2166238 60382 132 2121121 59639 0
1459947871448603 137 2172360 61308 133 2125648 59152 0
1459947871450471 131 2170324 58394 129 2124701 55402 0
1459947871452274 132 2169727 54380 130 2125108 51448 0
1459947871454055 129 2165337 54177 131 2126763 48954 0
1459947871455666 129 2161290 53674 127 2123169 48441 0
1459947871457601 137 2167799 55480 134 2128816 49862 0
1459947871459276 133 2168679 51956 132 2131462 48405 0
1459947871460760 128 2163090 53047 124 2123661 51814 0
1459947871462294 126 2155378 56010 121 2112629 57935 0
1459947871463956 130 2153389 53467 129 2112699 53473 0
1459947871465542 129 2150275 52159 126 2108924 52774 0
1459947871467393 133 2152524 50158 128 2108004 49498 0
1459947871469327 138 2160998 54051 136 2117396 54288 0
1459947871471359 137 2167530 55849 134 2123494 55668 0
1459947871473221 134 2169711 53496 132 2126556 54140 0
1459947871475108 134 2171722 51170 129 2125538 50847 0
1459947871477014 132 2171016 47822 129 2124600 47738 0
1459947871479016 134 2172925 45845 132 2127575 46751 0
1459947871480965 130 2169565 45360 128 2125198 45289 0
1459947871482946 135 2172867 44860 133 2129406 45630 0
1459947871484796 132 2172071 42088 130 2129446 42102 0
1459947871486678 131 2170057 40654 128 2126923 41137 0
1459947871488558 135 2173321 40486 135 2133557 44038 0
1459947871490304 132 2172490 38088 131 2134552 41515 0
1459947871492114 134 2174284 36766 133 2138030 41477 0
1459947871494041 135 2177218 36597 131 2138676 38831 0
1459947871496059 138 2183762 39770 136 2145671 42246 0
1459947871497684 129 2178275 41719 126 2139320 44799 0
1459947871499419 134 2179617 39696 131 2139865 41802 0
1459947871501129 128 2173174 42533 125 2132688 45152 0
1459947871502906 133 2173634 39634 130 2132471 41823 0
1459947871504786 133 2174058 36928 131 2133551 39551 0
1459947871506673 133 2174449 34404 129 2131987 37902 0
1459947871508509 131 2172250 33743 131 2133105 35971 0
1459947871510373 133 2172782 31597 131 2134136 34110 0
1459947871512490 137 2178393 34301 134 2138926 35861 0
1459947871514474 132 2177166 32752 125 2131822 39607 0
1459947871516407 131 2174754 32415 131 2132953 37555 0
1459947871518486 133 2175091 30193 131 2133996 35582 0
1459947871520335 132 2174122 28727 127 2129837 36635 0
1459947871522218 133 2174508 26838 130 2129843 33778 0
1459947871524164 135 2177424 27429 131 2131129 32324 0
1459947871525834 125 2167312 34607 125 2124634 35785 0
1459947871527474 132 2166950 32235 130 2125046 33369 0
1459947871529214 131 2165337 31202 128 2122866 32770 0
1459947871531110 132 2165130 28954 130 2123417 30717 0
1459947871532923 132 2164939 26866 130 2123925 28785 0
1459947871534812 139 2173723 32864 135 2130793 32867 0
1459947871536964 140 2183100 38941 137 2139684 38496 0
1459947871538638 128 2176385 42088 126 2133801 40911 0
1459947871540506 130 2172754 42145 131 2134777 38614 0
1459947871542473 134 2174527 40487 131 2135677 36427 0
1459947871544493 135 2177442 40010 133 2139067 36706 0
1459947871546624 137 2182689 41721 134 2143472 37899 0
1459947871548415 129 2177286 43441 125 2136013 41814 0
1459947871550326 133 2177425 40175 132 2138096 40468 0
1459947871552352 135 2180113 39514 134 2142577 41437 0
1459947871554374 138 2186431 42251 135 2147988 43187 0
1459947871556502 137 2190976 43140 134 2151696 43231 0
1459947871558641 137 2195166 43631 134 2155114 43004 0
1459947871560418 128 2187508 47281 125 2146745 47358 0
1459947871562225 129 2181728 48914 125 2139030 50769 0
1459947871564032 130 2177680 48823 127 2134478 50998 0
1459947871565701 127 2170108 51987 125 2127721 53241 0
1459947871567790 134 2172088 49750 133 2131732 52779 0
1459947871569951 135 2175193 48726 134 2136710 53244 0
1459947871571534 128 2169096 50539 126 2131059 54292 0
1459947871573194 129 2164755 50591 127 2127130 53672 0
1459947871574827 124 2154353 56226 123 2118387 57536 0
1459947871576351 127 2148604 57132 121 2107768 62830 0
1459947871578084 130 2147144 54013 124 2101818 63405 0
1459947871580138 135 2152198 54452 132 2106573 62834 0
1459947871582251 134 2155577 53312 129 2107116 58426 0
1459947871584357 137 2162532 55559 135 2115297 61403 0
1459947871586302 134 2165104 53589 131 2117719 58838 0
1459947871588309 136 2170035 53948 133 2122512 58659 0
1459947871590236 135 2173301 52743 132 2125650 56969 0
1459947871592171 138 2180151 54937 136 2133663 59905 0
1459947871594157 138 2186466 56467 137 2142330 63214 0
1459947871596154 135 2188448 53882 134 2146480 62101 0
1459947871598138 133 2187715 50347 129 2143906 59621 0
1459947871599938 131 2184479 49395 130 2142813 55970 0
1459947871601948 135 2186616 47506 131 2143085 51848 0
1459947871603961 132 2184746 45517 129 2140776 49925 0
1459947871605727 129 2179182 47088 126 2134807 51525 0
1459947871607653 132 2177893 44596 130 2134425 47850 0
1459947871609326 130 2174145 44566 127 2130233 47975 0
1459947871611300 138 2180929 47338 133 2134048 47743 0
1459947871613082 131 2178223 46132 131 2135005 44895 0
1459947871615088 134 2179569 43768 133 2138447 44560 0
1459947871617048 135 2182090 42672 134 2142900 45183 0
1459947871618984 137 2186974 43840 135 2148285 46618 0
1459947871620653 124 2174836 51604 121 2135330 54917 0
1459947871622530 131 2172606 49626 127 2131067 54555 0
1459947871624323 133 2173111 46213 131 2132257 51389 0
1459947871626447 139 2181256 50111 137 2141034 55465 0
1459947871628508 137 2186205 50758 135 2146565 56230 0
1459947871630267 129 2180527 52025 125 2138864 58935 0
1459947871632100 134 2181693 49035 131 2139445 54865 0
1459947871634111 135 2184048 47375 133 2142540 53432 0
1459947871636151 132 2182379 45211 131 2142834 49528 0
1459947871638178 137 2187240 46159 135 2148225 50627 0
1459947871639891 132 2185321 44320 129 2145514 49169 0
1459947871641526 130 2180992 44847 128 2141735 48810 0
1459947871643014 126 2171882 49741 123 2131851 54106 0
1459947871644540 129 2167323 50056 127 2127860 53557 0
1459947871646597 133 2168240 46991 130 2128020 49520 0
1459947871648228 127 2161406 49618 125 2121768 51414 0
1459947871650078 136 2166626 50553 132 2124964 50344 0
1459947871651782 129 2162478 50426 126 2120231 50773 0
1459947871653771 134 2165054 48861 133 2124827 51043 0
1459947871655515 129 2161029 48753 128 2122664 49048 0
1459947871657238 131 2159878 46004 129 2121950 45873 0
1459947871659051 133 2161377 43791 131 2123852 44043 0
1459947871660944 135 2165319 44003 131 2125606 42219 0
1459947871662632 129 2161273 44294 128 2123383 40969 0
1459947871664425 133 2162663 42114 131 2125173 39418 0
1459947871666139 128 2157544 43541 125 2119143 41896 0
1459947871667972 131 2156665 40948 126 2114864 42565 0
1459947871669810 135 2160975 41721 131 2117320 41503 0
1459947871671482 131 2159828 39517 127 2114464 40892 0
1459947871673445 136 2165171 41355 133 2119511 42350 0
1459947871675675 137 2171377 43845 134 2125444 44510 0
1459947871677448 130 2168138 43404 125 2119393 46609 0
1459947871679415 134 2170272 41980 133 2124055 47265 0
1459947871681420 133 2170959 39333 130 2124513 43994 0
1459947871683228 128 2165192 41575 127 2121095 43706 0
1459947871685168 135 2168836 41685 132 2124344 43286 0
1459947871686865 135 2172195 41525 133 2128619 43845 0
1459947871688925 142 2184252 49395 140 2141520 52312 0
1459947871690844 131 2181287 48269 127 2136773 52600 0
1459947871692681 135 2183673 46697 132 2138797 50356 0
1459947871694511 133 2183313 43379 131 2139383 46961 0
1459947871696341 133 2182981 40295 131 2139923 43790 0
1459947871698249 128 2176275 43327 128 2136581 43448 0
1459947871700298 135 2179053 42503 131 2137340 40753 0
1459947871702364 137 2184174 43903 133 2140600 40574 0
1459947871704389 136 2187615 43645 134 2144885 41354 0
1459947871706462 138 2193347 45519 134 2148835 41765 0
1459947871708528 139 2199911 48013 136 2155037 44219 0
1459947871710617 137 2203402 47480 135 2159474 44855 0
1459947871712482 135 2204061 44377 133 2161005 42761 0
1459947871714551 137 2207228 43830 135 2164976 43081 0
1459947871716567 135 2207588 40737 133 2166077 40730 0
1459947871718328 131 2202800 41967 128 2160692 42511 0
1459947871720227 129 2195826 45116 128 2155727 43765 0
1459947871721915 127 2186837 49877 125 2147310 48103 0
1459947871723758 136 2190070 48960 135 2152351 48991 0
1459947871725660 132 2187930 47107 129 2149318 47958 0
1459947871727442 134 2188517 43968 131 2149082 44428 0
1459947871729409 129 2182659 45933 126 2142464 47057 0
1459947871731214 129 2177258 47322 126 2136364 49003 0
1459947871733150 134 2178679 44934 131 2137140 45889 0
1459947871734845 126 2169749 49654 122 2126335 52262 0
1459947871736569 127 2162797 52182 126 2121495 52640 0
1459947871738553 131 2161508 49292 131 2123433 50313 0
1459947871740592 137 2168000 51426 136 2131619 53929 0
1459947871742499 132 2167585 47790 129 2130206 51017 0
1459947871744095 127 2160802 50308 126 2125063 51771 0
1459947871745801 132 2160949 46512 130 2125442 48075 0
1459947871747519 132 2161084 43003 127 2121951 47536 0
1459947871749599 139 2170169 48018 136 2130253 51475 0
1459947871751465 136 2174704 48447 133 2134066 50969 0
1459947871753278 137 2180165 49696 134 2138862 51408 0
1459947871755290 134 2181359 46914 130 2138163 48034 0
1459947871757000 130 2177340 46952 126 2132399 49594 0
1459947871758648 132 2176195 44338 130 2132205 45897 0
1459947871760255 126 2167459 48926 123 2123066 50735 0
1459947871762044 130 2164526 47806 129 2122321 47457 0
1459947871763920 133 2165662 45118 131 2124194 45476 0
1459947871766163 143 2179509 54358 140 2137441 54135 0
1459947871768027 135 2182034 52439 133 2140693 52903 0
1459947871770062 138 2188202 54028 133 2143691 51533 0
1459947871771924 134 2188768 50329 127 2138775 52037 0
1459947871773825 137 2193130 50418 136 2145763 54413 0
1459947871775255 121 2176671 61651 119 2130445 64282 0
1459947871777104 131 2174298 59021 129 2129123 60476 0
1459947871778722 129 2169550 58785 129 2127905 56873 0
1459947871780520 129 2165173 58226 127 2124222 55823 0
1459947871782472 132 2164978 53855 131 2125947 53051 0
1459947871784422 136 2169919 54202 134 2131377 53912 0
1459947871786556 136 2174474 54166 133 2135103 53135 0
1459947871788511 135 2177393 52625 132 2137258 50969 0
1459947871790427 136 2181364 52173 132 2139244 48818 0
1459947871792399 137 2186304 52651 134 2143635 49052 0
1459947871794415 136 2189579 51556 133 2146403 47771 0
1459947871796612 136 2192598 50311 130 2145115 45225 0
1459947871798588 131 2188981 49714 129 2142647 43965 0
1459947871800664 138 2194606 51016 137 2150612 47873 0
1459947871802599 133 2193392 48148 130 2148995 45622 0
1459947871804443 134 2193553 44534 132 2150064 43043 0
1459947871806243 128 2186021 47996 129 2147210 42310 0
1459947871807822 126 2176518 53006 123 2136899 48509 0
1459947871809705 133 2176717 49047 130 2136353 45221 0
1459947871811693 139 2184580 52464 133 2139690 44764 0
1459947871813491 136 2187989 51508 133 2142766 44102 0
1459947871815412 137 2192412 51560 133 2145602 43270 0
1459947871817194 132 2190089 49671 130 2144376 41018 0
1459947871819029 134 2190508 46176 131 2144526 37951 0
1459947871821179 134 2190894 42924 132 2145944 36294 0
1459947871823323 140 2198930 46978 137 2153652 40563 0
1459947871825165 137 2202498 46596 133 2155637 39224 0
1459947871827021 134 2201947 43462 131 2154907 36831 0
1459947871828871 130 2196319 45253 127 2149114 39292 0
1459947871830888 134 2196251 41779 130 2147614 37604 0
1459947871832525 129 2189788 44472 127 2142391 39480 0
1459947871834300 132 2187670 42948 128 2138856 39653 0
1459947871836034 131 2184438 42571 130 2138157 37198 0
1459947871837920 135 2186578 41218 133 2141353 37237 0
1459947871839663 130 2182151 42077 129 2139179 36330 0
1459947871841476 130 2178070 42550 126 2133335 38877 0
1459947871843305 133 2178148 39297 132 2135628 37953 0
1459947871845402 134 2179500 37472 132 2137742 36935 0
1459947871847386 134 2180746 35693 130 2137130 34612 0
1459947871849022 126 2171655 41284 120 2123766 44226 0
1459947871850801 129 2167114 42243 127 2120406 43866 0
1459947871852545 129 2162928 42800 127 2117309 43292 0
1459947871854242 133 2164189 40618 127 2114454 42540 0
1459947871856001 135 2167911 40875 128 2113102 40462 0
1459947871857807 136 2172622 42024 126 2109295 40808 0
1459947871859746 140 2172622 42024 132 2109295 40808 1
1459947871861528 141 2172622 42024 131 2109295 40808 1
1459947871863604 143 2172622 42024 136 2109295 40808 1
1459947871865333 132 2171845 39455 126 2105786 40853 0
1459947871867062 136 2176249 40432 127 2103831 39462 0
1459947871868965 137 2181589 42196 128 2103309 36860 0
1459947871870494 129 2181589 42196 122 2103309 36860 1
1459947871872162 133 2181392 39080 124 2097707 39143 0
1459947871874127 140 2181392 39080 132 2097707 39143 1
1459947871876009 140 2181392 39080 131 2097707 39143 1
1459947871877917 135 2183770 38218 128 2097663 36123 0
1459947871879697 134 2184682 36073 126 2095063 35696 0
1459947871881022 111 2184682 36073 102 2095063 35696 1
1459947871882584 138 2190643 38750 130 2097786 35417 0
1459947871884238 135 2192299 37248 128 2097736 32695 0
1459947871886080 137 2196385 38105 129 2098970 31277 0
1459947871887896 136 2198872 37421 130 2101387 31062 0
1459947871889373 126 2198872 37421 119 2101387 31062 1
1459947871891064 130 2193485 39463 124 2095936 33660 0
1459947871892589 128 2193485 39463 120 2095936 33660 1
1459947871894376 134 2193638 36521 127 2094751 32122 0
1459947871896141 135 2195060 34977 128 2094938 29784 0
1459947871897853 134 2195090 32272 126 2092550 29657 0
1459947871899797 138 2200238 34496 131 2096749 31211 0
1459947871901609 133 2198584 33325 126 2094220 31102 0
1459947871903130 128 2198584 33325 122 2094220 31102 1
1459947871904585 127 2198584 33325 122 2094220 31102 1
1459947871906391 135 2199619 31675 128 2094449 28883 0
1459947871908211 135 2200573 30080 128 2094660 26820 0
1459947871909946 131 2196333 31638 124 2089734 29264 0
1459947871911805 136 2198824 31462 129 2091593 28691 0
1459947871913877 139 2204960 34661 131 2095867 30389 0
1459947871915908 138 2209337 35988 130 2098527 30466 0
1459947871917802 135 2209532 33356 127 2097139 29363 0
1459947871919671 138 2213552 34456 131 2100980 30609 0
1459947871921591 141 2213552 34456 133 2100980 30609 1
1459947871923264 129 2213552 34456 120 2100980 30609 1
1459947871925005 133 2210858 34247 125 2096840 32032 0
1459947871926686 125 2210858 34247 118 2096840 32032 1
1459947871928375 131 2205814 36220 124 2091744 34226 0
1459947871930536 140 2212684 39724 131 2096006 35481 0
1459947871932662 139 2217738 41279 133 2102495 38691 0
1459947871934333 130 2217738 41279 121 2102495 38691 1
1459947871936163 136 2218557 38809 129 2103357 36463 0
1459947871938032 136 2219312 36473 131 2106712 36707 0
1459947871940053 143 2219312 36473 136 2106712 36707 1
1459947871941874 137 2221288 35444 131 2109805 36690 0
1459947871943714 137 2223109 34353 131 2112656 36451 0
1459947871945550 138 2226068 34397 131 2115284 36026 0
1459947871947299 136 2226236 31864 129 2115147 33336 0
1459947871948905 133 2222551 32770 125 2109901 35567 0
1459947871950887 140 2228114 35337 133 2115304 37769 0
1459947871952622 131 2221722 38468 124 2108765 40845 0
1459947871954460 138 2224789 38290 132 2112977 41536 0
1459947871956246 135 2223777 36230 127 2110460 40610 0
1459947871958290 144 2223777 36230 135 2110460 40610 1
1459947871960253 142 2223777 36230 134 2110460 40610 1
1459947871961946 133 2220284 36618 125 2105580 41935 0
1459947871963610 132 2215784 37905 127 2103641 40444 0
1459947871965275 133 2212915 37586 125 2099294 41291 0
1459947871967315 140 2219231 40471 131 2102966 41450 0
1459947871968920 130 2219231 40471 122 2102966 41450 1
1459947871970788 136 2219933 37956 129 2103791 38972 0
1459947871972424 133 2216740 37932 127 2101992 37585 0
1459947871974361 137 2218917 36975 131 2105453 37839 0
1459947871976270 141 2226044 40656 133 2111204 40184 0
1459947871978133 139 2230054 41176 130 2112666 38391 0
1459947871979930 138 2232471 40187 131 2115293 37813 0
1459947871981483 130 2232471 40187 123 2115293 37813 1
1459947871983321 134 2229579 39712 128 2113875 36164 0
1459947871985121 135 2228193 37886 128 2112568 34542 0
1459947871986797 136 2228195 34928 128 2111363 32953 0
1459947871988485 131 2228195 34928 123 2111363 32953 1
1459947871990089 133 2224357 35736 124 2105132 36121 0
1459947871991632 133 2220819 36205 125 2100668 37413 0
1459947871993374 137 2222677 35089 130 2102953 36596 0
1459947871995014 132 2217990 36667 124 2097379 38873 0
1459947871996914 141 2217990 36667 134 2097379 38873 1
1459947871998933 138 2221349 36899 132 2102481 40539 0
1459947872000643 132 2216766 38240 125 2098224 41294 0
1459947872002242 131 2211261 40326 123 2091740 44044 0
1459947872004089 134 2210026 38313 128 2092162 40992 0
1459947872005894 133 2207607 37548 126 2089991 39789 0
1459947872007529 133 2205377 36669 125 2086710 39704 0
1459947872009229 131 2200761 38058 125 2083685 39389 0
1459947872010790 132 2197786 37826 125 2080897 38881 0
1459947872012431 130 2192483 39757 125 2078326 38212 0
1459947872014281 131 2188875 39975 125 2075956 37410 0
1459947872016014 135 2190669 38504 129 2078891 37193 0
1459947872017805 136 2193602 38199 130 2082877 37962 0
1459947872019438 131 2189906 38620 125 2080152 37507 0
1459947872021304 135 2191619 37181 125 2077640 36891 0
1459947872023174 135 2193198 35732 128 2079164 35413 0
1459947872024867 134 2193374 33102 127 2079289 32761 0
1459947872026736 137 2197376 34205 131 2084524 35027 0
1459947872028646 134 2197226 31670 127 2084230 32560 0
1459947872030385 137 2200927 32607 128 2085239 30946 0
1459947872032134 137 2204339 33205 128 2086169 29386 0
1459947872033758 131 2199805 34789 123 2080627 32198 0
1459947872035428 136 2202025 34117 126 2079358 30851 0
1459947872037243 139 2207911 36877 131 2084588 33261 0
1459947872039061 137 2210777 36638 131 2089409 35106 0
1459947872040770 135 2210860 33851 130 2092573 35280 0
1459947872042571 138 2214776 34816 129 2094210 34032 0
1459947872044190 132 2210706 35847 127 2093159 32341 0
1459947872045905 134 2209514 34144 126 2090910 31886 0
1459947872047597 133 2207135 33668 124 2086277 33664 0
1459947872049344 135 2207502 31375 127 2085846 31430 0
1459947872051464 143 2207502 31375 135 2085846 31430 1
1459947872053475 136 2209120 30415 129 2088009 30968 0
1459947872055387 139 2214452 32953 134 2096403 36286 0
1459947872057281 139 2219367 34909 132 2101581 38224 0
1459947872059175 135 2218778 32723 129 2102514 36098 0
1459947872060846 131 2213115 35385 124 2096975 38383 0
1459947872062457 132 2209175 36251 126 2094428 37731 0
1459947872064273 131 2204263 37946 125 2090800 38126 0
1459947872066341 140 2211254 41426 131 2095136 39144 0
1459947872068093 138 2215139 41771 131 2099133 39770 0
1459947872070083 138 2218721 41809 132 2104098 41239 0
1459947872071880 135 2218183 39037 127 2102275 39697 0
1459947872073754 136 2218967 36710 129 2103154 37406 0
1459947872075608 140 2224810 39228 130 2105245 36410 0
1459947872077393 139 2228916 39948 130 2107172 35342 0
1459947872079159 136 2228861 36876 127 2105109 34481 0
1459947872080866 133 2224971 37580 126 2101927 34720 0
1459947872082633 139 2229065 38418 130 2104113 34023 0
1459947872084566 136 2228999 35476 127 2102289 33045 0
1459947872086412 139 2232778 36188 132 2107007 34813 0
1459947872088160 135 2231142 34867 127 2104957 33982 0
1459947872089943 134 2231142 34867 123 2104957 33982 1
1459947872091711 135 2229634 33533 126 2101787 34249 0
1459947872093630 139 2233363 34351 132 2106544 35959 0
1459947872095415 141 2239361 37196 135 2114770 40732 0
1459947872097355 139 2242330 37027 132 2118513 41000 0
1459947872099407 140 2246347 37838 133 2123244 42157 0
1459947872101322 135 2243651 37366 129 2122485 39562 0
1459947872103098 134 2239885 37917 126 2117945 40655 0
1459947872105207 139 2242813 37654 133 2122720 41880 0
1459947872107119 136 2241673 35762 128 2120722 40449 0
1459947872109014 137 2241902 33179 130 2121440 37950 0
1459947872111038 139 2244673 33140 132 2124662 37955 0
1459947872112846 141 2249787 35265 134 2130192 40087 0
1459947872114953 143 2249787 35265 133 2130192 40087 1
1459947872116748 135 2246822 35241 128 2127610 39334 0
1459947872118542 135 2244089 35006 127 2123950 39634 0
1459947872120327 133 2239009 36953 126 2119296 40827 0
1459947872121933 133 2234326 38382 125 2113726 42771 0
1459947872123520 134 2231289 38182 125 2108591 44162 0
1459947872125449 139 2234889 38518 132 2112817 44607 0
1459947872127376 138 2236928 37388 130 2114153 42353 0
1459947872129265 140 2241368 38560 133 2119224 43719 0
1459947872131350 140 2245461 39320 132 2122619 43433 0
1459947872133223 140 2249234 39726 131 2124469 41744 0
1459947872134997 139 2251432 38648 132 2127454 41234 0
1459947872136741 134 2247058 39659 127 2123806 41374 0
1459947872138895 140 2250706 39923 131 2125563 39761 0
1459947872140731 137 2250229 37243 132 2128463 39327 0
1459947872142388 136 2248509 35917 128 2126016 38509 0
1459947872144205 136 2246924 34570 129 2125041 36398 0
1459947872146098 141 2251863 36422 132 2127982 36265 0
1459947872147779 135 2248736 36458 128 2125573 35651 0
1459947872149319 131 2248736 36458 124 2125573 35651 1
1459947872151012 135 2245853 36266 127 2122072 36091 0
1459947872152855 136 2244475 34701 128 2120125 35065 0
1459947872154650 136 2243205 33159 130 2120890 33030 0
1459947872156363 136 2242034 31646 127 2117755 33338 0
1459947872158232 135 2239675 31347 128 2116145 32216 0
1459947872160187 136 2238780 29722 131 2118501 31871 0
1459947872162135 136 2237955 28159 130 2119393 30203 0
1459947872164099 139 2241034 28798 132 2122775 30961 0
1459947872165835 134 2237473 29830 128 2120773 30387 0
1459947872167638 132 2237473 29830 121 2120773 30387 1
1459947872169743 143 2237473 29830 136 2120773 30387 1
1459947872171867 143 2237473 29830 136 2120773 30387 1
1459947872173852 142 2237473 29830 134 2120773 30387 1
1459947872175846 137 2238030 28012 130 2121487 28671 0
1459947872177716 136 2237263 26529 130 2122145 27038 0
1459947872179363 134 2233996 27466 127 2118912 27905 0
1459947872181214 135 2232265 26915 128 2117212 27291 0
1459947872182909 137 2233229 25700 128 2115644 26602 0
1459947872184680 136 2232837 24052 129 2115479 24674 0
1459947872186441 135 2231196 23684 126 2111487 26425 0
1459947872188313 137 2232243 22799 131 2114207 26867 0
1459947872190048 136 2231929 21306 128 2112874 25996 0
1459947872191720 137 2232919 20554 127 2110365 26277 0
1459947872193515 138 2235112 20969 130 2111892 25632 0
1459947872195042 128 2235112 20969 121 2111892 25632 1
1459947872196967 137 2235853 20013 130 2113300 24927 0
1459947872198916 140 2235853 20013 134 2113300 24927 1
1459947872200988 140 2235853 20013 132 2113300 24927 1
1459947872202851 139 2239096 21439 131 2115878 25356 0
1459947872204763 138 2240806 21341 131 2118255 25566 0
1459947872206680 137 2241103 19946 128 2116606 25087 0
1459947872208327 129 2241103 19946 123 2116606 25087 1
1459947872210075 139 2243936 20999 131 2118926 25265 0
1459947872211911 139 2246548 21766 130 2119784 24082 0
1459947872213667 137 2246396 20204 132 2123135 25290 0
1459947872215474 135 2243696 21113 129 2122385 24005 0
1459947872217343 138 2245047 20708 131 2124253 23851 0
1459947872219054 132 2245047 20708 124 2124253 23851 1
1459947872220909 137 2245012 19121 130 2124695 22395 0
1459947872222661 137 2244980 17656 129 2123823 21448 0
1459947872224586 140 2244980 17656 132 2123823 21448 1
1459947872226489 137 2244950 16302 127 2120459 22872 0
1459947872228121 130 2244950 16302 123 2120459 22872 1
1459947872230145 140 2244950 16302 131 2120459 22872 1
1459947872232116 141 2244950 16302 133 2120459 22872 1
1459947872233954 137 2244923 15052 130 2121198 21766 0
1459947872235860 139 2247458 16213 131 2123159 21873 0
1459947872237608 138 2248515 15920 127 2119847 23217 0
1459947872239527 136 2246929 16137 130 2120633 22128 0
1459947872241515 136 2245467 16223 130 2121358 21067 0
1459947872243144 135 2242839 17376 127 2118186 22344 0
1459947872244754 135 2240417 18250 127 2115262 23292 0
1459947872246387 131 2240417 18250 123 2115262 23292 1
1459947872248258 139 2243304 19485 132 2118967 24887 0
1459947872250106 142 2243304 19485 134 2118967 24887 1
1459947872251723 130 2243304 19485 120 2118967 24887 1
1459947872253386 132 2243304 19485 124 2118967 24887 1
1459947872255354 139 2245965 20415 129 2118542 23333 0
1459947872257110 137 2245858 18917 128 2116870 23050 0
1459947872258769 133 2245858 18917 125 2116870 23050 1
1459947872260308 130 2245858 18917 123 2116870 23050 1
1459947872262153 136 2244480 18709 128 2115329 22669 0
1459947872263907 131 2244480 18709 124 2115329 22669 1
1459947872265559 132 2244480 18709 125 2115329 22669 1
1459947872266950 124 2244480 18709 115 2115329 22669 1
1459947872268660 135 2241930 19597 127 2112628 23386 0
1459947872270282 130 2241930 19597 122 2112628 23386 1
1459947872272027 136 2240859 19052 127 2110138 23852 0
1459947872273803 136 2239871 18472 126 2106563 25283 0
1459947872275663 134 2236401 20226 127 2104547 25164 0
1459947872277544 137 2237042 19236 131 2107809 26205 0
1459947872279256 135 2235073 19548 128 2106976 24924 0
1459947872280954 135 2233257 19693 128 2106208 23683 0
1459947872282763 135 2231583 19696 130 2108060 23539 0
1459947872284377 138 2233880 20275 130 2109767 23274 0
1459947872286272 138 2235998 20643 130 2111341 22906 0
1459947872288181 142 2235998 20643 133 2111341 22906 1
1459947872290028 136 2235998 20643 124 2111341 22906 1
1459947872291634 131 2235998 20643 123 2111341 22906 1
1459947872293132 133 2231550 23129 126 2107672 24497 0
1459947872295053 138 2233850 23442 131 2110690 25365 0
1459947872296821 137 2234690 22384 127 2108352 25538 0
1459947872298531 135 2232904 22280 128 2107477 24348 0
1459947872300251 137 2233818 21381 130 2109230 24061 0
1459947872301833 132 2233818 21381 124 2109230 24061 1
1459947872303707 137 2234660 20487 129 2109566 22491 0
1459947872305371 132 2234660 20487 125 2109566 22491 1
1459947872307312 141 2234660 20487 131 2109566 22491 1
1459947872309052 137 2235437 19602 130 2111156 22198 0
1459947872311064 137 2236153 18730 128 2110061 21471 0
1459947872312676 135 2234253 19017 126 2106492 23082 0
1459947872314307 132 2234253 19017 123 2106492 23082 1
1459947872316023 136 2233781 17965 130 2108322 22965 0
1459947872317645 135 2232066 18141 128 2107449 21974 0
1459947872319372 136 2231765 16999 129 2107924 20695 0
1459947872321308 137 2232768 16595 129 2108362 19482 0
1459947872322904 131 2232768 16595 122 2108362 19482 1
1459947872324446 126 2232768 16595 121 2108362 19482 1
1459947872326112 129 2232768 16595 121 2108362 19482 1
1459947872327996 139 2232768 16595 130 2108362 19482 1
1459947872329450 129 2232768 16595 120 2108362 19482 1
1459947872330771 122 2232768 16595 114 2108362 19482 1
1459947872332465 134 2232768 16595 125 2108362 19482 1
1459947872334243 135 2231133 16805 127 2106206 19946 0
1459947872335997 132 2231133 16805 125 2106206 19946 1
1459947872337626 132 2231133 16805 123 2106206 19946 1
1459947872339429 134 2228345 18061 128 2105498 19039 0
1459947872341370 139 2228345 18061 131 2105498 19039 1
1459947872343173 137 2229615 17820 131 2108685 20489 0
1459947872345127 142 2229615 17820 134 2108685 20489 1
1459947872346843 138 2232066 18686 130 2110343 20417 0
1459947872348525 131 2232066 18686 122 2110343 20417 1
1459947872350292 138 2234325 19309 128 2109312 19771 0
1459947872351829 131 2234325 19309 125 2109312 19771 1
1459947872353498 135 2232568 19419 128 2108362 19101 0
1459947872355035 130 2232568 19419 121 2108362 19101 1
1459947872356776 136 2232228 18213 128 2107486 18415 0
1459947872358716 136 2231915 17078 128 2106678 17720 0
1459947872360487 135 2230346 17188 128 2105933 17021 0
1459947872362308 138 2232740 18052 128 2105246 16323 0
1459947872364152 140 2232740 18052 133 2105246 16323 1
1459947872365826 132 2232740 18052 123 2105246 16323 1
1459947872367627 136 2232740 18052 126 2105246 16323 1
1459947872369471 140 2232740 18052 131 2105246 16323 1
1459947872371169 136 2232387 16966 129 2105893 15644 0
1459947872372734 133 2232387 16966 125 2105893 15644 1
1459947872374360 134 2232387 16966 125 2105893 15644 1
1459947872376106 131 2232387 16966 125 2105893 15644 1
1459947872377741 129 2232387 16966 124 2105893 15644 1
1459947872379481 135 2230781 17119 128 2105210 15050 0
1459947872381207 138 2233141 17956 130 2107140 15653 0
1459947872382849 127 2233141 17956 121 2107140 15653 1
1459947872384883 141 2233141 17956 134 2107140 15653 1
1459947872386728 136 2232756 16907 129 2107639 14890 0
1459947872388412 129 2232756 16907 124 2107639 14890 1
1459947872390062 134 2232756 16907 125 2107639 14890 1
1459947872391760 131 2232756 16907 122 2107639 14890 1
1459947872393369 135 2231121 17092 128 2106819 14481 0
1459947872395095 135 2229614 17144 129 2107343 13832 0
1459947872396753 134 2229614 17144 126 2107343 13832 1
1459947872398684 131 2229614 17144 125 2107343 13832 1
1459947872400761 136 2229614 17144 126 2107343 13832 1
1459947872402900 139 2229614 17144 131 2107343 13832 1
1459947872404745 136 2229505 15904 128 2106546 13484 0
1459947872406640 134 2229505 15904 126 2106546 13484 1
1459947872408461 137 2230684 15748 129 2107092 12933 0
1459947872410453 140 2230684 15748 133 2107092 12933 1
1459947872412426 138 2233051 16699 129 2107595 12386 0
1459947872414139 133 2233051 16699 126 2107595 12386 1
1459947872415946 128 2233051 16699 120 2107595 12386 1
1459947872417873 136 2232673 15741 129 2108059 11845 0
1459947872419574 134 2232673 15741 126 2108059 11845 1
1459947872421415 136 2232325 14831 130 2109766 12493 0
1459947872423192 141 2232325 14831 133 2109766 12493 1
1459947872424881 137 2233284 14556 131 2112620 14147 0
1459947872426822 136 2232888 13782 129 2112691 13107 0
1459947872428792 136 2232523 13040 131 2115317 14503 0
1459947872430780 139 2232523 13040 130 2115317 14503 1
1459947872432650 137 2233467 12891 131 2117737 15600 0
1459947872434038 120 2233467 12891 112 2117737 15600 1
1459947872435746 132 2233467 12891 125 2117737 15600 1
1459947872437674 137 2234337 12685 129 2117408 14683 0
1459947872439687 142 2234337 12685 132 2117408 14683 1
1459947872441615 143 2234337 12685 135 2117408 14683 1
1459947872443462 139 2234337 12685 132 2117408 14683 1
1459947872445204 134 2234337 12685 126 2117408 14683 1
1459947872447073 135 2234337 12685 126 2117408 14683 1
1459947872448711 135 2232579 13313 129 2117105 13813 0
1459947872450280 130 2232579 13313 123 2117105 13813 1
1459947872452089 138 2234798 14318 129 2116826 12990 0
1459947872453880 135 2233004 14852 128 2115288 13391 0
1459947872455902 138 2235190 15706 130 2116431 13397 0
1459947872457691 137 2235925 15156 129 2116204 12558 0
1459947872459452 137 2235925 15156 127 2116204 12558 1
1459947872461533 146 2235925 15156 137 2116204 12558 1
1459947872463186 132 2235925 15156 122 2116204 12558 1
1459947872464764 133 2235925 15156 125 2116204 12558 1
1459947872466270 126 2235925 15156 120 2116204 12558 1
1459947872467847 133 2235925 15156 124 2116204 12558 1
1459947872469781 140 2235925 15156 129 2116204 12558 1
1459947872471489 136 2235323 14525 129 2115995 11768 0
1459947872473119 131 2235323 14525 121 2115995 11768 1
1459947872474776 132 2235323 14525 124 2115995 11768 1
1459947872476454 131 2235323 14525 125 2115995 11768 1
1459947872478536 138 2237328 15238 130 2117082 11850 0
1459947872480419 140 2237328 15238 131 2117082 11850 1
1459947872482028 135 2237328 15238 126 2117082 11850 1
1459947872483643 135 2235336 15882 128 2115524 12359 0
1459947872485419 136 2234780 15153 129 2115368 11536 0
1459947872487162 137 2235547 14676 128 2113944 11945 0
1459947872488942 137 2236254 14181 131 2116472 13341 0
1459947872490687 133 2236254 14181 127 2116472 13341 1
1459947872492540 140 2236254 14181 131 2116472 13341 1
1459947872494390 139 2236254 14181 132 2116472 13341 1
1459947872496188 135 2234346 14831 128 2114962 13689 0
1459947872498006 135 2232587 15292 127 2112290 15081 0
1459947872499927 141 2232587 15292 135 2112290 15081 1
1459947872501876 141 2232587 15292 131 2112290 15081 1
1459947872503721 139 2232587 15292 132 2112290 15081 1
1459947872505660 140 2232587 15292 133 2112290 15081 1
1459947872507637 137 2233526 14962 129 2112387 13991 0
1459947872509610 136 2233111 14174 129 2112476 12979 0
1459947872511130 129 2233111 14174 120 2112476 12979 1
1459947872512529 127 2233111 14174 119 2112476 12979 1
1459947872513910 122 2233111 14174 116 2112476 12979 1
1459947872515577 130 2233111 14174 122 2112476 12979 1
1459947872517414 137 2234009 13894 130 2113838 13221 0
1459947872519236 137 2234837 13571 130 2115094 13346 0
1459947872521031 136 2234320 12986 130 2116252 13370 0
1459947872522467 134 2234320 12986 125 2116252 13370 1
1459947872524190 134 2234320 12986 125 2116252 13370 1
1459947872525782 134 2234320 12986 126 2116252 13370 1
1459947872527426 132 2234320 12986 124 2116252 13370 1
1459947872528911 128 2234320 12986 121 2116252 13370 1
1459947872530550 131 2234320 12986 123 2116252 13370 1
1459947872532008 121 2234320 12986 116 2116252 13370 1
1459947872533632 127 2234320 12986 122 2116252 13370 1
1459947872535511 137 2235123 12712 132 2119879 15669 0
1459947872537419 139 2235123 12712 132 2119879 15669 1
1459947872539510 140 2235123 12712 133 2119879 15669 1
1459947872541285 133 2235123 12712 125 2119879 15669 1
1459947872543162 137 2235864 12401 132 2123223 17527 0
1459947872544951 137 2236547 12061 131 2125026 17819 0
1459947872546737 135 2234616 12897 128 2122848 18433 0
1459947872548436 136 2234116 12349 127 2119560 20022 0
1459947872550249 140 2234116 12349 132 2119560 20022 1
1459947872552270 141 2234116 12349 133 2119560 20022 1
1459947872553784 123 2234116 12349 116 2119560 20022 1
1459947872555559 137 2234935 12139 129 2119089 18890 0
1459947872557074 128 2234935 12139 120 2119089 18890 1
1459947872558892 136 2234410 11673 129 2118655 17813 0
1459947872560451 135 2234410 11673 126 2118655 17813 1
1459947872562246 136 2234410 11673 126 2118655 17813 1
1459947872563922 133 2234410 11673 126 2118655 17813 1
1459947872565878 138 2236486 12675 130 2119535 17232 0
1459947872567664 135 2234560 13459 128 2117786 17497 0
1459947872569391 132 2234560 13459 123 2117786 17497 1
1459947872570972 135 2234560 13459 124 2117786 17497 1
1459947872572768 138 2236625 14310 129 2117453 16436 0
1459947872574373 131 2236625 14310 122 2117453 16436 1
1459947872576074 136 2235968 13797 128 2115866 16613 0
1459947872577852 134 2235968 13797 124 2115866 16613 1
1459947872579659 137 2236643 13341 128 2114403 16662 0
1459947872581507 132 2236643 13341 124 2114403 16662 1
1459947872583159 135 2234705 14084 128 2113055 16602 0
1459947872584782 132 2234705 14084 123 2113055 16602 1
1459947872586441 133 2230358 16989 128 2111812 16449 0
1459947872588561 139 2230358 16989 133 2111812 16449 1
1459947872590363 136 2230191 15814 128 2110666 16218 0
1459947872592199 138 2232597 16796 132 2114730 18696 0
1459947872593747 132 2232597 16796 125 2114730 18696 1
1459947872595471 135 2230975 16977 128 2113356 18500 0
1459947872597138 128 2230975 16977 121 2113356 18500 1
1459947872599049 142 2230975 16977 134 2113356 18500 1
1459947872600892 135 2229480 17028 130 2114650 18246 0
1459947872602605 130 2229480 17028 119 2114650 18246 1
1459947872604353 134 2226821 18147 127 2112002 19260 0
1459947872606058 130 2226821 18147 123 2112002 19260 1
1459947872607835 134 2224370 18987 129 2112121 17865 0
1459947872609795 137 2225951 18960 129 2112231 16570 0
1459947872611790 138 2228688 20001 132 2116172 18909 0
1459947872613733 139 2232491 21944 131 2118526 19601 0
1459947872615138 125 2232491 21944 118 2118526 19601 1
1459947872616640 124 2232491 21944 118 2118526 19601 1
1459947872618399 139 2235997 23461 132 2121976 21249 0
1459947872620175 134 2235997 23461 126 2121976 21249 1
1459947872622035 135 2234109 23367 127 2118756 22555 0
1459947872624030 138 2236209 23477 132 2122188 23956 0
1459947872626014 135 2234305 23397 127 2118952 25067 0
1459947872628037 135 2232549 23186 129 2118528 23498 0
1459947872629727 133 2228371 25225 126 2114298 25561 0
1459947872631270 129 2228371 25225 120 2114298 25561 1
1459947872633218 140 2228371 25225 131 2114298 25561 1
1459947872635174 138 2230919 25603 129 2114238 23618 0
1459947872637398 147 2230919 25603 141 2114238 23618 1
1459947872639269 139 2234548 26947 131 2116743 24081 0
1459947872641157 137 2235333 25565 128 2115212 23609 0
1459947872642873 132 2235333 25565 123 2115212 23609 1
1459947872644564 133 2235333 25565 125 2115212 23609 1
1459947872646269 135 2233497 25258 129 2115081 21884 0
1459947872647845 131 2233497 25258 123 2115081 21884 1
1459947872649680 138 2235645 25264 130 2116240 21242 0
1459947872651237 133 2235645 25264 125 2116240 21242 1
1459947872652903 135 2233785 25004 128 2114748 20956 0
1459947872654600 133 2233785 25004 124 2114748 20956 1
1459947872656570 142 2233785 25004 135 2114748 20956 1
1459947872658354 134 2230790 25810 126 2110813 22945 0
1459947872660275 139 2234429 27148 131 2113585 23708 0
1459947872662013 130 2234429 27148 124 2113585 23708 1
1459947872663713 133 2234429 27148 124 2113585 23708 1
1459947872665382 132 2228824 30193 127 2111021 24218 0
1459947872667102 137 2230057 28970 129 2111217 22506 0
1459947872668952 131 2230057 28970 124 2111217 22506 1
1459947872670908 136 2229913 26837 128 2110118 21759 0
1459947872672841 138 2232341 26978 132 2114225 23845 0
1459947872674900 145 2232341 26978 138 2114225 23845 1
1459947872677062 141 2232341 26978 132 2114225 23845 1
1459947872678920 134 2229459 27526 127 2111611 24391 0
1459947872680805 132 2229459 27526 121 2111611 24391 1
1459947872682641 137 2230642 26466 129 2111761 22623 0
1459947872684450 135 2229173 25752 128 2110619 21907 0
1459947872686282 136 2229098 23808 129 2110846 20405 0
1459947872687666 122 2229098 23808 116 2110846 20405 1
1459947872689220 127 2229098 23808 119 2110846 20405 1
1459947872690727 125 2229098 23808 117 2110846 20405 1
1459947872692352 135 2227749 23190 129 2111056 19003 0
1459947872694085 141 2227749 23190 133 2111056 19003 1
1459947872695985 141 2227749 23190 136 2111056 19003 1
1459947872697673 136 2227786 21412 128 2109969 18519 0
1459947872699251 133 2223980 23247 126 2106407 20355 0
1459947872700949 132 2223980 23247 123 2106407 20355 1
1459947872702577 129 2223980 23247 122 2106407 20355 1
1459947872704388 135 2223031 22304 128 2105683 19430 0
1459947872706148 138 2225996 23295 130 2107576 19657 0
1459947872707679 132 2225996 23295 125 2107576 19657 1
1459947872709304 135 2224890 22494 127 2105481 20051 0
1459947872711282 137 2226430 22156 130 2107390 20244 0
1459947872712943 133 2222730 23835 127 2105310 20579 0
1459947872714899 139 2226999 25907 132 2109792 23103 0
1459947872716761 136 2227094 23971 126 2106244 24568 0
1459947872718689 139 2231022 25719 132 2110653 26713 0
1459947872720395 138 2233363 25867 130 2112158 26013 0
1459947872722037 132 2227841 28936 128 2110985 25060 0
1459947872723769 131 2227841 28936 123 2110985 25060 1
1459947872725472 129 2227841 28936 122 2110985 25060 1
1459947872727096 130 2227841 28936 123 2110985 25060 1
1459947872728764 132 2227841 28936 125 2110985 25060 1
1459947872730491 137 2229150 27882 128 2109904 24098 0
1459947872732246 141 2229150 27882 132 2109904 24098 1
1459947872734014 138 2231637 27996 130 2111467 23656 0
1459947872735979 138 2233930 27922 129 2111628 21956 0
1459947872737927 138 2236044 27689 128 2110497 21282 0
1459947872739459 118 2236044 27689 113 2110497 21282 1
1459947872740790 96 2236044 27689 92 2110497 21282 1
1459947872742072 94 2236044 27689 88 2110497 21282 1
1459947872743275 105 2236044 27689 99 2110497 21282 1
1459947872744952 138 2237993 27321 130 2112014 21017 0
1459947872746538 137 2238509 25662 128 2110852 20445 0
1459947872748116 133 2238509 25662 125 2110852 20445 1
1459947872749836 136 2237705 24397 129 2111061 19040 0
1459947872751585 136 2237705 24397 124 2111061 19040 1
1459947872753385 138 2239524 24167 128 2109974 18553 0
1459947872755236 135 2237361 24271 127 2107692 19206 0
1459947872757136 134 2234087 25392 128 2106868 18464 0
1459947872758770 129 2234087 25392 123 2106868 18464 1
1459947872760516 131 2234087 25392 123 2106868 18464 1
1459947872762188 132 2234087 25392 122 2106868 18464 1
1459947872763932 137 2234908 24165 131 2109948 19861 0
1459947872765641 133 2234908 24165 124 2109948 19861 1
1459947872767380 133 2230545 26298 126 2106388 21590 0
1459947872769179 137 2231643 25255 129 2106946 20417 0
1459947872770770 129 2231643 25255 121 2106946 20417 1
1459947872772486 138 2233935 25394 131 2110020 21655 0
1459947872774123 136 2233488 23821 128 2109014 20889 0
1459947872776035 139 2236916 25119 128 2108087 20111 0
1459947872777696 132 2236916 25119 124 2108087 20111 1
1459947872779469 134 2233676 26141 127 2105952 20506 0
1459947872781192 135 2231970 25670 126 2102704 21896 0
1459947872783025 138 2234237 25754 130 2104830 22145 0
1459947872784907 138 2236327 25667 131 2108070 23401 0
1459947872786737 136 2235693 24244 129 2108497 21965 0
1459947872788527 134 2232549 25246 127 2106330 22245 0
1459947872790652 143 2232549 25246 134 2106330 22245 1
1459947872792446 139 2236051 26501 131 2109452 23386 0
1459947872794261 137 2236719 25046 128 2108491 22443 0
1459947872795995 134 2236719 25046 124 2108491 22443 1
1459947872797990 135 2234775 24880 128 2107605 21505 0
1459947872799832 140 2239383 27184 129 2108068 20251 0
1459947872801604 133 2234671 29403 126 2104655 21814 0
1459947872803313 132 2229047 32289 126 2101508 23009 0
1459947872805029 137 2230262 30886 129 2102447 22077 0
1459947872806957 139 2233942 31866 131 2105873 23510 0
1459947872808591 137 2234775 30144 131 2109031 24584 0
1459947872810641 143 2234775 30144 134 2109031 24584 1
1459947872812458 138 2236823 29677 129 2109382 22987 0
1459947872814175 133 2232311 31517 126 2105866 24431 0
1459947872815769 128 2232311 31517 119 2105866 24431 1
1459947872817530 135 2230711 30528 126 2102625 25509 0
1459947872819349 137 2231796 29143 128 2102197 23910 0
1459947872820997 136 2231516 27123 126 2099242 24765 0
1459947872822885 137 2232538 25946 130 2101638 25039 0
1459947872824680 135 2230920 25408 127 2100007 24585 0
1459947872826604 140 2235829 27948 131 2103623 25998 0
1459947872828367 134 2232674 28671 127 2101837 25612 0
1459947872830080 139 2236166 29650 130 2104030 25633 0
1459947872831591 133 2236166 29650 124 2104030 25633 1
1459947872833295 135 2234265 29084 128 2103492 24125 0
1459947872835187 139 2237633 29915 129 2104276 22963 0
1459947872836998 135 2235617 29434 129 2104999 21835 0
1459947872838769 135 2233759 28846 129 2105665 20743 0
1459947872840702 139 2237166 29733 130 2107559 20868 0
1459947872842500 136 2236467 28053 128 2106745 19986 0
1459947872844335 134 2233263 28814 128 2105995 19114 0
1459947872846161 138 2235429 28559 129 2106584 18163 0
1459947872847923 134 2235429 28559 125 2106584 18163 1
1459947872849805 139 2238706 29348 131 2109687 19604 0
1459947872851496 138 2240447 28660 131 2112547 20709 0
1459947872853311 136 2239492 27300 127 2110064 21379 0
1459947872855079 137 2239891 25535 127 2107775 21817 0
1459947872857019 138 2241539 25059 131 2110785 22886 0
1459947872858707 131 2241539 25059 125 2110785 22886 1
1459947872860339 136 2240498 24059 129 2110999 21296 0
1459947872862274 139 2243379 24835 131 2113757 22174 0
1459947872863928 136 2242195 23985 127 2111179 22816 0
1459947872865590 134 2238543 25477 129 2111363 21202 0
1459947872867602 142 2238543 25477 134 2111363 21202 1
1459947872869769 146 2238543 25477 138 2111363 21202 1
1459947872871573 137 2239016 23922 129 2111532 19701 0
1459947872873155 129 2239016 23922 121 2111532 19701 1
1459947872875045 135 2236892 24010 128 2110408 19196 0
1459947872876732 135 2236892 24010 125 2110408 19196 1
1459947872878707 137 2237494 22689 129 2110652 17921 0
1459947872880492 136 2236769 21583 127 2108317 18672 0
1459947872882427 140 2236769 21583 133 2108317 18672 1
1459947872884304 138 2238661 21640 130 2110004 18768 0
1459947872886044 134 2238661 21640 125 2110004 18768 1
1459947872887803 136 2238661 21640 124 2110004 18768 1
1459947872889458 136 2237845 20700 128 2108999 18226 0
1459947872891515 140 2237845 20700 132 2108999 18226 1
1459947872893490 139 2240933 21929 130 2110633 18308 0
1459947872895319 140 2245060 24019 133 2115979 21806 0
1459947872897260 141 2245060 24019 132 2115979 21806 1
1459947872898905 132 2245060 24019 125 2115979 21806 1
1459947872900641 136 2243744 23354 127 2113228 22637 0
1459947872902435 138 2245091 22771 131 2115812 23250 0
1459947872904230 138 2246333 22137 130 2116914 22449 0
1459947872906131 138 2247478 21462 129 2116650 20938 0
1459947872908022 140 2251093 23118 133 2121526 23797 0
1459947872909608 136 2249306 22958 127 2118341 24872 0
1459947872911347 135 2246378 23862 127 2115405 25634 0
1459947872913196 142 2246378 23862 135 2115405 25634 1
1459947872915215 140 2250079 25409 131 2117818 25856 0
1459947872917291 140 2253491 26569 133 2122603 28247 0
1459947872919011 136 2251517 26312 128 2120614 27872 0
1459947872920571 129 2251517 26312 123 2120614 27872 1
1459947872922459 135 2248417 27113 130 2121341 26364 0
1459947872924423 139 2250679 27079 131 2123291 26101 0
1459947872926211 138 2251484 25705 132 2126368 26898 0
1459947872928196 140 2254786 26740 131 2127925 26231 0
1459947872930039 138 2255270 25097 131 2129360 25504 0
1459947872932010 137 2255270 25097 126 2129360 25504 1
1459947872933798 133 2249317 28623 128 2126843 25830 0
1459947872935585 133 2249317 28623 124 2126843 25830 1
1459947872937238 130 2249317 28623 119 2126843 25830 1
1459947872938879 132 2249317 28623 123 2126843 25830 1
1459947872940563 133 2249317 28623 125 2126843 25830 1
1459947872942413 135 2246389 29085 126 2121963 28310 0
1459947872944244 137 2246249 26940 130 2122584 26671 0
1459947872946032 139 2248680 27076 132 2125717 27475 0
1459947872947732 133 2248680 27076 125 2125717 27475 1
1459947872949498 136 2247081 26433 128 2123485 27385 0
1459947872951020 132 2247081 26433 123 2123485 27385 1
1459947872952691 131 2239207 31625 126 2118867 29501 0
1459947872954515 136 2238348 29944 130 2119730 27992 0
1459947872956297 138 2240117 29234 130 2120526 26538 0
1459947872958226 136 2239187 27806 130 2121259 25140 0
1459947872959820 133 2239187 27806 125 2121259 25140 1
1459947872961612 136 2238330 26422 128 2119375 24911 0
1459947872963331 136 2237540 25084 129 2118918 23384 0
1459947872965023 131 2237540 25084 124 2118918 23384 1
1459947872966647 133 2232972 27334 126 2114657 25484 0
1459947872968588 136 2232601 25539 128 2113289 24753 0
1459947872970663 139 2236099 26767 131 2115868 25196 0
1459947872972722 139 2239323 27647 131 2118245 25419 0
1459947872974770 139 2242295 28227 130 2119157 24273 0
1459947872976792 139 2245035 28547 132 2122557 25511 0
1459947872978246 127 2245035 28547 121 2122557 25511 1
1459947872979870 131 2237321 33426 126 2118012 27706 0
1459947872981416 124 2237321 33426 117 2118012 27706 1
1459947872983103 131 2237321 33426 124 2118012 27706 1
1459947872984931 138 2239170 32518 129 2117662 25863 0
1459947872986643 136 2238314 30765 126 2113499 27679 0
1459947872988191 133 2233685 32627 125 2108381 30233 0
1459947872990058 138 2235818 32044 130 2110063 29422 0
1459947872991915 138 2237784 31353 129 2110334 27373 0
1459947872993840 136 2237037 29591 127 2108024 27363 0
1459947872995469 130 2237037 29591 122 2108024 27363 1
1459947872996907 126 2237037 29591 119 2108024 27363 1
1459947872998519 130 2237037 29591 121 2108024 27363 1
1459947873000334 139 2240188 30184 128 2107174 26007 0
1459947873002174 135 2237973 29866 129 2107671 24433 0
1459947873004279 144 2237973 29866 137 2107671 24433 1
1459947873005982 130 2237973 29866 124 2107671 24433 1
1459947873007739 135 2235931 29414 126 2104289 25641 0
1459947873009562 133 2231488 31211 126 2101171 26510 0
1459947873011008 129 2231488 31211 121 2101171 26510 1
1459947873012686 135 2229953 30187 127 2099577 25907 0
1459947873014663 139 2233657 31243 132 2104507 28428 0
1459947873016252 132 2228112 33913 125 2100092 30276 0
1459947873018086 134 2225560 33614 128 2099862 28121 0
1459947873020084 140 2230888 35898 130 2102210 28088 0
1459947873022175 141 2237079 38801 132 2106934 30248 0
1459947873023987 140 2241507 39851 131 2110009 30719 0
1459947873026121 140 2245589 40500 133 2115404 33293 0
1459947873027914 137 2245512 37405 129 2115258 30825 0
1459947873029699 135 2242881 36907 128 2113843 29719 0
1459947873031382 133 2237895 38618 126 2109979 30959 0
1459947873033232 136 2237139 36296 129 2110256 28796 0
1459947873034995 134 2233882 36462 127 2107952 28669 0
1459947873036880 135 2232159 35200 127 2105828 28386 0
1459947873038456 132 2232159 35200 122 2105828 28386 1
1459947873040187 135 2230571 33913 128 2105150 26792 0
1459947873042024 138 2232947 33454 131 2108365 27661 0
1459947873043852 136 2232578 31180 130 2110048 27051 0
1459947873045772 139 2236077 31970 132 2114160 28728 0
1459947873047420 134 2232903 32397 127 2111551 28887 0
1459947873049121 135 2231257 31381 127 2109146 28847 0
1459947873050754 133 2227180 32687 125 2104368 30996 0
1459947873052345 132 2222141 34777 124 2098684 33813 0
1459947873054044 134 2220056 33981 127 2097284 32461 0
1459947873055838 133 2216854 34277 125 2093433 33473 0
1459947873057617 135 2216462 31960 129 2095003 32304 0
1459947873059535 140 2222500 35030 131 2099010 33474 0
1459947873061506 140 2228067 37425 130 2101424 33084 0
1459947873063199 133 2224239 38029 126 2098530 33166 0
1459947873064912 136 2224550 35344 128 2098422 30673 0
1459947873066714 135 2223557 33497 126 2095762 30727 0
1459947873068688 137 2225201 32396 128 2095870 28426 0
1459947873070593 138 2227997 32442 130 2098530 28657 0
1459947873072370 135 2226734 31070 128 2098422 26517 0
1459947873074139 133 2223010 32074 127 2097042 25716 0
1459947873075820 135 2222137 30372 127 2095770 24878 0
1459947873077581 133 2218772 31100 126 2093317 25194 0
1459947873079425 138 2222070 31710 131 2097456 27041 0
1459947873081257 137 2223830 30855 130 2099992 27266 0
1459947873082971 132 2223830 30855 124 2099992 27266 1
1459947873084596 132 2219053 32847 125 2095930 28879 0
1459947873086504 137 2221049 32120 129 2097305 27890 0
1459947873088469 136 2221609 30126 130 2099853 28059 0
1459947873090415 137 2223405 29428 128 2099641 26060 0
1459947873092231 135 2222501 27960 125 2095606 27743 0
1459947873093603 127 2222501 27960 119 2095606 27743 1
1459947873095448 134 2220388 27722 127 2094446 26643 0
1459947873097331 137 2222280 27300 129 2095937 25935 0
1459947873099301 141 2222280 27300 134 2095937 25935 1
1459947873101279 140 2222280 27300 133 2095937 25935 1
1459947873103167 138 2225304 27955 131 2099871 27535 0
1459947873104875 134 2222972 27920 126 2097098 27938 0
1459947873106761 138 2225942 28476 129 2098382 26938 0
1459947873108569 139 2229960 29955 130 2100845 27104 0
1459947873110455 137 2231104 28669 130 2103116 27080 0
1459947873112322 137 2232159 27401 129 2103930 25714 0
1459947873113996 133 2228011 29083 126 2100840 26553 0
1459947873115724 134 2225467 29154 127 2099271 25923 0
1459947873117504 136 2225682 27074 129 2100385 24924 0
1459947873119442 144 2225682 27074 136 2100385 24924 1
1459947873121294 136 2225880 25141 130 2102692 25103 0
1459947873123120 136 2226063 23344 128 2102259 23539 0
1459947873124712 132 2226063 23344 124 2102259 23539 1
1459947873126382 136 2226231 21675 127 2100580 23247 0
1459947873128295 138 2228946 22484 131 2104152 24723 0
1459947873130097 134 2226329 23138 127 2102325 24475 0
1459947873131802 135 2225197 22373 127 2100640 24114 0
1459947873133664 138 2227993 23203 130 2102927 24338 0
1459947873135528 139 2231851 24946 131 2106315 25560 0
1459947873137582 143 2231851 24946 135 2106315 25560 1
1459947873139370 141 2231851 24946 133 2106315 25560 1
1459947873141070 136 2231567 23258 130 2108159 25263 0
1459947873142802 134 2228745 24040 128 2107299 24081 0
1459947873144661 137 2229984 23303 130 2109066 23828 0
1459947873146126 129 2229984 23303 123 2109066 23828 1
1459947873147925 137 2231126 22535 131 2111975 24647 0
1459947873149679 138 2233459 22925 132 2115936 26373 0
1459947873151224 125 2233459 22925 120 2115936 26373 1
1459947873152801 130 2233459 22925 124 2115936 26373 1
1459947873154586 137 2234330 21935 130 2117028 25319 0
1459947873156551 140 2234330 21935 133 2117028 25319 1
1459947873158299 134 2231292 23020 126 2112915 27131 0
1459947873160332 141 2231292 23020 133 2112915 27131 1
1459947873162222 137 2232332 22180 128 2111683 26146 0
1459947873164104 138 2234571 22511 131 2114387 26596 0
1459947873166100 141 2234571 22511 132 2114387 26596 1
1459947873167929 139 2237915 23834 131 2116880 26816 0
1459947873169702 133 2237915 23834 125 2116880 26816 1
1459947873171462 136 2237915 23834 124 2116880 26816 1
1459947873173220 133 2237915 23834 125 2116880 26816 1
1459947873175174 139 2240997 24813 130 2117898 25660 0
1459947873177347 143 2240997 24813 137 2117898 25660 1
1459947873179369 139 2243839 25494 132 2121397 26880 0
1459947873181223 136 2242619 24626 129 2120782 25346 0
1459947873182860 134 2238934 26098 127 2117655 26246 0
1459947873184649 135 2236817 26010 128 2116053 25671 0
1459947873186454 134 2233585 26955 129 2115856 23846 0
1459947873188336 136 2233166 25235 130 2116954 22995 0
1459947873189886 131 2233166 25235 121 2116954 22995 1
1459947873191677 138 2235339 25267 131 2119246 23311 0
1459947873193407 138 2237343 25140 131 2121359 23437 0
1459947873195176 137 2237910 23698 132 2124587 24581 0
1459947873197088 142 2237910 23698 131 2124587 24581 1
1459947873198874 134 2234593 24903 127 2121163 25815 0
1459947873200679 137 2235375 23678 129 2120567 24347 0
1459947873202476 137 2236096 22493 129 2120017 22950 0
1459947873204094 131 2229081 27201 126 2115670 25163 0
1459947873205943 133 2225174 28676 127 2112943 25710 0
1459947873207680 134 2222852 28575 128 2111709 24838 0
1459947873209297 127 2222852 28575 121 2111709 24838 1
1459947873210805 133 2222852 28575 125 2111709 24838 1
1459947873212659 138 2225831 29088 132 2115691 26568 0
1459947873214492 138 2228577 29347 130 2116802 25516 0
1459947873216386 139 2232389 30568 130 2117826 24466 0
1459947873218168 136 2232063 28478 130 2118770 23425 0
1459947873219966 137 2233043 27156 128 2117081 23150 0
1459947873221729 135 2231386 26561 131 2119364 23445 0
1459947873223645 139 2234978 27797 132 2122748 24733 0
1459947873225506 135 2233170 27291 129 2122028 23463 0
1459947873227293 137 2234063 25981 128 2120084 23420 0
1459947873229218 138 2236166 25890 128 2118292 23241 0
1459947873231147 135 2234265 25618 128 2116640 22947 0
1459947873232869 131 2234265 25618 123 2116640 22947 1
1459947873234968 140 2238913 27900 132 2120237 24470 0
1459947873237109 142 2238913 27900 134 2120237 24470 1
1459947873239056 135 2236797 27669 128 2118433 24220 0
1459947873240510 132 2231007 30844 126 2114210 26219 0
1459947873241974 129 2231007 30844 121 2114210 26219 1
1459947873243638 136 2230789 28634 129 2114157 24218 0
1459947873245305 135 2229308 27760 126 2110268 25909 0
1459947873247188 136 2229223 25669 128 2109243 24828 0
1459947873248880 135 2227864 24914 128 2108298 23758 0
1459947873250804 136 2227892 22992 129 2108707 22278 0
1459947873252753 143 2227892 22992 137 2108707 22278 1
1459947873254465 139 2231757 24758 132 2112924 24424 0
1459947873256408 141 2231757 24758 133 2112924 24424 1
1459947873258313 135 2230200 24257 129 2112971 22559 0
1459947873260139 137 2231325 23398 131 2115575 23196 0
1459947873261903 132 2225962 26513 126 2111575 25069 0
1459947873263840 141 2225962 26513 133 2111575 25069 1
1459947873265762 136 2226138 24603 128 2110448 24148 0
1459947873267471 134 2223740 24889 126 2106849 25578 0
1459947873269090 133 2223740 24889 124 2106849 25578 1
1459947873270857 137 2225370 24446 130 2108651 25240 0
1459947873272630 139 2229432 26281 132 2112872 27159 0
1459947873274489 138 2231897 26500 131 2115483 27444 0
1459947873276250 137 2232890 25344 128 2114050 26619 0
1459947873278131 137 2233805 24207 127 2111449 26935 0
1459947873279990 139 2237208 25453 130 2112892 26160 0
1459947873281673 128 2237208 25453 123 2112892 26160 1
1459947873283477 137 2237786 23996 131 2115502 26522 0
1459947873285266 136 2237038 22809 129 2115348 24590 0
1459947873287299 142 2237038 22809 132 2115348 24590 1
1459947873288941 132 2237038 22809 124 2115348 24590 1
1459947873290658 139 2240189 23932 129 2115206 22798 0
1459947873292366 137 2240534 22380 130 2116355 22075 0
1459947873294319 137 2240852 20924 128 2114854 21732 0
1459947873296123 132 2234745 24918 126 2110911 23668 0
1459947873297959 133 2230395 26980 127 2108556 23988 0
1459947873299526 133 2230395 26980 124 2108556 23988 1
1459947873301345 137 2231505 25895 131 2111505 24831 0
1459947873303132 136 2231248 24107 129 2111663 23037 0
1459947873304852 129 2231248 24107 122 2111663 23037 1
1459947873306433 132 2225891 27160 126 2107969 24642 0
1459947873308037 129 2225891 27160 123 2107969 24642 1
1459947873309845 137 2227353 26386 130 2109683 24297 0
1459947873311325 133 2227353 26386 125 2109683 24297 1
1459947873313210 142 2227353 26386 134 2109683 24297 1
1459947873315111 138 2229981 26746 133 2115104 27395 0
1459947873317093 139 2233683 28069 132 2118821 28681 0
1459947873318907 137 2234536 26662 129 2118408 26820 0
1459947873320657 134 2231482 27393 127 2115467 27434 0
1459947873322348 128 2231482 27393 122 2115467 27434 1
1459947873324264 133 2227387 29026 126 2111476 28969 0
1459947873325719 126 2227387 29026 119 2111476 28969 1
1459947873327359 132 2222332 31417 126 2107796 30096 0
1459947873329027 134 2220232 30897 125 2103124 32050 0
1459947873330996 139 2224696 32598 131 2106497 32655 0
1459947873333049 142 2224696 32598 134 2106497 32655 1
1459947873334888 129 2224696 32598 123 2106497 32655 1
1459947873336681 133 2221131 33336 126 2103206 33135 0
1459947873338346 135 2220405 31400 128 2102733 30982 0
1459947873340264 139 2224855 33049 131 2106136 31699 0
1459947873342316 141 2224855 33049 132 2106136 31699 1
1459947873344117 136 2225118 30709 129 2106714 29754 0
1459947873345971 133 2221520 31625 125 2102126 31657 0
1459947873347551 129 2221520 31625 123 2102126 31657 1
1459947873349029 125 2221520 31625 120 2102126 31657 1
1459947873350986 139 2225883 33176 131 2105577 32364 0
1459947873352764 134 2223505 32775 126 2102358 32801 0
1459947873354650 135 2222593 31054 127 2100671 31792 0
1459947873356313 135 2221752 29401 124 2095276 34281 0
1459947873357912 129 2221752 29401 122 2095276 34281 1
1459947873359594 133 2218417 30177 124 2090302 36186 0
1459947873361314 131 2212783 33012 123 2084437 38764 0
1459947873363035 129 2205029 37579 122 2077750 41899 0
1459947873365016 134 2204281 35332 128 2079265 40022 0
1459947873366645 135 2204871 33115 127 2079382 37003 0
1459947873368592 135 2205415 31028 129 2082050 36571 0
1459947873370473 140 2205415 31028 132 2082050 36571 1
1459947873372303 137 2208476 31425 131 2087069 38340 0
1459947873373965 133 2206178 31086 127 2086576 35797 0
1459947873375826 138 2210460 32604 130 2089962 36121 0
1459947873377641 135 2210567 30155 128 2090523 33816 0
1459947873379602 139 2215786 32610 131 2094880 35191 0
1459947873381594 137 2218037 32137 129 2096337 33784 0
1459947873383438 137 2220112 31539 130 2098960 33562 0
1459947873385022 128 2210505 37930 123 2092418 36969 0
1459947873386838 136 2211889 36242 128 2092787 34421 0
1459947873388690 135 2211885 33413 128 2093128 32045 0
1459947873390547 140 2218281 36698 132 2098562 34550 0
1459947873392482 140 2224177 39266 132 2103571 36468 0
1459947873394404 139 2228333 40029 131 2106909 36695 0
1459947873396329 137 2229604 38073 130 2108706 35485 0
1459947873398160 136 2229496 35197 130 2110363 34239 0
1459947873399704 128 2229496 35197 122 2110363 34239 1
1459947873401457 133 2225556 36078 126 2106770 34875 0
1459947873402968 131 2225556 36078 123 2106770 34875 1
1459947873404622 132 2220644 37786 125 2102178 36382 0
1459947873406426 137 2222516 36558 129 2103065 34357 0
1459947873408323 139 2226801 37652 133 2109003 37146 0
1459947873410255 141 2233312 40712 134 2115757 40469 0
1459947873411844 133 2229074 41437 127 2113023 39826 0
1459947873413555 136 2229007 38260 128 2111783 37857 0
1459947873415337 138 2231505 37573 129 2111919 35025 0
1459947873417205 136 2231248 34873 127 2109485 34531 0
1459947873418913 136 2231011 32365 128 2108521 32721 0
1459947873420695 136 2230793 30036 128 2107632 30982 0
1459947873422616 138 2233152 29864 131 2110653 31346 0
1459947873424539 136 2232767 27884 129 2110878 29104 0
1459947873426446 137 2233692 26557 129 2111085 27021 0
1459947873428373 139 2237104 27628 130 2112556 26265 0
1459947873430135 136 2236410 26108 128 2111352 25322 0
1459947873431900 135 2234490 25837 126 2107682 26725 0
1459947873433615 134 2231440 26629 127 2105579 26575 0
1459947873435380 133 2227348 28319 127 2103640 26284 0
1459947873437093 131 2221016 31942 125 2099293 28237 0
1459947873438670 130 2213899 36006 124 2094005 30904 0
1459947873440388 135 2213738 33341 127 2092970 29442 0
1459947873442366 136 2214869 31779 130 2095856 29802 0
1459947873443914 126 2214869 31779 120 2095856 29802 1
1459947873445779 130 2208232 35414 124 2090837 32099 0
1459947873447702 138 2212353 36446 132 2096450 34765 0
1459947873449288 132 2208472 37174 126 2093944 34357 0
1459947873451173 135 2208735 34511 127 2092914 32620 0
1459947873452979 137 2211537 34397 129 2094525 31556 0
1459947873454760 128 2211537 34397 121 2094525 31556 1
1459947873456329 131 2206440 36407 125 2090890 32440 0
1459947873458219 133 2204301 35533 125 2087539 32993 0
1459947873460044 137 2207449 35659 131 2092130 34647 0
1459947873461692 133 2205232 34916 126 2089962 33938 0
1459947873463484 136 2207028 33843 129 2091803 32983 0
1459947873465099 130 2207028 33843 121 2091803 32983 1
1459947873466591 133 2204843 33212 126 2089660 32380 0
1459947873468455 137 2207949 33480 127 2088965 30490 0
1459947873469923 126 2207949 33480 119 2088965 30490 1
1459947873471293 122 2207949 33480 114 2088965 30490 1
1459947873472688 121 2207949 33480 115 2088965 30490 1
1459947873474207 126 2207949 33480 120 2088965 30490 1
1459947873476155 136 2209532 32324 130 2092164 31056 0
1459947873478068 134 2208432 30811 126 2089993 30629 0
1459947873479803 134 2207418 29337 128 2090552 28751 0
1459947873481433 129 2207418 29337 121 2090552 28751 1
1459947873482899 129 2207418 29337 121 2090552 28751 1
1459947873484388 132 2207418 29337 123 2090552 28751 1
1459947873486398 139 2212883 32083 128 2091067 26979 0
1459947873488331 137 2215361 31860 131 2095382 28849 0
1459947873490188 138 2218925 32656 131 2099360 30262 0
1459947873492078 137 2220931 31953 128 2099187 28055 0
1459947873493823 134 2218940 31290 126 2096468 28369 0
1459947873495707 137 2220945 30693 129 2097801 27381 0
1459947873497547 134 2218953 30130 127 2096470 26467 0
1459947873499421 137 2220957 29623 130 2099083 26808 0
1459947873501181 133 2217684 30324 126 2096372 27212 0
1459947873503050 137 2219787 29893 130 2098992 27502 0
1459947873504998 138 2223006 30524 130 2101408 27580 0
1459947873506858 141 2223006 30524 131 2101408 27580 1
1459947873508707 138 2225973 30874 131 2104915 28658 0
1459947873510076 127 2225973 30874 121 2104915 28658 1
1459947873511629 129 2225973 30874 124 2104915 28658 1
1459947873513236 131 2225973 30874 123 2104915 28658 1
1459947873514833 126 2225973 30874 119 2104915 28658 1
1459947873516791 138 2228708 30983 131 2108148 29399 0
1459947873518828 139 2232510 32067 133 2113688 32210 0
1459947873520370 129 2223215 38129 125 2108556 34423 0
1459947873521896 125 2223215 38129 118 2108556 34423 1
1459947873523502 128 2223215 38129 122 2108556 34423 1
1459947873525354 140 2228726 40230 134 2115345 37991 0
1459947873527134 135 2227406 38303 127 2112643 37512 0
1459947873528822 132 2222349 39971 124 2106312 40416 0
1459947873530494 133 2218967 39964 125 2101756 41457 0
1459947873532121 135 2218410 37354 127 2100116 39729 0
1459947873533716 135 2217896 34908 127 2098604 38018 0
1459947873535477 133 2214862 34976 127 2097210 36331 0
1459947873537549 139 2219745 36745 132 2102325 38207 0
1459947873539129 126 2219745 36745 120 2102325 38207 1
1459947873540573 129 2219745 36745 122 2102325 38207 1
1459947873542068 131 2214007 39163 124 2096800 40314 0
1459947873543968 137 2216397 38306 129 2098107 38369 0
1459947873545908 145 2216397 38306 135 2098107 38369 1
1459947873547812 137 2218600 37344 129 2099312 36482 0
1459947873549241 129 2218600 37344 122 2099312 36482 1
1459947873550867 133 2215511 37272 126 2096583 36146 0
1459947873552671 137 2217784 36455 130 2099187 35723 0
1459947873554469 135 2217319 34034 128 2099028 33078 0
1459947873556227 135 2216890 31769 128 2098881 30628 0
1459947873557900 131 2211375 34370 124 2093625 33079 0
1459947873559570 129 2203731 38730 124 2088780 34959 0
1459947873561404 133 2201804 37479 128 2089434 32829 0
1459947873563293 137 2205148 37632 129 2091316 31999 0
1459947873565255 140 2212070 41074 132 2096891 34639 0
1459947873566840 128 2203092 46141 123 2090511 37813 0
1459947873568599 131 2198655 46625 125 2087189 37919 0
1459947873570218 131 2194565 46752 125 2084127 37778 0
1459947873571876 133 2193354 44214 125 2081304 37427 0
1459947873573579 135 2194798 42090 127 2081262 34541 0
1459947873575485 135 2196129 40028 129 2083783 34166 0
1459947873577762 139 2202476 42751 132 2089947 37178 0
1459947873579721 136 2204487 41265 128 2090509 34791 0
1459947873581613 137 2207621 40930 129 2092307 33730 0
1459947873583438 139 2213070 42755 133 2099085 37342 0
1459947873585173 134 2211693 40682 127 2097653 35743 0
1459947873586873 132 2207864 41032 125 2093773 36526 0
1459947873588423 129 2207864 41032 121 2093773 36526 1
1459947873590022 129 2207864 41032 122 2093773 36526 1
1459947873591924 138 2212014 41652 132 2099156 38635 0
1459947873593804 139 2217120 43104 131 2102839 39011 0
1459947873595457 133 2214147 42476 127 2101114 37552 0
1459947873597338 132 2210126 42863 127 2099524 36083 0
1459947873599033 132 2206419 42930 124 2094218 38154 0
1459947873600904 134 2205562 40365 128 2094447 35384 0
1459947873602305 129 2198372 43838 123 2088258 38324 0
1459947873603992 134 2198144 40623 128 2088952 35969 0
1459947873605686 130 2198144 40623 122 2088952 35969 1
1459947873607324 134 2197934 37642 128 2089592 33748 0
1459947873609332 135 2199020 35702 129 2091462 32835 0
1459947873611147 139 2205141 38555 132 2097026 35398 0
1459947873612723 133 2203104 37419 127 2095755 33802 0
1459947873614487 135 2203786 35124 129 2097144 32441 0
1459947873616276 135 2204415 32959 126 2094584 32265 0
1459947873618019 134 2203715 31029 128 2094784 29929 0
1459947873619703 135 2204349 29189 129 2096249 28940 0
1459947873621572 136 2206214 28627 130 2098879 29104 0
1459947873623161 131 2206214 28627 123 2098879 29104 1
1459947873624852 136 2207933 27975 129 2100024 27885 0
1459947873626615 136 2209518 27250 129 2101079 26679 0
1459947873628091 129 2209518 27250 122 2101079 26679 1
1459947873630039 135 2209699 25288 129 2102052 25491 0
1459947873631808 137 2212426 25826 131 2105509 26686 0
1459947873633464 131 2207260 28570 126 2102296 27562 0
1459947873635205 133 2205057 28367 128 2101894 25778 0
1459947873637071 135 2205586 26638 130 2104083 25782 0
1459947873638767 133 2203514 26465 127 2102261 25446 0
1459947873640365 134 2202884 24977 128 2101861 23825 0
1459947873642200 135 2203583 23670 131 2105333 25163 0
1459947873644258 141 2203583 23670 135 2105333 25163 1
1459947873646091 137 2206788 24774 131 2108533 26147 0
1459947873648162 137 2209742 25561 131 2111483 26824 0
1459947873650087 137 2212465 26075 129 2111643 24875 0
1459947873651979 137 2214976 26352 130 2113070 24247 0
1459947873653701 137 2217291 26427 129 2113106 22385 0
1459947873655431 132 2213025 28294 127 2110579 22964 0
1459947873656979 131 2207812 30888 126 2106970 24496 0
1459947873658698 132 2204286 31723 126 2103642 25649 0
1459947873660684 139 2209996 34508 134 2110814 30257 0
1459947873662549 141 2209996 34508 134 2110814 30257 1
1459947873664248 135 2210140 31944 129 2111026 28089 0
1459947873665981 132 2206432 32865 128 2109942 26893 0
1459947873668004 138 2210694 34226 132 2114062 28589 0
1459947873669783 134 2209503 32649 128 2112740 27572 0
1459947873671474 134 2208405 31109 129 2112802 25474 0
1459947873673233 135 2208673 28925 130 2114139 24715 0
1459947873675125 136 2210200 28073 129 2114091 22827 0
