1459947871376344 133 2179072 0 132 2162688 0 0
1459947871378266 133 2179072 0 131 2161408 1180 0
1459947871380294 137 2184192 4720 134 2164068 3539 0
1459947871382352 138 2190192 9882 134 2166520 5522 0
1459947871384172 132 2188043 11089 127 2159820 11265 0
1459947871386051 130 2183502 14408 127 2153644 16077 0
1459947871387992 132 2181875 14780 129 2150510 17708 0
1459947871390001 136 2185496 16963 134 2154021 19561 0
1459947871391982 138 2191394 21074 136 2159818 23376 0
1459947871393558 123 2177631 32114 123 2148522 31962 0
1459947871395245 127 2170063 36581 125 2140668 36703 0
1459947871396780 125 2160526 42514 123 2130868 42869 0
1459947871398420 128 2155574 43756 126 2125673 44307 0
1459947871400355 133 2157409 42029 130 2126004 41150 0
1459947871402320 132 2157821 39125 131 2127589 39397 0
1459947871404166 131 2156921 36897 129 2126491 37331 0
1459947871405887 124 2147131 43038 121 2115238 44786 0
1459947871407975 136 2153466 45515 133 2120225 45884 0
1459947871409901 132 2154186 42623 130 2120982 42997 0
1459947871411812 137 2161250 45805 131 2122960 41460 0
1459947871413551 135 2165202 45869 131 2124783 39901 0
1459947871415172 129 2161165 46006 125 2118784 42313 0
1459947871417012 131 2160003 43481 128 2117094 40564 0
1459947871418876 133 2161492 41457 131 2119376 39497 0
1459947871421156 146 2179505 54824 141 2134279 50150 0
1459947871423138 135 2182031 52868 134 2139058 50638 0
1459947871425176 136 2185639 52063 134 2143464 50742 0
1459947871427157 135 2187685 49882 131 2143685 46981 0
1459947871428607 108 2155012 76104 106 2111889 72621 0
1459947871430296 134 2158171 73070 131 2114577 69425 0
1459947871431910 129 2154683 70575 124 2108095 69975 0
1459947871433688 133 2156588 66817 129 2108520 64899 0
1459947871435711 136 2162184 66755 134 2115311 66089 0
1459947871437517 134 2164783 63935 131 2117732 63157 0
1459947871439396 140 2174859 68229 137 2127644 67359 0
1459947871441128 132 2173908 63774 128 2125261 64292 0
1459947871442747 127 2166631 65499 124 2117944 66013 0
1459947871444403 130 2163762 63024 129 2117599 61172 0
1459947871446366 134 2166238 60382 132 2121121 59639 0
1459947871448603 137 2172360 61308 133 2125648 59152 0
1459947871450471 131 2170324 58394 129 2124701 55402 0
1459947871452274 132 2169727 54380 130 2125108 51448 0
1459947871454055 129 2165337 54177 131 2126763 48954 0
1459947871455666 129 2161290 53674 127 2123169 48441 0
1459947871457601 137 2167799 55480 134 2128816 49862 0
1459947871459276 133 2168679 51956 132 2131462 48405 0
1459947871460760 128 2163090 53047 124 2123661 51814 0
1459947871462294 126 2155378 56010 121 2112629 57935 0
1459947871463956 130 2153389 53467 129 2112699 53473 0
1459947871465542 129 2150275 52159 126 2108924 52774 0
1459947871467393 133 2152524 50158 128 2108004 49498 0
1459947871469327 138 2160998 54051 136 2117396 54288 0
1459947871471359 137 2167530 55849 134 2123494 55668 0
1459947871473221 134 2169711 53496 132 2126556 54140 0
1459947871475108 134 2171722 51170 129 2125538 50847 0
1459947871477014 132 2171016 47822 129 2124600 47738 0
1459947871479016 134 2172925 45845 132 2127575 46751 0
1459947871480965 130 2169565 45360 128 2125198 45289 0
1459947871482946 135 2172867 44860 133 2129406 45630 0
1459947871484796 132 2172071 42088 130 2129446 42102 0
1459947871486678 131 2170057 40654 128 2126923 41137 0
1459947871488558 135 2173321 40486 135 2133557 44038 0
1459947871490304 132 2172490 38088 131 2134552 41515 0
1459947871492114 134 2174284 36766 133 2138030 41477 0
1459947871494041 135 2177218 36597 131 2138676 38831 0
1459947871496059 138 2183762 39770 136 2145671 42246 0
1459947871497684 129 2178275 41719 126 2139320 44799 0
1459947871499419 134 2179617 39696 131 2139865 41802 0
1459947871501129 128 2173174 42533 125 2132688 45152 0
1459947871502906 133 2173634 39634 130 2132471 41823 0
1459947871504786 133 2174058 36928 131 2133551 39551 0
1459947871506673 133 2174449 34404 129 2131987 37902 0
1459947871508509 131 2172250 33743 131 2133105 35971 0
1459947871510373 133 2172782 31597 131 2134136 34110 0
1459947871512490 137 2178393 34301 134 2138926 35861 0
1459947871514474 132 2177166 32752 125 2131822 39607 0
1459947871516407 131 2174754 32415 131 2132953 37555 0
1459947871518486 133 2175091 30193 131 2133996 35582 0
1459947871520335 132 2174122 28727 127 2129837 36635 0
1459947871522218 133 2174508 26838 130 2129843 33778 0
1459947871524164 135 2177424 27429 131 2131129 32324 0
1459947871525834 125 2167312 34607 125 2124634 35785 0
1459947871527474 132 2166950 32235 130 2125046 33369 0
1459947871529214 131 2165337 31202 128 2122866 32770 0
1459947871531110 132 2165130 28954 130 2123417 30717 0
1459947871532923 132 2164939 26866 130 2123925 28785 0
1459947871534812 139 2173723 32864 135 2130793 32867 0
1459947871536964 140 2183100 38941 137 2139684 38496 0
1459947871538638 128 2176385 42088 126 2133801 40911 0
1459947871540506 130 2172754 42145 131 2134777 38614 0
1459947871542473 134 2174527 40487 131 2135677 36427 0
1459947871544493 135 2177442 40010 133 2139067 36706 0
1459947871546624 137 2182689 41721 134 2143472 37899 0
1459947871548415 129 2177286 43441 125 2136013 41814 0
1459947871550326 133 2177425 40175 132 2138096 40468 0
1459947871552352 135 2180113 39514 134 2142577 41437 0
1459947871554374 138 2186431 42251 135 2147988 43187 0
1459947871556502 137 2190976 43140 134 2151696 43231 0
1459947871558641 137 2195166 43631 134 2155114 43004 0
1459947871560418 128 2187508 47281 125 2146745 47358 0
1459947871562225 129 2181728 48914 125 2139030 50769 0
1459947871564032 130 2177680 48823 127 2134478 50998 0
1459947871565701 127 2170108 51987 125 2127721 53241 0
1459947871567790 134 2172088 49750 133 2131732 52779 0
1459947871569951 135 2175193 48726 134 2136710 53244 0
1459947871571534 128 2169096 50539 126 2131059 54292 0
1459947871573194 129 2164755 50591 127 2127130 53672 0
1459947871574827 124 2154353 56226 123 2118387 57536 0
1459947871576351 127 2148604 57132 121 2107768 62830 0
1459947871578084 130 2147144 54013 124 2101818 63405 0
1459947871580138 135 2152198 54452 132 2106573 62834 0
1459947871582251 134 2155577 53312 129 2107116 58426 0
1459947871584357 137 2162532 55559 135 2115297 61403 0
1459947871586302 134 2165104 53589 131 2117719 58838 0
1459947871588309 136 2170035 53948 133 2122512 58659 0
1459947871590236 135 2173301 52743 132 2125650 56969 0
1459947871592171 138 2180151 54937 136 2133663 59905 0
1459947871594157 138 2186466 56467 137 2142330 63214 0
1459947871596154 135 2188448 53882 134 2146480 62101 0
1459947871598138 133 2187715 50347 129 2143906 59621 0
1459947871599938 131 2184479 49395 130 2142813 55970 0
1459947871601948 135 2186616 47506 131 2143085 51848 0
1459947871603961 132 2184746 45517 129 2140776 49925 0
1459947871605727 129 2179182 47088 126 2134807 51525 0
1459947871607653 132 2177893 44596 130 2134425 47850 0
1459947871609326 130 2174145 44566 127 2130233 47975 0
1459947871611300 138 2180929 47338 133 2134048 47743 0
1459947871613082 131 2178223 46132 131 2135005 44895 0
1459947871615088 134 2179569 43768 133 2138447 44560 0
1459947871617048 135 2182090 42672 134 2142900 45183 0
1459947871618984 137 2186974 43840 135 2148285 46618 0
1459947871620653 124 2186974 43840 121 2148285 46618 1
1459947871622530 131 2183796 43344 127 2143010 47837 0
1459947871624323 133 2183426 40297 131 2143267 44336 0
1459947871626447 139 2183426 40297 137 2143267 44336 1
1459947871628508 137 2188205 41554 135 2148624 45810 0
1459947871630267 129 2188205 41554 125 2148624 45810 1
1459947871632100 134 2188771 38829 131 2148442 42398 0
1459947871634111 135 2190573 37456 133 2150834 41291 0
1459947871636151 132 2188394 36537 131 2150480 38391 0
1459947871638178 137 2192785 37730 135 2155273 39810 0
1459947871639891 132 2190433 36949 129 2152012 39704 0
1459947871641526 130 2185705 38420 128 2147726 40553 0
1459947871643014 126 2185705 38420 123 2147726 40553 1
1459947871644540 129 2180066 40615 127 2142494 42206 0
1459947871646597 133 2179988 37512 130 2141511 39813 0
1459947871648228 127 2179988 37512 125 2141511 39813 1
1459947871650078 136 2183756 38055 132 2143165 38227 0
1459947871651782 129 2183756 38055 126 2143165 38227 1
1459947871653771 134 2184670 35923 133 2145970 37826 0
1459947871655515 129 2179112 38239 128 2142156 38385 0
1459947871657238 131 2176548 37613 129 2139920 37447 0
1459947871659051 133 2176745 34855 131 2140418 34980 0
1459947871660944 135 2179486 34658 131 2140877 32670 0
1459947871662632 129 2174333 36699 128 2137460 33266 0
1459947871664425 133 2174703 34172 131 2138150 31304 0
1459947871666139 128 2174703 34172 125 2138150 31304 1
1459947871667972 131 2174703 34172 126 2138150 31304 1
1459947871669810 135 2177604 34176 131 2138787 29445 0
1459947871671482 131 2177604 34176 127 2138787 29445 1
1459947871673445 136 2181558 35151 133 2141934 30045 0
1459947871675675 137 2186483 36945 134 2146115 31551 0
1459947871677448 130 2186483 36945 125 2146115 31551 1
1459947871679415 134 2187184 34704 133 2148689 31459 0
1459947871681420 133 2186550 32576 130 2147222 30352 0
1459947871683228 128 2186550 32576 127 2147222 30352 1
1459947871685168 135 2188525 31852 132 2148430 29093 0
1459947871686865 135 2190346 31042 133 2150823 29026 0
1459947871688925 142 2190346 31042 140 2150823 29026 1
1459947871690844 131 2190346 31042 127 2150823 29026 1
1459947871692681 135 2192025 30164 132 2151749 27612 0
1459947871694511 133 2191013 28739 131 2151323 25846 0
1459947871696341 133 2190080 27353 131 2150930 24187 0
1459947871698249 128 2190080 27353 128 2150930 24187 1
1459947871700298 135 2191780 26783 131 2150568 22630 0
1459947871702364 137 2191780 26783 133 2150568 22630 1
1459947871704389 136 2194627 27314 134 2154074 24094 0
1459947871706462 138 2194627 27314 134 2154074 24094 1
1459947871708528 139 2194627 27314 136 2154074 24094 1
1459947871710617 137 2198531 28779 135 2158586 26371 0
1459947871712482 135 2199570 27488 133 2160186 25785 0
1459947871714551 137 2203088 28583 135 2164221 27490 0
1459947871716567 135 2203771 26979 133 2165381 26411 0
1459947871718328 131 2203771 26979 128 2165381 26411 1
1459947871720227 129 2203771 26979 128 2165381 26411 1
1459947871721915 127 2203771 26979 125 2165381 26411 1
1459947871723758 136 2205681 26632 135 2169010 27693 0
1459947871725660 132 2205681 26632 129 2169010 27693 1
1459947871727442 134 2204882 25287 131 2167236 27164 0
1459947871729409 129 2204882 25287 126 2167236 27164 1
1459947871731214 129 2204882 25287 126 2167236 27164 1
1459947871733150 134 2204145 23989 131 2165600 26548 0
1459947871734845 126 2204145 23989 122 2165600 26548 1
1459947871736569 127 2204145 23989 126 2165600 26548 1
1459947871738553 131 2199626 26279 131 2164092 25862 0
1459947871740592 137 2203140 27464 136 2169102 28459 0
1459947871742499 132 2203140 27464 129 2169102 28459 1
1459947871744095 127 2203140 27464 126 2169102 28459 1
1459947871745801 132 2199979 28231 130 2166040 29056 0
1459947871747519 132 2199979 28231 127 2166040 29056 1
1459947871749599 139 2199979 28231 136 2166040 29056 1
1459947871751465 136 2202185 28059 133 2167058 27724 0
1459947871753278 137 2205499 28921 134 2169276 27603 0
1459947871755290 134 2204714 27384 130 2166201 28280 0
1459947871757000 130 2204714 27384 126 2166201 28280 1
1459947871758648 132 2201430 28270 130 2163366 28682 0
1459947871760255 126 2201430 28270 123 2163366 28682 1
1459947871762044 130 2195843 31211 129 2159473 30029 0
1459947871763920 133 2194532 29979 131 2158444 28630 0
1459947871766163 143 2194532 29979 140 2158444 28630 1
1459947871768027 135 2195884 28882 133 2160055 27878 0
1459947871770062 138 2195884 28882 133 2160055 27878 1
1459947871771924 134 2195884 28882 127 2160055 27878 1
1459947871773825 137 2199690 30134 136 2165380 30609 0
1459947871775255 121 2199690 30134 119 2165380 30609 1
1459947871777104 131 2195519 31623 129 2161329 31950 0
1459947871778722 129 2189114 35056 129 2157595 32895 0
1459947871780520 129 2189114 35056 127 2157595 32895 1
1459947871782472 132 2187049 34220 131 2156712 31138 0
1459947871784422 136 2190265 34511 134 2159738 31495 0
1459947871786556 136 2193230 34547 133 2161248 30426 0
1459947871788511 135 2194683 33188 132 2161360 28151 0
1459947871790427 136 2197303 33010 132 2161463 26046 0
1459947871792399 137 2200998 33838 134 2164118 26459 0
1459947871794415 136 2203125 33154 133 2165286 25468 0
1459947871796612 136 2205085 32370 130 2162523 26025 0
1459947871798588 131 2205085 32370 129 2162523 26025 1
1459947871800664 138 2209452 33867 137 2168935 29902 0
1459947871802599 133 2207078 33408 130 2165886 30374 0
1459947871804443 134 2206170 31635 132 2165636 28231 0
1459947871806243 128 2197652 37014 129 2161565 29777 0
1459947871807822 126 2197652 37014 123 2161565 29777 1
1459947871809705 133 2196200 35460 130 2159092 29729 0
1459947871811693 139 2196200 35460 133 2159092 29729 1
1459947871813491 136 2198701 34995 133 2160652 28845 0
1459947871815412 137 2202287 35567 133 2162091 27917 0
1459947871817194 132 2199193 35639 130 2159577 28051 0
1459947871819029 134 2198901 33123 131 2158540 26814 0
1459947871821179 134 2198631 30783 132 2158864 25017 0
1459947871823323 140 2198631 30783 137 2158864 25017 1
1459947871825165 137 2202222 31689 133 2160442 24517 0
1459947871827021 134 2201693 29700 131 2159337 23619 0
1459947871828871 130 2201693 29700 127 2159337 23619 1
1459947871830888 134 2201205 27828 130 2157038 23891 0
1459947871832525 129 2201205 27828 127 2157038 23891 1
1459947871834300 132 2201205 27828 128 2157038 23891 1
1459947871836034 131 2196915 29606 130 2154919 23977 0
1459947871837920 135 2198081 28367 133 2156805 23842 0
1459947871839663 130 2192755 31058 129 2153424 25095 0
1459947871841476 130 2192755 31058 126 2153424 25095 1
1459947871843305 133 2191686 29616 132 2154147 23801 0
1459947871845402 134 2191980 27573 132 2154814 22556 0
1459947871847386 134 2192251 25668 130 2152869 22585 0
1459947871849022 126 2192251 25668 120 2152869 22585 1
1459947871850801 129 2192251 25668 127 2152869 22585 1
1459947871852545 129 2192251 25668 127 2152869 22585 1
1459947871854242 133 2192251 25668 127 2152869 22585 1
1459947871856001 135 2192251 25668 128 2152869 22585 1
1459947871857807 136 2192251 25668 126 2152869 22585 1
1459947871859746 140 2192251 25668 132 2152869 22585 1
1459947871861528 141 2192251 25668 131 2152869 22585 1
1459947871863604 143 2192251 25668 136 2152869 22585 1
1459947871865333 132 2192251 25668 126 2152869 22585 1
1459947871867062 136 2192251 25668 127 2152869 22585 1
1459947871868965 137 2192251 25668 128 2152869 22585 1
1459947871870494 129 2192251 25668 122 2152869 22585 1
1459947871872162 133 2192251 25668 124 2152869 22585 1
1459947871874127 140 2192251 25668 132 2152869 22585 1
1459947871876009 140 2192251 25668 131 2152869 22585 1
1459947871877917 135 2192251 25668 128 2152869 22585 1
1459947871879697 134 2192251 25668 126 2152869 22585 1
1459947871881022 111 2192251 25668 102 2152869 22585 1
1459947871882584 138 2192251 25668 130 2152869 22585 1
1459947871884238 135 2192251 25668 128 2152869 22585 1
1459947871886080 137 2192251 25668 129 2152869 22585 1
1459947871887896 136 2195061 26252 130 2151076 22472 0
1459947871889373 126 2195061 26252 119 2151076 22472 1
1459947871891064 130 2195061 26252 124 2151076 22472 1
1459947871892589 128 2195061 26252 120 2151076 22472 1
1459947871894376 134 2195061 26252 127 2151076 22472 1
1459947871896141 135 2195061 26252 128 2151076 22472 1
1459947871897853 134 2195061 26252 126 2151076 22472 1
1459947871899797 138 2195061 26252 131 2151076 22472 1
1459947871901609 133 2195061 26252 126 2151076 22472 1
1459947871903130 128 2195061 26252 122 2151076 22472 1
1459947871904585 127 2195061 26252 122 2151076 22472 1
1459947871906391 135 2195061 26252 128 2151076 22472 1
1459947871908211 135 2195061 26252 128 2151076 22472 1
1459947871909946 131 2195061 26252 124 2151076 22472 1
1459947871911805 136 2197651 26589 129 2148143 23419 0
1459947871913877 139 2197651 26589 131 2148143 23419 1
1459947871915908 138 2197651 26589 130 2148143 23419 1
1459947871917802 135 2197651 26589 127 2148143 23419 1
1459947871919671 138 2197651 26589 131 2148143 23419 1
1459947871921591 141 2197651 26589 133 2148143 23419 1
1459947871923264 129 2197651 26589 120 2148143 23419 1
1459947871925005 133 2197651 26589 125 2148143 23419 1
1459947871926686 125 2197651 26589 118 2148143 23419 1
1459947871928375 131 2197651 26589 124 2148143 23419 1
1459947871930536 140 2197651 26589 131 2148143 23419 1
1459947871932662 139 2197651 26589 133 2148143 23419 1
1459947871934333 130 2197651 26589 121 2148143 23419 1
1459947871936163 136 2200039 26712 129 2145439 24081 0
1459947871938032 136 2202240 26655 131 2145506 22261 0
1459947871940053 143 2202240 26655 136 2145506 22261 1
1459947871941874 137 2205550 27623 131 2145568 20578 0
1459947871943714 137 2208601 28277 131 2145625 19023 0
1459947871945550 138 2212694 29840 131 2145678 17584 0
1459947871947299 136 2213907 28626 129 2143166 18524 0
1459947871948905 133 2213907 28626 125 2143166 18524 1
1459947871950887 140 2213907 28626 133 2143166 18524 1
1459947871952622 131 2213907 28626 124 2143166 18524 1
1459947871954460 138 2217585 29780 132 2144691 18482 0
1459947871956246 135 2217585 29780 127 2144691 18482 1
1459947871958290 144 2217585 29780 135 2144691 18482 1
1459947871960253 142 2217585 29780 134 2144691 18482 1
1459947871961946 133 2217585 29780 125 2144691 18482 1
1459947871963610 132 2217585 29780 127 2144691 18482 1
1459947871965275 133 2217585 29780 125 2144691 18482 1
1459947871967315 140 2217585 29780 131 2144691 18482 1
1459947871968920 130 2217585 29780 122 2144691 18482 1
1459947871970788 136 2218416 28219 129 2142257 19281 0
1459947871972424 133 2218416 28219 127 2142257 19281 1
1459947871974361 137 2220462 27900 131 2142573 18065 0
1459947871976270 141 2220462 27900 133 2142573 18065 1
1459947871978133 139 2220462 27900 130 2142573 18065 1
1459947871979930 138 2223628 28639 131 2142864 16921 0
1459947871981483 130 2223628 28639 123 2142864 16921 1
1459947871983321 134 2223628 28639 128 2142864 16921 1
1459947871985121 135 2223628 28639 128 2142864 16921 1
1459947871986797 136 2223628 28639 128 2142864 16921 1
1459947871988485 131 2223628 28639 123 2142864 16921 1
1459947871990089 133 2223628 28639 124 2142864 16921 1
1459947871991632 133 2223628 28639 125 2142864 16921 1
1459947871993374 137 2225267 27912 130 2141852 16531 0
1459947871995014 132 2225267 27912 124 2141852 16531 1
1459947871996914 141 2225267 27912 134 2141852 16531 1
1459947871998933 138 2228058 28303 132 2143479 16739 0
1459947872000643 132 2228058 28303 125 2143479 16739 1
1459947872002242 131 2228058 28303 123 2143479 16739 1
1459947872004089 134 2228058 28303 128 2143479 16739 1
1459947872005894 133 2228058 28303 126 2143479 16739 1
1459947872007529 133 2228058 28303 125 2143479 16739 1
1459947872009229 131 2228058 28303 125 2143479 16739 1
1459947872010790 132 2228058 28303 125 2143479 16739 1
1459947872012431 130 2228058 28303 125 2143479 16739 1
1459947872014281 131 2228058 28303 125 2143479 16739 1
1459947872016014 135 2226790 27258 129 2141139 17587 0
1459947872017805 136 2226902 25231 130 2140262 17020 0
1459947872019438 131 2226902 25231 125 2140262 17020 1
1459947872021304 135 2226902 25231 125 2140262 17020 1
1459947872023174 135 2226902 25231 128 2140262 17020 1
1459947872024867 134 2226902 25231 127 2140262 17020 1
1459947872026736 137 2228285 24534 131 2140734 16125 0
1459947872028646 134 2228285 24534 127 2140734 16125 1
1459947872030385 137 2228285 24534 128 2140734 16125 1
1459947872032134 137 2228285 24534 128 2140734 16125 1
1459947872033758 131 2228285 24534 123 2140734 16125 1
1459947872035428 136 2228285 24534 126 2140734 16125 1
1459947872037243 139 2228285 24534 131 2140734 16125 1
1459947872039061 137 2229560 23792 131 2141169 15266 0
1459947872040770 135 2228175 23209 130 2140290 14883 0
1459947872042571 138 2230738 23758 129 2138199 15646 0
1459947872044190 132 2230738 23758 127 2138199 15646 1
1459947872045905 134 2230738 23758 126 2138199 15646 1
1459947872047597 133 2230738 23758 124 2138199 15646 1
1459947872049344 135 2230738 23758 127 2138199 15646 1
1459947872051464 143 2230738 23758 135 2138199 15646 1
1459947872053475 136 2230541 22082 129 2136272 16199 0
1459947872055387 139 2230541 22082 134 2136272 16199 1
1459947872057281 139 2230541 22082 132 2136272 16199 1
1459947872059175 135 2229079 21702 129 2134495 16570 0
1459947872060846 131 2229079 21702 124 2134495 16570 1
1459947872062457 132 2229079 21702 126 2134495 16570 1
1459947872064273 131 2229079 21702 125 2134495 16570 1
1459947872066341 140 2229079 21702 131 2134495 16570 1
1459947872068093 138 2231572 22304 131 2135417 16125 0
1459947872070083 138 2233870 22679 132 2137547 16829 0
1459947872071880 135 2233870 22679 127 2137547 16829 1
1459947872073754 136 2233428 21313 129 2135671 17243 0
1459947872075608 140 2233428 21313 130 2135671 17243 1
1459947872077393 139 2233428 21313 130 2135671 17243 1
1459947872079159 136 2233428 21313 127 2135671 17243 1
1459947872080866 133 2233428 21313 126 2135671 17243 1
1459947872082633 139 2233428 21313 130 2135671 17243 1
1459947872084566 136 2233428 21313 127 2135671 17243 1
1459947872086412 139 2233428 21313 132 2135671 17243 1
1459947872088160 135 2233428 21313 127 2135671 17243 1
1459947872089943 134 2233428 21313 123 2135671 17243 1
1459947872091711 135 2233428 21313 126 2135671 17243 1
1459947872093630 139 2233428 21313 132 2135671 17243 1
1459947872095415 141 2233428 21313 135 2135671 17243 1
1459947872097355 139 2233428 21313 132 2135671 17243 1
1459947872099407 140 2233428 21313 133 2135671 17243 1
1459947872101322 135 2231741 21201 129 2133941 17489 0
1459947872103098 134 2231741 21201 126 2133941 17489 1
1459947872105207 139 2231741 21201 133 2133941 17489 1
1459947872107119 136 2231741 21201 128 2133941 17489 1
1459947872109014 137 2232746 20470 130 2133626 16411 0
1459947872111038 139 2232746 20470 132 2133626 16411 1
1459947872112846 141 2232746 20470 134 2133626 16411 1
1459947872114953 143 2232746 20470 133 2133626 16411 1
1459947872116748 135 2232746 20470 128 2133626 16411 1
1459947872118542 135 2232746 20470 127 2133626 16411 1
1459947872120327 133 2232746 20470 126 2133626 16411 1
1459947872121933 133 2232746 20470 125 2133626 16411 1
1459947872123520 134 2232746 20470 125 2133626 16411 1
1459947872125449 139 2232746 20470 132 2133626 16411 1
1459947872127376 138 2234952 20904 130 2133336 15394 0
1459947872129265 140 2234952 20904 133 2133336 15394 1
1459947872131350 140 2234952 20904 132 2133336 15394 1
1459947872133223 140 2234952 20904 131 2133336 15394 1
1459947872134997 139 2234952 20904 132 2133336 15394 1
1459947872136741 134 2234952 20904 127 2133336 15394 1
1459947872138895 140 2234952 20904 131 2133336 15394 1
1459947872140731 137 2235706 19965 132 2135629 16304 0
1459947872142388 136 2235706 19965 128 2135629 16304 1
1459947872144205 136 2235121 18943 129 2133902 16621 0
1459947872146098 141 2235121 18943 132 2133902 16621 1
1459947872147779 135 2235121 18943 128 2133902 16621 1
1459947872149319 131 2235121 18943 124 2133902 16621 1
1459947872151012 135 2235121 18943 127 2133902 16621 1
1459947872152855 136 2235121 18943 128 2133902 16621 1
1459947872154650 136 2234582 17959 130 2133590 15608 0
1459947872156363 136 2234582 17959 127 2133590 15608 1
1459947872158232 135 2234582 17959 128 2133590 15608 1
1459947872160187 136 2234085 17012 131 2134583 15303 0
1459947872162135 136 2233627 16104 130 2134218 14442 0
1459947872164099 139 2233627 16104 132 2134218 14442 1
1459947872165835 134 2233627 16104 128 2134218 14442 1
1459947872167638 132 2233627 16104 121 2134218 14442 1
1459947872169743 143 2233627 16104 136 2134218 14442 1
1459947872171867 143 2233627 16104 136 2134218 14442 1
1459947872173852 142 2233627 16104 134 2134218 14442 1
1459947872175846 137 2234484 15635 130 2133882 13622 0
1459947872177716 136 2233994 14863 130 2133572 12842 0
1459947872179363 134 2233994 14863 127 2133572 12842 1
1459947872181214 135 2233994 14863 128 2133572 12842 1
1459947872182909 137 2233994 14863 128 2133572 12842 1
1459947872184680 136 2233543 14116 129 2132006 13280 0
1459947872186441 135 2233543 14116 126 2132006 13280 1
1459947872188313 137 2234407 13809 131 2133123 13271 0
1459947872190048 136 2234407 13809 128 2133123 13271 1
1459947872191720 137 2234407 13809 127 2133123 13271 1
1459947872193515 138 2234407 13809 130 2133123 13271 1
1459947872195042 128 2234407 13809 121 2133123 13271 1
1459947872196967 137 2235203 13464 130 2132872 12464 0
1459947872198916 140 2235203 13464 134 2132872 12464 1
1459947872200988 140 2235203 13464 132 2132872 12464 1
1459947872202851 139 2235203 13464 131 2132872 12464 1
1459947872204763 138 2235203 13464 131 2132872 12464 1
1459947872206680 137 2235203 13464 128 2132872 12464 1
1459947872208327 129 2235203 13464 123 2132872 12464 1
1459947872210075 139 2235203 13464 131 2132872 12464 1
1459947872211911 139 2235203 13464 130 2132872 12464 1
1459947872213667 137 2235937 13089 132 2135201 13637 0
1459947872215474 135 2234054 13801 129 2133508 14131 0
1459947872217343 138 2234054 13801 131 2133508 14131 1
1459947872219054 132 2234054 13801 124 2133508 14131 1
1459947872220909 137 2234878 13482 130 2133227 13285 0
1459947872222661 137 2235638 13128 129 2131688 13665 0
1459947872224586 140 2235638 13128 132 2131688 13665 1
1459947872226489 137 2235638 13128 127 2131688 13665 1
1459947872228121 130 2235638 13128 123 2131688 13665 1
1459947872230145 140 2235638 13128 131 2131688 13665 1
1459947872232116 141 2235638 13128 133 2131688 13665 1
1459947872233954 137 2236338 12748 130 2131549 12724 0
1459947872235860 139 2236338 12748 131 2131549 12724 1
1459947872237608 138 2236338 12748 127 2131549 12724 1
1459947872239527 136 2235704 12336 130 2131421 11846 0
1459947872241515 136 2235119 11910 130 2131303 11028 0
1459947872243144 135 2235119 11910 127 2131303 11028 1
1459947872244754 135 2235119 11910 127 2131303 11028 1
1459947872246387 131 2235119 11910 123 2131303 11028 1
1459947872248258 139 2235119 11910 132 2131303 11028 1
1459947872250106 142 2235119 11910 134 2131303 11028 1
1459947872251723 130 2235119 11910 120 2131303 11028 1
1459947872253386 132 2235119 11910 124 2131303 11028 1
1459947872255354 139 2235119 11910 129 2131303 11028 1
1459947872257110 137 2235119 11910 128 2131303 11028 1
1459947872258769 133 2235119 11910 125 2131303 11028 1
1459947872260308 130 2235119 11910 123 2131303 11028 1
1459947872262153 136 2235119 11910 128 2131303 11028 1
1459947872263907 131 2235119 11910 124 2131303 11028 1
1459947872265559 132 2235119 11910 125 2131303 11028 1
1459947872266950 124 2235119 11910 115 2131303 11028 1
1459947872268660 135 2235119 11910 127 2131303 11028 1
1459947872270282 130 2235119 11910 122 2131303 11028 1
1459947872272027 136 2235119 11910 127 2131303 11028 1
1459947872273803 136 2235119 11910 126 2131303 11028 1
1459947872275663 134 2235119 11910 127 2131303 11028 1
1459947872277544 137 2235860 11662 131 2132474 11246 0
1459947872279256 135 2235860 11662 128 2132474 11246 1
1459947872280954 135 2235860 11662 128 2132474 11246 1
1459947872282763 135 2233983 12479 130 2132274 10550 0
1459947872284377 138 2233983 12479 130 2132274 10550 1
1459947872286272 138 2233983 12479 130 2132274 10550 1
1459947872288181 142 2233983 12479 133 2132274 10550 1
1459947872290028 136 2233983 12479 124 2132274 10550 1
1459947872291634 131 2233983 12479 123 2132274 10550 1
1459947872293132 133 2233983 12479 126 2132274 10550 1
1459947872295053 138 2233983 12479 131 2132274 10550 1
1459947872296821 137 2233983 12479 127 2132274 10550 1
1459947872298531 135 2233983 12479 128 2132274 10550 1
1459947872300251 137 2234813 12269 130 2132090 9894 0
1459947872301833 132 2234813 12269 124 2132090 9894 1
1459947872303707 137 2234813 12269 129 2132090 9894 1
1459947872305371 132 2234813 12269 125 2132090 9894 1
1459947872307312 141 2234813 12269 131 2132090 9894 1
1459947872309052 137 2235578 12015 130 2131920 9277 0
1459947872311064 137 2235578 12015 128 2131920 9277 1
1459947872312676 135 2235578 12015 126 2131920 9277 1
1459947872314307 132 2235578 12015 123 2131920 9277 1
1459947872316023 136 2235003 11605 130 2131763 8695 0
1459947872317645 135 2235003 11605 128 2131763 8695 1
1459947872319372 136 2235003 11605 129 2131763 8695 1
1459947872321308 137 2235003 11605 129 2131763 8695 1
1459947872322904 131 2235003 11605 122 2131763 8695 1
1459947872324446 126 2235003 11605 121 2131763 8695 1
1459947872326112 129 2235003 11605 121 2131763 8695 1
1459947872327996 139 2235003 11605 130 2131763 8695 1
1459947872329450 129 2235003 11605 120 2131763 8695 1
1459947872330771 122 2235003 11605 114 2131763 8695 1
1459947872332465 134 2235003 11605 125 2131763 8695 1
1459947872334243 135 2235003 11605 127 2131763 8695 1
1459947872335997 132 2235003 11605 125 2131763 8695 1
1459947872337626 132 2235003 11605 123 2131763 8695 1
1459947872339429 134 2235003 11605 128 2131763 8695 1
1459947872341370 139 2235003 11605 131 2131763 8695 1
1459947872343173 137 2235753 11389 131 2132899 9062 0
1459947872345127 142 2235753 11389 134 2132899 9062 1
1459947872346843 138 2235753 11389 130 2132899 9062 1
1459947872348525 131 2235753 11389 122 2132899 9062 1
1459947872350292 138 2235753 11389 128 2132899 9062 1
1459947872351829 131 2235753 11389 125 2132899 9062 1
1459947872353498 135 2235753 11389 128 2132899 9062 1
1459947872355035 130 2235753 11389 121 2132899 9062 1
1459947872356776 136 2235753 11389 128 2132899 9062 1
1459947872358716 136 2235753 11389 128 2132899 9062 1
1459947872360487 135 2235753 11389 128 2132899 9062 1
1459947872362308 138 2235753 11389 128 2132899 9062 1
1459947872364152 140 2235753 11389 133 2132899 9062 1
1459947872365826 132 2235753 11389 123 2132899 9062 1
1459947872367627 136 2235753 11389 126 2132899 9062 1
1459947872369471 140 2235753 11389 131 2132899 9062 1
1459947872371169 136 2235753 11389 129 2132899 9062 1
1459947872372734 133 2235753 11389 125 2132899 9062 1
1459947872374360 134 2235753 11389 125 2132899 9062 1
1459947872376106 131 2235753 11389 125 2132899 9062 1
1459947872377741 129 2235753 11389 124 2132899 9062 1
1459947872379481 135 2235753 11389 128 2132899 9062 1
1459947872381207 138 2235753 11389 130 2132899 9062 1
1459947872382849 127 2235753 11389 121 2132899 9062 1
1459947872384883 141 2235753 11389 134 2132899 9062 1
1459947872386728 136 2235753 11389 129 2132899 9062 1
1459947872388412 129 2235753 11389 124 2132899 9062 1
1459947872390062 134 2235753 11389 125 2132899 9062 1
1459947872391760 131 2235753 11389 122 2132899 9062 1
1459947872393369 135 2235753 11389 128 2132899 9062 1
1459947872395095 135 2235753 11389 129 2132899 9062 1
1459947872396753 134 2235753 11389 126 2132899 9062 1
1459947872398684 131 2235753 11389 125 2132899 9062 1
1459947872400761 136 2235753 11389 126 2132899 9062 1
1459947872402900 139 2235753 11389 131 2132899 9062 1
1459947872404745 136 2235753 11389 128 2132899 9062 1
1459947872406640 134 2235753 11389 126 2132899 9062 1
1459947872408461 137 2235753 11389 129 2132899 9062 1
1459947872410453 140 2235753 11389 133 2132899 9062 1
1459947872412426 138 2235753 11389 129 2132899 9062 1
1459947872414139 133 2235753 11389 126 2132899 9062 1
1459947872415946 128 2235753 11389 120 2132899 9062 1
1459947872417873 136 2235753 11389 129 2132899 9062 1
1459947872419574 134 2235753 11389 126 2132899 9062 1
1459947872421415 136 2235164 11041 130 2132666 8568 0
1459947872423192 141 2235164 11041 133 2132666 8568 1
1459947872424881 137 2235901 10858 131 2133731 8880 0
1459947872426822 136 2235901 10858 129 2133731 8880 1
1459947872428792 136 2235301 10561 131 2134713 9091 0
1459947872430780 139 2235301 10561 130 2134713 9091 1
1459947872432650 137 2236028 10405 131 2135618 9214 0
1459947872434038 120 2236028 10405 112 2135618 9214 1
1459947872435746 132 2236028 10405 125 2135618 9214 1
1459947872437674 137 2236028 10405 129 2135618 9214 1
1459947872439687 142 2236028 10405 132 2135618 9214 1
1459947872441615 143 2236028 10405 135 2135618 9214 1
1459947872443462 139 2236028 10405 132 2135618 9214 1
1459947872445204 134 2236028 10405 126 2135618 9214 1
1459947872447073 135 2236028 10405 126 2135618 9214 1
1459947872448711 135 2236028 10405 129 2135618 9214 1
1459947872450280 130 2236028 10405 123 2135618 9214 1
1459947872452089 138 2236028 10405 129 2135618 9214 1
1459947872453880 135 2236028 10405 128 2135618 9214 1
1459947872455902 138 2236028 10405 130 2135618 9214 1
1459947872457691 137 2236028 10405 129 2135618 9214 1
1459947872459452 137 2236028 10405 127 2135618 9214 1
1459947872461533 146 2236028 10405 137 2135618 9214 1
1459947872463186 132 2236028 10405 122 2135618 9214 1
1459947872464764 133 2236028 10405 125 2135618 9214 1
1459947872466270 126 2236028 10405 120 2135618 9214 1
1459947872467847 133 2236028 10405 124 2135618 9214 1
1459947872469781 140 2236028 10405 129 2135618 9214 1
1459947872471489 136 2236028 10405 129 2135618 9214 1
1459947872473119 131 2236028 10405 121 2135618 9214 1
1459947872474776 132 2236028 10405 124 2135618 9214 1
1459947872476454 131 2236028 10405 125 2135618 9214 1
1459947872478536 138 2236028 10405 130 2135618 9214 1
1459947872480419 140 2236028 10405 131 2135618 9214 1
1459947872482028 135 2236028 10405 126 2135618 9214 1
1459947872483643 135 2236028 10405 128 2135618 9214 1
1459947872485419 136 2236028 10405 129 2135618 9214 1
1459947872487162 137 2236028 10405 128 2135618 9214 1
1459947872488942 137 2236698 10209 131 2136452 9263 0
1459947872490687 133 2236698 10209 127 2136452 9263 1
1459947872492540 140 2236698 10209 131 2136452 9263 1
1459947872494390 139 2236698 10209 132 2136452 9263 1
1459947872496188 135 2236698 10209 128 2136452 9263 1
1459947872498006 135 2236698 10209 127 2136452 9263 1
1459947872499927 141 2236698 10209 135 2136452 9263 1
1459947872501876 141 2236698 10209 131 2136452 9263 1
1459947872503721 139 2236698 10209 132 2136452 9263 1
1459947872505660 140 2236698 10209 133 2136452 9263 1
1459947872507637 137 2236698 10209 129 2136452 9263 1
1459947872509610 136 2236698 10209 129 2136452 9263 1
1459947872511130 129 2236698 10209 120 2136452 9263 1
1459947872512529 127 2236698 10209 119 2136452 9263 1
1459947872513910 122 2236698 10209 116 2136452 9263 1
1459947872515577 130 2236698 10209 122 2136452 9263 1
1459947872517414 137 2237315 9980 130 2135941 9009 0
1459947872519236 137 2237884 9725 130 2135470 8738 0
1459947872521031 136 2237129 9660 130 2135036 8454 0
1459947872522467 134 2237129 9660 125 2135036 8454 1
1459947872524190 134 2237129 9660 125 2135036 8454 1
1459947872525782 134 2237129 9660 126 2135036 8454 1
1459947872527426 132 2237129 9660 124 2135036 8454 1
1459947872528911 128 2237129 9660 121 2135036 8454 1
1459947872530550 131 2237129 9660 123 2135036 8454 1
1459947872532008 121 2237129 9660 116 2135036 8454 1
1459947872533632 127 2237129 9660 122 2135036 8454 1
1459947872535511 137 2237713 9443 132 2137196 9784 0
1459947872537419 139 2237713 9443 132 2137196 9784 1
1459947872539510 140 2237713 9443 133 2137196 9784 1
1459947872541285 133 2237713 9443 125 2137196 9784 1
1459947872543162 137 2238251 9201 132 2139187 10855 0
1459947872544951 137 2238747 8939 131 2139743 10518 0
1459947872546737 135 2238747 8939 128 2139743 10518 1
1459947872548436 136 2238747 8939 127 2139743 10518 1
1459947872550249 140 2238747 8939 132 2139743 10518 1
1459947872552270 141 2238747 8939 133 2139743 10518 1
1459947872553784 123 2238747 8939 116 2139743 10518 1
1459947872555559 137 2238747 8939 129 2139743 10518 1
1459947872557074 128 2238747 8939 120 2139743 10518 1
1459947872558892 136 2238747 8939 129 2139743 10518 1
1459947872560451 135 2238747 8939 126 2139743 10518 1
1459947872562246 136 2238747 8939 126 2139743 10518 1
1459947872563922 133 2238747 8939 126 2139743 10518 1
1459947872565878 138 2238747 8939 130 2139743 10518 1
1459947872567664 135 2238747 8939 128 2139743 10518 1
1459947872569391 132 2238747 8939 123 2139743 10518 1
1459947872570972 135 2238747 8939 124 2139743 10518 1
1459947872572768 138 2238747 8939 129 2139743 10518 1
1459947872574373 131 2238747 8939 122 2139743 10518 1
1459947872576074 136 2238747 8939 128 2139743 10518 1
1459947872577852 134 2238747 8939 124 2139743 10518 1
1459947872579659 137 2238747 8939 128 2139743 10518 1
1459947872581507 132 2238747 8939 124 2139743 10518 1
1459947872583159 135 2238747 8939 128 2139743 10518 1
1459947872584782 132 2238747 8939 123 2139743 10518 1
1459947872586441 133 2238747 8939 128 2139743 10518 1
1459947872588561 139 2238747 8939 133 2139743 10518 1
1459947872590363 136 2238747 8939 128 2139743 10518 1
1459947872592199 138 2238747 8939 132 2139743 10518 1
1459947872593747 132 2238747 8939 125 2139743 10518 1
1459947872595471 135 2238747 8939 128 2139743 10518 1
1459947872597138 128 2238747 8939 121 2139743 10518 1
1459947872599049 142 2238747 8939 134 2139743 10518 1
1459947872600892 135 2236644 10177 130 2138975 10403 0
1459947872602605 130 2236644 10177 119 2138975 10403 1
1459947872604353 134 2236644 10177 127 2138975 10403 1
1459947872606058 130 2236644 10177 123 2138975 10403 1
1459947872607835 134 2236644 10177 129 2138975 10403 1
1459947872609795 137 2236644 10177 129 2138975 10403 1
1459947872611790 138 2236644 10177 132 2138975 10403 1
1459947872613733 139 2236644 10177 131 2138975 10403 1
1459947872615138 125 2236644 10177 118 2138975 10403 1
1459947872616640 124 2236644 10177 118 2138975 10403 1
1459947872618399 139 2236644 10177 132 2138975 10403 1
1459947872620175 134 2236644 10177 126 2138975 10403 1
1459947872622035 135 2236644 10177 127 2138975 10403 1
1459947872624030 138 2236644 10177 132 2138975 10403 1
1459947872626014 135 2236644 10177 127 2138975 10403 1
1459947872628037 135 2236644 10177 129 2138975 10403 1
1459947872629727 133 2236644 10177 126 2138975 10403 1
1459947872631270 129 2236644 10177 120 2138975 10403 1
1459947872633218 140 2236644 10177 131 2138975 10403 1
1459947872635174 138 2236644 10177 129 2138975 10403 1
1459947872637398 147 2236644 10177 141 2138975 10403 1
1459947872639269 139 2236644 10177 131 2138975 10403 1
1459947872641157 137 2236644 10177 128 2138975 10403 1
1459947872642873 132 2236644 10177 123 2138975 10403 1
1459947872644564 133 2236644 10177 125 2138975 10403 1
1459947872646269 135 2236644 10177 129 2138975 10403 1
1459947872647845 131 2236644 10177 123 2138975 10403 1
1459947872649680 138 2236644 10177 130 2138975 10403 1
1459947872651237 133 2236644 10177 125 2138975 10403 1
1459947872652903 135 2236644 10177 128 2138975 10403 1
1459947872654600 133 2236644 10177 124 2138975 10403 1
1459947872656570 142 2236644 10177 135 2138975 10403 1
1459947872658354 134 2236644 10177 126 2138975 10403 1
1459947872660275 139 2236644 10177 131 2138975 10403 1
1459947872662013 130 2236644 10177 124 2138975 10403 1
1459947872663713 133 2236644 10177 124 2138975 10403 1
1459947872665382 132 2236644 10177 127 2138975 10403 1
1459947872667102 137 2236644 10177 129 2138975 10403 1
1459947872668952 131 2236644 10177 124 2138975 10403 1
1459947872670908 136 2236644 10177 128 2138975 10403 1
1459947872672841 138 2236644 10177 132 2138975 10403 1
1459947872674900 145 2236644 10177 138 2138975 10403 1
1459947872677062 141 2236644 10177 132 2138975 10403 1
1459947872678920 134 2236644 10177 127 2138975 10403 1
1459947872680805 132 2236644 10177 121 2138975 10403 1
1459947872682641 137 2236644 10177 129 2138975 10403 1
1459947872684450 135 2236644 10177 128 2138975 10403 1
1459947872686282 136 2236644 10177 129 2138975 10403 1
1459947872687666 122 2236644 10177 116 2138975 10403 1
1459947872689220 127 2236644 10177 119 2138975 10403 1
1459947872690727 125 2236644 10177 117 2138975 10403 1
1459947872692352 135 2236644 10177 129 2138975 10403 1
1459947872694085 141 2236644 10177 133 2138975 10403 1
1459947872695985 141 2236644 10177 136 2138975 10403 1
1459947872697673 136 2236644 10177 128 2138975 10403 1
1459947872699251 133 2236644 10177 126 2138975 10403 1
1459947872700949 132 2236644 10177 123 2138975 10403 1
1459947872702577 129 2236644 10177 122 2138975 10403 1
1459947872704388 135 2236644 10177 128 2138975 10403 1
1459947872706148 138 2236644 10177 130 2138975 10403 1
1459947872707679 132 2236644 10177 125 2138975 10403 1
1459947872709304 135 2236644 10177 127 2138975 10403 1
1459947872711282 137 2237266 9954 130 2138267 10242 0
1459947872712943 133 2237266 9954 127 2138267 10242 1
1459947872714899 139 2237266 9954 132 2138267 10242 1
1459947872716761 136 2237266 9954 126 2138267 10242 1
1459947872718689 139 2237266 9954 132 2138267 10242 1
1459947872720395 138 2237266 9954 130 2138267 10242 1
1459947872722037 132 2237266 9954 128 2138267 10242 1
1459947872723769 131 2237266 9954 123 2138267 10242 1
1459947872725472 129 2237266 9954 122 2138267 10242 1
1459947872727096 130 2237266 9954 123 2138267 10242 1
1459947872728764 132 2237266 9954 125 2138267 10242 1
1459947872730491 137 2237266 9954 128 2138267 10242 1
1459947872732246 141 2237266 9954 132 2138267 10242 1
1459947872734014 138 2237266 9954 130 2138267 10242 1
1459947872735979 138 2237266 9954 129 2138267 10242 1
1459947872737927 138 2237266 9954 128 2138267 10242 1
1459947872739459 118 2237266 9954 113 2138267 10242 1
1459947872740790 96 2237266 9954 92 2138267 10242 1
1459947872742072 94 2237266 9954 88 2138267 10242 1
1459947872743275 105 2237266 9954 99 2138267 10242 1
1459947872744952 138 2237266 9954 130 2138267 10242 1
1459947872746538 137 2237266 9954 128 2138267 10242 1
1459947872748116 133 2237266 9954 125 2138267 10242 1
1459947872749836 136 2237266 9954 129 2138267 10242 1
1459947872751585 136 2237266 9954 124 2138267 10242 1
1459947872753385 138 2237266 9954 128 2138267 10242 1
1459947872755236 135 2237266 9954 127 2138267 10242 1
1459947872757136 134 2237266 9954 128 2138267 10242 1
1459947872758770 129 2237266 9954 123 2138267 10242 1
1459947872760516 131 2237266 9954 123 2138267 10242 1
1459947872762188 132 2237266 9954 122 2138267 10242 1
1459947872763932 137 2237839 9704 131 2138894 10019 0
1459947872765641 133 2237839 9704 124 2138894 10019 1
1459947872767380 133 2237839 9704 126 2138894 10019 1
1459947872769179 137 2237839 9704 129 2138894 10019 1
1459947872770770 129 2237839 9704 121 2138894 10019 1
1459947872772486 138 2237839 9704 131 2138894 10019 1
1459947872774123 136 2237839 9704 128 2138894 10019 1
1459947872776035 139 2237839 9704 128 2138894 10019 1
1459947872777696 132 2237839 9704 124 2138894 10019 1
1459947872779469 134 2237839 9704 127 2138894 10019 1
1459947872781192 135 2237839 9704 126 2138894 10019 1
1459947872783025 138 2237839 9704 130 2138894 10019 1
1459947872784907 138 2237839 9704 131 2138894 10019 1
1459947872786737 136 2237839 9704 129 2138894 10019 1
1459947872788527 134 2237839 9704 127 2138894 10019 1
1459947872790652 143 2237839 9704 134 2138894 10019 1
1459947872792446 139 2237839 9704 131 2138894 10019 1
1459947872794261 137 2237839 9704 128 2138894 10019 1
1459947872795995 134 2237839 9704 124 2138894 10019 1
1459947872797990 135 2237839 9704 128 2138894 10019 1
1459947872799832 140 2237839 9704 129 2138894 10019 1
1459947872801604 133 2237839 9704 126 2138894 10019 1
1459947872803313 132 2237839 9704 126 2138894 10019 1
1459947872805029 137 2237839 9704 129 2138894 10019 1
1459947872806957 139 2237839 9704 131 2138894 10019 1
1459947872808591 137 2238367 9432 131 2139472 9769 0
1459947872810641 143 2238367 9432 134 2139472 9769 1
1459947872812458 138 2238367 9432 129 2139472 9769 1
1459947872814175 133 2238367 9432 126 2139472 9769 1
1459947872815769 128 2238367 9432 119 2139472 9769 1
1459947872817530 135 2238367 9432 126 2139472 9769 1
1459947872819349 137 2238367 9432 128 2139472 9769 1
1459947872820997 136 2238367 9432 126 2139472 9769 1
1459947872822885 137 2238854 9144 130 2138725 9692 0
1459947872824680 135 2238854 9144 127 2138725 9692 1
1459947872826604 140 2238854 9144 131 2138725 9692 1
1459947872828367 134 2238854 9144 127 2138725 9692 1
1459947872830080 139 2238854 9144 130 2138725 9692 1
1459947872831591 133 2238854 9144 124 2138725 9692 1
1459947872833295 135 2238854 9144 128 2138725 9692 1
1459947872835187 139 2238854 9144 129 2138725 9692 1
1459947872836998 135 2238854 9144 129 2138725 9692 1
1459947872838769 135 2238854 9144 129 2138725 9692 1
1459947872840702 139 2238854 9144 130 2138725 9692 1
1459947872842500 136 2238854 9144 128 2138725 9692 1
1459947872844335 134 2238854 9144 128 2138725 9692 1
1459947872846161 138 2238854 9144 129 2138725 9692 1
1459947872847923 134 2238854 9144 125 2138725 9692 1
1459947872849805 139 2238854 9144 131 2138725 9692 1
1459947872851496 138 2238854 9144 131 2138725 9692 1
1459947872853311 136 2238854 9144 127 2138725 9692 1
1459947872855079 137 2238854 9144 127 2138725 9692 1
1459947872857019 138 2238854 9144 131 2138725 9692 1
1459947872858707 131 2238854 9144 125 2138725 9692 1
1459947872860339 136 2238854 9144 129 2138725 9692 1
1459947872862274 139 2238854 9144 131 2138725 9692 1
1459947872863928 136 2238854 9144 127 2138725 9692 1
1459947872865590 134 2238854 9144 129 2138725 9692 1
1459947872867602 142 2238854 9144 134 2138725 9692 1
1459947872869769 146 2238854 9144 138 2138725 9692 1
1459947872871573 137 2238854 9144 129 2138725 9692 1
1459947872873155 129 2238854 9144 121 2138725 9692 1
1459947872875045 135 2238854 9144 128 2138725 9692 1
1459947872876732 135 2238854 9144 125 2138725 9692 1
1459947872878707 137 2238854 9144 129 2138725 9692 1
1459947872880492 136 2238854 9144 127 2138725 9692 1
1459947872882427 140 2238854 9144 133 2138725 9692 1
1459947872884304 138 2238854 9144 130 2138725 9692 1
1459947872886044 134 2238854 9144 125 2138725 9692 1
1459947872887803 136 2238854 9144 124 2138725 9692 1
1459947872889458 136 2238854 9144 128 2138725 9692 1
1459947872891515 140 2238854 9144 132 2138725 9692 1
1459947872893490 139 2238854 9144 130 2138725 9692 1
1459947872895319 140 2238854 9144 133 2138725 9692 1
1459947872897260 141 2238854 9144 132 2138725 9692 1
1459947872898905 132 2238854 9144 125 2138725 9692 1
1459947872900641 136 2238854 9144 127 2138725 9692 1
1459947872902435 138 2238854 9144 131 2138725 9692 1
1459947872904230 138 2238854 9144 130 2138725 9692 1
1459947872906131 138 2238854 9144 129 2138725 9692 1
1459947872908022 140 2238854 9144 133 2138725 9692 1
1459947872909608 136 2238854 9144 127 2138725 9692 1
1459947872911347 135 2238854 9144 127 2138725 9692 1
1459947872913196 142 2238854 9144 135 2138725 9692 1
1459947872915215 140 2238854 9144 131 2138725 9692 1
1459947872917291 140 2238854 9144 133 2138725 9692 1
1459947872919011 136 2238854 9144 128 2138725 9692 1
1459947872920571 129 2238854 9144 123 2138725 9692 1
1459947872922459 135 2236743 10374 130 2138037 9568 0
1459947872924423 139 2236743 10374 131 2138037 9568 1
1459947872926211 138 2236743 10374 132 2138037 9568 1
1459947872928196 140 2236743 10374 131 2138037 9568 1
1459947872930039 138 2236743 10374 131 2138037 9568 1
1459947872932010 137 2236743 10374 126 2138037 9568 1
1459947872933798 133 2236743 10374 128 2138037 9568 1
1459947872935585 133 2236743 10374 124 2138037 9568 1
1459947872937238 130 2236743 10374 119 2138037 9568 1
1459947872938879 132 2236743 10374 123 2138037 9568 1
1459947872940563 133 2236743 10374 125 2138037 9568 1
1459947872942413 135 2236743 10374 126 2138037 9568 1
1459947872944244 137 2237357 10129 130 2137402 9404 0
1459947872946032 139 2237357 10129 132 2137402 9404 1
1459947872947732 133 2237357 10129 125 2137402 9404 1
1459947872949498 136 2237357 10129 128 2137402 9404 1
1459947872951020 132 2237357 10129 123 2137402 9404 1
1459947872952691 131 2237357 10129 126 2137402 9404 1
1459947872954515 136 2236643 9994 130 2136817 9207 0
1459947872956297 138 2236643 9994 130 2136817 9207 1
1459947872958226 136 2235985 9819 130 2136278 8983 0
1459947872959820 133 2235985 9819 125 2136278 8983 1
1459947872961612 136 2235985 9819 128 2136278 8983 1
1459947872963331 136 2235985 9819 129 2136278 8983 1
1459947872965023 131 2235985 9819 124 2136278 8983 1
1459947872966647 133 2235985 9819 126 2136278 8983 1
1459947872968588 136 2235985 9819 128 2136278 8983 1
1459947872970663 139 2235985 9819 131 2136278 8983 1
1459947872972722 139 2235985 9819 131 2136278 8983 1
1459947872974770 139 2235985 9819 130 2136278 8983 1
1459947872976792 139 2235985 9819 132 2136278 8983 1
1459947872978246 127 2235985 9819 121 2136278 8983 1
1459947872979870 131 2235985 9819 126 2136278 8983 1
1459947872981416 124 2235985 9819 117 2136278 8983 1
1459947872983103 131 2235985 9819 124 2136278 8983 1
1459947872984931 138 2235985 9819 129 2136278 8983 1
1459947872986643 136 2235985 9819 126 2136278 8983 1
1459947872988191 133 2235985 9819 125 2136278 8983 1
1459947872990058 138 2235985 9819 130 2136278 8983 1
1459947872991915 138 2235985 9819 129 2136278 8983 1
1459947872993840 136 2235985 9819 127 2136278 8983 1
1459947872995469 130 2235985 9819 122 2136278 8983 1
1459947872996907 126 2235985 9819 119 2136278 8983 1
1459947872998519 130 2235985 9819 121 2136278 8983 1
1459947873000334 139 2235985 9819 128 2136278 8983 1
1459947873002174 135 2235985 9819 129 2136278 8983 1
1459947873004279 144 2235985 9819 137 2136278 8983 1
1459947873005982 130 2235985 9819 124 2136278 8983 1
1459947873007739 135 2235985 9819 126 2136278 8983 1
1459947873009562 133 2235985 9819 126 2136278 8983 1
1459947873011008 129 2235985 9819 121 2136278 8983 1
1459947873012686 135 2235985 9819 127 2136278 8983 1
1459947873014663 139 2235985 9819 132 2136278 8983 1
1459947873016252 132 2235985 9819 125 2136278 8983 1
1459947873018086 134 2235985 9819 128 2136278 8983 1
1459947873020084 140 2235985 9819 130 2136278 8983 1
1459947873022175 141 2235985 9819 132 2136278 8983 1
1459947873023987 140 2235985 9819 131 2136278 8983 1
1459947873026121 140 2235985 9819 133 2136278 8983 1
1459947873027914 137 2235985 9819 129 2136278 8983 1
1459947873029699 135 2235985 9819 128 2136278 8983 1
1459947873031382 133 2235985 9819 126 2136278 8983 1
1459947873033232 136 2235985 9819 129 2136278 8983 1
1459947873034995 134 2235985 9819 127 2136278 8983 1
1459947873036880 135 2235985 9819 127 2136278 8983 1
1459947873038456 132 2235985 9819 122 2136278 8983 1
1459947873040187 135 2235985 9819 128 2136278 8983 1
1459947873042024 138 2235985 9819 131 2136278 8983 1
1459947873043852 136 2235378 9609 130 2135781 8738 0
1459947873045772 139 2235378 9609 132 2135781 8738 1
1459947873047420 134 2235378 9609 127 2135781 8738 1
1459947873049121 135 2235378 9609 127 2135781 8738 1
1459947873050754 133 2235378 9609 125 2135781 8738 1
1459947873052345 132 2235378 9609 124 2135781 8738 1
1459947873054044 134 2235378 9609 127 2135781 8738 1
1459947873055838 133 2235378 9609 125 2135781 8738 1
1459947873057617 135 2235378 9609 129 2135781 8738 1
1459947873059535 140 2235378 9609 131 2135781 8738 1
1459947873061506 140 2235378 9609 130 2135781 8738 1
1459947873063199 133 2235378 9609 126 2135781 8738 1
1459947873064912 136 2235378 9609 128 2135781 8738 1
1459947873066714 135 2235378 9609 126 2135781 8738 1
1459947873068688 137 2235378 9609 128 2135781 8738 1
1459947873070593 138 2235378 9609 130 2135781 8738 1
1459947873072370 135 2235378 9609 128 2135781 8738 1
1459947873074139 133 2235378 9609 127 2135781 8738 1
1459947873075820 135 2235378 9609 127 2135781 8738 1
1459947873077581 133 2235378 9609 126 2135781 8738 1
1459947873079425 138 2235378 9609 131 2135781 8738 1
1459947873081257 137 2236099 9522 130 2135323 8477 0
1459947873082971 132 2236099 9522 124 2135323 8477 1
1459947873084596 132 2236099 9522 125 2135323 8477 1
1459947873086504 137 2236099 9522 129 2135323 8477 1
1459947873088469 136 2235483 9345 130 2134900 8203 0
1459947873090415 137 2235483 9345 128 2134900 8203 1
1459947873092231 135 2235483 9345 125 2134900 8203 1
1459947873093603 127 2235483 9345 119 2134900 8203 1
1459947873095448 134 2235483 9345 127 2134900 8203 1
1459947873097331 137 2235483 9345 129 2134900 8203 1
1459947873099301 141 2235483 9345 134 2134900 8203 1
1459947873101279 140 2235483 9345 133 2134900 8203 1
1459947873103167 138 2235483 9345 131 2134900 8203 1
1459947873104875 134 2235483 9345 126 2134900 8203 1
1459947873106761 138 2235483 9345 129 2134900 8203 1
1459947873108569 139 2235483 9345 130 2134900 8203 1
1459947873110455 137 2236195 9271 130 2134510 7920 0
1459947873112322 137 2236195 9271 129 2134510 7920 1
1459947873113996 133 2236195 9271 126 2134510 7920 1
1459947873115724 134 2236195 9271 127 2134510 7920 1
1459947873117504 136 2236195 9271 129 2134510 7920 1
1459947873119442 144 2236195 9271 136 2134510 7920 1
1459947873121294 136 2235572 9120 130 2134151 7631 0
1459947873123120 136 2235572 9120 128 2134151 7631 1
1459947873124712 132 2235572 9120 124 2134151 7631 1
1459947873126382 136 2235572 9120 127 2134151 7631 1
1459947873128295 138 2235572 9120 131 2134151 7631 1
1459947873130097 134 2235572 9120 127 2134151 7631 1
1459947873131802 135 2235572 9120 127 2134151 7631 1
1459947873133664 138 2235572 9120 130 2134151 7631 1
1459947873135528 139 2235572 9120 131 2134151 7631 1
1459947873137582 143 2235572 9120 135 2134151 7631 1
1459947873139370 141 2235572 9120 133 2134151 7631 1
1459947873141070 136 2234997 8936 130 2133820 7338 0
1459947873142802 134 2234997 8936 128 2133820 7338 1
1459947873144661 137 2235747 8929 130 2133515 7044 0
1459947873146126 129 2235747 8929 123 2133515 7044 1
1459947873147925 137 2236439 8869 131 2134514 7414 0
1459947873149679 138 2236439 8869 132 2134514 7414 1
1459947873151224 125 2236439 8869 120 2134514 7414 1
1459947873152801 130 2236439 8869 124 2134514 7414 1
1459947873154586 137 2237077 8764 130 2134155 7164 0
1459947873156551 140 2237077 8764 133 2134155 7164 1
1459947873158299 134 2237077 8764 126 2134155 7164 1
1459947873160332 141 2237077 8764 133 2134155 7164 1
1459947873162222 137 2237077 8764 128 2134155 7164 1
1459947873164104 138 2237077 8764 131 2134155 7164 1
1459947873166100 141 2237077 8764 132 2134155 7164 1
1459947873167929 139 2237077 8764 131 2134155 7164 1
1459947873169702 133 2237077 8764 125 2134155 7164 1
1459947873171462 136 2237077 8764 124 2134155 7164 1
1459947873173220 133 2237077 8764 125 2134155 7164 1
1459947873175174 139 2237077 8764 130 2134155 7164 1
1459947873177347 143 2237077 8764 137 2134155 7164 1
1459947873179369 139 2237077 8764 132 2134155 7164 1
1459947873181223 136 2237077 8764 129 2134155 7164 1
1459947873182860 134 2237077 8764 127 2134155 7164 1
1459947873184649 135 2237077 8764 128 2134155 7164 1
1459947873186454 134 2237077 8764 129 2134155 7164 1
1459947873188336 136 2236385 8716 130 2133824 6909 0
1459947873189886 131 2236385 8716 121 2133824 6909 1
1459947873191677 138 2236385 8716 131 2133824 6909 1
1459947873193407 138 2236385 8716 131 2133824 6909 1
1459947873195176 137 2237027 8627 132 2136079 8447 0
1459947873197088 142 2237027 8627 131 2136079 8447 1
1459947873198874 134 2237027 8627 127 2136079 8447 1
1459947873200679 137 2237027 8627 129 2136079 8447 1
1459947873202476 137 2237027 8627 129 2136079 8447 1
1459947873204094 131 2237027 8627 126 2136079 8447 1
1459947873205943 133 2237027 8627 127 2136079 8447 1
1459947873207680 134 2237027 8627 128 2136079 8447 1
1459947873209297 127 2237027 8627 121 2136079 8447 1
1459947873210805 133 2237027 8627 125 2136079 8447 1
1459947873212659 138 2237027 8627 132 2136079 8447 1
1459947873214492 138 2237027 8627 130 2136079 8447 1
1459947873216386 139 2237027 8627 130 2136079 8447 1
1459947873218168 136 2236339 8586 130 2135597 8230 0
1459947873219966 137 2236339 8586 128 2135597 8230 1
1459947873221729 135 2234425 9679 131 2136433 8358 0
1459947873223645 139 2234425 9679 132 2136433 8358 1
1459947873225506 135 2234425 9679 129 2136433 8358 1
1459947873227293 137 2234425 9679 128 2136433 8358 1
1459947873229218 138 2234425 9679 128 2136433 8358 1
1459947873231147 135 2234425 9679 128 2136433 8358 1
1459947873232869 131 2234425 9679 123 2136433 8358 1
1459947873234968 140 2234425 9679 132 2136433 8358 1
1459947873237109 142 2234425 9679 134 2136433 8358 1
1459947873239056 135 2234425 9679 128 2136433 8358 1
1459947873240510 132 2234425 9679 126 2136433 8358 1
1459947873241974 129 2234425 9679 121 2136433 8358 1
1459947873243638 136 2234425 9679 129 2136433 8358 1
1459947873245305 135 2234425 9679 126 2136433 8358 1
1459947873247188 136 2234425 9679 128 2136433 8358 1
1459947873248880 135 2234425 9679 128 2136433 8358 1
1459947873250804 136 2234425 9679 129 2136433 8358 1
1459947873252753 143 2234425 9679 137 2136433 8358 1
1459947873254465 139 2234425 9679 132 2136433 8358 1
1459947873256408 141 2234425 9679 133 2136433 8358 1
1459947873258313 135 2234425 9679 129 2136433 8358 1
1459947873260139 137 2235220 9655 131 2137204 8415 0
1459947873261903 132 2235220 9655 126 2137204 8415 1
1459947873263840 141 2235220 9655 133 2137204 8415 1
1459947873265762 136 2235220 9655 128 2137204 8415 1
1459947873267471 134 2235220 9655 126 2137204 8415 1
1459947873269090 133 2235220 9655 124 2137204 8415 1
1459947873270857 137 2235953 9576 130 2136634 8281 0
1459947873272630 139 2235953 9576 132 2136634 8281 1
1459947873274489 138 2235953 9576 131 2136634 8281 1
1459947873276250 137 2235953 9576 128 2136634 8281 1
1459947873278131 137 2235953 9576 127 2136634 8281 1
1459947873279990 139 2235953 9576 130 2136634 8281 1
1459947873281673 128 2235953 9576 123 2136634 8281 1
1459947873283477 137 2236629 9450 131 2137389 8330 0
1459947873285266 136 2236629 9450 129 2137389 8330 1
1459947873287299 142 2236629 9450 132 2137389 8330 1
1459947873288941 132 2236629 9450 124 2137389 8330 1
1459947873290658 139 2236629 9450 129 2137389 8330 1
1459947873292366 137 2237252 9285 130 2136805 8216 0
1459947873294319 137 2237252 9285 128 2136805 8216 1
1459947873296123 132 2237252 9285 126 2136805 8216 1
1459947873297959 133 2237252 9285 127 2136805 8216 1
1459947873299526 133 2237252 9285 124 2136805 8216 1
1459947873301345 137 2237826 9088 131 2137547 8258 0
1459947873303132 136 2237826 9088 129 2137547 8258 1
1459947873304852 129 2237826 9088 122 2137547 8258 1
1459947873306433 132 2237826 9088 126 2137547 8258 1
1459947873308037 129 2237826 9088 123 2137547 8258 1
1459947873309845 137 2238355 8866 130 2136951 8161 0
1459947873311325 133 2238355 8866 125 2136951 8161 1
1459947873313210 142 2238355 8866 134 2136951 8161 1
1459947873315111 138 2238355 8866 133 2136951 8161 1
1459947873317093 139 2238355 8866 132 2136951 8161 1
1459947873318907 137 2238355 8866 129 2136951 8161 1
1459947873320657 134 2238355 8866 127 2136951 8161 1
1459947873322348 128 2238355 8866 122 2136951 8161 1
1459947873324264 133 2238355 8866 126 2136951 8161 1
1459947873325719 126 2238355 8866 119 2136951 8161 1
1459947873327359 132 2238355 8866 126 2136951 8161 1
1459947873329027 134 2238355 8866 125 2136951 8161 1
1459947873330996 139 2238355 8866 131 2136951 8161 1
1459947873333049 142 2238355 8866 134 2136951 8161 1
1459947873334888 129 2238355 8866 123 2136951 8161 1
1459947873336681 133 2238355 8866 126 2136951 8161 1
1459947873338346 135 2238355 8866 128 2136951 8161 1
1459947873340264 139 2238355 8866 131 2136951 8161 1
1459947873342316 141 2238355 8866 132 2136951 8161 1
1459947873344117 136 2238355 8866 129 2136951 8161 1
1459947873345971 133 2238355 8866 125 2136951 8161 1
1459947873347551 129 2238355 8866 123 2136951 8161 1
1459947873349029 125 2238355 8866 120 2136951 8161 1
1459947873350986 139 2238355 8866 131 2136951 8161 1
1459947873352764 134 2238355 8866 126 2136951 8161 1
1459947873354650 135 2238355 8866 127 2136951 8161 1
1459947873356313 135 2238355 8866 124 2136951 8161 1
1459947873357912 129 2238355 8866 122 2136951 8161 1
1459947873359594 133 2238355 8866 124 2136951 8161 1
1459947873361314 131 2238355 8866 123 2136951 8161 1
1459947873363035 129 2238355 8866 122 2136951 8161 1
1459947873365016 134 2238355 8866 128 2136951 8161 1
1459947873366645 135 2238355 8866 127 2136951 8161 1
1459947873368592 135 2238355 8866 129 2136951 8161 1
1459947873370473 140 2238355 8866 132 2136951 8161 1
1459947873372303 137 2238843 8623 131 2137681 8196 0
1459947873373965 133 2238843 8623 127 2137681 8196 1
1459947873375826 138 2238843 8623 130 2137681 8196 1
1459947873377641 135 2238843 8623 128 2137681 8196 1
1459947873379602 139 2238843 8623 131 2137681 8196 1
1459947873381594 137 2238843 8623 129 2137681 8196 1
1459947873383438 137 2239293 8364 130 2137074 8113 0
1459947873385022 128 2239293 8364 123 2137074 8113 1
1459947873386838 136 2239293 8364 128 2137074 8113 1
1459947873388690 135 2239293 8364 128 2137074 8113 1
1459947873390547 140 2239293 8364 132 2137074 8113 1
1459947873392482 140 2239293 8364 132 2137074 8113 1
1459947873394404 139 2239293 8364 131 2137074 8113 1
1459947873396329 137 2239708 8092 130 2136515 7994 0
1459947873398160 136 2238810 8286 130 2135999 7843 0
1459947873399704 128 2238810 8286 122 2135999 7843 1
1459947873401457 133 2238810 8286 126 2135999 7843 1
1459947873402968 131 2238810 8286 123 2135999 7843 1
1459947873404622 132 2238810 8286 125 2135999 7843 1
1459947873406426 137 2238810 8286 129 2135999 7843 1
1459947873408323 139 2238810 8286 133 2135999 7843 1
1459947873410255 141 2238810 8286 134 2135999 7843 1
1459947873411844 133 2238810 8286 127 2135999 7843 1
1459947873413555 136 2238810 8286 128 2135999 7843 1
1459947873415337 138 2238810 8286 129 2135999 7843 1
1459947873417205 136 2238810 8286 127 2135999 7843 1
1459947873418913 136 2238810 8286 128 2135999 7843 1
1459947873420695 136 2238810 8286 128 2135999 7843 1
1459947873422616 138 2238810 8286 131 2135999 7843 1
1459947873424539 136 2238810 8286 129 2135999 7843 1
1459947873426446 137 2238810 8286 129 2135999 7843 1
1459947873428373 139 2238810 8286 130 2135999 7843 1
1459947873430135 136 2238810 8286 128 2135999 7843 1
1459947873431900 135 2238810 8286 126 2135999 7843 1
1459947873433615 134 2238810 8286 127 2135999 7843 1
1459947873435380 133 2238810 8286 127 2135999 7843 1
1459947873437093 131 2238810 8286 125 2135999 7843 1
1459947873438670 130 2238810 8286 124 2135999 7843 1
1459947873440388 135 2238810 8286 127 2135999 7843 1
1459947873442366 136 2237982 8400 130 2135524 7667 0
1459947873443914 126 2237982 8400 120 2135524 7667 1
1459947873445779 130 2237982 8400 124 2135524 7667 1
1459947873447702 138 2237982 8400 132 2135524 7667 1
1459947873449288 132 2237982 8400 126 2135524 7667 1
1459947873451173 135 2237982 8400 127 2135524 7667 1
1459947873452979 137 2237982 8400 129 2135524 7667 1
1459947873454760 128 2237982 8400 121 2135524 7667 1
1459947873456329 131 2237982 8400 125 2135524 7667 1
1459947873458219 133 2237982 8400 125 2135524 7667 1
1459947873460044 137 2238499 8220 131 2136366 7844 0
1459947873461692 133 2238499 8220 126 2136366 7844 1
1459947873463484 136 2238499 8220 129 2136366 7844 1
1459947873465099 130 2238499 8220 121 2136366 7844 1
1459947873466591 133 2238499 8220 126 2136366 7844 1
1459947873468455 137 2238499 8220 127 2136366 7844 1
1459947873469923 126 2238499 8220 119 2136366 7844 1
1459947873471293 122 2238499 8220 114 2136366 7844 1
1459947873472688 121 2238499 8220 115 2136366 7844 1
1459947873474207 126 2238499 8220 120 2136366 7844 1
1459947873476155 136 2237696 8317 130 2135862 7695 0
1459947873478068 134 2237696 8317 126 2135862 7695 1
1459947873479803 134 2237696 8317 128 2135862 7695 1
1459947873481433 129 2237696 8317 121 2135862 7695 1
1459947873482899 129 2237696 8317 121 2135862 7695 1
1459947873484388 132 2237696 8317 123 2135862 7695 1
1459947873486398 139 2237696 8317 128 2135862 7695 1
1459947873488331 137 2238236 8164 131 2136677 7845 0
1459947873490188 138 2238236 8164 131 2136677 7845 1
1459947873492078 137 2238236 8164 128 2136677 7845 1
1459947873493823 134 2238236 8164 126 2136677 7845 1
1459947873495707 137 2238236 8164 129 2136677 7845 1
1459947873497547 134 2238236 8164 127 2136677 7845 1
1459947873499421 137 2238733 7984 130 2136149 7718 0
1459947873501181 133 2238733 7984 126 2136149 7718 1
1459947873503050 137 2239191 7783 130 2135662 7563 0
1459947873504998 138 2239191 7783 130 2135662 7563 1
1459947873506858 141 2239191 7783 131 2135662 7563 1
1459947873508707 138 2239191 7783 131 2135662 7563 1
1459947873510076 127 2239191 7783 121 2135662 7563 1
1459947873511629 129 2239191 7783 124 2135662 7563 1
1459947873513236 131 2239191 7783 123 2135662 7563 1
1459947873514833 126 2239191 7783 119 2135662 7563 1
1459947873516791 138 2239191 7783 131 2135662 7563 1
1459947873518828 139 2239191 7783 133 2135662 7563 1
1459947873520370 129 2239191 7783 125 2135662 7563 1
1459947873521896 125 2239191 7783 118 2135662 7563 1
1459947873523502 128 2239191 7783 122 2135662 7563 1
1459947873525354 140 2239191 7783 134 2135662 7563 1
1459947873527134 135 2239191 7783 127 2135662 7563 1
1459947873528822 132 2239191 7783 124 2135662 7563 1
1459947873530494 133 2239191 7783 125 2135662 7563 1
1459947873532121 135 2239191 7783 127 2135662 7563 1
1459947873533716 135 2239191 7783 127 2135662 7563 1
1459947873535477 133 2239191 7783 127 2135662 7563 1
1459947873537549 139 2239191 7783 132 2135662 7563 1
1459947873539129 126 2239191 7783 120 2135662 7563 1
1459947873540573 129 2239191 7783 122 2135662 7563 1
1459947873542068 131 2239191 7783 124 2135662 7563 1
1459947873543968 137 2239191 7783 129 2135662 7563 1
1459947873545908 145 2239191 7783 135 2135662 7563 1
1459947873547812 137 2239191 7783 129 2135662 7563 1
1459947873549241 129 2239191 7783 122 2135662 7563 1
1459947873550867 133 2239191 7783 126 2135662 7563 1
1459947873552671 137 2239614 7564 130 2135213 7385 0
1459947873554469 135 2239614 7564 128 2135213 7385 1
1459947873556227 135 2239614 7564 128 2135213 7385 1
1459947873557900 131 2239614 7564 124 2135213 7385 1
1459947873559570 129 2239614 7564 124 2135213 7385 1
1459947873561404 133 2239614 7564 128 2135213 7385 1
1459947873563293 137 2239614 7564 129 2135213 7385 1
1459947873565255 140 2239614 7564 132 2135213 7385 1
1459947873566840 128 2239614 7564 123 2135213 7385 1
1459947873568599 131 2239614 7564 125 2135213 7385 1
1459947873570218 131 2239614 7564 125 2135213 7385 1
1459947873571876 133 2239614 7564 125 2135213 7385 1
1459947873573579 135 2239614 7564 127 2135213 7385 1
1459947873575485 135 2239614 7564 129 2135213 7385 1
1459947873577762 139 2239614 7564 132 2135213 7385 1
1459947873579721 136 2239614 7564 128 2135213 7385 1
1459947873581613 137 2239614 7564 129 2135213 7385 1
1459947873583438 139 2239614 7564 133 2135213 7385 1
1459947873585173 134 2239614 7564 127 2135213 7385 1
1459947873586873 132 2239614 7564 125 2135213 7385 1
1459947873588423 129 2239614 7564 121 2135213 7385 1
1459947873590022 129 2239614 7564 122 2135213 7385 1
1459947873591924 138 2239614 7564 132 2135213 7385 1
1459947873593804 139 2239614 7564 131 2135213 7385 1
1459947873595457 133 2239614 7564 127 2135213 7385 1
1459947873597338 132 2239614 7564 127 2135213 7385 1
1459947873599033 132 2239614 7564 124 2135213 7385 1
1459947873600904 134 2239614 7564 128 2135213 7385 1
1459947873602305 129 2239614 7564 123 2135213 7385 1
1459947873603992 134 2239614 7564 128 2135213 7385 1
1459947873605686 130 2239614 7564 122 2135213 7385 1
1459947873607324 134 2239614 7564 128 2135213 7385 1
1459947873609332 135 2239614 7564 129 2135213 7385 1
1459947873611147 139 2239614 7564 132 2135213 7385 1
1459947873612723 133 2239614 7564 127 2135213 7385 1
1459947873614487 135 2239614 7564 129 2135213 7385 1
1459947873616276 135 2239614 7564 126 2135213 7385 1
1459947873618019 134 2239614 7564 128 2135213 7385 1
1459947873619703 135 2239614 7564 129 2135213 7385 1
1459947873621572 136 2238724 7793 130 2134799 7189 0
1459947873623161 131 2238724 7793 123 2134799 7189 1
1459947873624852 136 2238724 7793 129 2134799 7189 1
1459947873626615 136 2238724 7793 129 2134799 7189 1
1459947873628091 129 2238724 7793 122 2134799 7189 1
1459947873630039 135 2238724 7793 129 2134799 7189 1
1459947873631808 137 2239183 7607 131 2135697 7455 0
1459947873633464 131 2239183 7607 126 2135697 7455 1
1459947873635205 133 2239183 7607 128 2135697 7455 1
1459947873637071 135 2237046 8981 130 2135245 7288 0
1459947873638767 133 2237046 8981 127 2135245 7288 1
1459947873640365 134 2237046 8981 128 2135245 7288 1
1459947873642200 135 2235076 10094 131 2136108 7514 0
1459947873644258 141 2235076 10094 135 2136108 7514 1
1459947873646091 137 2235820 9991 131 2136904 7660 0
1459947873648162 137 2236506 9842 131 2137638 7738 0
1459947873650087 137 2236506 9842 129 2137638 7738 1
1459947873651979 137 2237138 9656 130 2137035 7688 0
1459947873653701 137 2237138 9656 129 2137035 7688 1
1459947873655431 132 2237138 9656 127 2137035 7688 1
1459947873656979 131 2237138 9656 126 2137035 7688 1
1459947873658698 132 2237138 9656 126 2137035 7688 1
1459947873660684 139 2237138 9656 134 2137035 7688 1
1459947873662549 141 2237138 9656 134 2137035 7688 1
1459947873664248 135 2237138 9656 129 2137035 7688 1
1459947873665981 132 2237138 9656 128 2137035 7688 1
1459947873668004 138 2237138 9656 132 2137035 7688 1
1459947873669783 134 2237138 9656 128 2137035 7688 1
1459947873671474 134 2237138 9656 129 2137035 7688 1
1459947873673233 135 2235161 10722 130 2136479 7599 0
1459947873675125 136 2235161 10722 129 2136479 7599 1
