1459947871376344 133 2179072 0 132 2162688 0 0
1459947871378266 133 2179072 0 131 2161408 1180 0
1459947871380294 137 2184192 4720 134 2164068 3539 0
1459947871382352 138 2190192 9882 134 2166520 5522 0
1459947871384172 132 2188043 11089 127 2159820 11265 0
1459947871386051 130 2183502 14408 127 2153644 16077 0
1459947871387992 132 2181875 14780 129 2150510 17708 0
1459947871390001 136 2185496 16963 134 2154021 19561 0
1459947871391982 138 2191394 21074 136 2159818 23376 0
1459947871393558 123 2177631 32114 123 2148522 31962 0
1459947871395245 127 2170063 36581 125 2140668 36703 0
1459947871396780 125 2160526 42514 123 2130868 42869 0
1459947871398420 128 2155574 43756 126 2125673 44307 0
1459947871400355 133 2157409 42029 130 2126004 41150 0
1459947871402320 132 2157821 39125 131 2127589 39397 0
1459947871404166 131 2156921 36897 129 2126491 37331 0
1459947871405887 124 2147131 43038 121 2115238 44786 0
1459947871407975 136 2153466 45515 133 2120225 45884 0
1459947871409901 132 2154186 42623 130 2120982 42997 0
1459947871411812 137 2161250 45805 131 2122960 41460 0
1459947871413551 135 2165202 45869 131 2124783 39901 0
1459947871415172 129 2161165 46006 125 2118784 42313 0
1459947871417012 131 2160003 43481 128 2117094 40564 0
1459947871418876 133 2161492 41457 131 2119376 39497 0
1459947871421156 146 2179505 54824 141 2134279 50150 0
1459947871423138 135 2182031 52868 134 2139058 50638 0
1459947871425176 136 2185639 52063 134 2143464 50742 0
1459947871427157 135 2187685 49882 131 2143685 46981 0
1459947871428607 108 2155012 76104 106 2111889 72621 0
1459947871430296 134 2158171 73070 131 2114577 69425 0
1459947871431910 129 2154683 70575 124 2108095 69975 0
1459947871433688 133 2156588 66817 129 2108520 64899 0
1459947871435711 136 2162184 66755 134 2115311 66089 0
1459947871437517 134 2164783 63935 131 2117732 63157 0
1459947871439396 140 2174859 68229 137 2127644 67359 0
1459947871441128 132 2173908 63774 128 2125261 64292 0
1459947871442747 127 2166631 65499 124 2117944 66013 0
1459947871444403 130 2163762 63024 129 2117599 61172 0
1459947871446366 134 2166238 60382 132 2121121 59639 0
1459947871448603 137 2172360 61308 133 2125648 59152 0
1459947871450471 131 2170324 58394 129 2124701 55402 0
1459947871452274 132 2169727 54380 130 2125108 51448 0
1459947871454055 129 2165337 54177 131 2126763 48954 0
1459947871455666 129 2161290 53674 127 2123169 48441 0
1459947871457601 137 2167799 55480 134 2128816 49862 0
1459947871459276 133 2168679 51956 132 2131462 48405 0
1459947871460760 128 2163090 53047 124 2123661 51814 0
1459947871462294 126 2155378 56010 121 2112629 57935 0
1459947871463956 130 2153389 53467 129 2112699 53473 0
1459947871465542 129 2150275 52159 126 2108924 52774 0
1459947871467393 133 2152524 50158 128 2108004 49498 0
1459947871469327 138 2160998 54051 136 2117396 54288 0
1459947871471359 137 2167530 55849 134 2123494 55668 0
1459947871473221 134 2169711 53496 132 2126556 54140 0
1459947871475108 134 2171722 51170 129 2125538 50847 0
1459947871477014 132 2171016 47822 129 2124600 47738 0
1459947871479016 134 2172925 45845 132 2127575 46751 0
1459947871480965 130 2169565 45360 128 2125198 45289 0
1459947871482946 135 2172867 44860 133 2129406 45630 0
1459947871484796 132 2172071 42088 130 2129446 42102 0
1459947871486678 131 2170057 40654 128 2126923 41137 0
1459947871488558 135 2173321 40486 135 2133557 44038 0
1459947871490304 132 2172490 38088 131 2134552 41515 0
1459947871492114 134 2174284 36766 133 2138030 41477 0
1459947871494041 135 2177218 36597 131 2138676 38831 0
1459947871496059 138 2183762 39770 136 2145671 42246 0
1459947871497684 129 2178275 41719 126 2139320 44799 0
1459947871499419 134 2179617 39696 131 2139865 41802 0
1459947871501129 128 2173174 42533 125 2132688 45152 0
1459947871502906 133 2173634 39634 130 2132471 41823 0
1459947871504786 133 2174058 36928 131 2133551 39551 0
1459947871506673 133 2174449 34404 129 2131987 37902 0
1459947871508509 131 2172250 33743 131 2133105 35971 0
1459947871510373 133 2172782 31597 131 2134136 34110 0
1459947871512490 137 2178393 34301 134 2138926 35861 0
1459947871514474 132 2177166 32752 125 2131822 39607 0
1459947871516407 131 2174754 32415 131 2132953 37555 0
1459947871518486 133 2175091 30193 131 2133996 35582 0
1459947871520335 132 2174122 28727 127 2129837 36635 0
1459947871522218 133 2174508 26838 130 2129843 33778 0
1459947871524164 135 2177424 27429 131 2131129 32324 0
1459947871525834 125 2167312 34607 125 2124634 35785 0
1459947871527474 132 2166950 32235 130 2125046 33369 0
1459947871529214 131 2165337 31202 128 2122866 32770 0
1459947871531110 132 2165130 28954 130 2123417 30717 0
1459947871532923 132 2164939 26866 130 2123925 28785 0
1459947871534812 139 2173723 32864 135 2130793 32867 0
1459947871536964 140 2183100 38941 137 2139684 38496 0
1459947871538638 128 2176385 42088 126 2133801 40911 0
1459947871540506 130 2172754 42145 131 2134777 38614 0
1459947871542473 134 2174527 40487 131 2135677 36427 0
1459947871544493 135 2177442 40010 133 2139067 36706 0
1459947871546624 137 2182689 41721 134 2143472 37899 0
1459947871548415 129 2177286 43441 125 2136013 41814 0
1459947871550326 133 2177425 40175 132 2138096 40468 0
1459947871552352 135 2180113 39514 134 2142577 41437 0
1459947871554374 138 2186431 42251 135 2147988 43187 0
1459947871556502 137 2190976 43140 134 2151696 43231 0
1459947871558641 137 2195166 43631 134 2155114 43004 0
1459947871560418 128 2187508 47281 125 2146745 47358 0
1459947871562225 129 2181728 48914 125 2139030 50769 0
1459947871564032 130 2177680 48823 127 2134478 50998 0
1459947871565701 127 2170108 51987 125 2127721 53241 0
1459947871567790 134 2172088 49750 133 2131732 52779 0
1459947871569951 135 2175193 48726 134 2136710 53244 0
1459947871571534 128 2169096 50539 126 2131059 54292 0
1459947871573194 129 2164755 50591 127 2127130 53672 0
1459947871574827 124 2154353 56226 123 2118387 57536 0
1459947871576351 127 2148604 57132 121 2107768 62830 0
1459947871578084 130 2147144 54013 124 2101818 63405 0
1459947871580138 135 2152198 54452 132 2106573 62834 0
1459947871582251 134 2155577 53312 129 2107116 58426 0
1459947871584357 137 2162532 55559 135 2115297 61403 0
1459947871586302 134 2165104 53589 131 2117719 58838 0
1459947871588309 136 2170035 53948 133 2122512 58659 0
1459947871590236 135 2173301 52743 132 2125650 56969 0
1459947871592171 138 2180151 54937 136 2133663 59905 0
1459947871594157 138 2186466 56467 137 2142330 63214 0
1459947871596154 135 2188448 53882 134 2146480 62101 0
1459947871598138 133 2187715 50347 129 2143906 59621 0
1459947871599938 131 2184479 49395 130 2142813 55970 0
1459947871601948 135 2186616 47506 131 2143085 51848 0
1459947871603961 132 2184746 45517 129 2140776 49925 0
1459947871605727 129 2179182 47088 126 2134807 51525 0
1459947871607653 132 2177893 44596 130 2134425 47850 0
1459947871609326 130 2174145 44566 127 2130233 47975 0
1459947871611300 138 2180929 47338 133 2134048 47743 0
1459947871613082 131 2178223 46132 131 2135005 44895 0
1459947871615088 134 2179569 43768 133 2138447 44560 0
1459947871617048 135 2182090 42672 134 2142900 45183 0
1459947871618984 137 2186974 43840 135 2148285 46618 0
1459947871620653 124 2174836 51604 121 2135330 54917 0
1459947871622530 131 2172606 49626 127 2131067 54555 0
1459947871624323 133 2173111 46213 131 2132257 51389 0
1459947871626447 139 2181256 50111 137 2141034 55465 0
1459947871628508 137 2186205 50758 135 2146565 56230 0
1459947871630267 129 2180527 52025 125 2138864 58935 0
1459947871632100 134 2181693 49035 131 2139445 54865 0
1459947871634111 135 2184048 47375 133 2142540 53432 0
1459947871636151 132 2182379 45211 131 2142834 49528 0
1459947871638178 137 2187240 46159 135 2148225 50627 0
1459947871639891 132 2185321 44320 129 2145514 49169 0
1459947871641526 130 2180992 44847 128 2141735 48810 0
1459947871643014 126 2171882 49741 123 2131851 54106 0
1459947871644540 129 2167323 50056 127 2127860 53557 0
1459947871646597 133 2168240 46991 130 2128020 49520 0
1459947871648228 127 2161406 49618 125 2121768 51414 0
1459947871650078 136 2166626 50553 132 2124964 50344 0
1459947871651782 129 2162478 50426 126 2120231 50773 0
1459947871653771 134 2165054 48861 133 2124827 51043 0
1459947871655515 129 2161029 48753 128 2122664 49048 0
1459947871657238 131 2159878 46004 129 2121950 45873 0
1459947871659051 133 2161377 43791 131 2123852 44043 0
1459947871660944 135 2165319 44003 131 2125606 42219 0
1459947871662632 129 2161273 44294 128 2123383 40969 0
1459947871664425 133 2162663 42114 131 2125173 39418 0
1459947871666139 128 2157544 43541 125 2119143 41896 0
1459947871667972 131 2156665 40948 126 2114864 42565 0
1459947871669810 135 2160975 41721 131 2117320 41503 0
1459947871671482 131 2159828 39517 127 2114464 40892 0
1459947871673445 136 2165171 41355 133 2119511 42350 0
1459947871675675 137 2171377 43845 134 2125444 44510 0
1459947871677448 130 2168138 43404 125 2119393 46609 0
1459947871679415 134 2170272 41980 133 2124055 47265 0
1459947871681420 133 2170959 39333 130 2124513 43994 0
1459947871683228 128 2165192 41575 127 2121095 43706 0
1459947871685168 135 2168836 41685 132 2124344 43286 0
1459947871686865 135 2172195 41525 133 2128619 43845 0
1459947871688925 142 2184252 49395 140 2141520 52312 0
1459947871690844 131 2181287 48269 127 2136773 52600 0
1459947871692681 135 2183673 46697 132 2138797 50356 0
1459947871694511 133 2183313 43379 131 2139383 46961 0
1459947871696341 133 2182981 40295 131 2139923 43790 0
1459947871698249 128 2176275 43327 128 2136581 43448 0
1459947871700298 135 2179053 42503 131 2137340 40753 0
1459947871702364 137 2184174 43903 133 2140600 40574 0
1459947871704389 136 2187615 43645 134 2144885 41354 0
1459947871706462 138 2193347 45519 134 2148835 41765 0
1459947871708528 139 2199911 48013 136 2155037 44219 0
1459947871710617 137 2203402 47480 135 2159474 44855 0
1459947871712482 135 2204061 44377 133 2161005 42761 0
1459947871714551 137 2207228 43830 135 2164976 43081 0
1459947871716567 135 2207588 40737 133 2166077 40730 0
1459947871718328 131 2202800 41967 128 2160692 42511 0
1459947871720227 129 2195826 45116 128 2155727 43765 0
1459947871721915 127 2186837 49877 125 2147310 48103 0
1459947871723758 136 2190070 48960 135 2152351 48991 0
1459947871725660 132 2187930 47107 129 2149318 47958 0
1459947871727442 134 2188517 43968 131 2149082 44428 0
1459947871729409 129 2182659 45933 126 2142464 47057 0
1459947871731214 129 2177258 47322 126 2136364 49003 0
1459947871733150 134 2178679 44934 131 2137140 45889 0
1459947871734845 126 2169749 49654 122 2126335 52262 0
1459947871736569 127 2162797 52182 126 2121495 52640 0
1459947871738553 131 2161508 49292 131 2123433 50313 0
1459947871740592 137 2168000 51426 136 2131619 53929 0
1459947871742499 132 2167585 47790 129 2130206 51017 0
1459947871744095 127 2160802 50308 126 2125063 51771 0
1459947871745801 132 2160949 46512 130 2125442 48075 0
1459947871747519 132 2161084 43003 127 2121951 47536 0
1459947871749599 139 2170169 48018 136 2130253 51475 0
1459947871751465 136 2174704 48447 133 2134066 50969 0
1459947871753278 137 2180165 49696 134 2138862 51408 0
1459947871755290 134 2181359 46914 130 2138163 48034 0
1459947871757000 130 2177340 46952 126 2132399 49594 0
1459947871758648 132 2176195 44338 130 2132205 45897 0
1459947871760255 126 2167459 48926 123 2123066 50735 0
1459947871762044 130 2164526 47806 129 2122321 47457 0
1459947871763920 133 2165662 45118 131 2124194 45476 0
1459947871766163 143 2179509 54358 140 2137441 54135 0
1459947871768027 135 2182034 52439 133 2140693 52903 0
1459947871770062 138 2188202 54028 133 2143691 51533 0
1459947871771924 134 2188768 50329 127 2138775 52037 0
1459947871773825 137 2193130 50418 136 2145763 54413 0
1459947871775255 121 2176671 61651 119 2130445 64282 0
1459947871777104 131 2174298 59021 129 2129123 60476 0
1459947871778722 129 2169550 58785 129 2127905 56873 0
1459947871780520 129 2165173 58226 127 2124222 55823 0
1459947871782472 132 2164978 53855 131 2125947 53051 0
1459947871784422 136 2169919 54202 134 2131377 53912 0
1459947871786556 136 2174474 54166 133 2135103 53135 0
1459947871788511 135 2177393 52625 132 2137258 50969 0
1459947871790427 136 2181364 52173 132 2139244 48818 0
1459947871792399 137 2186304 52651 134 2143635 49052 0
1459947871794415 136 2189579 51556 133 2146403 47771 0
1459947871796612 136 2192598 50311 130 2145115 45225 0
1459947871798588 131 2188981 49714 129 2142647 43965 0
1459947871800664 138 2194606 51016 137 2150612 47873 0
1459947871802599 133 2193392 48148 130 2148995 45622 0
1459947871804443 134 2193553 44534 132 2150064 43043 0
1459947871806243 128 2186021 47996 129 2147210 42310 0
1459947871807822 126 2176518 53006 123 2136899 48509 0
1459947871809705 133 2176717 49047 130 2136353 45221 0
1459947871811693 139 2184580 52464 133 2139690 44764 0
1459947871813491 136 2187989 51508 133 2142766 44102 0
1459947871815412 137 2192412 51560 133 2145602 43270 0
1459947871817194 132 2190089 49671 130 2144376 41018 0
1459947871819029 134 2190508 46176 131 2144526 37951 0
1459947871821179 134 2190894 42924 132 2145944 36294 0
1459947871823323 140 2198930 46978 137 2153652 40563 0
1459947871825165 137 2202498 46596 133 2155637 39224 0
1459947871827021 134 2201947 43462 131 2154907 36831 0
1459947871828871 130 2196319 45253 127 2149114 39292 0
1459947871830888 134 2196251 41779 130 2147614 37604 0
1459947871832525 129 2189788 44472 127 2142391 39480 0
1459947871834300 132 2187670 42948 128 2138856 39653 0
1459947871836034 131 2184438 42571 130 2138157 37198 0
1459947871837920 135 2186578 41218 133 2141353 37237 0
1459947871839663 130 2182151 42077 129 2139179 36330 0
1459947871841476 130 2178070 42550 126 2133335 38877 0
1459947871843305 133 2178148 39297 132 2135628 37953 0
1459947871845402 134 2179500 37472 132 2137742 36935 0
1459947871847386 134 2180746 35693 130 2137130 34612 0
1459947871849022 126 2171655 41284 120 2123766 44226 0
1459947871850801 129 2167114 42243 127 2120406 43866 0
1459947871852545 129 2162928 42800 127 2117309 43292 0
1459947871854242 133 2164189 40618 127 2114454 42540 0
1459947871856001 135 2167911 40875 128 2113102 40462 0
1459947871857807 136 2172622 42024 126 2109295 40808 0
1459947871859746 140 2172622 42024 132 2109295 40808 1
1459947871861528 141 2172622 42024 131 2109295 40808 1
1459947871863604 143 2172622 42024 136 2109295 40808 1
1459947871865333 132 2171845 39455 126 2105786 40853 0
1459947871867062 136 2176249 40432 127 2103831 39462 0
1459947871868965 137 2181589 42196 128 2103309 36860 0
1459947871870494 129 2181589 42196 122 2103309 36860 1
1459947871872162 133 2181392 39080 124 2097707 39143 0
1459947871874127 140 2181392 39080 132 2097707 39143 1
1459947871876009 140 2181392 39080 131 2097707 39143 1
1459947871877917 135 2183770 38218 128 2097663 36123 0
1459947871879697 134 2184682 36073 126 2095063 35696 0
1459947871881022 111 2184682 36073 102 2095063 35696 1
1459947871882584 138 2190643 38750 130 2097786 35417 0
1459947871884238 135 2192299 37248 128 2097736 32695 0
1459947871886080 137 2196385 38105 129 2098970 31277 0
1459947871887896 136 2198872 37421 130 2101387 31062 0
1459947871889373 126 2198872 37421 119 2101387 31062 1
1459947871891064 130 2198872 37421 124 2101387 31062 1
1459947871892589 128 2198872 37421 120 2101387 31062 1
1459947871894376 134 2198605 34743 127 2099776 30120 0
1459947871896141 135 2199638 32981 128 2099571 27954 0
1459947871897853 134 2199311 30705 126 2096822 28304 0
1459947871899797 138 2204129 32748 131 2100687 29655 0
1459947871901609 133 2202171 31993 126 2097850 29952 0
1459947871903130 128 2202171 31993 122 2097850 29952 1
1459947871904585 127 2202171 31993 122 2097850 29952 1
1459947871906391 135 2202926 30189 128 2097795 27662 0
1459947871908211 135 2203622 28472 128 2097744 25546 0
1459947871909946 131 2203622 28472 124 2097744 25546 1
1459947871911805 136 2205544 28018 129 2098977 24687 0
1459947871913877 139 2205544 28018 131 2098977 24687 1
1459947871915908 138 2209875 29822 130 2101394 24986 0
1459947871917802 135 2210028 27633 127 2099782 24518 0
1459947871919671 138 2214009 29144 131 2103416 25952 0
1459947871921591 141 2214009 29144 133 2103416 25952 1
1459947871923264 129 2214009 29144 120 2103416 25952 1
1459947871925005 133 2214009 29144 125 2103416 25952 1
1459947871926686 125 2214009 29144 118 2103416 25952 1
1459947871928375 131 2214009 29144 124 2103416 25952 1
1459947871930536 140 2214009 29144 131 2103416 25952 1
1459947871932662 139 2214009 29144 133 2103416 25952 1
1459947871934333 130 2214009 29144 121 2103416 25952 1
1459947871936163 136 2215119 27890 129 2104206 24652 0
1459947871938032 136 2216142 26654 131 2107494 25758 0
1459947871940053 143 2216142 26654 136 2107494 25758 1
1459947871941874 137 2218365 26621 131 2110526 26540 0
1459947871943714 137 2220415 26431 131 2113321 27042 0
1459947871945550 138 2223585 27288 131 2115897 27304 0
1459947871947299 136 2223947 25490 129 2115712 25340 0
1459947871948905 133 2223947 25490 125 2115712 25340 1
1459947871950887 140 2223947 25490 133 2115712 25340 1
1459947871952622 131 2223947 25490 124 2115712 25340 1
1459947871954460 138 2226841 26166 132 2119382 26743 0
1459947871956246 135 2225669 25201 127 2116365 27434 0
1459947871958290 144 2225669 25201 135 2116365 27434 1
1459947871960253 142 2225669 25201 134 2116365 27434 1
1459947871961946 133 2225669 25201 125 2116365 27434 1
1459947871963610 132 2220748 27767 127 2113583 27853 0
1459947871965275 133 2220748 27767 125 2113583 27853 1
1459947871967315 140 2220748 27767 131 2113583 27853 1
1459947871968920 130 2220748 27767 122 2113583 27853 1
1459947871970788 136 2221332 26135 129 2113579 25679 0
1459947871972424 133 2218030 27136 127 2111015 26035 0
1459947871974361 137 2220106 26930 131 2113771 26542 0
1459947871976270 141 2220106 26930 133 2113771 26542 1
1459947871978133 139 2220106 26930 130 2113771 26542 1
1459947871979930 138 2223300 27770 131 2116312 26811 0
1459947871981483 130 2223300 27770 123 2116312 26811 1
1459947871983321 134 2221124 27605 128 2114815 26095 0
1459947871985121 135 2220398 26116 128 2113435 25328 0
1459947871986797 136 2221009 24638 128 2112162 24521 0
1459947871988485 131 2221009 24638 123 2112162 24521 1
1459947871990089 133 2221009 24638 124 2112162 24521 1
1459947871991632 133 2221009 24638 125 2112162 24521 1
1459947871993374 137 2222852 24412 130 2113549 23883 0
1459947871995014 132 2222852 24412 124 2113549 23883 1
1459947871996914 141 2222852 24412 134 2113549 23883 1
1459947871998933 138 2225831 25250 132 2117387 25556 0
1459947872000643 132 2225831 25250 125 2117387 25556 1
1459947872002242 131 2225831 25250 123 2117387 25556 1
1459947872004089 134 2223457 25464 128 2115806 25016 0
1459947872005894 133 2219989 26670 126 2111788 26764 0
1459947872007529 133 2219989 26670 125 2111788 26764 1
1459947872009229 131 2219989 26670 125 2111788 26764 1
1459947872010790 132 2219989 26670 125 2111788 26764 1
1459947872012431 130 2219989 26670 125 2111788 26764 1
1459947872014281 131 2219989 26670 125 2111788 26764 1
1459947872016014 135 2219352 25172 129 2111924 24798 0
1459947872017805 136 2220045 23843 130 2113329 24156 0
1459947872019438 131 2220045 23843 125 2113329 24156 1
1459947872021304 135 2220045 23843 125 2113329 24156 1
1459947872023174 135 2219403 22570 128 2112065 23433 0
1459947872024867 134 2217532 22530 127 2109619 23855 0
1459947872026736 137 2219647 22719 131 2112485 24633 0
1459947872028646 134 2217757 22686 127 2110007 24992 0
1459947872030385 137 2219854 22846 128 2109002 23964 0
1459947872032134 137 2221787 22843 128 2108076 22944 0
1459947872033758 131 2221787 22843 123 2108076 22944 1
1459947872035428 136 2222289 21521 126 2104662 24297 0
1459947872037243 139 2222289 21521 131 2104662 24297 1
1459947872039061 137 2224032 21446 131 2107915 25397 0
1459947872040770 135 2223079 20648 130 2109634 24996 0
1459947872042571 138 2226040 21764 129 2109938 23324 0
1459947872044190 132 2221090 24625 127 2107659 23601 0
1459947872045905 134 2219087 24547 126 2104278 24873 0
1459947872047597 133 2219087 24547 124 2104278 24873 1
1459947872049344 135 2218520 23150 127 2102441 24622 0
1459947872051464 143 2218520 23150 135 2102441 24622 1
1459947872053475 136 2219278 22039 129 2103307 23497 0
1459947872055387 139 2219278 22039 134 2103307 23497 1
1459947872057281 139 2219278 22039 132 2103307 23497 1
1459947872059175 135 2218696 20852 129 2104106 22397 0
1459947872060846 131 2218696 20852 124 2104106 22397 1
1459947872062457 132 2214320 23255 126 2101002 23507 0
1459947872064273 131 2214320 23255 125 2101002 23507 1
1459947872066341 140 2214320 23255 131 2101002 23507 1
1459947872068093 138 2217966 24799 131 2104541 24932 0
1459947872070083 138 2221327 25959 132 2109083 27171 0
1459947872071880 135 2220585 24613 127 2106870 27087 0
1459947872073754 136 2221181 23240 129 2107390 25450 0
1459947872075608 140 2221181 23240 130 2107390 25450 1
1459947872077393 139 2221181 23240 130 2107390 25450 1
1459947872079159 136 2221731 21931 127 2105310 25378 0
1459947872080866 133 2218398 23289 126 2102112 26342 0
1459947872082633 139 2218398 23289 130 2102112 26342 1
1459947872084566 136 2219165 22176 127 2100444 25821 0
1459947872086412 139 2219165 22176 132 2100444 25821 1
1459947872088160 135 2218592 20970 127 2098906 25220 0
1459947872089943 134 2218592 20970 123 2098906 25220 1
1459947872091711 135 2218064 19817 126 2096208 25735 0
1459947872093630 139 2218064 19817 132 2096208 25735 1
1459947872095415 141 2218064 19817 135 2096208 25735 1
1459947872097355 139 2218064 19817 132 2096208 25735 1
1459947872099407 140 2218064 19817 133 2096208 25735 1
1459947872101322 135 2217577 18716 129 2097561 24972 0
1459947872103098 134 2215848 18846 126 2094969 25410 0
1459947872105207 139 2215848 18846 133 2094969 25410 1
1459947872107119 136 2216814 18264 128 2095139 23581 0
1459947872109014 137 2218985 18838 130 2097856 24243 0
1459947872111038 139 2218985 18838 132 2097856 24243 1
1459947872112846 141 2218985 18838 134 2097856 24243 1
1459947872114953 143 2218985 18838 133 2097856 24243 1
1459947872116748 135 2218426 17880 128 2097801 22399 0
1459947872118542 135 2217911 16957 127 2096470 21875 0
1459947872120327 133 2214876 18429 126 2093963 22476 0
1459947872121933 133 2212078 19567 125 2090372 24030 0
1459947872123520 134 2210779 19235 125 2087061 25203 0
1459947872125449 139 2210779 19235 132 2087061 25203 1
1459947872127376 138 2210779 19235 130 2087061 25203 1
1459947872129265 140 2210779 19235 133 2087061 25203 1
1459947872131350 140 2210779 19235 132 2087061 25203 1
1459947872133223 140 2210779 19235 131 2087061 25203 1
1459947872134997 139 2210779 19235 132 2087061 25203 1
1459947872136741 134 2209581 18835 127 2086569 23687 0
1459947872138895 140 2209581 18835 131 2086569 23687 1
1459947872140731 137 2212317 19885 132 2092515 27318 0
1459947872142388 136 2213559 19476 128 2092877 25516 0
1459947872144205 136 2214704 19010 129 2094490 25009 0
1459947872146098 141 2214704 19010 132 2094490 25009 1
1459947872147779 135 2214480 17730 128 2094697 23246 0
1459947872149319 131 2214480 17730 124 2094697 23246 1
1459947872151012 135 2214273 16534 127 2093608 22432 0
1459947872152855 136 2215362 16246 128 2093884 20934 0
1459947872154650 136 2216366 15902 130 2096699 21893 0
1459947872156363 136 2217292 15513 127 2095454 21329 0
1459947872158232 135 2216866 14693 128 2095586 19784 0
1459947872160187 136 2217753 14363 131 2099548 21890 0
1459947872162135 136 2218571 13994 130 2101920 22366 0
1459947872164099 139 2218571 13994 132 2101920 22366 1
1459947872165835 134 2216765 14564 128 2101547 20961 0
1459947872167638 132 2216765 14564 121 2101547 20961 1
1459947872169743 143 2216765 14564 136 2101547 20961 1
1459947872171867 143 2216765 14564 136 2101547 20961 1
1459947872173852 142 2216765 14564 134 2101547 20961 1
1459947872175846 137 2218940 15431 130 2103763 21366 0
1459947872177716 136 2219665 14893 130 2105806 21579 0
1459947872179363 134 2217773 15472 127 2103849 21696 0
1459947872181214 135 2217309 14690 128 2103325 20483 0
1459947872182909 137 2219441 15508 128 2102842 19326 0
1459947872184680 136 2220127 14928 129 2103677 18586 0
1459947872186441 135 2219479 14357 126 2100607 19962 0
1459947872188313 137 2221442 15044 131 2104177 21693 0
1459947872190048 136 2221971 14356 128 2103628 20503 0
1459947872191720 137 2223739 14864 127 2101842 20547 0
1459947872193515 138 2223739 14864 130 2101842 20547 1
1459947872195042 128 2223739 14864 121 2101842 20547 1
1459947872196967 137 2225369 15205 130 2104035 20963 0
1459947872198916 140 2225369 15205 134 2104035 20963 1
1459947872200988 140 2225369 15205 132 2104035 20963 1
1459947872202851 139 2225369 15205 131 2104035 20963 1
1459947872204763 138 2225369 15205 131 2104035 20963 1
1459947872206680 137 2226872 15402 128 2103497 19820 0
1459947872208327 129 2226872 15402 123 2103497 19820 1
1459947872210075 139 2226872 15402 131 2103497 19820 1
1459947872211911 139 2226872 15402 130 2103497 19820 1
1459947872213667 137 2228257 15475 132 2108121 22534 0
1459947872215474 135 2226974 15448 129 2108544 21163 0
1459947872217343 138 2226974 15448 131 2108544 21163 1
1459947872219054 132 2226974 15448 124 2108544 21163 1
1459947872220909 137 2228351 15511 130 2110214 21048 0
1459947872222661 137 2229621 15469 129 2110473 19642 0
1459947872224586 140 2229621 15469 132 2110473 19642 1
1459947872226489 137 2230791 15339 127 2108152 20246 0
1459947872228121 130 2230791 15339 123 2108152 20246 1
1459947872230145 140 2230791 15339 131 2108152 20246 1
1459947872232116 141 2230791 15339 133 2108152 20246 1
1459947872233954 137 2231870 15135 130 2109852 20231 0
1459947872235860 139 2231870 15135 131 2109852 20231 1
1459947872237608 138 2234145 16049 127 2107579 20744 0
1459947872239527 136 2233682 15221 130 2109324 20732 0
1459947872241515 136 2233255 14424 130 2110933 20595 0
1459947872243144 135 2231581 14839 127 2108576 21158 0
1459947872244754 135 2230038 15100 127 2106403 21507 0
1459947872246387 131 2230038 15100 123 2106403 21507 1
1459947872248258 139 2230038 15100 132 2106403 21507 1
1459947872250106 142 2230038 15100 134 2106403 21507 1
1459947872251723 130 2230038 15100 120 2106403 21507 1
1459947872253386 132 2230038 15100 124 2106403 21507 1
1459947872255354 139 2230038 15100 129 2106403 21507 1
1459947872257110 137 2231176 14969 128 2105680 20492 0
1459947872258769 133 2231176 14969 125 2105680 20492 1
1459947872260308 130 2231176 14969 123 2105680 20492 1
1459947872262153 136 2230945 14011 128 2105013 19505 0
1459947872263907 131 2230945 14011 124 2105013 19505 1
1459947872265559 132 2230945 14011 125 2105013 19505 1
1459947872266950 124 2230945 14011 115 2105013 19505 1
1459947872268660 135 2229452 14291 127 2103118 19727 0
1459947872270282 130 2229452 14291 122 2103118 19727 1
1459947872272027 136 2229356 13262 127 2101371 19794 0
1459947872273803 136 2229267 12306 126 2098481 20910 0
1459947872275663 134 2226625 13779 127 2097097 20551 0
1459947872277544 137 2228029 13997 131 2100941 22488 0
1459947872279256 135 2226764 14068 128 2100644 21003 0
1459947872280954 135 2225598 14042 128 2100371 19613 0
1459947872282763 135 2224523 13934 130 2102679 20208 0
1459947872284377 138 2224523 13934 130 2102679 20208 1
1459947872286272 138 2224523 13934 130 2102679 20208 1
1459947872288181 142 2224523 13934 133 2102679 20208 1
1459947872290028 136 2224523 13934 124 2102679 20208 1
1459947872291634 131 2224523 13934 123 2102679 20208 1
1459947872293132 133 2220972 16118 126 2099687 21387 0
1459947872295053 138 2220972 16118 131 2099687 21387 1
1459947872296821 137 2222818 16560 127 2098208 21078 0
1459947872298531 135 2221960 16056 128 2098125 19507 0
1459947872300251 137 2223729 16432 130 2100608 20273 0
1459947872301833 132 2223729 16432 124 2100608 20273 1
1459947872303707 137 2225360 16651 129 2101618 19620 0
1459947872305371 132 2225360 16651 125 2101618 19620 1
1459947872307312 141 2225360 16651 131 2101618 19620 1
1459947872309052 137 2226863 16736 130 2103829 20125 0
1459947872311064 137 2228249 16706 128 2103307 19032 0
1459947872312676 135 2226967 16581 126 2100266 20348 0
1459947872314307 132 2226967 16581 123 2100266 20348 1
1459947872316023 136 2227065 15375 130 2102582 20893 0
1459947872317645 135 2225875 15269 128 2102157 19651 0
1459947872319372 136 2226058 14245 129 2103045 18934 0
1459947872321308 137 2227507 14468 129 2103864 18209 0
1459947872322904 131 2227507 14468 122 2103864 18209 1
1459947872324446 126 2227507 14468 121 2103864 18209 1
1459947872326112 129 2227507 14468 121 2103864 18209 1
1459947872327996 139 2227507 14468 130 2103864 18209 1
1459947872329450 129 2227507 14468 120 2103864 18209 1
1459947872330771 122 2227507 14468 114 2103864 18209 1
1459947872332465 134 2227507 14468 125 2103864 18209 1
1459947872334243 135 2226283 14465 127 2102059 18449 0
1459947872335997 132 2226283 14465 125 2102059 18449 1
1459947872337626 132 2226283 14465 123 2102059 18449 1
1459947872339429 134 2223874 15554 128 2101675 17360 0
1459947872341370 139 2223874 15554 131 2101675 17360 1
1459947872343173 137 2225493 15831 131 2105161 19217 0
1459947872345127 142 2225493 15831 134 2105161 19217 1
1459947872346843 138 2225493 15831 130 2105161 19217 1
1459947872348525 131 2225493 15831 122 2105161 19217 1
1459947872350292 138 2225493 15831 128 2105161 19217 1
1459947872351829 131 2225493 15831 125 2105161 19217 1
1459947872353498 135 2224426 15577 128 2104535 18291 0
1459947872355035 130 2224426 15577 121 2104535 18291 1
1459947872356776 136 2224722 14633 128 2103958 17393 0
1459947872358716 136 2224995 13741 128 2103426 16524 0
1459947872360487 135 2223967 13614 128 2102935 15684 0
1459947872362308 138 2223967 13614 128 2102935 15684 1
1459947872364152 140 2223967 13614 133 2102935 15684 1
1459947872365826 132 2223967 13614 123 2102935 15684 1
1459947872367627 136 2223967 13614 126 2102935 15684 1
1459947872369471 140 2223967 13614 131 2102935 15684 1
1459947872371169 136 2224299 12856 129 2103763 15221 0
1459947872372734 133 2224299 12856 125 2103763 15221 1
1459947872374360 134 2224299 12856 125 2103763 15221 1
1459947872376106 131 2224299 12856 125 2103763 15221 1
1459947872377741 129 2224299 12856 124 2103763 15221 1
1459947872379481 135 2223325 12748 128 2103246 14507 0
1459947872381207 138 2223325 12748 130 2103246 14507 1
1459947872382849 127 2223325 12748 121 2103246 14507 1
1459947872384883 141 2223325 12748 134 2103246 14507 1
1459947872386728 136 2223707 12104 129 2104049 14114 0
1459947872388412 129 2223707 12104 124 2104049 14114 1
1459947872390062 134 2223707 12104 125 2104049 14114 1
1459947872391760 131 2223707 12104 122 2104049 14114 1
1459947872393369 135 2222779 12012 128 2103510 13507 0
1459947872395095 135 2221924 11860 129 2104293 13173 0
1459947872396753 134 2221924 11860 126 2104293 13173 1
1459947872398684 131 2221924 11860 125 2104293 13173 1
1459947872400761 136 2221924 11860 126 2104293 13173 1
1459947872402900 139 2221924 11860 131 2104293 13173 1
1459947872404745 136 2222416 11386 128 2103735 12657 0
1459947872406640 134 2222416 11386 126 2103735 12657 1
1459947872408461 137 2224149 12094 129 2104500 12373 0
1459947872410453 140 2224149 12094 133 2104500 12373 1
1459947872412426 138 2224149 12094 129 2104500 12373 1
1459947872414139 133 2224149 12094 126 2104500 12373 1
1459947872415946 128 2224149 12094 120 2104500 12373 1
1459947872417873 136 2224467 11442 129 2105205 12056 0
1459947872419574 134 2224467 11442 126 2105205 12056 1
1459947872421415 136 2224760 10818 130 2107135 12894 0
1459947872423192 141 2224760 10818 133 2107135 12894 1
1459947872424881 137 2226310 11401 131 2110195 14707 0
1459947872426822 136 2226459 10647 129 2110456 13798 0
1459947872428792 136 2226596 9942 131 2113256 15301 0
1459947872430780 139 2226596 9942 130 2113256 15301 1
1459947872432650 137 2228003 10462 131 2115837 16485 0
1459947872434038 120 2228003 10462 112 2115837 16485 1
1459947872435746 132 2228003 10462 125 2115837 16485 1
1459947872437674 137 2229300 10839 129 2115657 15362 0
1459947872439687 142 2229300 10839 132 2115657 15362 1
1459947872441615 143 2229300 10839 135 2115657 15362 1
1459947872443462 139 2229300 10839 132 2115657 15362 1
1459947872445204 134 2229300 10839 126 2115657 15362 1
1459947872447073 135 2229300 10839 126 2115657 15362 1
1459947872448711 135 2227935 11249 129 2115491 14313 0
1459947872450280 130 2227935 11249 123 2115491 14313 1
1459947872452089 138 2227935 11249 129 2115491 14313 1
1459947872453880 135 2226677 11529 128 2114058 14514 0
1459947872455902 138 2226677 11529 130 2114058 14514 1
1459947872457691 137 2228077 11919 129 2114017 13417 0
1459947872459452 137 2228077 11919 127 2114017 13417 1
1459947872461533 146 2228077 11919 137 2114017 13417 1
1459947872463186 132 2228077 11919 122 2114017 13417 1
1459947872464764 133 2228077 11919 125 2114017 13417 1
1459947872466270 126 2228077 11919 120 2114017 13417 1
1459947872467847 133 2228077 11919 124 2114017 13417 1
1459947872469781 140 2228077 11919 129 2114017 13417 1
1459947872471489 136 2228088 10997 129 2113979 12402 0
1459947872473119 131 2228088 10997 121 2113979 12402 1
1459947872474776 132 2228088 10997 124 2113979 12402 1
1459947872476454 131 2228088 10997 125 2113979 12402 1
1459947872478536 138 2228088 10997 130 2113979 12402 1
1459947872480419 140 2228088 10997 131 2113979 12402 1
1459947872482028 135 2228088 10997 126 2113979 12402 1
1459947872483643 135 2226818 11307 128 2112664 12644 0
1459947872485419 136 2226927 10524 129 2112732 11718 0
1459947872487162 137 2228308 10974 128 2111514 11924 0
1459947872488942 137 2229581 11289 131 2114231 13497 0
1459947872490687 133 2229581 11289 127 2114231 13497 1
1459947872492540 140 2229581 11289 131 2114231 13497 1
1459947872494390 139 2229581 11289 132 2114231 13497 1
1459947872496188 135 2228194 11684 128 2112896 13672 0
1459947872498006 135 2228194 11684 127 2112896 13672 1
1459947872499927 141 2228194 11684 135 2112896 13672 1
1459947872501876 141 2228194 11684 131 2112896 13672 1
1459947872503721 139 2228194 11684 132 2112896 13672 1
1459947872505660 140 2228194 11684 133 2112896 13672 1
1459947872507637 137 2229476 11953 129 2112946 12649 0
1459947872509610 136 2229378 11109 129 2112992 11702 0
1459947872511130 129 2229378 11109 120 2112992 11702 1
1459947872512529 127 2229378 11109 119 2112992 11702 1
1459947872513910 122 2229378 11109 116 2112992 11702 1
1459947872515577 130 2229378 11109 122 2112992 11702 1
1459947872517414 137 2230567 11337 130 2114314 12006 0
1459947872519236 137 2231663 11462 130 2115533 12191 0
1459947872521031 136 2231394 10813 130 2116656 12274 0
1459947872522467 134 2231394 10813 125 2116656 12274 1
1459947872524190 134 2231394 10813 125 2116656 12274 1
1459947872525782 134 2231394 10813 126 2116656 12274 1
1459947872527426 132 2231394 10813 124 2116656 12274 1
1459947872528911 128 2231394 10813 121 2116656 12274 1
1459947872530550 131 2231394 10813 123 2116656 12274 1
1459947872532008 121 2231394 10813 116 2116656 12274 1
1459947872533632 127 2231394 10813 122 2116656 12274 1
1459947872535511 137 2232426 10919 132 2120252 14630 0
1459947872537419 139 2232426 10919 132 2120252 14630 1
1459947872539510 140 2232426 10919 133 2120252 14630 1
1459947872541285 133 2232426 10919 125 2120252 14630 1
1459947872543162 137 2233377 10942 132 2123567 16543 0
1459947872544951 137 2234254 10895 131 2125343 16887 0
1459947872546737 135 2232502 11657 128 2123140 17597 0
1459947872548436 136 2232502 11657 127 2123140 17597 1
1459947872550249 140 2232502 11657 132 2123140 17597 1
1459947872552270 141 2232502 11657 133 2123140 17597 1
1459947872553784 123 2232502 11657 116 2123140 17597 1
1459947872555559 137 2233447 11617 129 2122389 16913 0
1459947872557074 128 2233447 11617 120 2122389 16913 1
1459947872558892 136 2233038 11085 129 2121697 16228 0
1459947872560451 135 2233038 11085 126 2121697 16228 1
1459947872562246 136 2233038 11085 126 2121697 16228 1
1459947872563922 133 2233038 11085 126 2121697 16228 1
1459947872565878 138 2233038 11085 130 2121697 16228 1
1459947872567664 135 2231381 11744 128 2119779 16727 0
1459947872569391 132 2231381 11744 123 2119779 16727 1
1459947872570972 135 2231381 11744 124 2119779 16727 1
1459947872572768 138 2231381 11744 129 2119779 16727 1
1459947872574373 131 2231381 11744 122 2119779 16727 1
1459947872576074 136 2231134 11053 128 2118011 17049 0
1459947872577852 134 2231134 11053 124 2118011 17049 1
1459947872579659 137 2232186 11159 128 2116381 17219 0
1459947872581507 132 2232186 11159 124 2116381 17219 1
1459947872583159 135 2230596 11752 128 2114878 17257 0
1459947872584782 132 2230596 11752 123 2114878 17257 1
1459947872586441 133 2226570 14543 128 2113493 17184 0
1459947872588561 139 2226570 14543 133 2113493 17184 1
1459947872590363 136 2226699 13525 128 2112216 17017 0
1459947872592199 138 2226699 13525 132 2112216 17017 1
1459947872593747 132 2226699 13525 125 2112216 17017 1
1459947872595471 135 2225538 13538 128 2111039 16771 0
1459947872597138 128 2225538 13538 121 2111039 16771 1
1459947872599049 142 2225538 13538 134 2111039 16771 1
1459947872600892 135 2224467 13466 130 2112514 16819 0
1459947872602605 130 2224467 13466 119 2112514 16819 1
1459947872604353 134 2222200 14502 127 2110033 17791 0
1459947872606058 130 2222200 14502 123 2110033 17791 1
1459947872607835 134 2220110 15295 129 2110306 16653 0
1459947872609795 137 2222023 15864 129 2110558 15583 0
1459947872611790 138 2222023 15864 132 2110558 15583 1
1459947872613733 139 2222023 15864 131 2110558 15583 1
1459947872615138 125 2222023 15864 118 2110558 15583 1
1459947872616640 124 2222023 15864 118 2110558 15583 1
1459947872618399 139 2222023 15864 132 2110558 15583 1
1459947872620175 134 2222023 15864 126 2110558 15583 1
1459947872622035 135 2221227 15357 127 2108230 16510 0
1459947872624030 138 2221227 15357 132 2108230 16510 1
1459947872626014 135 2220493 14833 127 2106084 17197 0
1459947872628037 135 2219816 14297 129 2106666 16389 0
1459947872629727 133 2219816 14297 126 2106666 16389 1
1459947872631270 129 2219816 14297 120 2106666 16389 1
1459947872633218 140 2219816 14297 131 2106666 16389 1
1459947872635174 138 2219816 14297 129 2106666 16389 1
1459947872637398 147 2219816 14297 141 2106666 16389 1
1459947872639269 139 2219816 14297 131 2106666 16389 1
1459947872641157 137 2221752 14965 128 2105922 15793 0
1459947872642873 132 2221752 14965 123 2105922 15793 1
1459947872644564 133 2221752 14965 125 2105922 15793 1
1459947872646269 135 2220977 14508 129 2106516 15107 0
1459947872647845 131 2220977 14508 123 2106516 15107 1
1459947872649680 138 2220977 14508 130 2106516 15107 1
1459947872651237 133 2220977 14508 125 2106516 15107 1
1459947872652903 135 2220263 14032 128 2105784 14600 0
1459947872654600 133 2220263 14032 124 2105784 14600 1
1459947872656570 142 2220263 14032 135 2105784 14600 1
1459947872658354 134 2220263 14032 126 2105784 14600 1
1459947872660275 139 2220263 14032 131 2105784 14600 1
1459947872662013 130 2220263 14032 124 2105784 14600 1
1459947872663713 133 2220263 14032 124 2105784 14600 1
1459947872665382 132 2215764 17081 127 2103829 15260 0
1459947872667102 137 2218017 17823 129 2104587 14766 0
1459947872668952 131 2218017 17823 124 2104587 14766 1
1459947872670908 136 2218814 17165 128 2104006 14147 0
1459947872672841 138 2218814 17165 132 2104006 14147 1
1459947872674900 145 2218814 17165 138 2104006 14147 1
1459947872677062 141 2218814 17165 132 2104006 14147 1
1459947872678920 134 2216989 17505 127 2102190 14714 0
1459947872680805 132 2216989 17505 121 2102190 14714 1
1459947872682641 137 2219146 18126 129 2103076 14381 0
1459947872684450 135 2218575 17235 128 2102613 13683 0
1459947872686282 136 2219328 16583 129 2103466 13400 0
1459947872687666 122 2219328 16583 116 2103466 13400 1
1459947872689220 127 2219328 16583 119 2103466 13400 1
1459947872690727 125 2219328 16583 117 2103466 13400 1
1459947872692352 135 2218743 15826 129 2104252 13078 0
1459947872694085 141 2218743 15826 133 2104252 13078 1
1459947872695985 141 2218743 15826 136 2104252 13078 1
1459947872697673 136 2219483 15271 128 2103697 12567 0
1459947872699251 133 2219483 15271 126 2103697 12567 1
1459947872700949 132 2219483 15271 123 2103697 12567 1
1459947872702577 129 2219483 15271 122 2103697 12567 1
1459947872704388 135 2218885 14627 128 2103185 12056 0
1459947872706148 138 2218885 14627 130 2103185 12056 1
1459947872707679 132 2218885 14627 125 2103185 12056 1
1459947872709304 135 2218334 13991 127 2101433 12728 0
1459947872711282 137 2220386 14789 130 2103658 13784 0
1459947872712943 133 2217158 16608 127 2101869 14355 0
1459947872714899 139 2217158 16608 132 2101869 14355 1
1459947872716761 136 2217158 16608 126 2101869 14355 1
1459947872718689 139 2217158 16608 132 2101869 14355 1
1459947872720395 138 2217158 16608 130 2101869 14355 1
1459947872722037 132 2212902 19232 128 2101500 13572 0
1459947872723769 131 2212902 19232 123 2101500 13572 1
1459947872725472 129 2212902 19232 122 2101500 13572 1
1459947872727096 130 2212902 19232 123 2101500 13572 1
1459947872728764 132 2212902 19232 125 2101500 13572 1
1459947872730491 137 2215379 20012 128 2101160 12824 0
1459947872732246 141 2215379 20012 132 2101160 12824 1
1459947872734014 138 2215379 20012 130 2101160 12824 1
1459947872735979 138 2215379 20012 129 2101160 12824 1
1459947872737927 138 2215379 20012 128 2101160 12824 1
1459947872739459 118 2215379 20012 113 2101160 12824 1
1459947872740790 96 2215379 20012 92 2101160 12824 1
1459947872742072 94 2215379 20012 88 2101160 12824 1
1459947872743275 105 2215379 20012 99 2101160 12824 1
1459947872744952 138 2215379 20012 130 2101160 12824 1
1459947872746538 137 2217662 20553 128 2100846 12110 0
1459947872748116 133 2217662 20553 125 2100846 12110 1
1459947872749836 136 2218487 19707 129 2101837 12076 0
1459947872751585 136 2218487 19707 124 2101837 12076 1
1459947872753385 138 2218487 19707 128 2101837 12076 1
1459947872755236 135 2217967 18645 127 2100190 12649 0
1459947872757136 134 2216208 18809 128 2099952 11878 0
1459947872758770 129 2216208 18809 123 2099952 11878 1
1459947872760516 131 2216208 18809 123 2099952 11878 1
1459947872762188 132 2216208 18809 122 2099952 11878 1
1459947872763932 137 2218426 19384 131 2103573 14288 0
1459947872765641 133 2218426 19384 124 2103573 14288 1
1459947872767380 133 2218426 19384 126 2103573 14288 1
1459947872769179 137 2220471 19754 129 2104351 13888 0
1459947872770770 129 2220471 19754 121 2104351 13888 1
1459947872772486 138 2223636 21128 131 2107628 15824 0
1459947872774123 136 2223994 19807 128 2106809 15341 0
1459947872776035 139 2223994 19807 128 2106809 15341 1
1459947872777696 132 2223994 19807 124 2106809 15341 1
1459947872779469 134 2221764 20314 127 2104774 16017 0
1459947872781192 135 2221764 20314 126 2104774 16017 1
1459947872783025 138 2224828 21551 130 2106738 16576 0
1459947872784907 138 2227653 22471 131 2109829 18130 0
1459947872786737 136 2227697 20756 129 2110118 16980 0
1459947872788527 134 2225178 21456 127 2107825 17766 0
1459947872790652 143 2225178 21456 134 2107825 17766 1
1459947872792446 139 2225178 21456 131 2107825 17766 1
1459947872794261 137 2226695 21178 128 2106991 17146 0
1459947872795995 134 2226695 21178 124 2106991 17146 1
1459947872797990 135 2225534 20592 128 2106222 16514 0
1459947872799832 140 2225534 20592 129 2106222 16514 1
1459947872801604 133 2225534 20592 126 2106222 16514 1
1459947872803313 132 2225534 20592 126 2106222 16514 1
1459947872805029 137 2227024 20356 129 2106793 15749 0
1459947872806957 139 2227024 20356 131 2106793 15749 1
1459947872808591 137 2228397 20031 131 2109879 17363 0
1459947872810641 143 2228397 20031 134 2109879 17363 1
1459947872812458 138 2230943 20813 129 2110164 16269 0
1459947872814175 133 2230943 20813 126 2110164 16269 1
1459947872815769 128 2230943 20813 119 2110164 16269 1
1459947872817530 135 2230943 20813 126 2110164 16269 1
1459947872819349 137 2232010 20170 128 2109147 15934 0
1459947872820997 136 2232010 20170 126 2109147 15934 1
1459947872822885 137 2232994 19501 130 2110769 16185 0
1459947872824680 135 2231341 19500 127 2108425 17080 0
1459947872826604 140 2231341 19500 131 2108425 17080 1
1459947872828367 134 2228537 20560 127 2106264 17736 0
1459947872830080 139 2228537 20560 130 2106264 17736 1
1459947872831591 133 2228537 20560 124 2106264 17736 1
1459947872833295 135 2227232 20155 128 2105552 17006 0
1459947872835187 139 2227232 20155 129 2105552 17006 1
1459947872836998 135 2226029 19688 129 2106175 16252 0
1459947872838769 135 2224920 19170 129 2106750 15512 0
1459947872840702 139 2224920 19170 130 2106750 15512 1
1459947872842500 136 2225178 17909 128 2106000 14991 0
1459947872844335 134 2222855 18649 128 2105308 14456 0
1459947872846161 138 2225834 19938 129 2105950 13918 0
1459947872847923 134 2225834 19938 125 2105950 13918 1
1459947872849805 139 2225834 19938 131 2105950 13918 1
1459947872851496 138 2228580 20912 131 2109102 15736 0
1459947872853311 136 2228552 19303 127 2106888 16546 0
1459947872855079 137 2229806 18950 127 2104847 17134 0
1459947872857019 138 2232242 19715 131 2108085 18780 0
1459947872858707 131 2232242 19715 125 2108085 18780 1
1459947872860339 136 2231928 18463 129 2108510 17704 0
1459947872862274 139 2231928 18463 131 2108510 17704 1
1459947872863928 136 2231638 17286 127 2106342 18317 0
1459947872865590 134 2228811 18540 129 2106904 17403 0
1459947872867602 142 2228811 18540 134 2106904 17403 1
1459947872869769 146 2228811 18540 138 2106904 17403 1
1459947872871573 137 2230045 18228 129 2107422 16520 0
1459947872873155 129 2230045 18228 121 2107422 16520 1
1459947872875045 135 2228622 18114 128 2106619 15968 0
1459947872876732 135 2228622 18114 125 2106619 15968 1
1459947872878707 137 2229870 17849 129 2107159 15218 0
1459947872880492 136 2229741 16572 127 2105097 15929 0
1459947872882427 140 2229741 16572 133 2105097 15929 1
1459947872884304 138 2232182 17527 130 2107036 16471 0
1459947872886044 134 2232182 17527 125 2107036 16471 1
1459947872887803 136 2232182 17527 124 2107036 16471 1
1459947872889458 136 2231872 16442 128 2106263 15895 0
1459947872891515 140 2231872 16442 132 2106263 15895 1
1459947872893490 139 2231872 16442 130 2106263 15895 1
1459947872895319 140 2231872 16442 133 2106263 15895 1
1459947872897260 141 2231872 16442 132 2106263 15895 1
1459947872898905 132 2231872 16442 125 2106263 15895 1
1459947872900641 136 2231587 15419 127 2104271 16489 0
1459947872902435 138 2233884 16331 131 2107554 18227 0
1459947872904230 138 2236001 17007 130 2109301 18413 0
1459947872906131 138 2237953 17477 129 2109631 17279 0
1459947872908022 140 2237953 17477 133 2109631 17279 1
1459947872909608 136 2237192 16811 127 2107376 18007 0
1459947872911347 135 2235211 17322 127 2105297 18516 0
1459947872913196 142 2235211 17322 135 2105297 18516 1
1459947872915215 140 2235211 17322 131 2105297 18516 1
1459947872917291 140 2235211 17322 133 2105297 18516 1
1459947872919011 136 2234665 16471 128 2104660 17655 0
1459947872920571 129 2234665 16471 123 2104660 17655 1
1459947872922459 135 2232881 16827 130 2106633 18094 0
1459947872924423 139 2232881 16827 131 2106633 18094 1
1459947872926211 138 2235077 17536 132 2111012 20717 0
1459947872928196 140 2235077 17536 131 2111012 20717 1
1459947872930039 138 2237101 18032 131 2113769 21639 0
1459947872932010 137 2237101 18032 126 2113769 21639 1
1459947872933798 133 2232567 20802 128 2112470 21144 0
1459947872935585 133 2232567 20802 124 2112470 21144 1
1459947872937238 130 2232567 20802 119 2112470 21144 1
1459947872938879 132 2232567 20802 123 2112470 21144 1
1459947872940563 133 2232567 20802 125 2112470 21144 1
1459947872942413 135 2232567 20802 126 2112470 21144 1
1459947872944244 137 2233507 20043 130 2113833 20748 0
1459947872946032 139 2233507 20043 132 2113833 20748 1
1459947872947732 133 2233507 20043 125 2113833 20748 1
1459947872949498 136 2233094 18857 128 2112529 20328 0
1459947872951020 132 2233094 18857 123 2112529 20328 1
1459947872952691 131 2233094 18857 126 2112529 20328 1
1459947872954515 136 2232713 17733 130 2113887 19991 0
1459947872956297 138 2234922 18383 130 2115139 19583 0
1459947872958226 136 2234398 17428 130 2116293 19117 0
1459947872959820 133 2234398 17428 125 2116293 19117 1
1459947872961612 136 2233915 16510 128 2114797 19001 0
1459947872963331 136 2233470 15629 129 2114698 17606 0
1459947872965023 131 2233470 15629 124 2114698 17606 1
1459947872966647 133 2233470 15629 126 2114698 17606 1
1459947872968588 136 2233060 14784 128 2113327 17493 0
1459947872970663 139 2233060 14784 131 2113327 17493 1
1459947872972722 139 2233060 14784 131 2113327 17493 1
1459947872974770 139 2233060 14784 130 2113327 17493 1
1459947872976792 139 2233060 14784 132 2113327 17493 1
1459947872978246 127 2233060 14784 121 2113327 17493 1
1459947872979870 131 2233060 14784 126 2113327 17493 1
1459947872981416 124 2233060 14784 117 2113327 17493 1
1459947872983103 131 2233060 14784 124 2113327 17493 1
1459947872984931 138 2235242 15640 129 2113343 16141 0
1459947872986643 136 2235242 15640 126 2113343 16141 1
1459947872988191 133 2235242 15640 125 2113343 16141 1
1459947872990058 138 2237253 16272 130 2114638 16072 0
1459947872991915 138 2239107 16709 129 2114551 14895 0
1459947872993840 136 2239107 16709 127 2114551 14895 1
1459947872995469 130 2239107 16709 122 2114551 14895 1
1459947872996907 126 2239107 16709 119 2114551 14895 1
1459947872998519 130 2239107 16709 121 2114551 14895 1
1459947873000334 139 2239107 16709 128 2114551 14895 1
1459947873002174 135 2236976 17366 129 2114471 13804 0
1459947873004279 144 2236976 17366 137 2114471 13804 1
1459947873005982 130 2236976 17366 124 2114471 13804 1
1459947873007739 135 2236976 17366 126 2114471 13804 1
1459947873009562 133 2236976 17366 126 2114471 13804 1
1459947873011008 129 2236976 17366 121 2114471 13804 1
1459947873012686 135 2236976 17366 127 2114471 13804 1
1459947873014663 139 2236976 17366 132 2114471 13804 1
1459947873016252 132 2236976 17366 125 2114471 13804 1
1459947873018086 134 2233732 18999 128 2113117 13972 0
1459947873020084 140 2233732 18999 130 2113117 13972 1
1459947873022175 141 2233732 18999 132 2113117 13972 1
1459947873023987 140 2233732 18999 131 2113117 13972 1
1459947873026121 140 2233732 18999 133 2113117 13972 1
1459947873027914 137 2234581 18297 129 2113149 12910 0
1459947873029699 135 2232804 18504 128 2111899 13053 0
1459947873031382 133 2232804 18504 126 2111899 13053 1
1459947873033232 136 2232446 17387 129 2112026 12150 0
1459947873034995 134 2232446 17387 127 2112026 12150 1
1459947873036880 135 2232446 17387 127 2112026 12150 1
1459947873038456 132 2232446 17387 122 2112026 12150 1
1459947873040187 135 2230836 17512 128 2110863 12271 0
1459947873042024 138 2233191 18314 131 2113631 13864 0
1459947873043852 136 2232802 17240 130 2114903 13953 0
1459947873045772 139 2232802 17240 132 2114903 13953 1
1459947873047420 134 2232802 17240 127 2114903 13953 1
1459947873049121 135 2232802 17240 127 2114903 13953 1
1459947873050754 133 2232802 17240 125 2114903 13953 1
1459947873052345 132 2232802 17240 124 2114903 13953 1
1459947873054044 134 2232802 17240 127 2114903 13953 1
1459947873055838 133 2232802 17240 125 2114903 13953 1
1459947873057617 135 2231164 17402 129 2114796 12960 0
1459947873059535 140 2231164 17402 131 2114796 12960 1
1459947873061506 140 2231164 17402 130 2114796 12960 1
1459947873063199 133 2231164 17402 126 2114796 12960 1
1459947873064912 136 2230934 16253 128 2113417 13217 0
1459947873066714 135 2230934 16253 126 2113417 13217 1
1459947873068688 137 2232002 15967 128 2112146 13355 0
1459947873070593 138 2234266 16806 130 2113534 13591 0
1459947873072370 135 2232513 17108 128 2112254 13708 0
1459947873074139 133 2232513 17108 127 2112254 13708 1
1459947873075820 135 2232513 17108 127 2112254 13708 1
1459947873077581 133 2232513 17108 126 2112254 13708 1
1459947873079425 138 2234737 17822 131 2114914 15089 0
1459947873081257 137 2235508 17139 130 2116086 14990 0
1459947873082971 132 2235508 17139 124 2116086 14990 1
1459947873084596 132 2235508 17139 125 2116086 14990 1
1459947873086504 137 2236218 16455 129 2115886 14001 0
1459947873088469 136 2235593 15744 130 2116982 13917 0
1459947873090415 137 2236297 15163 128 2115432 14257 0
1459947873092231 135 2236297 15163 125 2115432 14257 1
1459947873093603 127 2236297 15163 119 2115432 14257 1
1459947873095448 134 2236297 15163 127 2115432 14257 1
1459947873097331 137 2236946 14576 129 2115283 13279 0
1459947873099301 141 2236946 14576 134 2115283 13279 1
1459947873101279 140 2236946 14576 133 2115283 13279 1
1459947873103167 138 2238824 15168 131 2117706 14475 0
1459947873104875 134 2238824 15168 126 2117706 14475 1
1459947873106761 138 2240555 15579 129 2117380 13644 0
1459947873108569 139 2240555 15579 130 2117380 13644 1
1459947873110455 137 2240871 14652 130 2118359 13481 0
1459947873112322 137 2241162 13776 129 2117982 12774 0
1459947873113996 133 2241162 13776 126 2117982 12774 1
1459947873115724 134 2241162 13776 127 2117982 12774 1
1459947873117504 136 2240151 13630 129 2117634 12096 0
1459947873119442 144 2240151 13630 136 2117634 12096 1
1459947873121294 136 2239219 13423 130 2118593 12035 0
1459947873123120 136 2238360 13165 128 2116917 12638 0
1459947873124712 132 2238360 13165 124 2116917 12638 1
1459947873126382 136 2238360 13165 127 2116917 12638 1
1459947873128295 138 2240128 13766 131 2119212 13766 0
1459947873130097 134 2240128 13766 127 2119212 13766 1
1459947873131802 135 2240128 13766 127 2119212 13766 1
1459947873133664 138 2241758 14192 130 2120048 13461 0
1459947873135528 139 2241758 14192 131 2120048 13461 1
1459947873137582 143 2241758 14192 135 2120048 13461 1
1459947873139370 141 2241758 14192 133 2120048 13461 1
1459947873141070 136 2240700 14057 130 2120819 13120 0
1459947873142802 134 2237165 16216 128 2118970 13799 0
1459947873144661 137 2237746 15485 130 2119825 13508 0
1459947873146126 129 2237746 15485 123 2119825 13508 1
1459947873147925 137 2238282 14769 131 2121893 14359 0
1459947873149679 138 2240056 15250 132 2125080 16175 0
1459947873151224 125 2240056 15250 120 2125080 16175 1
1459947873152801 130 2240056 15250 124 2125080 16175 1
1459947873154586 137 2240411 14385 130 2125458 15259 0
1459947873156551 140 2240411 14385 133 2125458 15259 1
1459947873158299 134 2240411 14385 126 2125458 15259 1
1459947873160332 141 2240411 14385 133 2125458 15259 1
1459947873162222 137 2240738 13563 128 2123246 16104 0
1459947873164104 138 2242320 13961 131 2125047 16505 0
1459947873166100 141 2242320 13961 132 2125047 16505 1
1459947873167929 139 2242320 13961 131 2125047 16505 1
1459947873169702 133 2242320 13961 125 2125047 16505 1
1459947873171462 136 2242320 13961 124 2125047 16505 1
1459947873173220 133 2242320 13961 125 2125047 16505 1
1459947873175174 139 2242320 13961 130 2125047 16505 1
1459947873177347 143 2242320 13961 137 2125047 16505 1
1459947873179369 139 2242320 13961 132 2125047 16505 1
1459947873181223 136 2241218 13885 129 2124147 16043 0
1459947873182860 134 2241218 13885 127 2124147 16043 1
1459947873184649 135 2238922 14915 128 2122038 16733 0
1459947873186454 134 2235526 16879 129 2121373 16037 0
1459947873188336 136 2234955 16085 130 2122040 15399 0
1459947873189886 131 2234955 16085 121 2122040 15399 1
1459947873191677 138 2236989 16703 131 2123935 15942 0
1459947873193407 138 2238864 17126 131 2125682 16307 0
1459947873195176 137 2239312 16201 132 2128573 17698 0
1459947873197088 142 2239312 16201 131 2128573 17698 1
1459947873198874 134 2239312 16201 127 2128573 17698 1
1459947873200679 137 2239725 15316 129 2127398 17397 0
1459947873202476 137 2240106 14470 129 2126315 17035 0
1459947873204094 131 2240106 14470 126 2126315 17035 1
1459947873205943 133 2240106 14470 127 2126315 17035 1
1459947873207680 134 2236617 16554 128 2124036 17804 0
1459947873209297 127 2236617 16554 121 2124036 17804 1
1459947873210805 133 2236617 16554 125 2124036 17804 1
1459947873212659 138 2238521 17015 132 2127055 19196 0
1459947873214492 138 2240276 17303 130 2127278 17902 0
1459947873216386 139 2240276 17303 130 2127278 17902 1
1459947873218168 136 2239334 16818 130 2127484 16693 0
1459947873219966 137 2239746 15883 128 2125114 17572 0
1459947873221729 135 2237565 16651 131 2126769 17725 0
1459947873223645 139 2237565 16651 132 2126769 17725 1
1459947873225506 135 2235555 17202 129 2125735 17293 0
1459947873227293 137 2236262 16510 128 2123501 17999 0
1459947873229218 138 2238194 17001 128 2121442 18489 0
1459947873231147 135 2236135 17570 128 2119544 18793 0
1459947873232869 131 2236135 17570 123 2119544 18793 1
1459947873234968 140 2236135 17570 132 2119544 18793 1
1459947873237109 142 2236135 17570 134 2119544 18793 1
1459947873239056 135 2234236 17946 128 2117794 18936 0
1459947873240510 132 2234236 17946 126 2117794 18936 1
1459947873241974 129 2234236 17946 121 2117794 18936 1
1459947873243638 136 2233766 16975 129 2117461 17762 0
1459947873245305 135 2233766 16975 126 2117461 17762 1
1459947873247188 136 2233333 16047 128 2115874 17836 0
1459947873248880 135 2231653 16340 128 2114411 17790 0
1459947873250804 136 2231385 15309 129 2114342 16462 0
1459947873252753 143 2231385 15309 137 2114342 16462 1
1459947873254465 139 2231385 15309 132 2114342 16462 1
1459947873256408 141 2231385 15309 133 2114342 16462 1
1459947873258313 135 2229858 15519 129 2114279 15233 0
1459947873260139 137 2231010 15368 131 2116780 16348 0
1459947873261903 132 2231010 15368 126 2116780 16348 1
1459947873263840 141 2231010 15368 133 2116780 16348 1
1459947873265762 136 2230792 14367 128 2115246 16483 0
1459947873267471 134 2230792 14367 126 2115246 16483 1
1459947873269090 133 2230792 14367 124 2115246 16483 1
1459947873270857 137 2231871 14239 130 2116392 16251 0
1459947873272630 139 2231871 14239 132 2116392 16251 1
1459947873274489 138 2234146 15223 131 2118728 17135 0
1459947873276250 137 2234963 14786 128 2117042 17349 0
1459947873278131 137 2235716 14324 127 2114208 18605 0
1459947873279990 139 2235716 14324 130 2114208 18605 1
1459947873281673 128 2235716 14324 123 2114208 18605 1
1459947873283477 137 2236410 13844 131 2116715 19462 0
1459947873285266 136 2235770 13351 129 2116466 18169 0
1459947873287299 142 2235770 13351 132 2116466 18169 1
1459947873288941 132 2235770 13351 124 2116466 18169 1
1459947873290658 139 2235770 13351 129 2116466 18169 1
1459947873292366 137 2236460 12943 130 2117517 17717 0
1459947873294319 137 2237096 12517 128 2115925 17798 0
1459947873296123 132 2237096 12517 126 2115925 17798 1
1459947873297959 133 2232562 15717 127 2113178 18939 0
1459947873299526 133 2232562 15717 124 2113178 18939 1
1459947873301345 137 2233503 15356 131 2115765 19844 0
1459947873303132 136 2233090 14536 129 2115590 18453 0
1459947873304852 129 2233090 14536 122 2115590 18453 1
1459947873306433 132 2233090 14536 126 2115590 18453 1
1459947873308037 129 2233090 14536 123 2115590 18453 1
1459947873309845 137 2233989 14229 130 2116709 18043 0
1459947873311325 133 2233989 14229 125 2116709 18043 1
1459947873313210 142 2233989 14229 134 2116709 18043 1
1459947873315111 138 2236098 15061 133 2121581 21124 0
1459947873317093 139 2236098 15061 132 2121581 21124 1
1459947873318907 137 2236762 14496 129 2120952 20052 0
1459947873320657 134 2233534 16337 127 2117812 21379 0
1459947873322348 128 2233534 16337 122 2117812 21379 1
1459947873324264 133 2233534 16337 126 2117812 21379 1
1459947873325719 126 2233534 16337 119 2117812 21379 1
1459947873327359 132 2233534 16337 126 2117812 21379 1
1459947873329027 134 2233534 16337 125 2117812 21379 1
1459947873330996 139 2233534 16337 131 2117812 21379 1
1459947873333049 142 2233534 16337 134 2117812 21379 1
1459947873334888 129 2233534 16337 123 2117812 21379 1
1459947873336681 133 2233534 16337 126 2117812 21379 1
1459947873338346 135 2231839 16622 128 2116197 21195 0
1459947873340264 139 2231839 16622 131 2116197 21195 1
1459947873342316 141 2231839 16622 132 2116197 21195 1
1459947873344117 136 2231556 15583 129 2115989 19730 0
1459947873345971 133 2231556 15583 125 2115989 19730 1
1459947873347551 129 2231556 15583 123 2115989 19730 1
1459947873349029 125 2231556 15583 120 2115989 19730 1
1459947873350986 139 2231556 15583 131 2115989 19730 1
1459947873352764 134 2231556 15583 126 2115989 19730 1
1459947873354650 135 2230015 15784 127 2113237 20724 0
1459947873356313 135 2230015 15784 124 2113237 20724 1
1459947873357912 129 2230015 15784 122 2113237 20724 1
1459947873359594 133 2230015 15784 124 2113237 20724 1
1459947873361314 131 2230015 15784 123 2113237 20724 1
1459947873363035 129 2230015 15784 122 2113237 20724 1
1459947873365016 134 2227315 17038 128 2111980 20262 0
1459947873366645 135 2226106 16820 127 2109541 20926 0
1459947873368592 135 2224991 16532 129 2109853 19578 0
1459947873370473 140 2224991 16532 132 2109853 19578 1
1459947873372303 137 2226523 16652 131 2112700 20673 0
1459947873373965 133 2222815 18768 127 2110205 21356 0
1459947873375826 138 2225797 20050 130 2111745 21106 0
1459947873377641 135 2224706 19488 128 2110604 20507 0
1459947873379602 139 2224706 19488 131 2110604 20507 1
1459947873381594 137 2226260 19398 129 2110833 19115 0
1459947873383438 137 2227693 19203 130 2112324 18995 0
1459947873385022 128 2227693 19203 123 2112324 18995 1
1459947873386838 136 2227734 17740 128 2111138 18603 0
1459947873388690 135 2226492 17498 128 2110045 18156 0
1459947873390547 140 2226492 17498 132 2110045 18156 1
1459947873392482 140 2226492 17498 132 2110045 18156 1
1459947873394404 139 2226492 17498 131 2110045 18156 1
1459947873396329 137 2227907 17434 130 2111597 18168 0
1459947873398160 136 2227931 16093 130 2113028 18067 0
1459947873399704 128 2227931 16093 122 2113028 18067 1
1459947873401457 133 2227931 16093 126 2113028 18067 1
1459947873402968 131 2227931 16093 123 2113028 18067 1
1459947873404622 132 2227931 16093 125 2113028 18067 1
1459947873406426 137 2229233 16036 129 2113067 16691 0
1459947873408323 139 2229233 16036 133 2113067 16691 1
1459947873410255 141 2229233 16036 134 2113067 16691 1
1459947873411844 133 2225314 18395 127 2110543 17713 0
1459947873413555 136 2225541 17166 128 2109496 17293 0
1459947873415337 138 2228310 18377 129 2109811 16232 0
1459947873417205 136 2228303 16947 127 2107542 17054 0
1459947873418913 136 2228296 15628 128 2106730 16469 0
1459947873420695 136 2228290 14412 128 2105981 15871 0
1459947873422616 138 2228290 14412 131 2105981 15871 1
1459947873424539 136 2228284 13290 129 2106571 15175 0
1459947873426446 137 2229559 13426 129 2107115 14490 0
1459947873428373 139 2229559 13426 130 2107115 14490 1
1459947873430135 136 2229454 12473 128 2106336 14074 0
1459947873431900 135 2229454 12473 126 2106336 14074 1
1459947873433615 134 2226797 13946 127 2104338 14815 0
1459947873435380 133 2223068 16293 127 2102496 15354 0
1459947873437093 131 2223068 16293 125 2102496 15354 1
1459947873438670 130 2223068 16293 124 2102496 15354 1
1459947873440388 135 2222190 15828 127 2100798 15718 0
1459947873442366 136 2222661 15025 130 2103073 16587 0
1459947873443914 126 2222661 15025 120 2103073 16587 1
1459947873445779 130 2222661 15025 124 2103073 16587 1
1459947873447702 138 2222661 15025 132 2103073 16587 1
1459947873449288 132 2222661 15025 126 2103073 16587 1
1459947873451173 135 2221815 14630 127 2101330 16897 0
1459947873452979 137 2223595 15128 129 2102283 16455 0
1459947873454760 128 2223595 15128 121 2102283 16455 1
1459947873456329 131 2223595 15128 125 2102283 16455 1
1459947873458219 133 2223595 15128 125 2102283 16455 1
1459947873460044 137 2225236 15459 131 2105722 18339 0
1459947873461692 133 2225236 15459 126 2105722 18339 1
1459947873463484 136 2225469 14466 129 2106332 17468 0
1459947873465099 130 2225469 14466 121 2106332 17468 1
1459947873466591 133 2225469 14466 126 2106332 17468 1
1459947873468455 137 2226964 14713 127 2104334 17944 0
1459947873469923 126 2226964 14713 119 2104334 17944 1
1459947873471293 122 2226964 14713 114 2104334 17944 1
1459947873472688 121 2226964 14713 115 2104334 17944 1
1459947873474207 126 2226964 14713 120 2104334 17944 1
1459947873476155 136 2227062 13653 130 2106332 18384 0
1459947873478068 134 2227062 13653 126 2106332 18384 1
1459947873479803 134 2224592 14862 128 2105614 17608 0
1459947873481433 129 2224592 14862 121 2105614 17608 1
1459947873482899 129 2224592 14862 121 2105614 17608 1
1459947873484388 132 2224592 14862 123 2105614 17608 1
1459947873486398 139 2224592 14862 128 2105614 17608 1
1459947873488331 137 2226155 15141 131 2108792 19162 0
1459947873490188 138 2226155 15141 131 2108792 19162 1
1459947873492078 137 2227596 15287 128 2107882 18502 0
1459947873493823 134 2227596 15287 126 2107882 18502 1
1459947873495707 137 2228925 15317 129 2108323 17463 0
1459947873497547 134 2226310 16530 127 2106170 18082 0
1459947873499421 137 2227739 16555 130 2108025 18379 0
1459947873501181 133 2227739 16555 126 2108025 18379 1
1459947873503050 137 2229056 16476 130 2109735 18519 0
1459947873504998 138 2231551 17488 130 2111311 18525 0
1459947873506858 141 2231551 17488 131 2111311 18525 1
1459947873508707 138 2233851 18241 131 2114044 19597 0
1459947873510076 127 2233851 18241 121 2114044 19597 1
1459947873511629 129 2233851 18241 124 2114044 19597 1
1459947873513236 131 2233851 18241 123 2114044 19597 1
1459947873514833 126 2233851 18241 119 2114044 19597 1
1459947873516791 138 2235971 18769 131 2116564 20388 0
1459947873518828 139 2235971 18769 133 2116564 20388 1
1459947873520370 129 2235971 18769 125 2116564 20388 1
1459947873521896 125 2235971 18769 118 2116564 20388 1
1459947873523502 128 2235971 18769 122 2116564 20388 1
1459947873525354 140 2235971 18769 134 2116564 20388 1
1459947873527134 135 2234085 19039 127 2113767 21373 0
1459947873528822 132 2234085 19039 124 2113767 21373 1
1459947873530494 133 2234085 19039 125 2113767 21373 1
1459947873532121 135 2232347 19153 127 2111188 22079 0
1459947873533716 135 2230744 19132 127 2108811 22544 0
1459947873535477 133 2226707 21358 127 2106620 22801 0
1459947873537549 139 2226707 21358 132 2106620 22801 1
1459947873539129 126 2226707 21358 120 2106620 22801 1
1459947873540573 129 2226707 21358 122 2106620 22801 1
1459947873542068 131 2226707 21358 124 2106620 22801 1
1459947873543968 137 2228105 20978 129 2107160 21517 0
1459947873545908 145 2228105 20978 135 2107160 21517 1
1459947873547812 137 2229394 20527 129 2107658 20294 0
1459947873549241 129 2229394 20527 122 2107658 20294 1
1459947873550867 133 2229394 20527 126 2107658 20294 1
1459947873552671 137 2230582 20018 130 2109397 20311 0
1459947873554469 135 2229117 19803 128 2108440 19605 0
1459947873556227 135 2227767 19499 128 2107558 18885 0
1459947873557900 131 2227767 19499 124 2107558 18885 1
1459947873559570 129 2227767 19499 124 2107558 18885 1
1459947873561404 133 2223962 21482 128 2106745 18158 0
1459947873563293 137 2225574 21290 129 2107275 17228 0
1459947873565255 140 2225574 21290 132 2107275 17228 1
1459947873566840 128 2225574 21290 123 2107275 17228 1
1459947873568599 131 2225574 21290 125 2107275 17228 1
1459947873570218 131 2225574 21290 125 2107275 17228 1
1459947873571876 133 2225574 21290 125 2107275 17228 1
1459947873573579 135 2224501 20615 127 2105204 17791 0
1459947873575485 135 2223511 19915 129 2105854 17001 0
1459947873577762 139 2223511 19915 132 2105854 17001 1
1459947873579721 136 2223879 18698 128 2105174 16298 0
1459947873581613 137 2225498 18729 129 2105827 15626 0
1459947873583438 139 2225498 18729 133 2105827 15626 1
1459947873585173 134 2223150 19428 127 2103869 16209 0
1459947873586873 132 2223150 19428 125 2103869 16209 1
1459947873588423 129 2223150 19428 121 2103869 16209 1
1459947873590022 129 2223150 19428 122 2103869 16209 1
1459947873591924 138 2226106 20635 132 2108464 19178 0
1459947873593804 139 2226106 20635 131 2108464 19178 1
1459947873595457 133 2222431 22409 127 2106300 19673 0
1459947873597338 132 2217763 24960 127 2104305 19974 0
1459947873599033 132 2217763 24960 124 2104305 19974 1
1459947873600904 134 2216020 24616 128 2103746 18928 0
1459947873602305 129 2216020 24616 123 2103746 18928 1
1459947873603992 134 2214413 24173 128 2103230 17923 0
1459947873605686 130 2214413 24173 122 2103230 17923 1
1459947873607324 134 2212931 23649 128 2102755 16959 0
1459947873609332 135 2212845 21879 129 2103597 16410 0
1459947873611147 139 2212845 21879 132 2103597 16410 1
1459947873612723 133 2210206 22601 127 2101813 16771 0
1459947873614487 135 2210333 20952 129 2102728 16304 0
1459947873616276 135 2210333 20952 126 2102728 16304 1
1459947873618019 134 2209170 20386 128 2102292 15431 0
1459947873619703 135 2209378 18985 129 2103170 15034 0
1459947873621572 136 2210850 18858 130 2105259 15785 0
1459947873623161 131 2210850 18858 123 2105259 15785 1
1459947873624852 136 2212207 18635 129 2105905 15147 0
1459947873626615 136 2213458 18332 129 2106501 14512 0
1459947873628091 129 2213458 18332 122 2106501 14512 1
1459947873630039 135 2213331 17015 129 2107050 13884 0
1459947873631808 137 2215774 17937 131 2110116 15626 0
1459947873633464 131 2215774 17937 126 2110116 15626 1
1459947873635205 133 2212906 19178 128 2109103 15338 0
1459947873637071 135 2212822 17755 130 2110729 15638 0
1459947873638767 133 2210185 18797 127 2108388 16573 0
1459947873640365 134 2209034 18388 128 2107510 16087 0
1459947873642200 135 2209253 17153 131 2110540 17624 0
1459947873644258 141 2209253 17153 135 2110540 17624 1
1459947873646091 137 2212015 18358 131 2113334 18822 0
1459947873648162 137 2214561 19270 131 2115909 19725 0
1459947873650087 137 2216908 19928 129 2115723 18353 0
1459947873651979 137 2219072 20366 130 2116832 17941 0
1459947873653701 137 2221067 20613 129 2116574 16776 0
1459947873655431 132 2221067 20613 127 2116574 16776 1
1459947873656979 131 2221067 20613 126 2116574 16776 1
1459947873658698 132 2221067 20613 126 2116574 16776 1
1459947873660684 139 2221067 20613 134 2116574 16776 1
1459947873662549 141 2221067 20613 134 2116574 16776 1
1459947873664248 135 2220346 19666 129 2116336 15683 0
1459947873665981 132 2215841 22281 128 2114837 15838 0
1459947873668004 138 2219368 23791 132 2118575 18046 0
1459947873669783 134 2217499 23654 128 2116901 18178 0
1459947873671474 134 2215776 23393 129 2116638 16999 0
1459947873673233 135 2215468 21848 130 2117675 16626 0
1459947873675125 136 2216464 21059 129 2117351 15625 0
