1459947871376344 133 2179072 0 132 2162688 0 0
1459947871378266 133 2179072 0 131 2161408 1180 0
1459947871380294 137 2184192 4720 134 2164068 3539 0
1459947871382352 138 2190192 9882 134 2166520 5522 0
1459947871384172 132 2188043 11089 127 2159820 11265 0
1459947871386051 130 2183502 14408 127 2153644 16077 0
1459947871387992 132 2181875 14780 129 2150510 17708 0
1459947871390001 136 2185496 16963 134 2154021 19561 0
1459947871391982 138 2191394 21074 136 2159818 23376 0
1459947871393558 123 2177631 32114 123 2148522 31962 0
1459947871395245 127 2170063 36581 125 2140668 36703 0
1459947871396780 125 2160526 42514 123 2130868 42869 0
1459947871398420 128 2155574 43756 126 2125673 44307 0
1459947871400355 133 2157409 42029 130 2126004 41150 0
1459947871402320 132 2157821 39125 131 2127589 39397 0
1459947871404166 131 2156921 36897 129 2126491 37331 0
1459947871405887 124 2147131 43038 121 2115238 44786 0
1459947871407975 136 2153466 45515 133 2120225 45884 0
1459947871409901 132 2154186 42623 130 2120982 42997 0
1459947871411812 137 2161250 45805 131 2122960 41460 0
1459947871413551 135 2165202 45869 131 2124783 39901 0
1459947871415172 129 2161165 46006 125 2118784 42313 0
1459947871417012 131 2160003 43481 128 2117094 40564 0
1459947871418876 133 2161492 41457 131 2119376 39497 0
1459947871421156 146 2179505 54824 141 2134279 50150 0
1459947871423138 135 2182031 52868 134 2139058 50638 0
1459947871425176 136 2185639 52063 134 2143464 50742 0
1459947871427157 135 2187685 49882 131 2143685 46981 0
1459947871428607 108 2155012 76104 106 2111889 72621 0
1459947871430296 134 2158171 73070 131 2114577 69425 0
1459947871431910 129 2154683 70575 124 2108095 69975 0
1459947871433688 133 2156588 66817 129 2108520 64899 0
1459947871435711 136 2162184 66755 134 2115311 66089 0
1459947871437517 134 2164783 63935 131 2117732 63157 0
1459947871439396 140 2174859 68229 137 2127644 67359 0
1459947871441128 132 2173908 63774 128 2125261 64292 0
1459947871442747 127 2166631 65499 124 2117944 66013 0
1459947871444403 130 2163762 63024 129 2117599 61172 0
1459947871446366 134 2166238 60382 132 2121121 59639 0
1459947871448603 137 2172360 61308 133 2125648 59152 0
1459947871450471 131 2170324 58394 129 2124701 55402 0
1459947871452274 132 2169727 54380 130 2125108 51448 0
1459947871454055 129 2165337 54177 131 2126763 48954 0
1459947871455666 129 2161290 53674 127 2123169 48441 0
1459947871457601 137 2167799 55480 134 2128816 49862 0
1459947871459276 133 2168679 51956 132 2131462 48405 0
1459947871460760 128 2163090 53047 124 2123661 51814 0
1459947871462294 126 2155378 56010 121 2112629 57935 0
1459947871463956 130 2153389 53467 129 2112699 53473 0
1459947871465542 129 2150275 52159 126 2108924 52774 0
1459947871467393 133 2152524 50158 128 2108004 49498 0
1459947871469327 138 2160998 54051 136 2117396 54288 0
1459947871471359 137 2167530 55849 134 2123494 55668 0
1459947871473221 134 2169711 53496 132 2126556 54140 0
1459947871475108 134 2171722 51170 129 2125538 50847 0
1459947871477014 132 2171016 47822 129 2124600 47738 0
1459947871479016 134 2172925 45845 132 2127575 46751 0
1459947871480965 130 2169565 45360 128 2125198 45289 0
1459947871482946 135 2172867 44860 133 2129406 45630 0
1459947871484796 132 2172071 42088 130 2129446 42102 0
1459947871486678 131 2170057 40654 128 2126923 41137 0
1459947871488558 135 2173321 40486 135 2133557 44038 0
1459947871490304 132 2172490 38088 131 2134552 41515 0
1459947871492114 134 2174284 36766 133 2138030 41477 0
1459947871494041 135 2177218 36597 131 2138676 38831 0
1459947871496059 138 2183762 39770 136 2145671 42246 0
1459947871497684 129 2178275 41719 126 2139320 44799 0
1459947871499419 134 2179617 39696 131 2139865 41802 0
1459947871501129 128 2173174 42533 125 2132688 45152 0
1459947871502906 133 2173634 39634 130 2132471 41823 0
1459947871504786 133 2174058 36928 131 2133551 39551 0
1459947871506673 133 2174449 34404 129 2131987 37902 0
1459947871508509 131 2172250 33743 131 2133105 35971 0
1459947871510373 133 2172782 31597 131 2134136 34110 0
1459947871512490 137 2178393 34301 134 2138926 35861 0
1459947871514474 132 2177166 32752 125 2131822 39607 0
1459947871516407 131 2174754 32415 131 2132953 37555 0
1459947871518486 133 2175091 30193 131 2133996 35582 0
1459947871520335 132 2174122 28727 127 2129837 36635 0
1459947871522218 133 2174508 26838 130 2129843 33778 0
1459947871524164 135 2177424 27429 131 2131129 32324 0
1459947871525834 125 2167312 34607 125 2124634 35785 0
1459947871527474 132 2166950 32235 130 2125046 33369 0
1459947871529214 131 2165337 31202 128 2122866 32770 0
1459947871531110 132 2165130 28954 130 2123417 30717 0
1459947871532923 132 2164939 26866 130 2123925 28785 0
1459947871534812 139 2173723 32864 135 2130793 32867 0
1459947871536964 140 2183100 38941 137 2139684 38496 0
1459947871538638 128 2176385 42088 126 2133801 40911 0
1459947871540506 130 2172754 42145 131 2134777 38614 0
1459947871542473 134 2174527 40487 131 2135677 36427 0
1459947871544493 135 2177442 40010 133 2139067 36706 0
1459947871546624 137 2182689 41721 134 2143472 37899 0
1459947871548415 129 2177286 43441 125 2136013 41814 0
1459947871550326 133 2177425 40175 132 2138096 40468 0
1459947871552352 135 2180113 39514 134 2142577 41437 0
1459947871554374 138 2186431 42251 135 2147988 43187 0
1459947871556502 137 2190976 43140 134 2151696 43231 0
1459947871558641 137 2195166 43631 134 2155114 43004 0
1459947871560418 128 2187508 47281 125 2146745 47358 0
1459947871562225 129 2181728 48914 125 2139030 50769 0
1459947871564032 130 2177680 48823 127 2134478 50998 0
1459947871565701 127 2170108 51987 125 2127721 53241 0
1459947871567790 134 2172088 49750 133 2131732 52779 0
1459947871569951 135 2175193 48726 134 2136710 53244 0
1459947871571534 128 2169096 50539 126 2131059 54292 0
1459947871573194 129 2164755 50591 127 2127130 53672 0
1459947871574827 124 2154353 56226 123 2118387 57536 0
1459947871576351 127 2148604 57132 121 2107768 62830 0
1459947871578084 130 2147144 54013 124 2101818 63405 0
1459947871580138 135 2152198 54452 132 2106573 62834 0
1459947871582251 134 2155577 53312 129 2107116 58426 0
1459947871584357 137 2162532 55559 135 2115297 61403 0
1459947871586302 134 2165104 53589 131 2117719 58838 0
1459947871588309 136 2170035 53948 133 2122512 58659 0
1459947871590236 135 2173301 52743 132 2125650 56969 0
1459947871592171 138 2180151 54937 136 2133663 59905 0
1459947871594157 138 2186466 56467 137 2142330 63214 0
1459947871596154 135 2188448 53882 134 2146480 62101 0
1459947871598138 133 2187715 50347 129 2143906 59621 0
1459947871599938 131 2184479 49395 130 2142813 55970 0
1459947871601948 135 2186616 47506 131 2143085 51848 0
1459947871603961 132 2184746 45517 129 2140776 49925 0
1459947871605727 129 2179182 47088 126 2134807 51525 0
1459947871607653 132 2177893 44596 130 2134425 47850 0
1459947871609326 130 2174145 44566 127 2130233 47975 0
1459947871611300 138 2180929 47338 133 2134048 47743 0
1459947871613082 131 2178223 46132 131 2135005 44895 0
1459947871615088 134 2179569 43768 133 2138447 44560 0
1459947871617048 135 2182090 42672 134 2142900 45183 0
1459947871618984 137 2186974 43840 135 2148285 46618 0
1459947871620653 124 2186974 43840 121 2148285 46618 1
1459947871622530 131 2183796 43344 127 2143010 47837 0
1459947871624323 133 2183426 40297 131 2143267 44336 0
1459947871626447 139 2190765 43914 137 2151184 48170 0
1459947871628508 137 2194971 44360 135 2155922 48774 0
1459947871630267 129 2188608 46759 125 2147490 52735 0
1459947871632100 134 2189143 43598 131 2147397 48700 0
1459947871634111 135 2190916 41825 133 2149871 47176 0
1459947871636151 132 2188710 40589 131 2149592 43746 0
1459947871638178 137 2193077 41442 135 2154455 44811 0
1459947871639891 132 2190702 40392 129 2151258 44257 0
1459947871641526 130 2185953 41613 128 2147030 44695 0
1459947871643014 126 2185953 41613 123 2147030 44695 1
1459947871644540 129 2180295 43576 127 2141853 45975 0
1459947871646597 133 2180199 40259 130 2140920 43242 0
1459947871648228 127 2172430 44274 125 2133660 46555 0
1459947871650078 136 2176788 44833 132 2135927 45007 0
1459947871651782 129 2171846 45885 126 2130337 46642 0
1459947871653771 134 2173690 44000 133 2134144 46508 0
1459947871655515 129 2168990 44894 128 2131254 45538 0
1459947871657238 131 2167217 43019 129 2129869 43256 0
1459947871659051 133 2168143 40511 131 2131152 41059 0
1459947871660944 135 2171556 40493 131 2132335 38942 0
1459947871662632 129 2167023 41507 128 2129586 38432 0
1459947871664425 133 2167964 39131 131 2130892 36633 0
1459947871666139 128 2162431 41172 125 2124416 39741 0
1459947871667972 131 2161171 39116 126 2119726 40959 0
1459947871669810 135 2165129 39709 131 2121802 39673 0
1459947871671482 131 2163658 37961 127 2118596 39528 0
1459947871673445 136 2168702 39645 133 2123320 40794 0
1459947871675675 137 2174632 42013 134 2128955 42801 0
1459947871677448 130 2171138 41950 125 2122630 45287 0
1459947871679415 134 2173037 40423 133 2127039 45813 0
1459947871681420 133 2173508 37698 130 2127264 42440 0
1459947871683228 128 2167542 40251 127 2123631 42472 0
1459947871685168 135 2171002 40296 132 2126682 41965 0
1459947871686865 135 2174192 40088 133 2130774 42459 0
1459947871688925 142 2174192 40088 140 2130774 42459 1
1459947871690844 131 2172013 38964 127 2126867 42742 0
1459947871692681 135 2175124 38787 132 2129665 41981 0
1459947871694511 133 2175432 36040 131 2130964 39899 0
1459947871696341 133 2175716 33486 131 2132162 37885 0
1459947871698249 128 2169578 36527 128 2129426 37446 0
1459947871700298 135 2172879 36716 131 2130744 35735 0
1459947871702364 137 2178482 39013 133 2134519 36423 0
1459947871704389 136 2182368 39547 134 2139279 37965 0
1459947871706462 138 2188510 42119 134 2143667 39044 0
1459947871708528 139 2195452 45228 136 2150273 42082 0
1459947871710617 137 2199292 45234 135 2155082 43228 0
1459947871712482 135 2200272 42603 133 2156956 41577 0
1459947871714551 137 2203735 42467 135 2161243 42280 0
1459947871716567 135 2204368 39732 133 2162635 40260 0
1459947871718328 131 2199831 40808 128 2157519 41830 0
1459947871720227 129 2193089 43834 128 2152802 42909 0
1459947871721915 127 2193089 43834 125 2152802 42909 1
1459947871723758 136 2195833 42939 135 2157414 43808 0
1459947871725660 132 2193243 41971 129 2153986 43545 0
1459947871727442 134 2193415 38851 131 2153385 40696 0
1459947871729409 129 2187174 41567 126 2146431 43925 0
1459947871731214 129 2181421 43622 126 2140021 46402 0
1459947871733150 134 2182517 41224 131 2140511 43228 0
1459947871734845 126 2182517 41224 122 2140511 43228 1
1459947871736569 127 2174567 45331 126 2134563 45332 0
1459947871738553 131 2172358 43824 131 2135480 42635 0
1459947871740592 137 2178002 45603 136 2142725 45983 0
1459947871742499 132 2176805 43142 129 2140444 44492 0
1459947871744095 127 2169302 46687 126 2134501 46493 0
1459947871745801 132 2168785 43515 130 2134143 43189 0
1459947871747519 132 2168308 40554 127 2129973 43658 0
1459947871749599 139 2168308 40554 136 2129973 43658 1
1459947871751465 136 2172988 41700 133 2133808 43783 0
1459947871753278 137 2178583 43600 134 2138624 44802 0
1459947871755290 134 2179901 41408 130 2137944 41927 0
1459947871757000 130 2175996 41772 126 2132197 43948 0
1459947871758648 132 2174956 39466 130 2132019 40677 0
1459947871760255 126 2174956 39466 123 2132019 40677 1
1459947871762044 130 2171437 39625 129 2130575 38830 0
1459947871763920 133 2172033 37078 131 2131803 36928 0
1459947871766163 143 2172033 37078 140 2131803 36928 1
1459947871768027 135 2175142 37048 133 2135495 37447 0
1459947871770062 138 2181849 40336 133 2138899 37659 0
1459947871771924 134 2182912 38164 127 2134357 38902 0
1459947871773825 137 2187732 39625 136 2141690 42622 0
1459947871775255 121 2187732 39625 119 2141690 42622 1
1459947871777104 131 2184495 39512 129 2139490 41319 0
1459947871778722 129 2178951 41535 129 2137462 39959 0
1459947871780520 129 2173840 43001 127 2133032 40920 0
1459947871782472 132 2172968 40444 131 2134068 38678 0
1459947871784422 136 2177284 41263 134 2138863 40077 0
1459947871786556 136 2181263 41707 133 2142004 39840 0
1459947871788511 135 2183651 40650 132 2143619 38216 0
1459947871790427 136 2187133 40684 132 2145108 36603 0
1459947871792399 137 2191623 41644 134 2149041 37369 0
1459947871794415 136 2194482 41026 133 2151387 36611 0
1459947871796612 136 2197118 40250 130 2149709 35296 0
1459947871798588 131 2193148 40764 129 2146882 35143 0
1459947871800664 138 2198448 42465 137 2154516 39435 0
1459947871802599 133 2196934 40542 130 2152594 38125 0
1459947871804443 134 2196818 37480 132 2153382 35873 0
1459947871806243 128 2189031 41729 129 2150269 35939 0
1459947871807822 126 2189031 41729 123 2150269 35939 1
1459947871809705 133 2188252 39185 130 2148679 34596 0
1459947871811693 139 2195214 42541 133 2151053 34081 0
1459947871813491 136 2197792 41594 133 2153241 33436 0
1459947871815412 137 2201449 41715 133 2155259 32683 0
1459947871817194 132 2198420 41247 130 2153279 31953 0
1459947871819029 134 2198188 38237 131 2152734 29958 0
1459947871821179 134 2197974 35445 132 2153511 28333 0
1459947871823323 140 2197974 35445 137 2153511 28333 1
1459947871825165 137 2201617 36033 133 2155507 27960 0
1459947871827021 134 2201135 33660 131 2154788 26437 0
1459947871828871 130 2201135 33660 127 2154788 26437 1
1459947871830888 134 2200691 31438 130 2152845 26162 0
1459947871832525 129 2200691 31438 127 2152845 26162 1
1459947871834300 132 2197722 31718 128 2148493 28129 0
1459947871836034 131 2193704 32943 130 2147041 27268 0
1459947871837920 135 2195120 31675 133 2149543 27443 0
1459947871839663 130 2190026 33895 129 2146729 27892 0
1459947871841476 130 2190026 33895 126 2146729 27892 1
1459947871843305 133 2189170 32034 132 2147975 26861 0
1459947871845402 134 2189661 29983 132 2149124 25821 0
1459947871847386 134 2190113 28057 130 2147623 25186 0
1459947871849022 126 2190113 28057 120 2147623 25186 1
1459947871850801 129 2190113 28057 127 2147623 25186 1
1459947871852545 129 2190113 28057 127 2147623 25186 1
1459947871854242 133 2190113 28057 127 2147623 25186 1
1459947871856001 135 2191810 27429 128 2143679 26852 0
1459947871857807 136 2191810 27429 126 2143679 26852 1
1459947871859746 140 2191810 27429 132 2143679 26852 1
1459947871861528 141 2191810 27429 131 2143679 26852 1
1459947871863604 143 2191810 27429 136 2143679 26852 1
1459947871865333 132 2191810 27429 126 2143679 26852 1
1459947871867062 136 2194654 27908 127 2138764 29284 0
1459947871868965 137 2198556 29324 128 2135513 29992 0
1459947871870494 129 2198556 29324 122 2135513 29992 1
1459947871872162 133 2198556 29324 124 2135513 29992 1
1459947871874127 140 2198556 29324 132 2135513 29992 1
1459947871876009 140 2198556 29324 131 2135513 29992 1
1459947871877917 135 2199593 27989 128 2132516 30410 0
1459947871879697 134 2199269 26099 126 2127193 32940 0
1459947871881022 111 2199269 26099 102 2127193 32940 1
1459947871882584 138 2204091 28505 130 2127406 30562 0
1459947871884238 135 2204696 26836 128 2125042 30352 0
1459947871886080 137 2207814 27613 129 2124143 28808 0
1459947871887896 136 2209408 26925 130 2124594 26973 0
1459947871889373 126 2209408 26925 119 2124594 26973 1
1459947871891064 130 2209408 26925 124 2124594 26973 1
1459947871892589 128 2209408 26925 120 2124594 26973 1
1459947871894376 134 2208318 25825 127 2121170 28021 0
1459947871896141 135 2208593 24060 128 2119293 27560 0
1459947871897853 134 2207566 23126 126 2115003 29360 0
1459947871899797 138 2211739 25166 131 2117448 29320 0
1459947871901609 133 2209186 25551 126 2113302 30850 0
1459947871903130 128 2209186 25551 122 2113302 30850 1
1459947871904585 127 2209186 25551 122 2113302 30850 1
1459947871906391 135 2209393 23745 128 2112040 29602 0
1459947871908211 135 2209584 22065 128 2110876 28361 0
1459947871909946 131 2209584 22065 124 2110876 28361 1
1459947871911805 136 2211040 21683 129 2111083 26336 0
1459947871913877 139 2211040 21683 131 2111083 26336 1
1459947871915908 138 2214942 23586 130 2112554 25634 0
1459947871917802 135 2214699 21966 127 2110070 25920 0
1459947871919671 138 2218315 23583 131 2112900 26504 0
1459947871921591 141 2218315 23583 133 2112900 26504 1
1459947871923264 129 2218315 23583 120 2112900 26504 1
1459947871925005 133 2218315 23583 125 2112900 26504 1
1459947871926686 125 2218315 23583 118 2112900 26504 1
1459947871928375 131 2218315 23583 124 2112900 26504 1
1459947871930536 140 2218315 23583 131 2112900 26504 1
1459947871932662 139 2218315 23583 133 2112900 26504 1
1459947871934333 130 2218315 23583 121 2112900 26504 1
1459947871936163 136 2219089 22453 129 2112949 24478 0
1459947871938032 136 2219802 21355 131 2115554 24967 0
1459947871940053 143 2219802 21355 136 2115554 24967 1
1459947871941874 137 2221739 21472 131 2117956 25230 0
1459947871943714 137 2223525 21441 131 2120170 25299 0
1459947871945550 138 2226452 22463 131 2122211 25204 0
1459947871947299 136 2226590 20835 129 2121533 23858 0
1459947871948905 133 2226590 20835 125 2121533 23858 1
1459947871950887 140 2226590 20835 133 2121533 23858 1
1459947871952622 131 2226590 20835 124 2121533 23858 1
1459947871954460 138 2229277 21684 132 2124748 24958 0
1459947871956246 135 2227914 21244 127 2121312 26175 0
1459947871958290 144 2227914 21244 135 2121312 26175 1
1459947871960253 142 2227914 21244 134 2121312 26175 1
1459947871961946 133 2227914 21244 125 2121312 26175 1
1459947871963610 132 2222818 24281 127 2118144 27050 0
1459947871965275 133 2222818 24281 125 2118144 27050 1
1459947871967315 140 2222818 24281 131 2118144 27050 1
1459947871968920 130 2222818 24281 122 2118144 27050 1
1459947871970788 136 2223240 22773 129 2117784 25267 0
1459947871972424 133 2219789 24174 127 2114892 25958 0
1459947871974361 137 2221727 24072 131 2117346 26192 0
1459947871976270 141 2221727 24072 133 2117346 26192 1
1459947871978133 139 2226074 26198 130 2118328 25050 0
1459947871979930 138 2228801 26665 131 2120513 25106 0
1459947871981483 130 2228801 26665 123 2120513 25106 1
1459947871983321 134 2226195 26982 128 2118687 24826 0
1459947871985121 135 2225073 25907 128 2117004 24436 0
1459947871986797 136 2225319 24109 128 2115453 23955 0
1459947871988485 131 2225319 24109 123 2115453 23955 1
1459947871990089 133 2225319 24109 124 2115453 23955 1
1459947871991632 133 2225319 24109 125 2115453 23955 1
1459947871993374 137 2226825 23614 130 2116583 23124 0
1459947871995014 132 2226825 23614 124 2116583 23124 1
1459947871996914 141 2226825 23614 134 2116583 23124 1
1459947871998933 138 2229494 24229 132 2120184 24637 0
1459947872000643 132 2229494 24229 125 2120184 24637 1
1459947872002242 131 2229494 24229 123 2120184 24637 1
1459947872004089 134 2226834 24787 128 2118384 24370 0
1459947872005894 133 2223102 26289 126 2114165 26355 0
1459947872007529 133 2223102 26289 125 2114165 26355 1
1459947872009229 131 2223102 26289 125 2114165 26355 1
1459947872010790 132 2223102 26289 125 2114165 26355 1
1459947872012431 130 2223102 26289 125 2114165 26355 1
1459947872014281 131 2223102 26289 125 2114165 26355 1
1459947872016014 135 2222222 25046 129 2114115 24341 0
1459947872017805 136 2222690 23521 130 2115349 23577 0
1459947872019438 131 2222690 23521 125 2115349 23577 1
1459947872021304 135 2222690 23521 125 2115349 23577 1
1459947872023174 135 2221842 22464 128 2113927 23045 0
1459947872024867 134 2219780 22609 127 2111336 23632 0
1459947872026736 137 2221719 22630 131 2114067 24303 0
1459947872028646 134 2219667 22753 127 2111465 24802 0
1459947872030385 137 2221615 22771 128 2110346 23894 0
1459947872032134 137 2223411 22648 128 2109315 22977 0
1459947872033758 131 2223411 22648 123 2109315 22977 1
1459947872035428 136 2223787 21224 126 2105804 24416 0
1459947872037243 139 2223787 21224 131 2105804 24416 1
1459947872039061 137 2225413 21064 131 2108968 25424 0
1459947872040770 135 2224352 20395 130 2110604 24946 0
1459947872042571 138 2227214 21439 129 2110833 23208 0
1459947872044190 132 2222172 24411 127 2108484 23559 0
1459947872045905 134 2220084 24427 126 2105038 24894 0
1459947872047597 133 2220084 24427 124 2105038 24894 1
1459947872049344 135 2219439 23111 127 2103141 24696 0
1459947872051464 143 2219439 23111 135 2103141 24696 1
1459947872053475 136 2220125 21937 129 2103953 23514 0
1459947872055387 139 2220125 21937 134 2103953 23514 1
1459947872057281 139 2220125 21937 132 2103953 23514 1
1459947872059175 135 2219477 20819 129 2104701 22366 0
1459947872060846 131 2219477 20819 124 2104701 22366 1
1459947872062457 132 2215040 23282 126 2101551 23521 0
1459947872064273 131 2209670 26413 125 2097367 25539 0
1459947872066341 140 2209670 26413 131 2097367 25539 1
1459947872068093 138 2213679 28045 131 2101190 27067 0
1459947872070083 138 2217375 29260 132 2105994 29381 0
1459947872071880 135 2216942 27372 127 2104023 28901 0
1459947872073754 136 2217823 26045 129 2104766 27328 0
1459947872075608 140 2217823 26045 130 2104766 27328 1
1459947872077393 139 2222475 28299 130 2106731 27004 0
1459947872079159 136 2222924 26502 127 2104702 26763 0
1459947872080866 133 2219498 27589 126 2101552 27575 0
1459947872082633 139 2224019 29601 130 2103768 27463 0
1459947872084566 136 2224347 27590 127 2101971 26973 0
1459947872086412 139 2228489 29253 132 2106714 29237 0
1459947872088160 135 2227188 28166 127 2104686 28820 0
1459947872089943 134 2227188 28166 123 2104686 28820 1
1459947872091711 135 2225988 27070 126 2101537 29470 0
1459947872093630 139 2230002 28656 132 2106314 31571 0
1459947872095415 141 2230002 28656 135 2106314 31571 1
1459947872097355 139 2233703 29828 132 2110718 33164 0
1459947872099407 140 2238394 31822 133 2116058 35495 0
1459947872101322 135 2236319 31247 129 2115860 32902 0
1459947872103098 134 2233126 31747 126 2111838 34038 0
1459947872105207 139 2236583 32452 133 2117090 36220 0
1459947872107119 136 2235929 30517 128 2115532 34825 0
1459947872109014 137 2236607 28757 130 2116656 33140 0
1459947872111038 139 2239792 29446 132 2120252 33865 0
1459947872112846 141 2239792 29446 134 2120252 33865 1
1459947872114953 143 2239792 29446 133 2120252 33865 1
1459947872116748 135 2237608 29158 128 2118447 32882 0
1459947872118542 135 2235594 28735 127 2115503 33026 0
1459947872120327 133 2231178 30560 126 2111509 34126 0
1459947872121933 133 2227107 31924 125 2106547 36032 0
1459947872123520 134 2224634 31708 125 2101973 37433 0
1459947872125449 139 2228754 33028 132 2106716 38880 0
1459947872127376 138 2231272 32768 130 2108528 37513 0
1459947872129265 140 2236153 34708 133 2114039 39662 0
1459947872131350 140 2240653 36144 132 2117839 40066 0
1459947872133223 140 2244801 37144 131 2120062 38985 0
1459947872134997 139 2247345 36588 132 2123392 39009 0
1459947872136741 134 2243291 37466 127 2120062 39030 0
1459947872138895 140 2247233 38172 131 2122112 37870 0
1459947872140731 137 2247027 35377 132 2125282 37833 0
1459947872142388 136 2245558 33967 128 2123084 36902 0
1459947872144205 136 2244203 32561 129 2122338 34706 0
1459947872146098 141 2249354 34766 132 2125490 34900 0
1459947872147779 135 2246423 34750 128 2123276 34213 0
1459947872149319 131 2246423 34750 124 2123276 34213 1
1459947872151012 135 2243721 34525 127 2119955 34601 0
1459947872152855 136 2242510 32943 128 2118173 33539 0
1459947872154650 136 2241393 31397 130 2119090 31764 0
1459947872156363 136 2240364 29892 127 2116096 32042 0
1459947872158232 135 2238135 29610 128 2114616 30902 0
1459947872160187 136 2237360 28009 131 2117091 30769 0
1459947872162135 136 2236646 26477 130 2118093 29288 0
1459947872164099 139 2239828 27341 132 2121576 30210 0
1459947872165835 134 2236361 28399 128 2119667 29607 0
1459947872167638 132 2236361 28399 121 2119667 29607 1
1459947872169743 143 2236361 28399 136 2119667 29607 1
1459947872171867 143 2236361 28399 136 2119667 29607 1
1459947872173852 142 2236361 28399 134 2119667 29607 1
1459947872175846 137 2237005 26773 130 2120468 28031 0
1459947872177716 136 2236318 25313 130 2121206 26521 0
1459947872179363 134 2233125 26277 127 2118046 27361 0
1459947872181214 135 2231462 25756 128 2116413 26727 0
1459947872182909 137 2232489 24689 128 2114908 26025 0
1459947872184680 136 2232155 23067 129 2114800 24089 0
1459947872186441 135 2230567 22727 126 2110861 25838 0
1459947872188313 137 2231663 21962 131 2113629 26371 0
1459947872190048 136 2231394 20493 128 2112341 25496 0
1459947872191720 137 2232426 19842 127 2109874 25777 0
1459947872193515 138 2234657 20348 130 2111440 25206 0
1459947872195042 128 2234657 20348 121 2111440 25206 1
1459947872196967 137 2235434 19474 130 2112883 24567 0
1459947872198916 140 2235434 19474 134 2112883 24567 1
1459947872200988 140 2235434 19474 132 2112883 24567 1
1459947872202851 139 2238710 20972 131 2115494 25054 0
1459947872204763 138 2240450 20937 131 2117901 25314 0
1459947872206680 137 2240774 19600 128 2116279 24830 0
1459947872208327 129 2240774 19600 123 2116279 24830 1
1459947872210075 139 2243633 20704 131 2118624 25052 0
1459947872211911 139 2246269 21516 130 2119506 23907 0
1459947872213667 137 2246139 19954 132 2122879 25149 0
1459947872215474 135 2243459 20865 129 2122149 23856 0
1459947872217343 138 2244828 20496 131 2124036 23731 0
1459947872219054 132 2244828 20496 124 2124036 23731 1
1459947872220909 137 2244810 18909 130 2124495 22300 0
1459947872222661 137 2244794 17445 129 2123638 21346 0
1459947872224586 140 2244794 17445 132 2123638 21346 1
1459947872226489 137 2244779 16095 127 2120288 22765 0
1459947872228121 130 2244779 16095 123 2120288 22765 1
1459947872230145 140 2244779 16095 131 2120288 22765 1
1459947872232116 141 2244779 16095 133 2120288 22765 1
1459947872233954 137 2244765 14849 130 2121040 21679 0
1459947872235860 139 2247312 16036 131 2123013 21804 0
1459947872237608 138 2248380 15768 127 2119712 23142 0
1459947872239527 136 2246805 15987 130 2120509 22069 0
1459947872241515 136 2245353 16076 130 2121244 21021 0
1459947872243144 135 2242734 17233 127 2118081 22293 0
1459947872244754 135 2240320 18111 127 2115165 23238 0
1459947872246387 131 2240320 18111 123 2115165 23238 1
1459947872248258 139 2243215 19364 132 2118877 24844 0
1459947872250106 142 2243215 19364 134 2118877 24844 1
1459947872251723 130 2243215 19364 120 2118877 24844 1
1459947872253386 132 2243215 19364 124 2118877 24844 1
1459947872255354 139 2245883 20311 129 2118459 23287 0
1459947872257110 137 2245783 18815 128 2116794 23001 0
1459947872258769 133 2245783 18815 125 2116794 23001 1
1459947872260308 130 2245783 18815 123 2116794 23001 1
1459947872262153 136 2244411 18609 128 2115259 22618 0
1459947872263907 131 2244411 18609 124 2115259 22618 1
1459947872265559 132 2244411 18609 125 2115259 22618 1
1459947872266950 124 2244411 18609 115 2115259 22618 1
1459947872268660 135 2241866 19500 127 2112564 23334 0
1459947872270282 130 2241866 19500 122 2112564 23334 1
1459947872272027 136 2240800 18958 127 2110079 23800 0
1459947872273803 136 2239817 18381 126 2106509 25231 0
1459947872275663 134 2236351 20138 127 2104497 25112 0
1459947872277544 137 2236996 19158 131 2107763 26161 0
1459947872279256 135 2235030 19472 128 2106934 24881 0
1459947872280954 135 2233218 19620 128 2106169 23641 0
1459947872282763 135 2231547 19626 130 2108024 23504 0
1459947872284377 138 2233847 20212 130 2109734 23244 0
1459947872286272 138 2235967 20587 130 2111311 22881 0
1459947872288181 142 2235967 20587 133 2111311 22881 1
1459947872290028 136 2235967 20587 124 2111311 22881 1
1459947872291634 131 2235967 20587 123 2111311 22881 1
1459947872293132 133 2231522 23075 126 2107644 24472 0
1459947872295053 138 2233824 23394 131 2110664 25344 0
1459947872296821 137 2234666 22342 127 2108328 25517 0
1459947872298531 135 2232882 22239 128 2107454 24327 0
1459947872300251 137 2233798 21345 130 2109209 24044 0
1459947872301833 132 2233798 21345 124 2109209 24044 1
1459947872303707 137 2234642 20455 129 2109547 22476 0
1459947872305371 132 2234642 20455 125 2109547 22476 1
1459947872307312 141 2234642 20455 131 2109547 22476 1
1459947872309052 137 2235420 19573 130 2111138 22187 0
1459947872311064 137 2236137 18704 128 2110045 21460 0
1459947872312676 135 2234238 18991 126 2106477 23071 0
1459947872314307 132 2234238 18991 123 2106477 23071 1
1459947872316023 136 2233768 17940 130 2108308 22956 0
1459947872317645 135 2232054 18117 128 2107436 21965 0
1459947872319372 136 2231754 16976 129 2107912 20687 0
1459947872321308 137 2232758 16574 129 2108351 19475 0
1459947872322904 131 2232758 16574 122 2108351 19475 1
1459947872324446 126 2232758 16574 121 2108351 19475 1
1459947872326112 129 2232758 16574 121 2108351 19475 1
1459947872327996 139 2232758 16574 130 2108351 19475 1
1459947872329450 129 2232758 16574 120 2108351 19475 1
1459947872330771 122 2232758 16574 114 2108351 19475 1
1459947872332465 134 2232758 16574 125 2108351 19475 1
1459947872334243 135 2231123 16785 127 2106196 19939 0
1459947872335997 132 2231123 16785 125 2106196 19939 1
1459947872337626 132 2231123 16785 123 2106196 19939 1
1459947872339429 134 2228336 18041 128 2105489 19032 0
1459947872341370 139 2228336 18041 131 2105489 19032 1
1459947872343173 137 2229607 17802 131 2108677 20484 0
1459947872345127 142 2229607 17802 134 2108677 20484 1
1459947872346843 138 2232058 18671 130 2110336 20413 0
1459947872348525 131 2232058 18671 122 2110336 20413 1
1459947872350292 138 2234318 19295 128 2109306 19767 0
1459947872351829 131 2234318 19295 125 2109306 19767 1
1459947872353498 135 2232561 19405 128 2108356 19097 0
1459947872355035 130 2232561 19405 121 2108356 19097 1
1459947872356776 136 2232222 18200 128 2107480 18411 0
1459947872358716 136 2231909 17065 128 2106673 17715 0
1459947872360487 135 2230341 17176 128 2105929 17016 0
1459947872362308 138 2232735 18041 128 2105243 16318 0
1459947872364152 140 2232735 18041 133 2105243 16318 1
1459947872365826 132 2232735 18041 123 2105243 16318 1
1459947872367627 136 2232735 18041 126 2105243 16318 1
1459947872369471 140 2232735 18041 131 2105243 16318 1
1459947872371169 136 2232382 16955 129 2105890 15640 0
1459947872372734 133 2232382 16955 125 2105890 15640 1
1459947872374360 134 2232382 16955 125 2105890 15640 1
1459947872376106 131 2232382 16955 125 2105890 15640 1
1459947872377741 129 2232382 16955 124 2105890 15640 1
1459947872379481 135 2230777 17109 128 2105207 15047 0
1459947872381207 138 2233137 17948 130 2107137 15650 0
1459947872382849 127 2233137 17948 121 2107137 15650 1
1459947872384883 141 2233137 17948 134 2107137 15650 1
1459947872386728 136 2232753 16898 129 2107636 14887 0
1459947872388412 129 2232753 16898 124 2107636 14887 1
1459947872390062 134 2232753 16898 125 2107636 14887 1
1459947872391760 131 2232753 16898 122 2107636 14887 1
1459947872393369 135 2231119 17083 128 2106816 14478 0
1459947872395095 135 2229612 17136 129 2107341 13829 0
1459947872396753 134 2229612 17136 126 2107341 13829 1
1459947872398684 131 2229612 17136 125 2107341 13829 1
1459947872400761 136 2229612 17136 126 2107341 13829 1
1459947872402900 139 2229612 17136 131 2107341 13829 1
1459947872404745 136 2229503 15896 128 2106544 13481 0
1459947872406640 134 2229503 15896 126 2106544 13481 1
1459947872408461 137 2230683 15741 129 2107090 12930 0
1459947872410453 140 2230683 15741 133 2107090 12930 1
1459947872412426 138 2233050 16693 129 2107593 12383 0
1459947872414139 133 2233050 16693 126 2107593 12383 1
1459947872415946 128 2233050 16693 120 2107593 12383 1
1459947872417873 136 2232672 15735 129 2108057 11843 0
1459947872419574 134 2232672 15735 126 2108057 11843 1
1459947872421415 136 2232324 14825 130 2109765 12491 0
1459947872423192 141 2232324 14825 133 2109765 12491 1
1459947872424881 137 2233283 14550 131 2112619 14146 0
1459947872426822 136 2232887 13777 129 2112690 13106 0
1459947872428792 136 2232522 13035 131 2115316 14502 0
1459947872430780 139 2232522 13035 130 2115316 14502 1
1459947872432650 137 2233466 12886 131 2117736 15600 0
1459947872434038 120 2233466 12886 112 2117736 15600 1
1459947872435746 132 2233466 12886 125 2117736 15600 1
1459947872437674 137 2234336 12681 129 2117407 14683 0
1459947872439687 142 2234336 12681 132 2117407 14683 1
1459947872441615 143 2234336 12681 135 2117407 14683 1
1459947872443462 139 2234336 12681 132 2117407 14683 1
1459947872445204 134 2234336 12681 126 2117407 14683 1
1459947872447073 135 2234336 12681 126 2117407 14683 1
1459947872448711 135 2232578 13310 129 2117104 13813 0
1459947872450280 130 2232578 13310 123 2117104 13813 1
1459947872452089 138 2234797 14316 129 2116825 12989 0
1459947872453880 135 2233003 14850 128 2115288 13390 0
1459947872455902 138 2235189 15704 130 2116431 13396 0
1459947872457691 137 2235924 15155 129 2116204 12557 0
1459947872459452 137 2235924 15155 127 2116204 12557 1
1459947872461533 146 2235924 15155 137 2116204 12557 1
1459947872463186 132 2235924 15155 122 2116204 12557 1
1459947872464764 133 2235924 15155 125 2116204 12557 1
1459947872466270 126 2235924 15155 120 2116204 12557 1
1459947872467847 133 2235924 15155 124 2116204 12557 1
1459947872469781 140 2235924 15155 129 2116204 12557 1
1459947872471489 136 2235322 14525 129 2115995 11767 0
1459947872473119 131 2235322 14525 121 2115995 11767 1
1459947872474776 132 2235322 14525 124 2115995 11767 1
1459947872476454 131 2235322 14525 125 2115995 11767 1
1459947872478536 138 2237327 15238 130 2117082 11849 0
1459947872480419 140 2237327 15238 131 2117082 11849 1
1459947872482028 135 2237327 15238 126 2117082 11849 1
1459947872483643 135 2235335 15882 128 2115524 12358 0
1459947872485419 136 2234779 15153 129 2115368 11535 0
1459947872487162 137 2235546 14676 128 2113944 11944 0
1459947872488942 137 2236253 14181 131 2116472 13340 0
1459947872490687 133 2236253 14181 127 2116472 13340 1
1459947872492540 140 2236253 14181 131 2116472 13340 1
1459947872494390 139 2236253 14181 132 2116472 13340 1
1459947872496188 135 2234345 14831 128 2114962 13688 0
1459947872498006 135 2234345 14831 127 2114962 13688 1
1459947872499927 141 2234345 14831 135 2114962 13688 1
1459947872501876 141 2234345 14831 131 2114962 13688 1
1459947872503721 139 2234345 14831 132 2114962 13688 1
1459947872505660 140 2234345 14831 133 2114962 13688 1
1459947872507637 137 2235146 14411 129 2114850 12720 0
1459947872509610 136 2234605 13783 129 2114747 11820 0
1459947872511130 129 2234605 13783 120 2114747 11820 1
1459947872512529 127 2234605 13783 119 2114747 11820 1
1459947872513910 122 2234605 13783 116 2114747 11820 1
1459947872515577 130 2234605 13783 122 2114747 11820 1
1459947872517414 137 2235386 13426 130 2115932 11988 0
1459947872519236 137 2236106 13041 130 2117024 12058 0
1459947872521031 136 2235490 12589 130 2118031 12043 0
1459947872522467 134 2235490 12589 125 2118031 12043 1
1459947872524190 134 2235490 12589 125 2118031 12043 1
1459947872525782 134 2235490 12589 126 2118031 12043 1
1459947872527426 132 2235490 12589 124 2118031 12043 1
1459947872528911 128 2235490 12589 121 2118031 12043 1
1459947872530550 131 2235490 12589 123 2118031 12043 1
1459947872532008 121 2235490 12589 116 2118031 12043 1
1459947872533632 127 2235490 12589 122 2118031 12043 1
1459947872535511 137 2236202 12261 132 2121519 14318 0
1459947872537419 139 2236202 12261 132 2121519 14318 1
1459947872539510 140 2236202 12261 133 2121519 14318 1
1459947872541285 133 2236202 12261 125 2121519 14318 1
1459947872543162 137 2236858 11908 132 2124735 16164 0
1459947872544951 137 2237463 11535 131 2126420 16454 0
1459947872546737 135 2235461 12478 128 2124133 17275 0
1459947872548436 136 2235461 12478 127 2124133 17275 1
1459947872550249 140 2235461 12478 132 2124133 17275 1
1459947872552270 141 2235461 12478 133 2124133 17275 1
1459947872553784 123 2235461 12478 116 2124133 17275 1
1459947872555559 137 2236175 12161 129 2123305 16688 0
1459947872557074 128 2236175 12161 120 2123305 16688 1
1459947872558892 136 2235553 11782 129 2122541 16087 0
1459947872560451 135 2235553 11782 126 2122541 16087 1
1459947872562246 136 2235553 11782 126 2122541 16087 1
1459947872563922 133 2235553 11782 126 2122541 16087 1
1459947872565878 138 2237540 12693 130 2123117 15361 0
1459947872567664 135 2235532 13551 128 2121088 16030 0
1459947872569391 132 2235532 13551 123 2121088 16030 1
1459947872570972 135 2235532 13551 124 2121088 16030 1
1459947872572768 138 2237521 14325 129 2120498 15320 0
1459947872574373 131 2237521 14325 122 2120498 15320 1
1459947872576074 136 2236794 13874 128 2118674 15804 0
1459947872577852 134 2236794 13874 124 2118674 15804 1
1459947872579659 137 2237404 13352 128 2116992 16119 0
1459947872581507 132 2237404 13352 124 2116992 16119 1
1459947872583159 135 2235406 14149 128 2115442 16287 0
1459947872584782 132 2235406 14149 123 2115442 16287 1
1459947872586441 133 2231004 17100 128 2114013 16331 0
1459947872588561 139 2231004 17100 133 2114013 16331 1
1459947872590363 136 2230786 15964 128 2112695 16269 0
1459947872592199 138 2233145 16891 132 2116600 18597 0
1459947872593747 132 2233145 16891 125 2116600 18597 1
1459947872595471 135 2231480 17105 128 2115080 18544 0
1459947872597138 128 2231480 17105 121 2115080 18544 1
1459947872599049 142 2231480 17105 134 2115080 18544 1
1459947872600892 135 2229945 17182 130 2116239 18163 0
1459947872602605 130 2229945 17182 119 2116239 18163 1
1459947872604353 134 2227250 18322 127 2113467 19298 0
1459947872606058 130 2227250 18322 123 2113467 19298 1
1459947872607835 134 2224766 19179 129 2113472 17795 0
1459947872609795 137 2226316 19109 129 2113477 16408 0
1459947872611790 138 2229025 20113 132 2117321 18670 0
1459947872613733 139 2229025 20113 131 2117321 18670 1
1459947872615138 125 2229025 20113 118 2117321 18670 1
1459947872616640 124 2229025 20113 118 2117321 18670 1
1459947872618399 139 2229025 20113 132 2117321 18670 1
1459947872620175 134 2229025 20113 126 2117321 18670 1
1459947872622035 135 2227682 19778 127 2114465 19843 0
1459947872624030 138 2230284 20631 132 2118232 21765 0
1459947872626014 135 2228843 20347 127 2115305 22762 0
1459947872628037 135 2227514 19981 129 2115166 21110 0
1459947872629727 133 2227514 19981 126 2115166 21110 1
1459947872631270 129 2227514 19981 120 2115166 21110 1
1459947872633218 140 2227514 19981 131 2115166 21110 1
1459947872635174 138 2230129 20830 129 2115038 19577 0
1459947872637398 147 2230129 20830 141 2115038 19577 1
1459947872639269 139 2233820 22604 131 2117480 20298 0
1459947872641157 137 2234662 21615 128 2115891 20175 0
1459947872642873 132 2234662 21615 123 2115891 20175 1
1459947872644564 133 2234662 21615 125 2115891 20175 1
1459947872646269 135 2232879 21569 129 2115707 18767 0
1459947872647845 131 2232879 21569 123 2115707 18767 1
1459947872649680 138 2235075 21907 130 2116817 18323 0
1459947872651237 133 2235075 21907 125 2116817 18323 1
1459947872652903 135 2233259 21868 128 2115280 18307 0
1459947872654600 133 2233259 21868 124 2115280 18307 1
1459947872656570 142 2233259 21868 135 2115280 18307 1
1459947872658354 134 2233259 21868 126 2115280 18307 1
1459947872660275 139 2236705 23336 131 2117703 19110 0
1459947872662013 130 2236705 23336 124 2117703 19110 1
1459947872663713 133 2236705 23336 124 2117703 19110 1
1459947872665382 132 2230922 26842 127 2114817 20277 0
1459947872667102 137 2231991 25729 129 2114716 18784 0
1459947872668952 131 2231991 25729 124 2114716 18784 1
1459947872670908 136 2231696 23989 128 2113343 18580 0
1459947872672841 138 2233984 24224 132 2117198 20681 0
1459947872674900 145 2233984 24224 138 2117198 20681 1
1459947872677062 141 2233984 24224 132 2117198 20681 1
1459947872678920 134 2230974 25105 127 2114351 21688 0
1459947872680805 132 2230974 25105 121 2114351 21688 1
1459947872682641 137 2232039 24124 129 2114287 20051 0
1459947872684450 135 2230460 23693 128 2112948 19718 0
1459947872686282 136 2230285 22002 129 2112993 18219 0
1459947872687666 122 2230285 22002 116 2112993 18219 1
1459947872689220 127 2230285 22002 119 2112993 18219 1
1459947872690727 125 2230285 22002 117 2112993 18219 1
1459947872692352 135 2228843 21611 129 2113035 16834 0
1459947872694085 141 2228843 21611 133 2113035 16834 1
1459947872695985 141 2228843 21611 136 2113035 16834 1
1459947872697673 136 2228794 19966 128 2111794 16661 0
1459947872699251 133 2228794 19966 126 2111794 16661 1
1459947872700949 132 2228794 19966 123 2111794 16661 1
1459947872702577 129 2228794 19966 122 2111794 16661 1
1459947872704388 135 2227469 19627 128 2110650 16413 0
1459947872706148 138 2230087 20507 130 2112155 16517 0
1459947872707679 132 2230087 20507 125 2112155 16517 1
1459947872709304 135 2228661 20218 127 2109702 17486 0
1459947872711282 137 2229906 19786 130 2111281 17575 0
1459947872712943 133 2225934 21901 127 2108897 18398 0
1459947872714899 139 2229952 23894 132 2113099 20834 0
1459947872716761 136 2229817 22151 126 2109293 22714 0
1459947872718689 139 2233532 23845 132 2113464 24784 0
1459947872720395 138 2235677 23959 130 2114749 24032 0
1459947872722037 132 2229974 27343 128 2113374 23421 0
1459947872723769 131 2229974 27343 123 2113374 23421 1
1459947872725472 129 2229974 27343 122 2113374 23421 1
1459947872727096 130 2229974 27343 123 2113374 23421 1
1459947872728764 132 2229974 27343 125 2113374 23421 1
1459947872730491 137 2231117 26259 128 2112106 22759 0
1459947872732246 141 2231117 26259 132 2112106 22759 1
1459947872734014 138 2233450 26358 130 2113497 22263 0
1459947872735979 138 2235601 26281 129 2113500 20525 0
1459947872737927 138 2237584 26055 128 2112222 20098 0
1459947872739459 118 2237584 26055 113 2112222 20098 1
1459947872740790 96 2237584 26055 92 2112222 20098 1
1459947872742072 94 2237584 26055 88 2112222 20098 1
1459947872743275 105 2237584 26055 99 2112222 20098 1
1459947872744952 138 2239412 25704 130 2113604 19801 0
1459947872746538 137 2239817 24069 128 2112318 19438 0
1459947872748116 133 2239817 24069 125 2112318 19438 1
1459947872749836 136 2238911 23022 129 2112413 18006 0
1459947872751585 136 2238911 23022 124 2112413 18006 1
1459947872753385 138 2240636 22813 128 2111220 17698 0
1459947872755236 135 2238386 23103 127 2108840 18508 0
1459947872757136 134 2235032 24389 128 2107926 17903 0
1459947872758770 129 2235032 24389 123 2107926 17903 1
1459947872760516 131 2235032 24389 123 2107926 17903 1
1459947872762188 132 2235032 24389 122 2107926 17903 1
1459947872763932 137 2235780 23172 131 2110924 19268 0
1459947872765641 133 2235780 23172 124 2110924 19268 1
1459947872767380 133 2235780 23172 126 2110924 19268 1
1459947872769179 137 2236469 21996 129 2111128 17950 0
1459947872770770 129 2236469 21996 121 2111128 17950 1
1459947872772486 138 2238384 22043 131 2113876 19080 0
1459947872774123 136 2237590 21051 128 2112569 18793 0
1459947872776035 139 2240698 22271 128 2111364 18434 0
1459947872777696 132 2240698 22271 124 2111364 18434 1
1459947872779469 134 2237163 23789 127 2108973 19196 0
1459947872781192 135 2235184 23753 126 2105489 20907 0
1459947872783025 138 2237200 23755 130 2107397 21032 0
1459947872784907 138 2239058 23612 131 2110436 22190 0
1459947872786737 136 2238211 22547 129 2110678 20679 0
1459947872788527 134 2234870 23864 127 2108341 21217 0
1459947872790652 143 2234870 23864 134 2108341 21217 1
1459947872792446 139 2238190 25060 131 2111306 22293 0
1459947872794261 137 2238691 23564 128 2110200 21570 0
1459947872795995 134 2238691 23564 124 2110200 21570 1
1459947872797990 135 2236593 23656 128 2109180 20823 0
1459947872799832 140 2236593 23656 129 2109180 20823 1
1459947872801604 133 2232099 25949 126 2105680 22422 0
1459947872803313 132 2226676 28920 126 2102453 23644 0
1459947872805029 137 2228076 27951 129 2103318 22594 0
1459947872806957 139 2231927 29317 131 2106676 23923 0
1459947872808591 137 2232917 27939 131 2109771 24908 0
1459947872810641 143 2232917 27939 134 2109771 24908 1
1459947872812458 138 2235110 27778 129 2110065 23233 0
1459947872814175 133 2230732 29642 126 2106496 24707 0
1459947872815769 128 2230732 29642 119 2106496 24707 1
1459947872817530 135 2229256 28686 126 2103206 25808 0
1459947872819349 137 2230455 27549 128 2102733 24227 0
1459947872820997 136 2230280 25556 126 2099736 25095 0
1459947872822885 137 2231399 24590 130 2102094 25307 0
1459947872824680 135 2229870 24076 127 2100427 24864 0
1459947872826604 140 2229870 24076 131 2100427 24864 1
1459947872828367 134 2227181 24673 127 2098891 24336 0
1459947872830080 139 2231102 26360 130 2101315 24668 0
1459947872831591 133 2231102 26360 124 2101315 24668 1
1459947872833295 135 2229597 25687 128 2100989 23039 0
1459947872835187 139 2233329 27121 129 2101969 22142 0
1459947872836998 135 2231650 26549 129 2102872 21245 0
1459947872838769 135 2230102 25900 129 2103705 20353 0
1459947872840702 139 2233795 27280 130 2105753 20650 0
1459947872842500 136 2233359 25549 128 2105081 19655 0
1459947872844335 134 2230397 26281 128 2104461 18690 0
1459947872846161 138 2232787 26430 129 2105169 17882 0
1459947872847923 134 2232787 26430 125 2105169 17882 1
1459947872849805 139 2236270 27576 131 2108382 19446 0
1459947872851496 138 2238201 27201 131 2111344 20657 0
1459947872853311 136 2237421 25793 127 2108955 21245 0
1459947872855079 137 2237982 24294 127 2106752 21615 0
1459947872857019 138 2239779 24053 131 2109842 22774 0
1459947872858707 131 2239779 24053 125 2109842 22774 1
1459947872860339 136 2238876 23005 129 2110130 21260 0
1459947872862274 139 2241883 23979 131 2112956 22204 0
1459947872863928 136 2240815 23088 127 2110441 22787 0
1459947872865590 134 2237271 24550 129 2110682 21228 0
1459947872867602 142 2237271 24550 134 2110682 21228 1
1459947872869769 146 2237271 24550 138 2110682 21228 1
1459947872871573 137 2237844 23160 129 2110904 19774 0
1459947872873155 129 2237844 23160 121 2110904 19774 1
1459947872875045 135 2235812 23222 128 2109829 19219 0
1459947872876732 135 2235812 23222 125 2109829 19219 1
1459947872878707 137 2236499 22040 129 2110118 17984 0
1459947872880492 136 2235852 20913 127 2107825 18692 0
1459947872882427 140 2235852 20913 133 2107825 18692 1
1459947872884304 138 2237816 21089 130 2109551 18822 0
1459947872886044 134 2237816 21089 125 2109551 18822 1
1459947872887803 136 2237816 21089 124 2109551 18822 1
1459947872889458 136 2237066 20131 128 2108582 18243 0
1459947872891515 140 2237066 20131 132 2108582 18243 1
1459947872893490 139 2240215 21461 130 2110249 18353 0
1459947872895319 140 2240215 21461 133 2110249 18353 1
1459947872897260 141 2240215 21461 132 2110249 18353 1
1459947872898905 132 2240215 21461 125 2110249 18353 1
1459947872900641 136 2239278 20647 127 2107945 19042 0
1459947872902435 138 2240974 20596 131 2110941 20316 0
1459947872904230 138 2242537 20427 130 2112423 20094 0
1459947872906131 138 2243978 20160 129 2112509 18604 0
1459947872908022 140 2243978 20160 133 2112509 18604 1
1459947872909608 136 2242747 19719 127 2110029 19436 0
1459947872911347 135 2240332 20403 127 2107742 20024 0
1459947872913196 142 2240332 20403 135 2107742 20024 1
1459947872915215 140 2240332 20403 131 2107742 20024 1
1459947872917291 140 2240332 20403 133 2107742 20024 1
1459947872919011 136 2239386 19681 128 2106914 19221 0
1459947872920571 129 2239386 19681 123 2106914 19221 1
1459947872922459 135 2237233 20126 130 2108711 19375 0
1459947872924423 139 2240369 21444 131 2111647 20568 0
1459947872926211 138 2241980 21253 132 2115634 22637 0
1459947872928196 140 2241980 21253 131 2115634 22637 1
1459947872930039 138 2243465 20961 131 2118030 23076 0
1459947872932010 137 2243554 19405 126 2113838 25136 0
1459947872933798 133 2238516 22532 128 2112534 24373 0
1459947872935585 133 2238516 22532 124 2112534 24373 1
1459947872937238 130 2238516 22532 119 2112534 24373 1
1459947872938879 132 2238516 22532 123 2112534 24373 1
1459947872940563 133 2238516 22532 125 2112534 24373 1
1459947872942413 135 2236431 22692 126 2108772 25935 0
1459947872944244 137 2237069 21507 130 2110424 25431 0
1459947872946032 139 2240217 22729 132 2114507 27208 0
1459947872947732 133 2240217 22729 125 2114507 27208 1
1459947872949498 136 2239280 21816 128 2113151 26331 0
1459947872951020 132 2239280 21816 123 2113151 26331 1
1459947872952691 131 2232016 26807 126 2109341 27785 0
1459947872954515 136 2231719 24985 130 2110948 27096 0
1459947872956297 138 2234005 25141 130 2112430 26345 0
1459947872958226 136 2233553 23592 130 2113796 25545 0
1459947872959820 133 2233553 23592 125 2113796 25545 1
1459947872961612 136 2233136 22131 128 2112495 24747 0
1459947872963331 136 2232752 20755 129 2112576 22888 0
1459947872965023 131 2232752 20755 124 2112576 22888 1
1459947872966647 133 2228558 22999 126 2108811 24569 0
1459947872968588 136 2228531 21225 128 2107900 23488 0
1459947872970663 139 2232347 23083 131 2110900 24418 0
1459947872972722 139 2235864 24522 131 2113665 25059 0
1459947872974770 139 2239107 25595 130 2114934 24271 0
1459947872976792 139 2242096 26351 132 2118664 25813 0
1459947872978246 127 2242096 26351 121 2118664 25813 1
1459947872979870 131 2234612 31191 126 2114423 27705 0
1459947872981416 124 2234612 31191 117 2114423 27705 1
1459947872983103 131 2234612 31191 124 2114423 27705 1
1459947872984931 138 2236672 30654 129 2114353 25603 0
1459947872986643 136 2236012 28867 126 2110449 27200 0
1459947872988191 133 2231563 30711 125 2105570 29572 0
1459947872990058 138 2233862 30430 130 2107472 29014 0
1459947872991915 138 2235981 30005 129 2107945 27183 0
1459947872993840 136 2235374 28218 127 2105821 27016 0
1459947872995469 130 2235374 28218 122 2105821 27016 1
1459947872996907 126 2235374 28218 119 2105821 27016 1
1459947872998519 130 2235374 28218 121 2105821 27016 1
1459947873000334 139 2238655 29038 128 2105143 25529 0
1459947873002174 135 2236560 28700 129 2105798 24138 0
1459947873004279 144 2236560 28700 137 2105798 24138 1
1459947873005982 130 2236560 28700 124 2105798 24138 1
1459947873007739 135 2234628 28237 126 2102562 25234 0
1459947873009562 133 2230287 30031 126 2099579 26011 0
1459947873011008 129 2230287 30031 121 2099579 26011 1
1459947873012686 135 2228845 29012 127 2098109 25332 0
1459947873014663 139 2232636 30240 132 2103154 28003 0
1459947873016252 132 2227171 32914 125 2098845 29787 0
1459947873018086 134 2224693 32626 128 2098712 27580 0
1459947873020084 140 2230088 35051 130 2101150 27672 0
1459947873022175 141 2236342 38077 132 2105957 29942 0
1459947873023987 140 2240827 39237 131 2109109 30507 0
1459947873026121 140 2244962 39983 133 2114574 33161 0
1459947873027914 137 2244934 36884 129 2114492 30644 0
1459947873029699 135 2242348 36385 128 2113137 29497 0
1459947873031382 133 2237404 38099 126 2109328 30703 0
1459947873033232 136 2236686 35783 129 2109656 28607 0
1459947873034995 134 2233464 35956 127 2107399 28452 0
1459947873036880 135 2231774 34703 127 2105318 28146 0
1459947873038456 132 2231774 34703 122 2105318 28146 1
1459947873040187 135 2230216 33426 128 2104680 26535 0
1459947873042024 138 2232620 33030 131 2107931 27458 0
1459947873043852 136 2232276 30765 130 2109648 26895 0
1459947873045772 139 2235799 31609 132 2113791 28613 0
1459947873047420 134 2232647 32044 127 2111211 28755 0
1459947873049121 135 2231021 31038 127 2108832 28700 0
1459947873050754 133 2226962 32354 125 2104079 30838 0
1459947873052345 132 2221940 34455 124 2098417 33646 0
1459947873054044 134 2219870 33670 127 2097038 32288 0
1459947873055838 133 2216682 33977 125 2093206 33296 0
1459947873057617 135 2216303 31670 129 2094794 32158 0
1459947873059535 140 2216303 31670 131 2094794 32158 1
1459947873061506 140 2216303 31670 130 2094794 32158 1
1459947873063199 133 2213394 31876 126 2092418 31835 0
1459947873064912 136 2214552 30453 128 2092787 29688 0
1459947873066714 135 2214340 28268 126 2090568 29413 0
1459947873068688 137 2216704 28239 128 2091082 27589 0
1459947873070593 138 2220164 29221 130 2094116 28230 0
1459947873072370 135 2219513 27537 128 2094353 26242 0
1459947873074139 133 2216353 28297 127 2093291 25169 0
1459947873075820 135 2216000 26411 127 2092312 24103 0
1459947873077581 133 2213115 27006 126 2090130 24230 0
1459947873079425 138 2216855 28344 131 2094518 26382 0
1459947873081257 137 2219023 28127 130 2097283 26869 0
1459947873082971 132 2219023 28127 124 2097283 26869 1
1459947873084596 132 2214621 29986 125 2093432 28318 0
1459947873086504 137 2216963 29802 129 2095002 27552 0
1459947873088469 136 2217842 28284 130 2097729 27913 0
1459947873090415 137 2219933 28001 128 2097683 25773 0
1459947873092231 135 2219300 26395 125 2093801 27337 0
1459947873093603 127 2219300 26395 119 2093801 27337 1
1459947873095448 134 2217437 26049 127 2092782 26139 0
1459947873097331 137 2219559 25969 129 2094403 25590 0
1459947873099301 141 2219559 25969 134 2094403 25590 1
1459947873101279 140 2219559 25969 133 2094403 25590 1
1459947873103167 138 2222795 26924 131 2098457 27328 0
1459947873104875 134 2220659 26788 126 2095795 27646 0
1459947873106761 138 2223810 27599 129 2097181 26763 0
1459947873108569 139 2227994 29299 130 2099738 27029 0
1459947873110455 137 2229291 28206 130 2102095 27090 0
1459947873112322 137 2230487 27105 129 2102988 25797 0
1459947873113996 133 2226470 28689 126 2099972 26561 0
1459947873115724 134 2224047 28680 127 2098471 25868 0
1459947873117504 136 2224373 26739 129 2099647 24932 0
1459947873119442 144 2224373 26739 136 2099647 24932 1
1459947873121294 136 2224673 24927 130 2102012 25164 0
1459947873123120 136 2224950 23234 128 2101632 23548 0
1459947873124712 132 2224950 23234 124 2101632 23548 1
1459947873126382 136 2225205 21653 127 2100002 23210 0
1459947873128295 138 2228000 22538 131 2103619 24730 0
1459947873130097 134 2225457 23120 127 2101833 24442 0
1459947873131802 135 2224393 22293 127 2100187 24049 0
1459947873133664 138 2227252 23186 130 2102509 24311 0
1459947873135528 139 2231167 24984 131 2105930 25565 0
1459947873137582 143 2231167 24984 135 2105930 25565 1
1459947873139370 141 2231167 24984 133 2105930 25565 1
1459947873141070 136 2230937 23243 130 2107804 25294 0
1459947873142802 134 2228165 23982 128 2106971 24084 0
1459947873144661 137 2229449 23292 130 2108763 23854 0
1459947873146126 129 2229449 23292 123 2108763 23854 1
1459947873147925 137 2230633 22563 131 2111695 24693 0
1459947873149679 138 2233004 22986 132 2115678 26435 0
1459947873151224 125 2233004 22986 120 2115678 26435 1
1459947873152801 130 2233004 22986 124 2115678 26435 1
1459947873154586 137 2233910 22025 130 2116790 25394 0
1459947873156551 140 2233910 22025 133 2116790 25394 1
1459947873158299 134 2230905 23073 126 2112695 27184 0
1459947873160332 141 2230905 23073 133 2112695 27184 1
1459947873162222 137 2231975 22256 128 2111480 26179 0
1459947873164104 138 2234241 22606 131 2114200 26641 0
1459947873166100 141 2234241 22606 132 2114200 26641 1
1459947873167929 139 2237610 23945 131 2116708 26871 0
1459947873169702 133 2237610 23945 125 2116708 26871 1
1459947873171462 136 2237610 23945 124 2116708 26871 1
1459947873173220 133 2237610 23945 125 2116708 26871 1
1459947873175174 139 2240716 24938 130 2117740 25722 0
1459947873177347 143 2240716 24938 137 2117740 25722 1
1459947873179369 139 2243580 25629 132 2121251 26949 0
1459947873181223 136 2242380 24731 129 2120648 25398 0
1459947873182860 134 2238714 26177 127 2117532 26285 0
1459947873184649 135 2236614 26066 128 2115939 25698 0
1459947873186454 134 2233398 26993 129 2115751 23863 0
1459947873188336 136 2232993 25256 130 2116857 23018 0
1459947873189886 131 2232993 25256 121 2116857 23018 1
1459947873191677 138 2235180 25298 131 2119157 23339 0
1459947873193407 138 2237196 25180 131 2121277 23470 0
1459947873195176 137 2237775 23745 132 2124512 24618 0
1459947873197088 142 2237775 23745 131 2124512 24618 1
1459947873198874 134 2234468 24936 127 2121094 25844 0
1459947873200679 137 2235260 23717 129 2120503 24368 0
1459947873202476 137 2235990 22537 129 2119958 22965 0
1459947873204094 131 2235990 22537 126 2119958 22965 1
1459947873205943 133 2231543 24875 127 2116896 23992 0
1459947873207680 134 2228723 25529 128 2115353 23538 0
1459947873209297 127 2228723 25529 121 2115353 23538 1
1459947873210805 133 2228723 25529 125 2115353 23538 1
1459947873212659 138 2231244 25858 132 2119051 25108 0
1459947873214492 138 2233568 25979 130 2119900 23928 0
1459947873216386 139 2236990 27104 130 2120682 22779 0
1459947873218168 136 2236305 25617 130 2121403 21664 0
1459947873219966 137 2236953 24213 128 2119508 21717 0
1459947873221729 135 2234991 24129 131 2121601 21949 0
1459947873223645 139 2238302 25295 132 2124810 23193 0
1459947873225506 135 2236234 25223 129 2123929 22192 0
1459947873227293 137 2236888 23855 128 2121837 22386 0
1459947873229218 138 2238771 23727 128 2119908 22414 0
1459947873231147 135 2236667 23812 128 2118130 22300 0
1459947873232869 131 2236667 23812 123 2118130 22300 1
1459947873234968 140 2236667 23812 132 2118130 22300 1
1459947873237109 142 2236667 23812 134 2118130 22300 1
1459947873239056 135 2234727 23739 128 2116491 22067 0
1459947873240510 132 2229098 27072 126 2112420 24095 0
1459947873241974 129 2229098 27072 121 2112420 24095 1
1459947873243638 136 2229029 25019 129 2112507 22292 0
1459947873245305 135 2227686 24301 126 2108747 24015 0
1459947873247188 136 2227728 22440 128 2107841 22973 0
1459947873248880 135 2226486 21830 128 2107005 21947 0
1459947873250804 136 2226621 20249 129 2107515 20702 0
1459947873252753 143 2226621 20249 137 2107515 20702 1
1459947873254465 139 2226621 20249 132 2107515 20702 1
1459947873256408 141 2226621 20249 133 2107515 20702 1
1459947873258313 135 2225466 19731 129 2107985 19517 0
1459947873260139 137 2226961 19567 131 2110978 20751 0
1459947873261903 132 2221939 22666 126 2107337 22484 0
1459947873263840 141 2221939 22666 133 2107337 22484 1
1459947873265762 136 2222430 21347 128 2106541 21460 0
1459947873267471 134 2220322 21621 126 2103247 22819 0
1459947873269090 133 2220322 21621 124 2103247 22819 1
1459947873270857 137 2222219 21680 130 2105330 22957 0
1459947873272630 139 2222219 21680 132 2105330 22957 1
1459947873274489 138 2225248 22778 131 2108531 24114 0
1459947873276250 137 2226760 22392 128 2107642 23049 0
1459947873278131 137 2228154 21927 127 2105542 23183 0
1459947873279990 139 2231999 23758 130 2107446 23126 0
1459947873281673 128 2231999 23758 123 2107446 23126 1
1459947873283477 137 2232984 22809 131 2110481 24117 0
1459947873285266 136 2232612 21369 129 2110719 22452 0
1459947873287299 142 2232612 21369 132 2110719 22452 1
1459947873288941 132 2232612 21369 124 2110719 22452 1
1459947873290658 139 2236109 22922 129 2110939 20899 0
1459947873292366 137 2236772 21743 130 2112421 20633 0
1459947873294319 137 2237384 20608 128 2111228 20120 0
1459947873296123 132 2231548 24377 126 2107568 21921 0
1459947873297959 133 2227448 26251 127 2105474 22138 0
1459947873299526 133 2227448 26251 124 2105474 22138 1
1459947873301345 137 2228788 25435 131 2108663 23348 0
1459947873303132 136 2228743 23487 129 2109043 21874 0
1459947873304852 129 2228743 23487 122 2109043 21874 1
1459947873306433 132 2223582 26409 126 2105554 23381 0
1459947873308037 129 2223582 26409 123 2105554 23381 1
1459947873309845 137 2225224 25859 130 2107457 23308 0
1459947873311325 133 2225224 25859 125 2107457 23308 1
1459947873313210 142 2225224 25859 134 2107457 23308 1
1459947873315111 138 2228018 26414 133 2113051 26644 0
1459947873317093 139 2231874 27904 132 2116928 28137 0
1459947873318907 137 2232868 26641 129 2116663 26182 0
1459947873320657 134 2229945 27253 127 2113858 26721 0
1459947873322348 128 2229945 27253 122 2113858 26721 1
1459947873324264 133 2225970 28786 126 2109992 28196 0
1459947873325719 126 2225970 28786 119 2109992 28196 1
1459947873327359 132 2221026 31094 126 2106428 29277 0
1459947873329027 134 2219028 30505 125 2101863 31197 0
1459947873330996 139 2223586 32323 131 2105334 31959 0
1459947873333049 142 2223586 32323 134 2105334 31959 1
1459947873334888 129 2223586 32323 123 2105334 31959 1
1459947873336681 133 2220108 33002 126 2102134 32411 0
1459947873338346 135 2219462 31018 128 2101744 30236 0
1459947873340264 139 2223986 32765 131 2105225 31082 0
1459947873342316 141 2223986 32765 132 2105225 31082 1
1459947873344117 136 2224317 30510 129 2105874 29251 0
1459947873345971 133 2220782 31384 125 2101352 31133 0
1459947873347551 129 2220782 31384 123 2101352 31133 1
1459947873349029 125 2220782 31384 120 2101352 31133 1
1459947873350986 139 2225203 33008 131 2104863 31937 0
1459947873352764 134 2222879 32571 126 2101700 32356 0
1459947873354650 135 2222016 30821 127 2100064 31335 0
1459947873356313 135 2221221 29145 124 2094716 33815 0
1459947873357912 129 2221221 29145 122 2094716 33815 1
1459947873359594 133 2217928 29903 124 2089786 35717 0
1459947873361314 131 2212332 32724 123 2083961 38295 0
1459947873363035 129 2204613 37282 122 2077311 41432 0
1459947873365016 134 2203897 35028 128 2078861 39623 0
1459947873366645 135 2204517 32863 127 2079009 36664 0
1459947873368592 135 2205089 30822 129 2081706 36285 0
1459947873370473 140 2205089 30822 132 2081706 36285 1
1459947873372303 137 2208176 31260 131 2086752 38102 0
1459947873373965 133 2205902 30913 127 2086284 35555 0
1459947873375826 138 2210205 32464 130 2089693 35919 0
1459947873377641 135 2210332 30044 128 2090275 33649 0
1459947873379602 139 2215569 32524 131 2094652 35055 0
1459947873381594 137 2217837 32074 129 2096127 33676 0
1459947873383438 137 2219928 31496 130 2098767 33478 0
1459947873385022 128 2219928 31496 123 2098767 33478 1
1459947873386838 136 2220576 29632 128 2098640 30978 0
1459947873388690 135 2219893 27946 128 2098523 28664 0
1459947873390547 140 2219893 27946 132 2098523 28664 1
1459947873392482 140 2219893 27946 132 2098523 28664 1
1459947873394404 139 2224383 29902 131 2102255 29865 0
1459947873396329 137 2225963 29021 130 2104416 29523 0
1459947873398160 136 2226139 26915 130 2106408 29052 0
1459947873399704 128 2226139 26915 122 2106408 29052 1
1459947873401457 133 2222461 28201 126 2103124 29808 0
1459947873402968 131 2222461 28201 123 2103124 29808 1
1459947873404622 132 2217791 30301 125 2098817 31449 0
1459947873406426 137 2219886 29864 129 2099966 30052 0
1459947873408323 139 2224377 31670 133 2106146 33401 0
1459947873410255 141 2224377 31670 134 2106146 33401 1
1459947873411844 133 2220837 32457 127 2104163 32618 0
1459947873413555 136 2221414 30453 128 2103615 30573 0
1459947873415337 138 2224506 30923 129 2104390 28898 0
1459947873417205 136 2224796 28774 127 2102544 28341 0
1459947873418913 136 2225063 26772 128 2102122 26514 0
1459947873420695 136 2225309 24907 128 2101733 24799 0
1459947873422616 138 2228096 25531 131 2105215 26071 0
1459947873424539 136 2228106 23545 129 2105865 24633 0
1459947873426446 137 2229395 22893 129 2106464 23260 0
1459947873428373 139 2233143 24559 130 2108296 23131 0
1459947873430135 136 2232758 22994 128 2107425 22125 0
1459947873431900 135 2231123 22703 126 2104062 23495 0
1459947873433615 134 2228336 23497 127 2102242 23336 0
1459947873435380 133 2224487 25209 127 2100564 23058 0
1459947873437093 131 2218378 28869 125 2096457 25041 0
1459947873438670 130 2218378 28869 124 2096457 25041 1
1459947873440388 135 2217867 27083 127 2095231 24213 0
1459947873442366 136 2218676 25712 130 2097941 24819 0
1459947873443914 126 2218676 25712 120 2097941 24819 1
1459947873445779 130 2218676 25712 124 2097941 24819 1
1459947873447702 138 2221981 26750 132 2102999 27543 0
1459947873449288 132 2217348 28930 126 2099982 28172 0
1459947873451173 135 2216917 27065 127 2098480 27354 0
1459947873452979 137 2219080 26944 129 2099656 26300 0
1459947873454760 128 2219080 26944 121 2099656 26300 1
1459947873456329 131 2213394 30080 125 2095620 27965 0
1459947873458219 133 2210712 30201 125 2091899 29209 0
1459947873460044 137 2213360 30282 131 2096149 30845 0
1459947873461692 133 2210681 30385 126 2093667 30722 0
1459947873463484 136 2212051 29274 129 2095219 29752 0
1459947873465099 130 2212051 29274 121 2095219 29752 1
1459947873466591 133 2209474 29361 126 2092810 29647 0
1459947873468455 137 2212218 29597 127 2091869 28197 0
1459947873469923 126 2212218 29597 119 2091869 28197 1
1459947873471293 122 2212218 29597 114 2091869 28197 1
1459947873472688 121 2212218 29597 115 2091869 28197 1
1459947873474207 126 2212218 29597 120 2091869 28197 1
1459947873476155 136 2213468 28436 130 2094841 28734 0
1459947873478068 134 2212060 27511 126 2092461 28682 0
1459947873479803 134 2210762 26556 128 2092827 26778 0
1459947873481433 129 2210762 26556 121 2092827 26778 1
1459947873482899 129 2210762 26556 121 2092827 26778 1
1459947873484388 132 2210762 26556 123 2092827 26778 1
1459947873486398 139 2210762 26556 128 2092827 26778 1
1459947873488331 137 2213406 26918 131 2097004 28536 0
1459947873490188 138 2217123 28242 131 2100855 29856 0
1459947873492078 137 2219270 28014 128 2100565 27789 0
1459947873493823 134 2217409 27540 126 2097738 28222 0
1459947873495707 137 2219533 27346 129 2098972 27154 0
1459947873497547 134 2217651 26942 127 2097549 26343 0
1459947873499421 137 2219757 26778 130 2100077 26615 0
1459947873501181 133 2216578 27615 126 2097288 27105 0
1459947873503050 137 2218767 27475 130 2099837 27337 0
1459947873504998 138 2222065 28369 130 2102187 27367 0
1459947873506858 141 2222065 28369 131 2102187 27367 1
1459947873508707 138 2225106 28955 131 2105633 28405 0
1459947873510076 127 2225106 28955 121 2105633 28405 1
1459947873511629 129 2225106 28955 124 2105633 28405 1
1459947873513236 131 2225106 28955 123 2105633 28405 1
1459947873514833 126 2225106 28955 119 2105633 28405 1
1459947873516791 138 2227909 29276 131 2108810 29114 0
1459947873518828 139 2231773 30550 133 2114299 31899 0
1459947873520370 129 2222535 36678 125 2109119 34180 0
1459947873521896 125 2222535 36678 118 2109119 34180 1
1459947873523502 128 2222535 36678 122 2109119 34180 1
1459947873525354 140 2228099 38941 134 2115864 37727 0
1459947873527134 135 2226828 37068 127 2113122 37306 0
1459947873528822 132 2221817 38791 124 2106754 40261 0
1459947873530494 133 2218477 38838 125 2102163 41346 0
1459947873532121 135 2217958 36280 127 2100491 39655 0
1459947873533716 135 2217480 33885 127 2098950 37976 0
1459947873535477 133 2214479 34003 127 2097529 36318 0
1459947873537549 139 2219392 35876 132 2102619 38172 0
1459947873539129 126 2219392 35876 120 2102619 38172 1
1459947873540573 129 2219392 35876 122 2102619 38172 1
1459947873542068 131 2213682 38336 124 2097071 40302 0
1459947873543968 137 2216098 37568 129 2098357 38338 0
1459947873545908 145 2216098 37568 135 2098357 38338 1
1459947873547812 137 2218325 36686 129 2099542 36435 0
1459947873549241 129 2218325 36686 122 2099542 36435 1
1459947873550867 133 2215258 36646 126 2096795 36120 0
1459947873552671 137 2217550 35896 130 2099382 35683 0
1459947873554469 135 2217103 33502 128 2099207 33055 0
1459947873556227 135 2216691 31262 128 2099046 30619 0
1459947873557900 131 2211192 33888 124 2093778 33082 0
1459947873559570 129 2203562 38273 124 2088921 34973 0
1459947873561404 133 2201648 37045 128 2089564 32832 0
1459947873563293 137 2205004 37244 129 2091436 31993 0
1459947873565255 140 2205004 37244 132 2091436 31993 1
1459947873566840 128 2205004 37244 123 2091436 31993 1
1459947873568599 131 2200418 38561 125 2088042 32621 0
1459947873570218 131 2196190 39445 125 2084913 32955 0
1459947873571876 133 2194852 37595 125 2082029 33038 0
1459947873573579 135 2196179 35880 127 2081930 30546 0
1459947873575485 135 2197402 34203 129 2084399 30435 0
1459947873577762 139 2203649 37289 132 2090515 33695 0
1459947873579721 136 2205568 36145 128 2091033 31540 0
1459947873581613 137 2208618 36132 129 2092791 30695 0
1459947873583438 139 2213989 38261 133 2099531 34510 0
1459947873585173 134 2212541 36605 127 2098065 33164 0
1459947873586873 132 2208646 37335 125 2094153 34178 0
1459947873588423 129 2208646 37335 121 2094153 34178 1
1459947873590022 129 2208646 37335 122 2094153 34178 1
1459947873591924 138 2212735 38188 132 2099507 36443 0
1459947873593804 139 2217785 39859 131 2103163 36965 0
1459947873595457 133 2214760 39533 127 2101413 35689 0
1459947873597338 132 2210691 40194 127 2099800 34386 0
1459947873599033 132 2206940 40510 124 2094473 36609 0
1459947873600904 134 2206042 38172 128 2094682 33940 0
1459947873602305 129 2198814 41851 123 2088474 37010 0
1459947873603992 134 2198551 38822 128 2089151 34743 0
1459947873605686 130 2198551 38822 122 2089151 34743 1
1459947873607324 134 2198309 36011 128 2089776 32604 0
1459947873609332 135 2199366 34171 129 2091632 31767 0
1459947873611147 139 2205460 37119 132 2097183 34402 0
1459947873612723 133 2203398 36119 127 2095900 32896 0
1459947873614487 135 2204057 33905 129 2097277 31596 0
1459947873616276 135 2204665 31816 126 2094707 31495 0
1459947873618019 134 2203945 29993 128 2094898 29210 0
1459947873619703 135 2204561 28217 129 2096354 28269 0
1459947873621572 136 2206409 27716 130 2098976 28477 0
1459947873623161 131 2206409 27716 123 2098976 28477 1
1459947873624852 136 2208113 27121 129 2100113 27300 0
1459947873626615 136 2209684 26450 129 2101161 26133 0
1459947873628091 129 2209684 26450 122 2101161 26133 1
1459947873630039 135 2209852 24538 129 2102127 24982 0
1459947873631808 137 2212567 25123 131 2105578 26211 0
1459947873633464 131 2207390 27932 126 2102359 27129 0
1459947873635205 133 2205177 27788 128 2101952 25384 0
1459947873637071 135 2205697 26096 130 2104137 25414 0
1459947873638767 133 2203616 25974 127 2102311 25111 0
1459947873640365 134 2202978 24531 128 2101907 23520 0
1459947873642200 135 2203670 23252 131 2105375 24879 0
1459947873644258 141 2203670 23252 135 2105375 24879 1
1459947873646091 137 2206868 24383 131 2108572 25882 0
1459947873648162 137 2209816 25196 131 2111519 26576 0
1459947873650087 137 2212534 25732 129 2111676 24644 0
1459947873651979 137 2215039 26031 130 2113101 24031 0
1459947873653701 137 2217349 26126 129 2113134 22184 0
1459947873655431 132 2213078 28020 127 2110605 22781 0
1459947873656979 131 2207861 30639 126 2106993 24329 0
1459947873658698 132 2204331 31498 126 2103664 25496 0
1459947873660684 139 2210037 34297 134 2110835 30115 0
1459947873662549 141 2210037 34297 134 2110835 30115 1
1459947873664248 135 2210177 31746 129 2111046 27956 0
1459947873665981 132 2206466 32685 128 2109960 26771 0
1459947873668004 138 2210725 34058 132 2114079 28476 0
1459947873669783 134 2209532 32496 128 2112756 27470 0
1459947873671474 134 2208432 30970 129 2112816 25379 0
1459947873673233 135 2208698 28795 130 2114152 24627 0
1459947873675125 136 2210223 27951 129 2114103 22747 0
