1459947871376344 133 2179072 0 132 2162688 0 0
1459947871378266 133 2179072 0 131 2161408 1180 0
1459947871380294 137 2184192 4720 134 2164068 3539 0
1459947871382352 138 2190192 9882 134 2166520 5522 0
1459947871384172 132 2188043 11089 127 2159820 11265 0
1459947871386051 130 2183502 14408 127 2153644 16077 0
1459947871387992 132 2181875 14780 129 2150510 17708 0
1459947871390001 136 2185496 16963 134 2154021 19561 0
1459947871391982 138 2191394 21074 136 2159818 23376 0
1459947871393558 123 2177631 32114 123 2148522 31962 0
1459947871395245 127 2170063 36581 125 2140668 36703 0
1459947871396780 125 2160526 42514 123 2130868 42869 0
1459947871398420 128 2155574 43756 126 2125673 44307 0
1459947871400355 133 2157409 42029 130 2126004 41150 0
1459947871402320 132 2157821 39125 131 2127589 39397 0
1459947871404166 131 2156921 36897 129 2126491 37331 0
1459947871405887 124 2147131 43038 121 2115238 44786 0
1459947871407975 136 2153466 45515 133 2120225 45884 0
1459947871409901 132 2154186 42623 130 2120982 42997 0
1459947871411812 137 2161250 45805 131 2122960 41460 0
1459947871413551 135 2165202 45869 131 2124783 39901 0
1459947871415172 129 2161165 46006 125 2118784 42313 0
1459947871417012 131 2160003 43481 128 2117094 40564 0
1459947871418876 133 2161492 41457 131 2119376 39497 0
1459947871421156 146 2179505 54824 141 2134279 50150 0
1459947871423138 135 2182031 52868 134 2139058 50638 0
1459947871425176 136 2185639 52063 134 2143464 50742 0
1459947871427157 135 2187685 49882 131 2143685 46981 0
1459947871428607 108 2155012 76104 106 2111889 72621 0
1459947871430296 134 2158171 73070 131 2114577 69425 0
1459947871431910 129 2154683 70575 124 2108095 69975 0
1459947871433688 133 2156588 66817 129 2108520 64899 0
1459947871435711 136 2162184 66755 134 2115311 66089 0
1459947871437517 134 2164783 63935 131 2117732 63157 0
1459947871439396 140 2174859 68229 137 2127644 67359 0
1459947871441128 132 2173908 63774 128 2125261 64292 0
1459947871442747 127 2166631 65499 124 2117944 66013 0
1459947871444403 130 2163762 63024 129 2117599 61172 0
1459947871446366 134 2166238 60382 132 2121121 59639 0
1459947871448603 137 2172360 61308 133 2125648 59152 0
1459947871450471 131 2170324 58394 129 2124701 55402 0
1459947871452274 132 2169727 54380 130 2125108 51448 0
1459947871454055 129 2165337 54177 131 2126763 48954 0
1459947871455666 129 2161290 53674 127 2123169 48441 0
1459947871457601 137 2167799 55480 134 2128816 49862 0
1459947871459276 133 2168679 51956 132 2131462 48405 0
1459947871460760 128 2163090 53047 124 2123661 51814 0
1459947871462294 126 2155378 56010 121 2112629 57935 0
1459947871463956 130 2153389 53467 129 2112699 53473 0
1459947871465542 129 2150275 52159 126 2108924 52774 0
1459947871467393 133 2152524 50158 128 2108004 49498 0
1459947871469327 138 2160998 54051 136 2117396 54288 0
1459947871471359 137 2167530 55849 134 2123494 55668 0
1459947871473221 134 2169711 53496 132 2126556 54140 0
1459947871475108 134 2171722 51170 129 2125538 50847 0
1459947871477014 132 2171016 47822 129 2124600 47738 0
1459947871479016 134 2172925 45845 132 2127575 46751 0
1459947871480965 130 2169565 45360 128 2125198 45289 0
1459947871482946 135 2172867 44860 133 2129406 45630 0
1459947871484796 132 2172071 42088 130 2129446 42102 0
1459947871486678 131 2170057 40654 128 2126923 41137 0
1459947871488558 135 2173321 40486 135 2133557 44038 0
1459947871490304 132 2172490 38088 131 2134552 41515 0
1459947871492114 134 2174284 36766 133 2138030 41477 0
1459947871494041 135 2177218 36597 131 2138676 38831 0
1459947871496059 138 2183762 39770 136 2145671 42246 0
1459947871497684 129 2178275 41719 126 2139320 44799 0
1459947871499419 134 2179617 39696 131 2139865 41802 0
1459947871501129 128 2173174 42533 125 2132688 45152 0
1459947871502906 133 2173634 39634 130 2132471 41823 0
1459947871504786 133 2174058 36928 131 2133551 39551 0
1459947871506673 133 2174449 34404 129 2131987 37902 0
1459947871508509 131 2172250 33743 131 2133105 35971 0
1459947871510373 133 2172782 31597 131 2134136 34110 0
1459947871512490 137 2178393 34301 134 2138926 35861 0
1459947871514474 132 2177166 32752 125 2131822 39607 0
1459947871516407 131 2174754 32415 131 2132953 37555 0
1459947871518486 133 2175091 30193 131 2133996 35582 0
1459947871520335 132 2174122 28727 127 2129837 36635 0
1459947871522218 133 2174508 26838 130 2129843 33778 0
1459947871524164 135 2177424 27429 131 2131129 32324 0
1459947871525834 125 2167312 34607 125 2124634 35785 0
1459947871527474 132 2166950 32235 130 2125046 33369 0
1459947871529214 131 2165337 31202 128 2122866 32770 0
1459947871531110 132 2165130 28954 130 2123417 30717 0
1459947871532923 132 2164939 26866 130 2123925 28785 0
1459947871534812 139 2173723 32864 135 2130793 32867 0
1459947871536964 140 2183100 38941 137 2139684 38496 0
1459947871538638 128 2176385 42088 126 2133801 40911 0
1459947871540506 130 2172754 42145 131 2134777 38614 0
1459947871542473 134 2174527 40487 131 2135677 36427 0
1459947871544493 135 2177442 40010 133 2139067 36706 0
1459947871546624 137 2182689 41721 134 2143472 37899 0
1459947871548415 129 2177286 43441 125 2136013 41814 0
1459947871550326 133 2177425 40175 132 2138096 40468 0
1459947871552352 135 2180113 39514 134 2142577 41437 0
1459947871554374 138 2186431 42251 135 2147988 43187 0
1459947871556502 137 2190976 43140 134 2151696 43231 0
1459947871558641 137 2195166 43631 134 2155114 43004 0
1459947871560418 128 2187508 47281 125 2146745 47358 0
1459947871562225 129 2181728 48914 125 2139030 50769 0
1459947871564032 130 2177680 48823 127 2134478 50998 0
1459947871565701 127 2170108 51987 125 2127721 53241 0
1459947871567790 134 2172088 49750 133 2131732 52779 0
1459947871569951 135 2175193 48726 134 2136710 53244 0
1459947871571534 128 2169096 50539 126 2131059 54292 0
1459947871573194 129 2164755 50591 127 2127130 53672 0
1459947871574827 124 2154353 56226 123 2118387 57536 0
1459947871576351 127 2148604 57132 121 2107768 62830 0
1459947871578084 130 2147144 54013 124 2101818 63405 0
1459947871580138 135 2152198 54452 132 2106573 62834 0
1459947871582251 134 2155577 53312 129 2107116 58426 0
1459947871584357 137 2162532 55559 135 2115297 61403 0
1459947871586302 134 2165104 53589 131 2117719 58838 0
1459947871588309 136 2170035 53948 133 2122512 58659 0
1459947871590236 135 2173301 52743 132 2125650 56969 0
1459947871592171 138 2180151 54937 136 2133663 59905 0
1459947871594157 138 2186466 56467 137 2142330 63214 0
1459947871596154 135 2188448 53882 134 2146480 62101 0
1459947871598138 133 2187715 50347 129 2143906 59621 0
1459947871599938 131 2184479 49395 130 2142813 55970 0
1459947871601948 135 2186616 47506 131 2143085 51848 0
1459947871603961 132 2184746 45517 129 2140776 49925 0
1459947871605727 129 2179182 47088 126 2134807 51525 0
1459947871607653 132 2177893 44596 130 2134425 47850 0
1459947871609326 130 2174145 44566 127 2130233 47975 0
1459947871611300 138 2180929 47338 133 2134048 47743 0
1459947871613082 131 2178223 46132 131 2135005 44895 0
1459947871615088 134 2179569 43768 133 2138447 44560 0
1459947871617048 135 2182090 42672 134 2142900 45183 0
1459947871618984 137 2186974 43840 135 2148285 46618 0
1459947871620653 124 2186974 43840 121 2148285 46618 1
1459947871622530 131 2183796 43344 127 2143010 47837 0
1459947871624323 133 2183426 40297 131 2143267 44336 0
1459947871626447 139 2190765 43914 137 2151184 48170 0
1459947871628508 137 2194971 44360 135 2155922 48774 0
1459947871630267 129 2188608 46759 125 2147490 52735 0
1459947871632100 134 2189143 43598 131 2147397 48700 0
1459947871634111 135 2190916 41825 133 2149871 47176 0
1459947871636151 132 2188710 40589 131 2149592 43746 0
1459947871638178 137 2193077 41442 135 2154455 44811 0
1459947871639891 132 2190702 40392 129 2151258 44257 0
1459947871641526 130 2185953 41613 128 2147030 44695 0
1459947871643014 126 2176455 47116 123 2136733 50695 0
1459947871644540 129 2171539 47966 127 2132360 50764 0
1459947871646597 133 2172127 44760 130 2132169 46973 0
1459947871648228 127 2164989 47842 125 2125593 49364 0
1459947871650078 136 2169929 48658 132 2128491 48178 0
1459947871651782 129 2165523 48917 126 2123482 49031 0
1459947871653771 134 2167861 47250 133 2127824 49203 0
1459947871655515 129 2163616 47470 128 2125427 47567 0
1459947871657238 131 2162263 45007 129 2124498 44706 0
1459947871659051 133 2163576 42700 131 2126201 42783 0
1459947871660944 135 2167346 42840 131 2127771 40887 0
1459947871662632 129 2163142 43368 128 2125378 39897 0
1459947871664425 133 2164386 41126 131 2127012 38287 0
1459947871666139 128 2159133 42755 125 2120839 40985 0
1459947871667972 131 2158130 40337 126 2116428 41848 0
1459947871669810 135 2162326 41053 131 2118762 40729 0
1459947871671482 131 2161074 38998 127 2115793 40283 0
1459947871673445 136 2166320 40787 133 2120736 41692 0
1459947871675675 137 2172436 43238 134 2126573 43815 0
1459947871677448 130 2169114 42922 125 2120434 46049 0
1459947871679415 134 2171171 41465 133 2125015 46674 0
1459947871681420 133 2171788 38794 130 2125398 43380 0
1459947871683228 128 2165957 41138 127 2121911 43204 0
1459947871685168 135 2169541 41228 132 2125096 42764 0
1459947871686865 135 2172845 41053 133 2129312 43310 0
1459947871688925 142 2172845 41053 140 2129312 43310 1
1459947871690844 131 2170771 39756 127 2125519 43422 0
1459947871692681 135 2173979 39607 132 2128422 42706 0
1459947871694511 133 2174376 36878 131 2129819 40656 0
1459947871696341 133 2174742 34334 131 2131106 38666 0
1459947871698249 128 2168680 37239 128 2128453 38090 0
1459947871700298 135 2172051 37437 131 2129847 36399 0
1459947871702364 137 2177719 39737 133 2133692 37100 0
1459947871704389 136 2181664 40269 134 2138517 38649 0
1459947871706462 138 2187861 42835 134 2142965 39729 0
1459947871708528 139 2194854 45935 136 2149625 42765 0
1459947871710617 137 2198741 45929 135 2154485 43903 0
1459947871712482 135 2199764 43283 133 2156405 42243 0
1459947871714551 137 2203267 43130 135 2160735 42934 0
1459947871716567 135 2203936 40377 133 2162167 40899 0
1459947871718328 131 2199433 41372 128 2157087 42385 0
1459947871720227 129 2192722 44325 128 2152404 43389 0
1459947871721915 127 2183975 48925 125 2144247 47518 0
1459947871723758 136 2187431 48288 135 2149527 48673 0
1459947871725660 132 2185497 46296 129 2146715 47462 0
1459947871727442 134 2186275 43396 131 2146682 43783 0
1459947871729409 129 2180592 45243 126 2140252 46289 0
1459947871731214 129 2175353 46537 126 2134324 48136 0
1459947871733150 134 2176923 44348 131 2135259 45237 0
1459947871734845 126 2176923 44348 122 2135259 45237 1
1459947871736569 127 2169410 47808 126 2129721 46806 0
1459947871738553 131 2167604 45737 131 2131016 44343 0
1459947871740592 137 2173619 47709 136 2138610 47879 0
1459947871742499 132 2172765 44768 129 2136651 45943 0
1459947871744095 127 2165577 47895 126 2131005 47557 0
1459947871745801 132 2165351 44361 130 2130920 43919 0
1459947871747519 132 2165142 41086 127 2127001 44098 0
1459947871749599 139 2173910 45959 136 2134909 47942 0
1459947871751465 136 2178153 46279 133 2138359 47376 0
1459947871753278 137 2183344 47449 134 2142819 47786 0
1459947871755290 134 2184290 44614 130 2141811 44980 0
1459947871757000 130 2180042 45043 126 2135762 47041 0
1459947871758648 132 2178686 42773 130 2135305 43785 0
1459947871760255 126 2169756 47663 123 2125924 49011 0
1459947871762044 130 2166643 46807 129 2124956 46074 0
1459947871763920 133 2167614 44045 131 2126623 44011 0
1459947871766163 143 2167614 44045 140 2126623 44011 1
1459947871768027 135 2171069 43788 133 2130720 44349 0
1459947871770062 138 2178094 46843 133 2134497 44366 0
1459947871771924 134 2179450 44433 127 2130299 44768 0
1459947871773825 137 2184540 45653 136 2137949 48322 0
1459947871775255 121 2184540 45653 119 2137949 48322 1
1459947871777104 131 2181552 44839 129 2136041 46304 0
1459947871778722 129 2176238 46233 129 2134282 44306 0
1459947871780520 129 2171339 47136 127 2130101 44698 0
1459947871782472 132 2170663 44076 131 2131366 42372 0
1459947871784422 136 2175159 44777 134 2136373 43676 0
1459947871786556 136 2179304 45099 133 2139708 43338 0
1459947871788511 135 2181845 43918 132 2141503 41607 0
1459947871790427 136 2185468 43826 132 2143158 39881 0
1459947871792399 137 2190088 44661 134 2147243 40531 0
1459947871794415 136 2193067 43917 133 2149729 39656 0
1459947871796612 136 2195813 43017 130 2148181 37983 0
1459947871798588 131 2191945 43221 129 2145474 37510 0
1459947871800664 138 2197339 44816 137 2153218 41718 0
1459947871802599 133 2195911 42629 130 2151397 40135 0
1459947871804443 134 2195875 39330 132 2152279 37812 0
1459947871806243 128 2188162 43367 129 2149252 37647 0
1459947871807822 126 2188162 43367 123 2149252 37647 1
1459947871809705 133 2187451 40632 130 2147741 36097 0
1459947871811693 139 2194476 43933 133 2150188 35532 0
1459947871813491 136 2197112 42930 133 2152444 34836 0
1459947871815412 137 2200822 42996 133 2154524 34031 0
1459947871817194 132 2197842 42382 130 2152601 33143 0
1459947871819029 134 2197655 39241 131 2152109 31006 0
1459947871821179 134 2197483 36333 132 2152935 29344 0
1459947871823323 140 2205004 40428 137 2160096 33653 0
1459947871825165 137 2208098 40121 133 2161578 32389 0
1459947871827021 134 2207110 37896 131 2160384 30958 0
1459947871828871 130 2201079 40494 127 2154164 34273 0
1459947871830888 134 2200639 37734 130 2152269 33341 0
1459947871832525 129 2193834 41059 127 2146682 35885 0
1459947871834300 132 2191400 40094 128 2142812 36648 0
1459947871836034 131 2187876 40208 130 2141804 34712 0
1459947871837920 135 2189748 38791 133 2144715 34684 0
1459947871839663 130 2185073 40068 129 2142279 34219 0
1459947871841476 130 2180764 40909 126 2136193 37155 0
1459947871843305 133 2180631 37833 132 2138262 36160 0
1459947871845402 134 2181789 35944 132 2140170 35094 0
1459947871847386 134 2182856 34119 130 2139369 33090 0
1459947871849022 126 2182856 34119 120 2139369 33090 1
1459947871850801 129 2177440 36445 127 2134790 34724 0
1459947871852545 129 2172447 38199 127 2130569 35901 0
1459947871854242 133 2172964 35691 127 2126678 36682 0
1459947871856001 135 2176001 35701 128 2124371 35942 0
1459947871857807 136 2180080 36672 126 2119684 37454 0
1459947871859746 140 2180080 36672 132 2119684 37454 1
1459947871861528 141 2180080 36672 131 2119684 37454 1
1459947871863604 143 2180080 36672 136 2119684 37454 1
1459947871865333 132 2178721 35059 126 2115363 38509 0
1459947871867062 136 2182588 35885 127 2112660 37991 0
1459947871868965 137 2187433 37547 128 2111448 36138 0
1459947871870494 129 2187433 37547 122 2111448 36138 1
1459947871872162 133 2186779 35215 124 2105211 39063 0
1459947871874127 140 2186779 35215 132 2105211 39063 1
1459947871876009 140 2186779 35215 131 2105211 39063 1
1459947871877917 135 2188736 34268 128 2104581 36591 0
1459947871879697 134 2189261 32073 126 2101440 36627 0
1459947871881022 111 2189261 32073 102 2101440 36627 1
1459947871882584 138 2194864 34733 130 2103665 35816 0
1459947871884238 135 2196190 33241 128 2103156 33486 0
1459947871886080 137 2199972 34131 129 2103966 31616 0
1459947871887896 136 2202179 33498 130 2105993 31015 0
1459947871889373 126 2202179 33498 119 2105993 31015 1
1459947871891064 130 2196533 36084 124 2100182 33947 0
1459947871892589 128 2196533 36084 120 2100182 33947 1
1459947871894376 134 2196448 33341 127 2098665 32692 0
1459947871896141 135 2197650 31844 128 2098546 30245 0
1459947871897853 134 2197478 29513 126 2095877 30342 0
1459947871899797 138 2202440 31781 131 2099816 31602 0
1459947871901609 133 2200614 30980 126 2097047 31684 0
1459947871903130 128 2200614 30980 122 2097047 31684 1
1459947871904585 127 2200614 30980 122 2097047 31684 1
1459947871906391 135 2201491 29367 128 2097055 29215 0
1459947871908211 135 2202299 27817 128 2097062 26939 0
1459947871909946 131 2197924 29675 124 2091949 29547 0
1459947871911805 136 2200291 29538 129 2093635 28792 0
1459947871913877 139 2206313 32781 131 2097749 30335 0
1459947871915908 138 2210584 34157 130 2100262 30282 0
1459947871917802 135 2210682 31578 127 2098739 29319 0
1459947871919671 138 2214612 32733 131 2102455 30453 0
1459947871921591 141 2222075 37055 133 2108440 33591 0
1459947871923264 129 2222075 37055 120 2108440 33591 1
1459947871925005 133 2218715 37257 125 2103718 35318 0
1459947871926686 125 2218715 37257 118 2103718 35318 1
1459947871928375 131 2213057 39561 124 2098085 37750 0
1459947871930536 140 2219361 42282 131 2101852 38272 0
1459947871932662 139 2223893 43156 133 2107884 40843 0
1459947871934333 130 2223893 43156 121 2107884 40843 1
1459947871936163 136 2224231 40095 129 2108325 38059 0
1459947871938032 136 2224542 37249 131 2111292 37820 0
1459947871940053 143 2224542 37249 136 2111292 37820 1
1459947871941874 137 2226109 35783 131 2114027 37386 0
1459947871943714 137 2227554 34319 131 2116548 36789 0
1459947871945550 138 2230166 34045 131 2118872 36057 0
1459947871947299 136 2230014 31524 129 2118455 33624 0
1459947871948905 133 2226034 32729 125 2112950 36071 0
1459947871950887 140 2231325 35049 133 2118115 38014 0
1459947871952622 131 2224682 38433 124 2111357 41273 0
1459947871954460 138 2227518 38045 132 2115367 41744 0
1459947871956246 135 2226293 36201 127 2112663 40973 0
1459947871958290 144 2226293 36201 135 2112663 40973 1
1459947871960253 142 2234123 40591 134 2119131 43733 0
1459947871961946 133 2229822 41383 125 2113573 45438 0
1459947871963610 132 2224577 42984 127 2111010 44250 0
1459947871965275 133 2221021 42902 125 2106087 45330 0
1459947871967315 140 2226703 44788 131 2109228 44684 0
1459947871968920 130 2219141 48258 122 2100604 49142 0
1459947871970788 136 2219850 45141 129 2101614 46233 0
1459947871972424 133 2216664 44550 127 2099985 44122 0
1459947871974361 137 2218847 43081 131 2103603 44010 0
1459947871976270 141 2225979 46290 133 2109499 46006 0
1459947871978133 139 2229994 46374 130 2111094 43881 0
1459947871979930 138 2232415 44983 131 2113844 42987 0
1459947871981483 130 2224407 48849 123 2106139 46730 0
1459947871983321 134 2222145 47117 128 2105436 43726 0
1459947871985121 135 2221339 44177 128 2104788 40905 0
1459947871986797 136 2221876 41220 128 2104191 38258 0
1459947871988485 131 2215971 43441 123 2097241 41675 0
1459947871990089 133 2213088 42704 124 2092114 43145 0
1459947871991632 133 2210430 41816 125 2088667 42951 0
1459947871993374 137 2213100 41010 130 2091889 42566 0
1459947871995014 132 2209161 41436 124 2087180 43580 0
1459947871996914 141 2217050 45470 134 2095639 47973 0
1459947871998933 138 2220482 45081 132 2100877 49053 0
1459947872000643 132 2215966 45721 125 2096745 49028 0
1459947872002242 131 2210523 47166 123 2090376 51067 0
1459947872004089 134 2209345 44566 128 2090905 47565 0
1459947872005894 133 2206979 43264 126 2088833 45758 0
1459947872007529 133 2204798 41893 125 2085642 45123 0
1459947872009229 131 2200228 42832 125 2082701 44308 0
1459947872010790 132 2197295 42188 125 2079989 43345 0
1459947872012431 130 2192031 43744 125 2077489 42261 0
1459947872014281 131 2188458 43619 125 2075185 41082 0
1459947872016014 135 2190284 41895 129 2078181 40634 0
1459947872017805 136 2193248 41353 130 2082223 41185 0
1459947872019438 131 2189580 41502 125 2079549 40431 0
1459947872021304 135 2191319 39862 125 2077084 39544 0
1459947872023174 135 2192922 38224 128 2078651 37899 0
1459947872024867 134 2193119 35419 127 2078816 35090 0
1459947872026736 137 2197141 36359 131 2084088 37208 0
1459947872028646 134 2197009 33639 127 2083828 34540 0
1459947872030385 137 2200727 34438 128 2084868 32800 0
1459947872032134 137 2204155 34907 128 2085827 31121 0
1459947872033758 131 2199635 36345 123 2080311 33773 0
1459947872035428 136 2201868 35564 126 2079066 32281 0
1459947872037243 139 2207767 38223 131 2084318 34601 0
1459947872039061 137 2210645 37889 131 2089160 36361 0
1459947872040770 135 2210738 35014 130 2092344 36455 0
1459947872042571 138 2214664 35897 129 2093999 35132 0
1459947872044190 132 2210603 36835 127 2092965 33339 0
1459947872045905 134 2209419 35047 126 2090732 32792 0
1459947872047597 133 2207048 34493 124 2086113 34487 0
1459947872049344 135 2207422 32143 127 2085695 32176 0
1459947872051464 143 2207422 32143 135 2085695 32176 1
1459947872053475 136 2209047 31129 129 2087870 31667 0
1459947872055387 139 2214385 33618 134 2096275 36941 0
1459947872057281 139 2219306 35527 132 2101463 38837 0
1459947872059175 135 2218722 33288 129 2102406 36671 0
1459947872060846 131 2213064 35902 124 2096875 38904 0
1459947872062457 132 2209128 36725 126 2094336 38204 0
1459947872064273 131 2204219 38379 125 2090716 38556 0
1459947872066341 140 2211214 41828 131 2095058 39546 0
1459947872068093 138 2215102 42145 131 2099061 40146 0
1459947872070083 138 2218687 42157 132 2104031 41591 0
1459947872071880 135 2218152 39356 127 2102213 40016 0
1459947872073754 136 2218938 37006 129 2103097 37704 0
1459947872075608 140 2224783 39502 130 2105192 36689 0
1459947872077393 139 2228891 40202 130 2107123 35603 0
1459947872079159 136 2228838 37108 127 2105064 34719 0
1459947872080866 133 2224950 37792 126 2101885 34935 0
1459947872082633 139 2229045 38614 130 2104075 34224 0
1459947872084566 136 2228980 35656 127 2102254 33228 0
1459947872086412 139 2232760 36355 132 2106975 34984 0
1459947872088160 135 2231125 35020 127 2104927 34137 0
1459947872089943 134 2228338 34852 123 2097919 37929 0
1459947872091711 135 2227049 33317 126 2095299 37380 0
1459947872093630 139 2230980 34338 132 2100563 39312 0
1459947872095415 141 2237164 37356 135 2109256 44254 0
1459947872097355 139 2240305 37333 132 2113430 44644 0
1459947872099407 140 2244481 38265 133 2118558 45883 0
1459947872101322 135 2241930 37625 129 2118165 42659 0
1459947872103098 134 2238299 38032 126 2113963 43199 0
1459947872105207 139 2241351 37874 133 2119049 44513 0
1459947872107119 136 2240325 35860 128 2117338 42612 0
1459947872109014 137 2240659 33366 130 2118320 40188 0
1459947872111038 139 2243527 33403 132 2121786 40243 0
1459947872112846 141 2248731 35590 134 2127541 42404 0
1459947872114953 143 2256088 39592 133 2131566 42802 0
1459947872116748 135 2252631 39684 128 2128877 41936 0
1459947872118542 135 2249444 39520 127 2125118 42123 0
1459947872120327 133 2243946 41500 126 2120373 43206 0
1459947872121933 133 2238877 42929 125 2114718 45042 0
1459947872123520 134 2235484 42702 125 2109505 46328 0
1459947872125449 139 2238756 42382 132 2113659 46538 0
1459947872127376 138 2240493 40671 130 2114929 44073 0
1459947872129265 140 2244654 41329 133 2119940 45248 0
1459947872131350 140 2248490 41636 132 2123279 44791 0
1459947872133223 140 2252026 41643 131 2125077 42949 0
1459947872134997 139 2254006 40214 132 2128015 42301 0
1459947872136741 134 2249431 41288 127 2124323 42398 0
1459947872138895 140 2252894 41254 131 2126040 40668 0
1459947872140731 137 2252246 38627 132 2128903 40129 0
1459947872142388 136 2250369 37339 128 2126422 39279 0
1459947872144205 136 2248638 36015 129 2125415 37138 0
1459947872146098 141 2253443 37630 132 2128326 36920 0
1459947872147779 135 2250192 37686 128 2125890 36280 0
1459947872149319 131 2242075 42223 124 2118524 40234 0
1459947872151012 135 2239712 41101 127 2115574 39809 0
1459947872152855 136 2238814 38716 128 2114134 38024 0
1459947872154650 136 2237986 36453 130 2115367 36189 0
1459947872156363 136 2237223 34308 127 2112663 35852 0
1459947872158232 135 2235239 33455 128 2111451 34168 0
1459947872160187 136 2234690 31346 131 2114173 34008 0
1459947872162135 136 2234184 29362 130 2115403 32485 0
1459947872164099 139 2237558 30178 132 2119097 33352 0
1459947872165835 134 2234268 30852 128 2117382 32326 0
1459947872167638 132 2234268 30852 121 2117382 32326 1
1459947872169743 143 2234268 30852 136 2117382 32326 1
1459947872171867 143 2234268 30852 136 2117382 32326 1
1459947872173852 142 2241475 35085 134 2123481 35423 0
1459947872175846 137 2241719 32568 130 2123984 33118 0
1459947872177716 136 2240664 30994 130 2124447 30957 0
1459947872179363 134 2237132 31827 127 2121034 31683 0
1459947872181214 135 2235156 31161 128 2119168 30927 0
1459947872182909 137 2235894 29406 128 2117448 30095 0
1459947872184680 136 2235294 27660 129 2117142 28024 0
1459947872186441 135 2233461 27188 126 2113020 29633 0
1459947872188313 137 2234331 25865 131 2115620 29714 0
1459947872190048 136 2233853 24283 128 2114177 28722 0
1459947872191720 137 2234693 23159 127 2111566 28884 0
1459947872193515 138 2236747 23243 130 2112999 27948 0
1459947872195042 128 2236747 23243 121 2112999 27948 1
1459947872196967 137 2237361 21993 130 2114320 26982 0
1459947872198916 140 2241767 24335 134 2120658 30717 0
1459947872200988 140 2245828 26177 132 2123941 31344 0
1459947872202851 139 2248292 26403 131 2125688 30505 0
1459947872204763 138 2249284 25254 131 2127298 29605 0
1459947872206680 137 2248918 23617 128 2124942 29463 0
1459947872208327 129 2248918 23617 123 2124942 29463 1
1459947872210075 139 2251141 23820 131 2126610 28699 0
1459947872211911 139 2253190 23848 130 2126868 26694 0
1459947872213667 137 2252519 22602 132 2129666 27187 0
1459947872215474 135 2249340 23765 129 2128405 26224 0
1459947872217343 138 2250250 22747 131 2129803 25464 0
1459947872219054 132 2250250 22747 124 2129803 25464 1
1459947872220909 137 2249809 21375 130 2129812 23482 0
1459947872222661 137 2249402 20079 129 2128540 22819 0
1459947872224586 140 2252867 21704 132 2131207 23495 0
1459947872226489 137 2252221 20602 127 2127266 25291 0
1459947872228121 130 2252221 20602 123 2127266 25291 1
1459947872230145 140 2255466 21983 131 2128753 24686 0
1459947872232116 141 2259737 24203 133 2132684 26381 0
1459947872233954 137 2258555 23401 130 2132468 24518 0
1459947872235860 139 2260025 22927 131 2133548 23598 0
1459947872237608 138 2260100 21204 127 2129424 25555 0
1459947872239527 136 2257609 21842 130 2129462 23593 0
1459947872241515 136 2255313 22251 130 2129497 21782 0
1459947872243144 135 2251916 23642 127 2125690 23589 0
1459947872244754 135 2248785 24680 127 2122180 24981 0
1459947872246387 131 2248785 24680 123 2122180 24981 1
1459947872248258 139 2251018 24810 132 2125344 25946 0
1459947872250106 142 2251018 24810 134 2125344 25946 1
1459947872251723 130 2251018 24810 120 2125344 25946 1
1459947872253386 132 2251018 24810 124 2125344 25946 1
1459947872255354 139 2253077 24769 129 2124421 24768 0
1459947872257110 137 2252415 23442 128 2122290 24796 0
1459947872258769 133 2246685 26892 125 2116486 28208 0
1459947872260308 130 2246685 26892 123 2116486 28208 1
1459947872262153 136 2245242 26120 128 2114975 27396 0
1459947872263907 131 2245242 26120 124 2114975 27396 1
1459947872265559 132 2238792 30024 125 2109742 30078 0
1459947872266950 124 2238792 30024 115 2109742 30078 1
1459947872268660 135 2236686 29619 127 2107478 29814 0
1459947872270282 130 2236686 29619 122 2107478 29814 1
1459947872272027 136 2236024 27914 127 2105391 29407 0
1459947872273803 136 2235414 26294 126 2102187 30062 0
1459947872275663 134 2232292 27116 127 2100513 29255 0
1459947872277544 137 2233254 25884 131 2104090 30266 0
1459947872279256 135 2231581 25403 128 2103547 28400 0
1459947872280954 135 2230038 24839 128 2103047 26641 0
1459947872282763 135 2228616 24208 130 2105146 26494 0
1459947872284377 138 2231145 24647 130 2107081 26208 0
1459947872286272 138 2233476 24870 130 2108865 25804 0
1459947872288181 142 2233476 24870 133 2108865 25804 1
1459947872290028 136 2233065 23305 124 2102829 29351 0
1459947872291634 131 2226286 27732 123 2095985 33365 0
1459947872293132 133 2222597 28965 126 2093516 33033 0
1459947872295053 138 2225596 29467 131 2097640 34253 0
1459947872296821 137 2227081 28533 127 2096321 32791 0
1459947872298531 135 2225890 27400 128 2096385 30288 0
1459947872300251 137 2227352 26607 130 2099004 30336 0
1459947872301833 132 2222300 29185 124 2093739 32819 0
1459947872303707 137 2224042 28510 129 2095285 31680 0
1459947872305371 132 2219248 30700 125 2091590 32610 0
1459947872307312 141 2226349 34847 131 2095864 34002 0
1459947872309052 137 2227775 33439 130 2098524 33797 0
1459947872311064 137 2229090 32038 128 2098416 31254 0
1459947872312676 135 2227742 30777 126 2095757 31263 0
1459947872314307 132 2222659 33057 123 2089465 34619 0
1459947872316023 136 2223093 30874 130 2092625 34827 0
1459947872317645 135 2222213 29271 128 2092978 32432 0
1459947872319372 136 2222682 27416 129 2094584 31378 0
1459947872321308 137 2224394 26853 129 2096064 30291 0
1459947872322904 131 2224394 26853 122 2096064 30291 1
1459947872324446 126 2224394 26853 121 2096064 30291 1
1459947872326112 129 2224394 26853 121 2096064 30291 1
1459947872327996 139 2228533 28570 130 2098709 30362 0
1459947872329450 129 2228533 28570 120 2098709 30362 1
1459947872330771 122 2228533 28570 114 2098709 30362 1
1459947872332465 134 2225948 28719 125 2094747 31641 0
1459947872334243 135 2224845 27491 127 2093654 30175 0
1459947872335997 132 2219988 29819 125 2090087 31105 0
1459947872337626 132 2215511 31615 123 2084238 34065 0
1459947872339429 134 2213944 30589 128 2085246 32333 0
1459947872341370 139 2218899 32767 131 2090016 34203 0
1459947872343173 137 2220907 32058 131 2094413 35583 0
1459947872345127 142 2220907 32058 134 2094413 35583 1
1459947872346843 138 2224038 32440 130 2097186 35360 0
1459947872348525 131 2217965 35503 122 2089503 39679 0
1459947872350292 138 2221326 35827 128 2090100 37129 0
1459947872351829 131 2215464 38431 125 2086810 37260 0
1459947872353498 135 2215180 35688 128 2087617 35093 0
1459947872355035 130 2208519 39039 121 2079401 39924 0
1459947872356776 136 2210058 37408 128 2080787 38082 0
1459947872358716 136 2211477 35793 128 2082065 36284 0
1459947872360487 135 2211505 33022 128 2083243 34535 0
1459947872362308 138 2215371 34006 128 2084329 32837 0
1459947872364152 140 2221495 36994 133 2091730 37094 0
1459947872365826 132 2216900 38338 123 2085753 39705 0
1459947872367627 136 2217784 36157 126 2084083 38141 0
1459947872369471 140 2223719 38803 131 2088944 39642 0
1459947872371169 136 2224070 36095 129 2090865 38315 0
1459947872372734 133 2220554 36515 125 2087516 38408 0
1459947872374360 134 2218593 35469 125 2084428 38252 0
1459947872376106 131 2212945 37903 125 2081582 37886 0
1459947872377741 129 2205178 42100 124 2077678 38524 0
1459947872379481 135 2205698 39289 128 2079199 36916 0
1459947872381207 138 2210017 40201 130 2083161 37684 0
1459947872382849 127 2199919 46368 121 2075294 41991 0
1459947872384883 141 2208530 50683 134 2084681 47364 0
1459947872386728 136 2210068 48141 129 2086935 45741 0
1459947872388412 129 2202526 51331 124 2082613 46151 0
1459947872390062 134 2201973 47829 125 2079908 45037 0
1459947872391760 131 2197623 48101 122 2073575 47356 0
1459947872393369 135 2198733 45366 128 2075416 45354 0
1459947872395095 135 2199756 42765 129 2078394 44555 0
1459947872396753 134 2199420 39732 126 2077299 42082 0
1459947872398684 131 2195270 40452 125 2075010 40904 0
1459947872400761 136 2197844 39664 126 2074179 38473 0
1459947872402900 139 2204057 42293 131 2079813 40661 0
1459947872404745 136 2205945 40728 128 2081167 38732 0
1459947872406640 134 2205125 38301 126 2079855 36914 0
1459947872408461 137 2208209 38151 129 2082486 36455 0
1459947872410453 140 2214892 41331 133 2090031 40562 0
1459947872412426 138 2218493 41422 129 2091867 39085 0
1459947872414139 133 2215413 41024 126 2089719 38010 0
1459947872415946 128 2215413 41024 120 2089719 38010 1
1459947872417873 136 2216413 38741 129 2091579 36755 0
1459947872419574 134 2214775 37223 126 2089454 35841 0
1459947872421415 136 2215825 35282 130 2092615 35954 0
1459947872423192 141 2223193 39318 133 2099369 39371 0
1459947872424881 137 2224866 37788 131 2103035 39675 0
1459947872426822 136 2225128 35076 129 2103855 37331 0
1459947872428792 136 2225369 32558 131 2107171 37471 0
1459947872430780 139 2229432 33759 130 2108948 36181 0
1459947872432650 137 2230617 32214 131 2111866 36044 0
1459947872434038 120 2230617 32214 112 2111866 36044 1
1459947872435746 132 2225310 34589 125 2106876 37827 0
1459947872437674 137 2226817 33275 129 2107396 35350 0
1459947872439687 142 2234606 37856 132 2111715 36570 0
1459947872441615 143 2243067 42698 135 2119537 40923 0
1459947872443462 139 2245747 41833 132 2122908 40832 0
1459947872445204 134 2241818 42186 126 2118335 41856 0
1459947872447073 135 2239475 41048 126 2114120 42471 0
1459947872448711 135 2237316 39831 129 2114074 39194 0
1459947872450280 130 2228925 44453 123 2106351 43249 0
1459947872452089 138 2231430 43289 129 2106912 40387 0
1459947872453880 135 2229899 41317 128 2106149 37933 0
1459947872455902 138 2232328 40328 130 2108006 36681 0
1459947872457691 137 2233287 38061 129 2108438 34213 0
1459947872459452 137 2234171 35902 127 2106276 33532 0
1459947872461533 146 2234171 35902 137 2106276 33532 1
1459947872463186 132 2234171 35902 122 2106276 33532 1
1459947872464764 133 2229866 37065 125 2101723 35109 0
1459947872466270 126 2229866 37065 120 2101723 35109 1
1459947872467847 133 2225897 37827 124 2096245 37415 0
1459947872469781 140 2231198 39758 129 2097595 35736 0
1459947872471489 136 2230965 36865 129 2098840 34092 0
1459947872473119 131 2230965 36865 121 2098840 34092 1
1459947872474776 132 2225630 38901 124 2093588 36269 0
1459947872476454 131 2219432 41574 125 2090026 36718 0
1459947872478536 138 2222678 41319 130 2093142 36722 0
1459947872480419 140 2228231 43209 131 2097295 37681 0
1459947872482028 135 2226950 41013 126 2094723 37107 0
1459947872483643 135 2225769 38896 128 2094912 34383 0
1459947872485419 136 2225960 36033 129 2096367 33037 0
1459947872487162 137 2227416 34560 128 2096428 30511 0
1459947872488942 137 2228759 33098 131 2100324 31719 0
1459947872490687 133 2224877 34090 127 2098796 30648 0
1459947872492540 140 2230258 36387 131 2102507 31674 0
1459947872494390 139 2233939 36937 132 2107208 33533 0
1459947872496188 135 2232212 35642 128 2106422 31637 0
1459947872498006 135 2230620 34324 127 2104417 31012 0
1459947872499927 141 2236832 37369 135 2112809 36325 0
1459947872501876 141 2242559 39729 131 2115425 35899 0
1459947872503721 139 2245279 39132 132 2119117 36497 0
1459947872505660 140 2249066 39565 133 2123800 37963 0
1459947872507637 137 2248717 36794 129 2122998 35736 0
1459947872509610 136 2247115 35394 129 2122258 33625 0
1459947872511130 129 2247115 35394 120 2122258 33625 1
1459947872512529 127 2247115 35394 119 2122258 33625 1
1459947872513910 122 2247115 35394 116 2122258 33625 1
1459947872515577 130 2247115 35394 122 2122258 33625 1
1459947872517414 137 2246919 32808 130 2122856 31549 0
1459947872519236 137 2246738 30410 130 2123407 29592 0
1459947872521031 136 2245291 29367 130 2123915 27749 0
1459947872522467 134 2241397 30661 125 2117984 31048 0
1459947872524190 134 2237807 31573 125 2112516 33662 0
1459947872525782 134 2234498 32156 126 2108755 34498 0
1459947872527426 132 2228887 34814 124 2102728 37357 0
1459947872528911 128 2228887 34814 121 2102728 37357 1
1459947872530550 131 2222435 38041 123 2095892 40739 0
1459947872532008 121 2222435 38041 116 2095892 40739 1
1459947872533632 127 2211367 45272 122 2088310 44545 0
1459947872535511 137 2213963 44129 132 2094120 46420 0
1459947872537419 139 2218917 45248 132 2099476 47731 0
1459947872539510 140 2224764 47103 133 2105694 49734 0
1459947872541285 133 2221194 46713 125 2101186 50003 0
1459947872543162 137 2223023 44749 132 2105990 50525 0
1459947872544951 137 2224709 42806 131 2109139 49480 0
1459947872546737 135 2223703 40387 128 2108202 46477 0
1459947872548436 136 2224056 37556 127 2106058 44820 0
1459947872550249 140 2229501 39641 132 2110482 45396 0
1459947872552270 141 2235801 42352 133 2115840 46789 0
1459947872553784 123 2235801 42352 116 2115840 46789 1
1459947872555559 137 2236489 39677 129 2115660 43298 0
1459947872557074 128 2236489 39677 120 2115660 43298 1
1459947872558892 136 2235843 37172 129 2115494 40067 0
1459947872560451 135 2233967 35995 126 2111501 40617 0
1459947872562246 136 2233518 33595 126 2107819 40836 0
1459947872563922 133 2229264 34891 126 2104425 40773 0
1459947872565878 138 2231742 34450 130 2106416 39423 0
1459947872567664 135 2230187 33191 128 2105692 37010 0
1459947872569391 132 2224913 35458 123 2098624 40633 0
1459947872570972 135 2223891 33628 124 2093389 42284 0
1459947872572768 138 2226789 33672 129 2094962 40431 0
1459947872574373 131 2220501 36837 122 2087453 44194 0
1459947872576074 136 2221104 34515 128 2088210 41439 0
1459947872577852 134 2219100 33665 124 2083788 42276 0
1459947872579659 137 2221092 32871 128 2084832 39935 0
1459947872581507 132 2216529 34508 124 2080674 40647 0
1459947872583159 135 2216162 32149 128 2081961 38657 0
1459947872584782 132 2211984 33488 123 2076747 40441 0
1459947872586441 133 2209412 33241 128 2078341 38750 0
1459947872588561 139 2214721 35538 133 2086210 42976 0
1459947872590363 136 2215775 33733 128 2087064 40406 0
1459947872592199 138 2219307 34353 132 2092972 42695 0
1459947872593747 132 2214883 35746 125 2089458 42597 0
1459947872595471 135 2214645 33172 128 2090059 39823 0
1459947872597138 128 2205465 39041 121 2081653 44460 0
1459947872599049 142 2205465 39041 134 2081653 44460 1
1459947872600892 135 2205963 36449 130 2085423 44462 0
1459947872602605 130 2205963 36449 119 2085423 44462 1
1459947872604353 134 2205142 34357 127 2085059 41323 0
1459947872606058 130 2199265 37089 123 2079603 43122 0
1459947872607835 134 2198967 34465 129 2082254 42196 0
1459947872609795 137 2202532 35059 129 2084697 41152 0
1459947872611790 138 2207099 36530 132 2090790 43554 0
1459947872613733 139 2212589 38737 131 2095127 44149 0
1459947872615138 125 2212589 38737 118 2095127 44149 1
1459947872616640 124 2212589 38737 118 2095127 44149 1
1459947872618399 139 2217650 40376 132 2100405 45564 0
1459947872620175 134 2215916 38819 126 2097590 44598 0
1459947872622035 135 2215597 36079 127 2096275 42324 0
1459947872624030 138 2219143 36529 132 2101463 43800 0
1459947872626014 135 2218572 34200 127 2099846 41868 0
1459947872628037 135 2218046 32012 129 2100915 39583 0
1459947872629727 133 2215001 32317 126 2098061 39121 0
1459947872631270 129 2215001 32317 120 2098061 39121 1
1459947872633218 140 2221154 35464 131 2101829 39538 0
1459947872635174 138 2224266 35562 129 2102743 37292 0
1459947872637398 147 2224266 35562 141 2102743 37292 1
1459947872639269 139 2228415 36608 131 2106146 37515 0
1459947872641157 137 2229680 34914 128 2105443 35231 0
1459947872642873 132 2224446 37010 123 2098395 38975 0
1459947872644564 133 2220901 37385 125 2094457 39559 0
1459947872646269 135 2220193 35116 129 2095947 37842 0
1459947872647845 131 2214420 37693 123 2089641 40698 0
1459947872649680 138 2218058 38102 130 2092787 40419 0
1459947872651237 133 2215012 37932 125 2089288 40486 0
1459947872652903 135 2214764 35196 128 2089902 37889 0
1459947872654600 133 2211975 35016 124 2085348 39125 0
1459947872656570 142 2211975 35016 135 2085348 39125 1
1459947872658354 134 2210684 33469 126 2083710 37577 0
1459947872660275 139 2215894 35657 131 2088600 39149 0
1459947872662013 130 2209177 39062 124 2084148 40194 0
1459947872663713 133 2206825 38178 124 2080043 40836 0
1459947872665382 132 2203376 38373 127 2080099 37697 0
1459947872667102 137 2206597 38344 129 2082711 37159 0
1459947872668952 131 2201886 39690 124 2078719 37934 0
1459947872670908 136 2203943 38485 128 2080159 36297 0
1459947872672841 138 2208399 39586 132 2086606 39404 0
1459947872674900 145 2208399 39586 138 2086606 39404 1
1459947872677062 141 2216347 43820 132 2092549 41804 0
1459947872678920 134 2214714 41900 127 2091628 39386 0
1459947872680805 132 2210649 42372 121 2083099 44170 0
1459947872682641 137 2213302 41506 129 2085476 42911 0
1459947872684450 135 2213187 38368 128 2086388 40398 0
1459947872686282 136 2214361 36453 129 2088508 39196 0
1459947872687666 122 2214361 36453 116 2088508 39196 1
1459947872689220 127 2214361 36453 119 2088508 39196 1
1459947872690727 125 2214361 36453 117 2088508 39196 1
1459947872692352 135 2214164 33786 129 2090463 37935 0
1459947872694085 141 2221662 38058 133 2097385 41352 0
1459947872695985 141 2228574 41456 136 2107606 47544 0
1459947872697673 136 2228546 38242 128 2106789 44581 0
1459947872699251 133 2224680 38817 126 2103476 44152 0
1459947872700949 132 2219836 40248 123 2096581 47057 0
1459947872702577 129 2211531 44758 122 2088945 50418 0
1459947872704388 135 2211555 41283 128 2089586 47070 0
1459947872706148 138 2215417 41617 130 2092737 46296 0
1459947872707679 132 2211297 42162 125 2089241 45900 0
1459947872709304 135 2211339 38907 127 2088579 42924 0
1459947872711282 137 2213938 38263 130 2091808 42547 0
1459947872712943 133 2211214 37784 127 2090945 40018 0
1459947872714899 139 2216382 39597 132 2096549 42058 0
1459947872716761 136 2217307 37355 126 2094036 41088 0
1459947872718689 139 2221999 38762 132 2099399 42822 0
1459947872720395 138 2225045 38541 130 2101783 41674 0
1459947872722037 132 2220173 40020 128 2101421 38751 0
1459947872723769 131 2214401 42213 123 2094687 41930 0
1459947872725472 129 2206520 46179 122 2087199 45556 0
1459947872727096 130 2200535 48087 123 2081576 47179 0
1459947872728764 132 2197578 47055 125 2078952 45911 0
1459947872730491 137 2201252 46765 128 2080373 43634 0
1459947872732246 141 2209759 50953 132 2086803 46153 0
1459947872734014 138 2213761 50661 130 2090171 45652 0
1459947872735979 138 2217450 50104 129 2091996 43767 0
1459947872737927 138 2220851 49325 128 2092398 40718 0
1459947872739459 118 2220851 49325 113 2092398 40718 1
1459947872740790 96 2220851 49325 92 2092398 40718 1
1459947872742072 94 2220851 49325 88 2092398 40718 1
1459947872743275 105 2220851 49325 99 2092398 40718 1
1459947872744952 138 2223987 48362 130 2095329 40238 0
1459947872746538 137 2225598 46068 128 2095471 37225 0
1459947872748116 133 2221963 45818 125 2091762 37734 0
1459947872749836 136 2222452 42688 129 2093463 36354 0
1459947872751585 136 2222902 39768 124 2088631 37967 0
1459947872753385 138 2225877 39404 128 2089296 35613 0
1459947872755236 135 2224780 37335 127 2088629 33444 0
1459947872757136 134 2222489 36529 128 2089294 31444 0
1459947872758770 129 2213977 41521 123 2083507 34320 0
1459947872760516 131 2208690 43150 123 2078173 36555 0
1459947872762188 132 2205096 43091 122 2071975 39412 0
1459947872763932 137 2208182 42569 131 2077781 41685 0
1459947872765641 133 2205907 41339 124 2074174 41752 0
1459947872767380 133 2203810 40041 126 2073409 39195 0
1459947872769179 137 2206997 39850 129 2076543 39022 0
1459947872770770 129 2199695 43467 121 2069193 42748 0
1459947872772486 138 2204483 44485 131 2075217 44961 0
1459947872774123 136 2206337 42718 128 2076930 43027 0
1459947872776035 139 2211886 44496 128 2078509 41121 0
1459947872777696 132 2208042 44562 124 2074845 41285 0
1459947872779469 134 2207058 41986 127 2075307 38485 0
1459947872781192 135 2207431 39049 126 2074453 36264 0
1459947872783025 138 2211615 39855 130 2078786 37424 0
1459947872784907 138 2215472 40297 131 2084060 39362 0
1459947872786737 136 2216468 38066 129 2086362 38408 0
1459947872788527 134 2214826 36605 127 2085924 35809 0
1459947872790652 143 2214826 36605 134 2085924 35809 1
1459947872792446 139 2219712 38250 131 2090641 37359 0
1459947872794261 137 2221657 37054 128 2091149 34908 0
1459947872795995 134 2219610 36046 124 2086497 36467 0
1459947872797990 135 2219002 33788 128 2087329 34385 0
1459947872799832 140 2224842 36532 129 2089376 33585 0
1459947872801604 133 2221266 36973 126 2087423 32760 0
1459947872803313 132 2216689 38302 126 2085623 31859 0
1459947872805029 137 2218870 37319 129 2087803 31380 0
1459947872806957 139 2223440 38616 131 2092373 33141 0
1459947872808591 137 2225093 37123 131 2096586 34435 0
1459947872810641 143 2225093 37123 134 2096586 34435 1
1459947872812458 138 2227897 36807 129 2097910 32964 0
1459947872814175 133 2224082 37447 126 2095290 32802 0
1459947872815769 128 2224082 37447 119 2095290 32802 1
1459947872817530 135 2223125 35402 126 2092875 32464 0
1459947872819349 137 2224803 34183 128 2093209 30235 0
1459947872820997 136 2225070 31758 126 2090957 29948 0
1459947872822885 137 2226596 30683 130 2094000 30414 0
1459947872824680 135 2225443 29347 127 2092966 28989 0
1459947872826604 140 2230780 31974 131 2097133 30565 0
1459947872828367 134 2228020 32020 127 2095854 29355 0
1459947872830080 139 2231875 33072 130 2098515 29514 0
1459947872831591 133 2227749 34290 124 2093288 32026 0
1459947872833295 135 2226506 32756 128 2093589 29801 0
1459947872835187 139 2230480 33859 129 2095147 28908 0
1459947872836998 135 2229023 32555 129 2096583 27973 0
1459947872838769 135 2227680 31248 129 2097907 27008 0
1459947872840702 139 2231562 32385 130 2100408 27203 0
1459947872842500 136 2231301 30094 128 2100153 25311 0
1459947872844335 134 2228500 30323 128 2099918 23549 0
1459947872846161 138 2231038 30294 129 2100981 22689 0
1459947872847923 134 2228258 30489 125 2096841 24731 0
1459947872849805 139 2232095 31644 131 2100705 26360 0
1459947872851496 138 2234352 31252 131 2104267 27584 0
1459947872853311 136 2233873 29251 127 2102431 27121 0
1459947872855079 137 2234711 27738 127 2100738 26562 0
1459947872857019 138 2236764 27462 131 2104297 27767 0
1459947872858707 131 2229696 31831 125 2099898 29651 0
1459947872860339 136 2229581 29450 129 2100963 28316 0
1459947872862274 139 2233314 30591 131 2104505 29368 0
1459947872863928 136 2232916 28567 127 2102650 28782 0
1459947872865590 134 2229989 29032 129 2103500 27317 0
1459947872867602 142 2229989 29032 134 2103500 27317 1
1459947872869769 146 2229989 29032 138 2103500 27317 1
1459947872871573 137 2231131 27815 129 2104284 25904 0
1459947872873155 129 2231131 27815 121 2104284 25904 1
1459947872875045 135 2229623 27030 128 2103726 24393 0
1459947872876732 135 2228233 26198 125 2099372 26500 0
1459947872878707 137 2229512 25330 129 2100478 25449 0
1459947872880492 136 2229411 23443 127 2098938 24879 0
1459947872882427 140 2234438 26245 133 2105198 28706 0
1459947872884304 138 2236512 26106 130 2107129 28243 0
1459947872886044 134 2233304 27022 125 2102509 30294 0
1459947872887803 136 2232907 25275 124 2096970 33032 0
1459947872889458 136 2232541 23637 128 2096984 30464 0
1459947872891515 140 2237323 26199 132 2102117 32816 0
1459947872893490 139 2240452 27036 130 2104289 32254 0
1459947872895319 140 2244616 28762 133 2110131 35120 0
1459947872897260 141 2249735 31233 132 2114237 36161 0
1459947872898905 132 2242934 35061 125 2109062 38105 0
1459947872900641 136 2241784 33380 127 2106851 37165 0
1459947872902435 138 2243284 32155 131 2109933 37102 0
1459947872904230 138 2244667 30917 130 2111494 35642 0
1459947872906131 138 2245942 29676 129 2111653 33004 0
1459947872908022 140 2249677 30800 133 2116920 35280 0
1459947872909608 136 2248000 29938 127 2114095 35126 0
1459947872911347 135 2245175 30203 127 2111491 34781 0
1459947872913196 142 2251530 33702 135 2119330 39290 0
1459947872915215 140 2254829 34110 131 2121437 38162 0
1459947872917291 140 2257870 34248 133 2125939 39331 0
1459947872919011 136 2255553 33707 128 2123690 38331 0
1459947872920571 129 2244457 41301 123 2115216 43147 0
1459947872922459 135 2241908 40423 130 2116364 40835 0
1459947872924423 139 2244678 39818 131 2118703 39800 0
1459947872926211 138 2245952 37882 132 2122139 39857 0
1459947872928196 140 2249687 38365 131 2124026 38483 0
1459947872930039 138 2250570 36181 131 2125766 37080 0
1459947872932010 137 2250104 33783 126 2120970 38603 0
1459947872933798 133 2244554 36258 128 2119109 37302 0
1459947872935585 133 2239438 38141 124 2112273 40688 0
1459947872937238 130 2239438 38141 119 2112273 40688 1
1459947872938879 132 2233441 40688 123 2104691 44497 0
1459947872940563 133 2229193 41424 125 2100262 45102 0
1459947872942413 135 2227837 39436 126 2097459 44161 0
1459947872944244 137 2229147 37562 130 2099995 43047 0
1459947872946032 139 2232914 38100 132 2104892 44198 0
1459947872947732 133 2228707 39000 125 2100447 44842 0
1459947872949498 136 2228669 35987 128 2100189 41575 0
1459947872951020 132 2223514 37927 123 2093551 44444 0
1459947872952691 131 2217481 40523 126 2091272 43071 0
1459947872954515 136 2218320 38130 130 2094291 42489 0
1459947872956297 138 2221653 38224 130 2097074 41735 0
1459947872958226 136 2222166 35710 130 2099640 40839 0
1459947872959820 133 2218799 36023 125 2095605 41367 0
1459947872961612 136 2219535 33886 128 2095725 38246 0
1459947872963331 136 2220213 31863 129 2097116 36540 0
1459947872965023 131 2214438 34695 124 2091998 38402 0
1459947872966647 133 2211675 34531 126 2089840 37389 0
1459947872968588 136 2212967 33024 128 2090411 34993 0
1459947872970663 139 2217998 35082 131 2094777 36284 0
1459947872972722 139 2222636 36617 131 2098802 37160 0
1459947872974770 139 2226912 37698 130 2101233 36497 0
1459947872976792 139 2230854 38386 132 2106034 38071 0
1459947872978246 127 2230854 38386 121 2106034 38071 1
1459947872979870 131 2224248 41476 126 2102780 38095 0
1459947872981416 124 2224248 41476 117 2102780 38095 1
1459947872983103 131 2218158 43848 124 2097220 40243 0
1459947872984931 138 2221504 43507 129 2098494 38274 0
1459947872986643 136 2222029 40591 126 2095829 37739 0
1459947872988191 133 2218672 40512 125 2092092 38234 0
1459947872990058 138 2221978 40394 130 2095047 37970 0
1459947872991915 138 2225025 40047 129 2096491 36334 0
1459947872993840 136 2225274 37148 127 2095262 34627 0
1459947872995469 130 2217824 41112 122 2087729 38864 0
1459947872996907 126 2217824 41112 119 2087729 38864 1
1459947872998519 130 2210956 44230 121 2079505 43408 0
1459947873000334 139 2216145 45557 128 2080883 41287 0
1459947873002174 135 2215808 42307 129 2083434 40412 0
1459947873004279 144 2215808 42307 137 2083434 40412 1
1459947873005982 130 2209098 45186 124 2079385 40985 0
1459947873007739 135 2209312 41852 126 2078213 38863 0
1459947873009562 133 2206949 40759 126 2077132 36821 0
1459947873011008 129 2199651 44301 121 2069736 40762 0
1459947873012686 135 2200603 41716 127 2070597 38371 0
1459947873014663 139 2206600 43985 132 2077791 42005 0
1459947873016252 132 2203169 43710 125 2075463 40868 0
1459947873018086 134 2202566 40850 128 2077157 39237 0
1459947873020084 140 2209690 44225 130 2081279 39971 0
1459947873022175 141 2217537 48003 132 2087639 42711 0
1459947873023987 140 2223491 49741 131 2092222 43599 0
1459947873026121 140 2228980 50914 133 2099007 46447 0
1459947873027914 137 2230200 48061 129 2100142 43864 0
1459947873029699 135 2228765 45628 128 2099908 40652 0
1459947873031382 133 2224882 45641 126 2097132 40034 0
1459947873033232 136 2225143 42315 129 2098413 38087 0
1459947873034995 134 2222823 41147 127 2097034 36381 0
1459947873036880 135 2221964 38722 127 2095763 34709 0
1459947873038456 132 2217333 39965 122 2088191 38976 0
1459947873040187 135 2216903 37237 128 2088891 36576 0
1459947873042024 138 2220347 37502 131 2093376 37853 0
1459947873043852 136 2220962 35139 130 2096231 37526 0
1459947873045772 139 2225369 36456 132 2101422 39380 0
1459947873047420 134 2223032 35761 127 2099808 37790 0
1459947873049121 135 2222157 33773 127 2098320 36208 0
1459947873050754 133 2218790 34236 125 2094388 37003 0
1459947873052345 132 2214407 35601 124 2089483 38632 0
1459947873054044 134 2212926 34183 127 2088802 36240 0
1459947873055838 133 2210281 33950 125 2085614 36346 0
1459947873057617 135 2210402 31409 129 2087795 35517 0
1459947873059535 140 2216914 34958 131 2092366 36955 0
1459947873061506 140 2222917 37760 130 2095299 36771 0
1459947873063199 133 2219491 37967 126 2092883 36124 0
1459947873064912 136 2220173 35628 128 2093216 33608 0
1459947873066714 135 2219521 33444 126 2090963 33058 0
1459947873068688 137 2221480 32637 128 2091446 30920 0
1459947873070593 138 2224566 32932 130 2094451 31275 0
1459947873072370 135 2223571 31275 128 2094662 29025 0
1459947873074139 133 2220094 32035 127 2093576 27757 0
1459947873075820 135 2219449 30126 127 2092575 26510 0
1459947873077581 133 2216294 30679 126 2090372 26468 0
1459947873079425 138 2219786 31501 131 2094741 28428 0
1459947873081257 137 2221725 30826 130 2097489 28740 0
1459947873082971 132 2217112 32668 124 2092342 31238 0
1459947873084596 132 2212860 34034 125 2088877 31990 0
1459947873086504 137 2215340 33661 129 2090803 31266 0
1459947873088469 136 2216346 31958 130 2093859 31640 0
1459947873090415 137 2218553 31496 128 2094116 29405 0
1459947873092231 135 2218028 29518 125 2090513 30428 0
1459947873093603 127 2218028 29518 119 2090513 30428 1
1459947873095448 134 2216264 28836 127 2089751 28751 0
1459947873097331 137 2218478 28624 129 2091609 28217 0
1459947873099301 141 2218478 28624 134 2091609 28217 1
1459947873101279 140 2224359 31808 133 2098442 32311 0
1459947873103167 138 2227220 31961 131 2102181 33233 0
1459947873104875 134 2224738 31751 126 2099228 33358 0
1459947873106761 138 2227570 31881 129 2100345 31781 0
1459947873108569 139 2231461 32977 130 2102655 31428 0
1459947873110455 137 2232488 31346 130 2104785 30935 0
1459947873112322 137 2233434 29769 129 2105468 29148 0
1459947873113996 133 2229186 31358 126 2102258 29828 0
1459947873115724 134 2226550 31337 127 2100579 29044 0
1459947873117504 136 2226680 29008 129 2101591 27707 0
1459947873119442 144 2226680 29008 136 2101591 27707 1
1459947873121294 136 2226800 26852 130 2103804 27582 0
1459947873123120 136 2226911 24856 128 2103284 25906 0
1459947873124712 132 2221893 27539 124 2097684 29043 0
1459947873126382 136 2222387 25843 127 2096362 27992 0
1459947873128295 138 2225403 26604 131 2100263 29401 0
1459947873130097 134 2223063 26681 127 2098739 28507 0
1459947873131802 135 2222186 25404 127 2097335 27573 0
1459947873133664 138 2225217 26213 130 2099880 27764 0
1459947873135528 139 2229291 27921 131 2103506 28937 0
1459947873137582 143 2229291 27921 135 2103506 28937 1
1459947873139370 141 2235607 31562 133 2109409 32118 0
1459947873141070 136 2235030 29627 130 2111011 31085 0
1459947873142802 134 2231938 30162 128 2109928 29654 0
1459947873144661 137 2232927 28717 130 2111489 28776 0
1459947873146126 129 2232927 28717 123 2111489 28776 1
1459947873147925 137 2233839 27314 131 2114208 29034 0
1459947873149679 138 2235960 27135 132 2117995 30256 0
1459947873151224 125 2235960 27135 120 2117995 30256 1
1459947873152801 130 2227675 32652 124 2111246 34113 0
1459947873154586 137 2228997 31320 130 2112704 32792 0
1459947873156551 140 2234056 33537 133 2117889 35009 0
1459947873158299 134 2231040 33696 126 2113708 36126 0
1459947873160332 141 2237220 36760 133 2118814 38010 0
1459947873162222 137 2237797 34420 128 2117121 36600 0
1459947873164104 138 2239609 33400 131 2119400 35841 0
1459947873166100 141 2245119 35870 132 2122781 36157 0
1459947873167929 139 2247639 35390 131 2124618 35026 0
1459947873169702 133 2242282 37563 125 2118632 37807 0
1459947873171462 136 2241183 35640 124 2111833 41119 0
1459947873173220 133 2236330 37328 125 2106846 42503 0
1459947873175174 139 2239536 37367 130 2108648 40843 0
1459947873177347 143 2247612 41892 137 2119269 47444 0
1459947873179369 139 2249937 40762 132 2122661 46864 0
1459947873181223 136 2248240 39140 129 2121948 43859 0
1459947873182860 134 2244116 39883 127 2118730 43397 0
1459947873184649 135 2241594 39091 128 2117044 41560 0
1459947873186454 134 2237989 39359 129 2116769 38565 0
1459947873188336 136 2237226 36987 130 2117796 36499 0
1459947873189886 131 2237226 36987 121 2117796 36499 1
1459947873191677 138 2239082 35808 131 2120023 35700 0
1459947873193407 138 2240793 34588 131 2122076 34802 0
1459947873195176 137 2241091 32159 132 2125248 35008 0
1459947873197088 142 2247765 35799 131 2126893 33789 0
1459947873198874 134 2243678 36769 127 2123289 34470 0
1459947873200679 137 2243750 33963 129 2122527 32479 0
1459947873202476 137 2243817 31370 129 2121824 30588 0
1459947873204094 131 2236198 35941 126 2117336 32334 0
1459947873205943 133 2231735 37247 127 2114479 32440 0
1459947873207680 134 2228900 36949 128 2113125 31152 0
1459947873209297 127 2228900 36949 121 2113125 31152 1
1459947873210805 133 2225007 37650 125 2108037 33408 0
1459947873212659 138 2227818 37299 132 2112306 34734 0
1459947873214492 138 2230409 36774 130 2113682 33288 0
1459947873216386 139 2234078 37283 130 2114950 31856 0
1459947873218168 136 2233620 34791 130 2116119 30445 0
1459947873219966 137 2234478 32863 128 2114637 29432 0
1459947873221729 135 2232709 31925 131 2117110 29412 0
1459947873223645 139 2236198 32647 132 2120670 30396 0
1459947873225506 135 2234295 31850 129 2120112 28534 0
1459947873227293 137 2235100 30103 128 2118318 27957 0
1459947873229218 138 2237122 29615 128 2116664 27296 0
1459947873231147 135 2235146 29121 128 2115139 26568 0
1459947873232869 131 2235146 29121 123 2115139 26568 1
1459947873234968 140 2239725 31066 132 2118853 27916 0
1459947873237109 142 2246506 34889 134 2124837 31252 0
1459947873239056 135 2243797 34659 128 2122674 30803 0
1459947873240510 132 2237460 37792 126 2118120 32594 0
1459947873241974 129 2237460 37792 121 2118120 32594 1
1459947873243638 136 2236738 35504 129 2117761 30377 0
1459947873245305 135 2234792 34523 126 2113590 31847 0
1459947873247188 136 2234278 32297 128 2112305 30541 0
1459947873248880 135 2232525 31389 128 2111121 29245 0
1459947873250804 136 2232188 29245 129 2111309 27133 0
1459947873252753 143 2232188 29245 137 2111309 27133 1
1459947873254465 139 2235718 30214 132 2115322 28713 0
1459947873256408 141 2241532 33213 133 2120302 31060 0
1459947873258313 135 2239212 32756 129 2119773 29120 0
1459947873260139 137 2239633 30584 131 2121845 28755 0
1459947873261903 132 2233621 33735 126 2117355 30646 0
1459947873263840 141 2239599 36610 133 2122176 32696 0
1459947873265762 136 2238710 34568 128 2120221 31943 0
1459947873267471 134 2235330 34982 126 2115858 33468 0
1459947873269090 133 2230934 36300 124 2109276 36920 0
1459947873270857 137 2232002 34448 130 2110888 35521 0
1459947873272630 139 2235546 35023 132 2114934 36475 0
1459947873274489 138 2237533 34118 131 2117384 35884 0
1459947873276250 137 2238085 31961 128 2115803 34537 0
1459947873278131 137 2238594 29933 127 2113065 34361 0
1459947873279990 139 2241623 30387 130 2114381 32889 0
1459947873281673 128 2241623 30387 123 2114381 32889 1
1459947873283477 137 2241856 28228 131 2116874 32618 0
1459947873285266 136 2240791 27003 129 2116613 30309 0
1459947873287299 142 2240791 27003 132 2116613 30309 1
1459947873288941 132 2234689 30518 124 2109972 34062 0
1459947873290658 139 2238023 31207 129 2110250 31656 0
1459947873292366 137 2238537 29242 130 2111786 30598 0
1459947873294319 137 2239011 27394 128 2110642 29260 0
1459947873296123 132 2233048 30749 126 2107028 30305 0
1459947873297959 133 2228831 32233 127 2104976 29828 0
1459947873299526 133 2224943 33297 124 2099244 32780 0
1459947873301345 137 2226479 32111 131 2102920 33608 0
1459947873303132 136 2226615 29727 129 2103749 31746 0
1459947873304852 129 2226615 29727 122 2103749 31746 1
1459947873306433 132 2221620 32008 126 2100673 32100 0
1459947873308037 129 2213175 37291 123 2093997 35745 0
1459947873309845 137 2215630 36640 130 2096803 35539 0
1459947873311325 133 2212773 36409 125 2092990 36276 0
1459947873313210 142 2212773 36409 134 2092990 36276 1
1459947873315111 138 2216540 37036 133 2099715 39640 0
1459947873317093 139 2221292 38523 132 2104634 41078 0
1459947873318907 137 2223113 37192 129 2105329 38509 0
1459947873320657 134 2220952 36277 127 2103410 37268 0
1459947873322348 128 2211280 42358 122 2095241 41886 0
1459947873324264 133 2208763 41367 126 2092830 40835 0
1459947873325719 126 2208763 41367 119 2092830 40835 1
1459947873327359 132 2205163 41453 126 2090607 39692 0
1459947873329027 134 2204404 38913 125 2087278 39659 0
1459947873330996 139 2210104 41127 131 2091889 40811 0
1459947873333049 142 2219199 46298 134 2099980 45081 0
1459947873334888 129 2210944 50290 123 2093359 47662 0
1459947873336681 133 2208454 48656 126 2091095 46024 0
1459947873338346 135 2208718 45097 128 2091568 42864 0
1459947873340264 139 2214081 46517 131 2095844 43457 0
1459947873342316 141 2221585 49800 132 2101066 44875 0
1459947873344117 136 2222103 46387 129 2102040 42267 0
1459947873345971 133 2218741 45862 125 2097818 42856 0
1459947873347551 129 2210521 49855 123 2091365 45454 0
1459947873349029 125 2197824 57665 120 2081577 50925 0
1459947873350986 139 2204039 58888 131 2086633 51607 0
1459947873352764 134 2203368 54905 126 2084894 49177 0
1459947873354650 135 2204029 51225 127 2084571 45632 0
1459947873356313 135 2204639 47785 124 2080433 45880 0
1459947873357912 129 2197521 50612 122 2074059 48170 0
1459947873359594 133 2196079 47985 124 2070743 47462 0
1459947873361314 131 2192190 47820 123 2066406 47751 0
1459947873363035 129 2186045 49748 122 2061128 48885 0
1459947873365016 134 2186780 46538 128 2063942 47659 0
1459947873366645 135 2188737 44706 127 2065256 45146 0
1459947873368592 135 2190541 42876 129 2069027 45095 0
1459947873370473 140 2198604 46960 132 2076344 48316 0
1459947873372303 137 2202198 46604 131 2081809 49579 0
1459947873373965 133 2200391 44628 127 2081727 45779 0
1459947873375826 138 2205125 45505 130 2085492 45672 0
1459947873377641 135 2205649 42432 128 2086402 42942 0
1459947873379602 139 2211252 44282 131 2091081 43901 0
1459947873381594 137 2213857 43224 129 2092835 42088 0
1459947873383438 137 2216259 42061 130 2095732 41469 0
1459947873385022 128 2206953 47352 123 2089442 44026 0
1459947873386838 136 2208614 45184 128 2090044 41141 0
1459947873388690 135 2208866 41886 128 2090599 38437 0
1459947873390547 140 2215498 44727 132 2096230 40626 0
1459947873392482 140 2221612 46868 132 2101422 42238 0
1459947873394404 139 2225968 47222 131 2104928 42170 0
1459947873396329 137 2227424 44874 130 2106880 40675 0
1459947873398160 136 2227486 41425 130 2108680 39156 0
1459947873399704 128 2217303 47574 122 2100099 44006 0
1459947873401457 133 2214316 46610 126 2097308 43140 0
1459947873402968 131 2209002 47866 123 2090895 45680 0
1459947873404622 132 2205383 47461 125 2087543 45200 0
1459947873406426 137 2208447 46578 129 2089573 43540 0
1459947873408323 139 2213832 47903 133 2096565 46583 0
1459947873410255 141 2221356 51096 134 2104290 50065 0
1459947873411844 133 2218052 50149 127 2102452 47847 0
1459947873413555 136 2218846 46963 128 2102037 44489 0
1459947873415337 138 2222138 46329 129 2102935 41841 0
1459947873417205 136 2222613 43147 127 2101203 40168 0
1459947873418913 136 2223051 40180 128 2100886 37320 0
1459947873420695 136 2223455 37412 128 2100594 34672 0
1459947873422616 138 2226387 37192 131 2104165 35255 0
1459947873424539 136 2226530 34418 129 2104897 33174 0
1459947873426446 137 2227942 33031 129 2105571 31204 0
1459947873428373 139 2231804 34010 130 2107473 30519 0
1459947873430135 136 2231524 31609 128 2106666 28877 0
1459947873431900 135 2229986 30556 126 2103362 29665 0
1459947873433615 134 2227288 30654 127 2101596 28974 0
1459947873435380 133 2223521 31731 127 2099968 28210 0
1459947873437093 131 2217488 34813 125 2095908 29748 0
1459947873438670 130 2210646 38399 124 2090885 32053 0
1459947873440388 135 2210739 35485 127 2090094 30276 0
1459947873442366 136 2212105 33971 130 2093205 30778 0
1459947873443914 126 2212105 33971 120 2093205 30778 1
1459947873445779 130 2205684 37236 124 2088393 32808 0
1459947873447702 138 2210004 38309 132 2094197 35594 0
1459947873449288 132 2206307 38723 126 2091867 34960 0
1459947873451173 135 2206739 36095 127 2090999 33027 0
1459947873452979 137 2209697 36002 129 2092759 32069 0
1459947873454760 128 2209697 36002 121 2092759 32069 1
1459947873456329 131 2204744 37754 125 2089262 32786 0
1459947873458219 133 2202738 36652 125 2086038 33195 0
1459947873460044 137 2206009 36803 131 2090746 34941 0
1459947873461692 133 2203904 35867 126 2088686 34109 0
1459947873463484 136 2205804 34815 129 2090627 33233 0
1459947873465099 130 2205804 34815 121 2090627 33233 1
1459947873466591 133 2203715 34020 126 2088576 32526 0
1459947873468455 137 2206909 34307 127 2087966 30546 0
1459947873469923 126 2206909 34307 119 2087966 30546 1
1459947873471293 122 2206909 34307 114 2087966 30546 1
1459947873472688 121 2206909 34307 115 2087966 30546 1
1459947873474207 126 2206909 34307 120 2087966 30546 1
1459947873476155 136 2208574 33161 130 2091243 31180 0
1459947873478068 134 2207549 31514 126 2089144 30678 0
1459947873479803 134 2206604 29921 128 2089769 28857 0
1459947873481433 129 2206604 29921 121 2089769 28857 1
1459947873482899 129 2206604 29921 121 2089769 28857 1
1459947873484388 132 2203173 30745 123 2083945 31970 0
1459947873486398 139 2208970 33687 128 2084976 30423 0
1459947873488331 137 2211754 33621 131 2089767 32462 0
1459947873490188 138 2215600 34540 131 2094183 33996 0
1459947873492078 137 2217866 33930 128 2094414 31553 0
1459947873493823 134 2216115 32892 126 2092067 31249 0
1459947873495707 137 2218341 32374 129 2093744 30353 0
1459947873497547 134 2216553 31492 127 2092730 28915 0
1459947873499421 137 2218744 31051 130 2095635 29334 0
1459947873501181 133 2215644 31482 126 2093193 29292 0
1459947873503050 137 2217906 31108 130 2096062 29648 0
1459947873504998 138 2221272 31780 130 2098707 29769 0
1459947873506858 141 2228215 35697 131 2102425 30871 0
1459947873508707 138 2230775 35268 131 2105853 31619 0
1459947873510076 127 2230775 35268 121 2105853 31619 1
1459947873511629 129 2221615 40955 124 2100053 34494 0
1459947873513236 131 2215731 43178 123 2093426 37907 0
1459947873514833 126 2215731 43178 119 2093426 37907 1
1459947873516791 138 2219267 43063 131 2097557 38753 0
1459947873518828 139 2223806 43883 133 2103925 41595 0
1459947873520370 129 2215191 48395 125 2099555 42372 0
1459947873521896 125 2215191 48395 118 2099555 42372 1
1459947873523502 128 2205969 53115 122 2091687 46314 0
1459947873525354 140 2212827 55287 134 2099793 50168 0
1459947873527134 135 2212749 51038 127 2098306 47618 0
1459947873528822 132 2208837 50655 124 2093095 48700 0
1459947873530494 133 2206511 48840 125 2089571 48142 0
1459947873532121 135 2206927 45407 127 2088883 45013 0
1459947873533716 135 2207310 42212 127 2088249 42080 0
1459947873535477 133 2205103 40947 127 2087664 39330 0
1459947873537549 139 2210749 42953 132 2093525 41660 0
1459947873539129 126 2210749 42953 120 2093525 41660 1
1459947873540573 129 2203154 46598 122 2086128 45223 0
1459947873542068 131 2198712 47051 124 2081869 45615 0
1459947873543968 137 2202297 46680 129 2084342 44331 0
1459947873545908 145 2202297 46680 135 2084342 44331 1
1459947873547812 137 2205602 46080 129 2086622 42969 0
1459947873549241 129 2198409 49110 122 2079764 45933 0
1459947873550867 133 2196898 46665 126 2078562 43451 0
1459947873552671 137 2200625 46455 130 2082574 43754 0
1459947873554469 135 2201501 43632 128 2083712 41385 0
1459947873556227 135 2202308 40967 128 2084762 39118 0
1459947873557900 131 2197932 41799 124 2080609 39888 0
1459947873559570 129 2191338 44611 124 2076781 40299 0
1459947873561404 133 2190379 42008 128 2078372 38617 0
1459947873563293 137 2194615 42631 129 2081119 38132 0
1459947873565255 140 2202360 46440 132 2087491 41026 0
1459947873566840 128 2194140 50388 123 2081845 43024 0
1459947873568599 131 2190402 49896 125 2079200 42099 0
1459947873570218 131 2186956 49172 125 2076762 41057 0
1459947873571876 133 2186340 45897 125 2074514 39920 0
1459947873573579 135 2188332 44147 127 2075002 37251 0
1459947873575485 135 2190168 42391 129 2078012 37115 0
1459947873577762 139 2196981 45359 132 2084627 40313 0
1459947873579721 136 2199421 44065 128 2085605 38065 0
1459947873581613 137 2202951 43876 129 2087787 37102 0
1459947873583438 139 2208765 45808 133 2094918 40777 0
1459947873585173 134 2207725 43187 127 2093812 38610 0
1459947873586873 132 2204206 43056 125 2090232 38892 0
1459947873588423 129 2197122 46222 121 2081812 43614 0
1459947873590022 129 2190591 48629 122 2075330 46181 0
1459947873591924 138 2196091 49899 132 2082154 48864 0
1459947873593804 139 2202441 51854 131 2087165 49666 0
1459947873595457 133 2200615 49485 127 2086665 46245 0
1459947873597338 132 2197651 48349 127 2086204 43056 0
1459947873599033 132 2194919 47089 124 2081939 43623 0
1459947873600904 134 2194960 43448 128 2083127 41309 0
1459947873602305 129 2188598 45917 123 2077822 42970 0
1459947873603992 134 2189133 42822 128 2079332 41004 0
1459947873605686 130 2184506 43740 122 2073044 43596 0
1459947873607324 134 2185361 41110 128 2074927 41926 0
1459947873609332 135 2187429 39805 129 2077943 41430 0
1459947873611147 139 2194456 43173 132 2084563 44296 0
1459947873612723 133 2193254 40907 127 2084266 41108 0
1459947873614487 135 2194706 39049 129 2086552 40004 0
1459947873616276 135 2196044 37232 126 2084820 38474 0
1459947873618019 134 2195998 34365 128 2085783 36356 0
1459947873619703 135 2197235 32821 129 2087951 35513 0
1459947873621572 136 2199656 32487 130 2091229 35760 0
1459947873623161 131 2195487 33790 123 2085291 38439 0
1459947873624852 136 2198044 33507 129 2087497 37469 0
1459947873626615 136 2200401 33062 129 2089531 36416 0
1459947873628091 129 2193614 36735 122 2082446 40102 0
1459947873630039 135 2195037 35177 129 2084874 39208 0
1459947873631808 137 2198909 35998 131 2089673 40568 0
1459947873633464 131 2194799 36973 126 2087697 39219 0
1459947873635205 133 2193570 35216 128 2088435 36836 0
1459947873637071 135 2194997 33779 130 2091676 36945 0
1459947873638767 133 2193752 32286 127 2090823 34843 0
1459947873640365 134 2193885 29885 128 2091317 32575 0
1459947873642200 135 2195287 28843 131 2095612 33990 0
1459947873644258 141 2195287 28843 135 2095612 33990 1
1459947873646091 137 2199140 30141 131 2099572 34984 0
1459947873648162 137 2202692 31060 131 2103222 35615 0
1459947873650087 137 2205966 31651 129 2104027 33574 0
1459947873651979 137 2208984 31961 130 2106049 32815 0
1459947873653701 137 2211767 32029 129 2106633 30790 0
1459947873655431 132 2207932 33060 127 2104612 30246 0
1459947873656979 131 2203117 34915 126 2101469 30780 0
1459947873658698 132 2199958 35098 126 2098571 31045 0
1459947873660684 139 2206006 37930 134 2106140 35596 0
1459947873662549 141 2214141 42466 134 2113117 39247 0
1459947873664248 135 2213961 39313 129 2113149 36210 0
1459947873665981 132 2209955 39933 128 2111899 34533 0
1459947873668004 138 2213942 40488 132 2115866 35492 0
1459947873669783 134 2212497 38655 128 2114403 34066 0
1459947873671474 134 2211165 36862 129 2114335 31466 0
1459947873673233 135 2211217 34030 130 2115552 30129 0
1459947873675125 136 2212545 32595 129 2115394 27920 0
