1459947871376344 133 2179072 0 132 2162688 0 0
1459947871378266 133 2179072 0 131 2161408 1180 0
1459947871380294 137 2184192 4720 134 2164068 3539 0
1459947871382352 138 2190192 9882 134 2166520 5522 0
1459947871384172 132 2188043 11089 127 2159820 11265 0
1459947871386051 130 2183502 14408 127 2153644 16077 0
1459947871387992 132 2181875 14780 129 2150510 17708 0
1459947871390001 136 2185496 16963 134 2154021 19561 0
1459947871391982 138 2191394 21074 136 2159818 23376 0
1459947871393558 123 2177631 32114 123 2148522 31962 0
1459947871395245 127 2170063 36581 125 2140668 36703 0
1459947871396780 125 2160526 42514 123 2130868 42869 0
1459947871398420 128 2155574 43756 126 2125673 44307 0
1459947871400355 133 2157409 42029 130 2126004 41150 0
1459947871402320 132 2157821 39125 131 2127589 39397 0
1459947871404166 131 2156921 36897 129 2126491 37331 0
1459947871405887 124 2147131 43038 121 2115238 44786 0
1459947871407975 136 2153466 45515 133 2120225 45884 0
1459947871409901 132 2154186 42623 130 2120982 42997 0
1459947871411812 137 2161250 45805 131 2122960 41460 0
1459947871413551 135 2165202 45869 131 2124783 39901 0
1459947871415172 129 2161165 46006 125 2118784 42313 0
1459947871417012 131 2160003 43481 128 2117094 40564 0
1459947871418876 133 2161492 41457 131 2119376 39497 0
1459947871421156 146 2179505 54824 141 2134279 50150 0
1459947871423138 135 2182031 52868 134 2139058 50638 0
1459947871425176 136 2185639 52063 134 2143464 50742 0
1459947871427157 135 2187685 49882 131 2143685 46981 0
1459947871428607 108 2155012 76104 106 2111889 72621 0
1459947871430296 134 2158171 73070 131 2114577 69425 0
1459947871431910 129 2154683 70575 124 2108095 69975 0
1459947871433688 133 2156588 66817 129 2108520 64899 0
1459947871435711 136 2162184 66755 134 2115311 66089 0
1459947871437517 134 2164783 63935 131 2117732 63157 0
1459947871439396 140 2174859 68229 137 2127644 67359 0
1459947871441128 132 2173908 63774 128 2125261 64292 0
1459947871442747 127 2166631 65499 124 2117944 66013 0
1459947871444403 130 2163762 63024 129 2117599 61172 0
1459947871446366 134 2166238 60382 132 2121121 59639 0
1459947871448603 137 2172360 61308 133 2125648 59152 0
1459947871450471 131 2170324 58394 129 2124701 55402 0
1459947871452274 132 2169727 54380 130 2125108 51448 0
1459947871454055 129 2165337 54177 131 2126763 48954 0
1459947871455666 129 2161290 53674 127 2123169 48441 0
1459947871457601 137 2167799 55480 134 2128816 49862 0
1459947871459276 133 2168679 51956 132 2131462 48405 0
1459947871460760 128 2163090 53047 124 2123661 51814 0
1459947871462294 126 2155378 56010 121 2112629 57935 0
1459947871463956 130 2153389 53467 129 2112699 53473 0
1459947871465542 129 2150275 52159 126 2108924 52774 0
1459947871467393 133 2152524 50158 128 2108004 49498 0
1459947871469327 138 2160998 54051 136 2117396 54288 0
1459947871471359 137 2167530 55849 134 2123494 55668 0
1459947871473221 134 2169711 53496 132 2126556 54140 0
1459947871475108 134 2171722 51170 129 2125538 50847 0
1459947871477014 132 2171016 47822 129 2124600 47738 0
1459947871479016 134 2172925 45845 132 2127575 46751 0
1459947871480965 130 2169565 45360 128 2125198 45289 0
1459947871482946 135 2172867 44860 133 2129406 45630 0
1459947871484796 132 2172071 42088 130 2129446 42102 0
1459947871486678 131 2170057 40654 128 2126923 41137 0
1459947871488558 135 2173321 40486 135 2133557 44038 0
1459947871490304 132 2172490 38088 131 2134552 41515 0
1459947871492114 134 2174284 36766 133 2138030 41477 0
1459947871494041 135 2177218 36597 131 2138676 38831 0
1459947871496059 138 2183762 39770 136 2145671 42246 0
1459947871497684 129 2178275 41719 126 2139320 44799 0
1459947871499419 134 2179617 39696 131 2139865 41802 0
1459947871501129 128 2173174 42533 125 2132688 45152 0
1459947871502906 133 2173634 39634 130 2132471 41823 0
1459947871504786 133 2174058 36928 131 2133551 39551 0
1459947871506673 133 2174449 34404 129 2131987 37902 0
1459947871508509 131 2172250 33743 131 2133105 35971 0
1459947871510373 133 2172782 31597 131 2134136 34110 0
1459947871512490 137 2178393 34301 134 2138926 35861 0
1459947871514474 132 2177166 32752 125 2131822 39607 0
1459947871516407 131 2174754 32415 131 2132953 37555 0
1459947871518486 133 2175091 30193 131 2133996 35582 0
1459947871520335 132 2174122 28727 127 2129837 36635 0
1459947871522218 133 2174508 26838 130 2129843 33778 0
1459947871524164 135 2177424 27429 131 2131129 32324 0
1459947871525834 125 2167312 34607 125 2124634 35785 0
1459947871527474 132 2166950 32235 130 2125046 33369 0
1459947871529214 131 2165337 31202 128 2122866 32770 0
1459947871531110 132 2165130 28954 130 2123417 30717 0
1459947871532923 132 2164939 26866 130 2123925 28785 0
1459947871534812 139 2173723 32864 135 2130793 32867 0
1459947871536964 140 2183100 38941 137 2139684 38496 0
1459947871538638 128 2176385 42088 126 2133801 40911 0
1459947871540506 130 2172754 42145 131 2134777 38614 0
1459947871542473 134 2174527 40487 131 2135677 36427 0
1459947871544493 135 2177442 40010 133 2139067 36706 0
1459947871546624 137 2182689 41721 134 2143472 37899 0
1459947871548415 129 2177286 43441 125 2136013 41814 0
1459947871550326 133 2177425 40175 132 2138096 40468 0
1459947871552352 135 2180113 39514 134 2142577 41437 0
1459947871554374 138 2186431 42251 135 2147988 43187 0
1459947871556502 137 2190976 43140 134 2151696 43231 0
1459947871558641 137 2195166 43631 134 2155114 43004 0
1459947871560418 128 2187508 47281 125 2146745 47358 0
1459947871562225 129 2181728 48914 125 2139030 50769 0
1459947871564032 130 2177680 48823 127 2134478 50998 0
1459947871565701 127 2170108 51987 125 2127721 53241 0
1459947871567790 134 2172088 49750 133 2131732 52779 0
1459947871569951 135 2175193 48726 134 2136710 53244 0
1459947871571534 128 2169096 50539 126 2131059 54292 0
1459947871573194 129 2164755 50591 127 2127130 53672 0
1459947871574827 124 2154353 56226 123 2118387 57536 0
1459947871576351 127 2148604 57132 121 2107768 62830 0
1459947871578084 130 2147144 54013 124 2101818 63405 0
1459947871580138 135 2152198 54452 132 2106573 62834 0
1459947871582251 134 2155577 53312 129 2107116 58426 0
1459947871584357 137 2162532 55559 135 2115297 61403 0
1459947871586302 134 2165104 53589 131 2117719 58838 0
1459947871588309 136 2170035 53948 133 2122512 58659 0
1459947871590236 135 2173301 52743 132 2125650 56969 0
1459947871592171 138 2180151 54937 136 2133663 59905 0
1459947871594157 138 2186466 56467 137 2142330 63214 0
1459947871596154 135 2188448 53882 134 2146480 62101 0
1459947871598138 133 2187715 50347 129 2143906 59621 0
1459947871599938 131 2184479 49395 130 2142813 55970 0
1459947871601948 135 2186616 47506 131 2143085 51848 0
1459947871603961 132 2184746 45517 129 2140776 49925 0
1459947871605727 129 2179182 47088 126 2134807 51525 0
1459947871607653 132 2177893 44596 130 2134425 47850 0
1459947871609326 130 2174145 44566 127 2130233 47975 0
1459947871611300 138 2180929 47338 133 2134048 47743 0
1459947871613082 131 2178223 46132 131 2135005 44895 0
1459947871615088 134 2179569 43768 133 2138447 44560 0
1459947871617048 135 2182090 42672 134 2142900 45183 0
1459947871618984 137 2186974 43840 135 2148285 46618 0
1459947871620653 124 2186974 43840 121 2148285 46618 1
1459947871622530 131 2183796 43344 127 2143010 47837 0
1459947871624323 133 2183426 40297 131 2143267 44336 0
1459947871626447 139 2183426 40297 137 2143267 44336 1
1459947871628508 137 2188205 41554 135 2148624 45810 0
1459947871630267 129 2188205 41554 125 2148624 45810 1
1459947871632100 134 2188771 38829 131 2148442 42398 0
1459947871634111 135 2190573 37456 133 2150834 41291 0
1459947871636151 132 2188394 36537 131 2150480 38391 0
1459947871638178 137 2192785 37730 135 2155273 39810 0
1459947871639891 132 2190433 36949 129 2152012 39704 0
1459947871641526 130 2185705 38420 128 2147726 40553 0
1459947871643014 126 2185705 38420 123 2147726 40553 1
1459947871644540 129 2180066 40615 127 2142494 42206 0
1459947871646597 133 2179988 37512 130 2141511 39813 0
1459947871648228 127 2179988 37512 125 2141511 39813 1
1459947871650078 136 2183756 38055 132 2143165 38227 0
1459947871651782 129 2183756 38055 126 2143165 38227 1
1459947871653771 134 2184670 35923 133 2145970 37826 0
1459947871655515 129 2179112 38239 128 2142156 38385 0
1459947871657238 131 2176548 37613 129 2139920 37447 0
1459947871659051 133 2176745 34855 131 2140418 34980 0
1459947871660944 135 2179486 34658 131 2140877 32670 0
1459947871662632 129 2174333 36699 128 2137460 33266 0
1459947871664425 133 2174703 34172 131 2138150 31304 0
1459947871666139 128 2174703 34172 125 2138150 31304 1
1459947871667972 131 2174703 34172 126 2138150 31304 1
1459947871669810 135 2177604 34176 131 2138787 29445 0
1459947871671482 131 2175158 33760 127 2134254 31322 0
1459947871673445 136 2179303 34943 133 2137755 32101 0
1459947871675675 137 2184404 36916 134 2142262 33748 0
1459947871677448 130 2184404 36916 125 2142262 33748 1
1459947871679415 134 2185267 34827 133 2145137 33762 0
1459947871681420 133 2184783 32552 130 2143948 32219 0
1459947871683228 128 2177936 36319 127 2139012 34251 0
1459947871685168 135 2180584 35922 132 2140861 33280 0
1459947871686865 135 2183025 35366 133 2143846 33432 0
1459947871688925 142 2183025 35366 140 2143846 33432 1
1459947871690844 131 2180156 35247 127 2138918 35362 0
1459947871692681 135 2182631 34774 132 2140775 34310 0
1459947871694511 133 2182352 32313 131 2141206 32027 0
1459947871696341 133 2182095 30024 131 2141604 29891 0
1459947871698249 128 2175458 33795 128 2138131 30756 0
1459947871700298 135 2178300 33774 131 2138769 28941 0
1459947871702364 137 2183480 35910 133 2141917 29581 0
1459947871704389 136 2186975 36326 134 2146099 31125 0
1459947871706462 138 2186975 36326 134 2146099 31125 1
1459947871708528 139 2186975 36326 136 2146099 31125 1
1459947871710617 137 2191477 37638 135 2151235 33427 0
1459947871712482 135 2193067 36163 133 2153409 32819 0
1459947871714551 137 2197093 37049 135 2157973 34463 0
1459947871716567 135 2198245 35216 133 2159621 33289 0
1459947871718328 131 2194187 36204 128 2154740 35187 0
1459947871720227 129 2187886 39183 128 2150240 36585 0
1459947871721915 127 2187886 39183 125 2150240 36585 1
1459947871723758 136 2191037 39026 135 2155052 38162 0
1459947871725660 132 2188822 38018 129 2151808 38170 0
1459947871727442 134 2189340 35524 131 2151378 35583 0
1459947871729409 129 2189340 35524 126 2151378 35583 1
1459947871731214 129 2189340 35524 126 2151378 35583 1
1459947871733150 134 2189817 33188 131 2150981 33168 0
1459947871734845 126 2189817 33188 122 2150981 33168 1
1459947871736569 127 2189817 33188 126 2150981 33168 1
1459947871738553 131 2186417 33728 131 2150615 30912 0
1459947871740592 137 2190963 35284 136 2156678 34086 0
1459947871742499 132 2188754 34563 129 2153307 34530 0
1459947871744095 127 2188754 34563 126 2153307 34530 1
1459947871745801 132 2186717 33739 130 2151479 33516 0
1459947871747519 132 2186717 33739 127 2151479 33516 1
1459947871749599 139 2186717 33739 136 2151479 33516 1
1459947871751465 136 2189959 34092 133 2153634 32884 0
1459947871753278 137 2194228 35363 134 2156901 33326 0
1459947871755290 134 2194323 32688 130 2154793 32665 0
1459947871757000 130 2194323 32688 126 2154793 32665 1
1459947871758648 132 2191851 32412 130 2152849 31904 0
1459947871760255 126 2191851 32412 123 2152849 31904 1
1459947871762044 130 2187012 34339 129 2149777 32242 0
1459947871763920 133 2186391 32227 131 2149505 29973 0
1459947871766163 143 2186391 32227 140 2149505 29973 1
1459947871768027 135 2188379 31541 133 2151814 29760 0
1459947871770062 138 2188379 31541 133 2151814 29760 1
1459947871771924 134 2188379 31541 127 2151814 29760 1
1459947871773825 137 2192771 33125 136 2157783 32938 0
1459947871775255 121 2192771 33125 119 2157783 32938 1
1459947871777104 131 2189140 33883 129 2154326 33550 0
1459947871778722 129 2183233 36680 129 2151139 33865 0
1459947871780520 129 2183233 36680 127 2151139 33865 1
1459947871782472 132 2181627 35293 131 2150761 31567 0
1459947871784422 136 2185267 35891 134 2154252 32319 0
1459947871786556 136 2188623 36180 133 2156191 31581 0
1459947871788511 135 2190436 35025 132 2156698 29580 0
1459947871790427 136 2193388 35009 132 2157165 27700 0
1459947871792399 137 2197389 35961 134 2160156 28292 0
1459947871794415 136 2199797 35371 133 2161633 27443 0
1459947871796612 136 2202017 34654 130 2159155 27582 0
1459947871798588 131 2197664 35958 129 2155591 28712 0
1459947871800664 138 2202611 37709 137 2162545 32879 0
1459947871802599 133 2200772 36457 130 2159996 32659 0
1459947871804443 134 2200356 33990 132 2160206 30300 0
1459947871806243 128 2192293 38766 129 2156559 31293 0
1459947871807822 126 2192293 38766 123 2156559 31293 1
1459947871809705 133 2191260 36689 130 2154477 30766 0
1459947871811693 139 2191260 36689 133 2154477 30766 1
1459947871813491 136 2194147 36484 133 2156398 30133 0
1459947871815412 137 2198089 37267 133 2158169 29411 0
1459947871817194 132 2195323 36904 130 2155962 29147 0
1459947871819029 134 2195333 34029 131 2155207 27564 0
1459947871821179 134 2195342 31378 132 2155791 25948 0
1459947871823323 140 2195342 31378 137 2155791 25948 1
1459947871825165 137 2199190 32474 133 2157609 25596 0
1459947871827021 134 2198898 30204 131 2156725 24410 0
1459947871828871 130 2198898 30204 127 2156725 24410 1
1459947871830888 134 2198629 28091 130 2154630 24432 0
1459947871832525 129 2198629 28091 127 2154630 24432 1
1459947871834300 132 2198629 28091 128 2154630 24432 1
1459947871836034 131 2194541 29664 130 2152699 24302 0
1459947871837920 135 2195892 28591 133 2154759 24302 0
1459947871839663 130 2190737 31108 129 2151538 25371 0
1459947871841476 130 2190737 31108 126 2151538 25371 1
1459947871843305 133 2189825 29517 132 2152409 24191 0
1459947871845402 134 2190264 27615 132 2153212 23041 0
1459947871847386 134 2190669 25830 130 2151392 22917 0
1459947871849022 126 2190669 25830 120 2151392 22917 1
1459947871850801 129 2190669 25830 127 2151392 22917 1
1459947871852545 129 2190669 25830 127 2151392 22917 1
1459947871854242 133 2190669 25830 127 2151392 22917 1
1459947871856001 135 2190669 25830 128 2151392 22917 1
1459947871857807 136 2190669 25830 126 2151392 22917 1
1459947871859746 140 2190669 25830 132 2151392 22917 1
1459947871861528 141 2190669 25830 131 2151392 22917 1
1459947871863604 143 2190669 25830 136 2151392 22917 1
1459947871865333 132 2190669 25830 126 2151392 22917 1
1459947871867062 136 2190669 25830 127 2151392 22917 1
1459947871868965 137 2190669 25830 128 2151392 22917 1
1459947871870494 129 2190669 25830 122 2151392 22917 1
1459947871872162 133 2190669 25830 124 2151392 22917 1
1459947871874127 140 2190669 25830 132 2151392 22917 1
1459947871876009 140 2190669 25830 131 2151392 22917 1
1459947871877917 135 2190669 25830 128 2151392 22917 1
1459947871879697 134 2190669 25830 126 2151392 22917 1
1459947871881022 111 2190669 25830 102 2151392 22917 1
1459947871882584 138 2190669 25830 130 2151392 22917 1
1459947871884238 135 2190669 25830 128 2151392 22917 1
1459947871886080 137 2190669 25830 129 2151392 22917 1
1459947871887896 136 2193602 26516 130 2149714 22672 0
1459947871889373 126 2193602 26516 119 2149714 22672 1
1459947871891064 130 2193602 26516 124 2149714 22672 1
1459947871892589 128 2193602 26516 120 2149714 22672 1
1459947871894376 134 2193602 26516 127 2149714 22672 1
1459947871896141 135 2193602 26516 128 2149714 22672 1
1459947871897853 134 2193602 26516 126 2149714 22672 1
1459947871899797 138 2193602 26516 131 2149714 22672 1
1459947871901609 133 2193602 26516 126 2149714 22672 1
1459947871903130 128 2193602 26516 122 2149714 22672 1
1459947871904585 127 2193602 26516 122 2149714 22672 1
1459947871906391 135 2193602 26516 128 2149714 22672 1
1459947871908211 135 2193602 26516 128 2149714 22672 1
1459947871909946 131 2193602 26516 124 2149714 22672 1
1459947871911805 136 2196306 26937 129 2146887 23505 0
1459947871913877 139 2196306 26937 131 2146887 23505 1
1459947871915908 138 2196306 26937 130 2146887 23505 1
1459947871917802 135 2196306 26937 127 2146887 23505 1
1459947871919671 138 2196306 26937 131 2146887 23505 1
1459947871921591 141 2196306 26937 133 2146887 23505 1
1459947871923264 129 2196306 26937 120 2146887 23505 1
1459947871925005 133 2196306 26937 125 2146887 23505 1
1459947871926686 125 2196306 26937 118 2146887 23505 1
1459947871928375 131 2196306 26937 124 2146887 23505 1
1459947871930536 140 2196306 26937 131 2146887 23505 1
1459947871932662 139 2196306 26937 133 2146887 23505 1
1459947871934333 130 2196306 26937 121 2146887 23505 1
1459947871936163 136 2198799 27130 129 2144281 24069 0
1459947871938032 136 2201097 27129 131 2144439 22333 0
1459947871940053 143 2201097 27129 136 2144439 22333 1
1459947871941874 137 2204496 28142 131 2144584 20722 0
1459947871943714 137 2207629 28831 131 2144718 19226 0
1459947871945550 138 2211797 30421 131 2144841 17837 0
1459947871947299 136 2213080 29227 129 2142395 18697 0
1459947871948905 133 2213080 29227 125 2142395 18697 1
1459947871950887 140 2213080 29227 133 2142395 18697 1
1459947871952622 131 2213080 29227 124 2142395 18697 1
1459947871954460 138 2216823 30393 132 2143980 18697 0
1459947871956246 135 2216823 30393 127 2143980 18697 1
1459947871958290 144 2216823 30393 135 2143980 18697 1
1459947871960253 142 2216823 30393 134 2143980 18697 1
1459947871961946 133 2216823 30393 125 2143980 18697 1
1459947871963610 132 2216823 30393 127 2143980 18697 1
1459947871965275 133 2216823 30393 125 2143980 18697 1
1459947871967315 140 2216823 30393 131 2143980 18697 1
1459947871968920 130 2216823 30393 122 2143980 18697 1
1459947871970788 136 2217713 28839 129 2141601 19428 0
1459947871972424 133 2217713 28839 127 2141601 19428 1
1459947871974361 137 2219814 28522 131 2141968 18248 0
1459947871976270 141 2219814 28522 133 2141968 18248 1
1459947871978133 139 2219814 28522 130 2141968 18248 1
1459947871979930 138 2223031 29258 131 2142306 17134 0
1459947871981483 130 2223031 29258 123 2142306 17134 1
1459947871983321 134 2223031 29258 128 2142306 17134 1
1459947871985121 135 2223031 29258 128 2142306 17134 1
1459947871986797 136 2223031 29258 128 2142306 17134 1
1459947871988485 131 2223031 29258 123 2142306 17134 1
1459947871990089 133 2223031 29258 124 2142306 17134 1
1459947871991632 133 2223031 29258 125 2142306 17134 1
1459947871993374 137 2224716 28526 130 2141338 16687 0
1459947871995014 132 2224716 28526 124 2141338 16687 1
1459947871996914 141 2224716 28526 134 2141338 16687 1
1459947871998933 138 2227550 28909 132 2143005 16920 0
1459947872000643 132 2227550 28909 125 2143005 16920 1
1459947872002242 131 2227550 28909 123 2143005 16920 1
1459947872004089 134 2227550 28909 128 2143005 16920 1
1459947872005894 133 2227550 28909 126 2143005 16920 1
1459947872007529 133 2227550 28909 125 2143005 16920 1
1459947872009229 131 2227550 28909 125 2143005 16920 1
1459947872010790 132 2227550 28909 125 2143005 16920 1
1459947872012431 130 2227550 28909 125 2143005 16920 1
1459947872014281 131 2227550 28909 125 2143005 16920 1
1459947872016014 135 2226322 27781 129 2140702 17720 0
1459947872017805 136 2226470 25747 130 2139859 17111 0
1459947872019438 131 2226470 25747 125 2139859 17111 1
1459947872021304 135 2226470 25747 125 2139859 17111 1
1459947872023174 135 2226470 25747 128 2139859 17111 1
1459947872024867 134 2226470 25747 127 2139859 17111 1
1459947872026736 137 2227887 25041 131 2140362 16238 0
1459947872028646 134 2227887 25041 127 2140362 16238 1
1459947872030385 137 2227887 25041 128 2140362 16238 1
1459947872032134 137 2227887 25041 128 2140362 16238 1
1459947872033758 131 2227887 25041 123 2140362 16238 1
1459947872035428 136 2227887 25041 126 2140362 16238 1
1459947872037243 139 2231753 26648 131 2140826 15396 0
1459947872039061 137 2232757 25491 131 2141253 14587 0
1459947872040770 135 2231122 25005 130 2140367 14263 0
1459947872042571 138 2233455 25202 129 2138270 15080 0
1459947872044190 132 2233455 25202 127 2138270 15080 1
1459947872045905 134 2233455 25202 126 2138270 15080 1
1459947872047597 133 2233455 25202 124 2138270 15080 1
1459947872049344 135 2233455 25202 127 2138270 15080 1
1459947872051464 143 2233455 25202 135 2138270 15080 1
1459947872053475 136 2233046 23609 129 2136337 15682 0
1459947872055387 139 2236509 24956 134 2140955 18713 0
1459947872057281 139 2239701 25949 132 2142652 18816 0
1459947872059175 135 2237524 25927 129 2140377 19442 0
1459947872060846 131 2237524 25927 124 2140377 19442 1
1459947872062457 132 2237524 25927 126 2140377 19442 1
1459947872064273 131 2237524 25927 125 2140377 19442 1
1459947872066341 140 2237524 25927 131 2140377 19442 1
1459947872068093 138 2239357 25591 131 2140840 18349 0
1459947872070083 138 2241047 25149 132 2142546 18488 0
1459947872071880 135 2241047 25149 127 2142546 18488 1
1459947872073754 136 2240045 24107 129 2140279 19132 0
1459947872075608 140 2240045 24107 130 2140279 19132 1
1459947872077393 139 2242961 24911 130 2139469 18383 0
1459947872079159 136 2242961 24911 127 2139469 18383 1
1459947872080866 133 2242961 24911 126 2139469 18383 1
1459947872082633 139 2245649 25442 130 2138722 17633 0
1459947872084566 136 2245649 25442 127 2138722 17633 1
1459947872086412 139 2248127 25739 132 2140594 17981 0
1459947872088160 135 2248127 25739 127 2140594 17981 1
1459947872089943 134 2248127 25739 123 2140594 17981 1
1459947872091711 135 2248127 25739 126 2140594 17981 1
1459947872093630 139 2250412 25834 132 2142320 18167 0
1459947872095415 141 2250412 25834 135 2142320 18167 1
1459947872097355 139 2252518 25757 132 2143911 18213 0
1459947872099407 140 2255740 26714 133 2146657 19322 0
1459947872101322 135 2252310 27787 129 2144069 20197 0
1459947872103098 134 2252310 27787 126 2144069 20197 1
1459947872105207 139 2254268 27421 133 2146803 21140 0
1459947872107119 136 2254268 27421 128 2146803 21140 1
1459947872109014 137 2253513 25973 130 2145484 20703 0
1459947872111038 139 2255377 25661 132 2146828 20324 0
1459947872112846 141 2255377 25661 134 2146828 20324 1
1459947872114953 143 2255377 25661 133 2146828 20324 1
1459947872116748 135 2255377 25661 128 2146828 20324 1
1459947872118542 135 2255377 25661 127 2146828 20324 1
1459947872120327 133 2255377 25661 126 2146828 20324 1
1459947872121933 133 2255377 25661 125 2146828 20324 1
1459947872123520 134 2255377 25661 125 2146828 20324 1
1459947872125449 139 2257095 25240 132 2148067 19878 0
1459947872127376 138 2257399 23548 130 2146649 19631 0
1459947872129265 140 2260239 24326 133 2149182 20432 0
1459947872131350 140 2262857 24839 132 2150237 19807 0
1459947872133223 140 2265271 25123 131 2149929 18542 0
1459947872134997 139 2266216 24031 132 2150925 18011 0
1459947872136741 134 2266216 24031 127 2150925 18011 1
1459947872138895 140 2268367 24136 131 2150563 16935 0
1459947872140731 137 2266510 23961 132 2151510 16484 0
1459947872142388 136 2266510 23961 128 2151510 16484 1
1459947872144205 136 2266510 23961 129 2151510 16484 1
1459947872146098 141 2269918 25231 132 2152383 16001 0
1459947872147779 135 2269918 25231 128 2152383 16001 1
1459947872149319 131 2269918 25231 124 2152383 16001 1
1459947872151012 135 2269918 25231 127 2152383 16001 1
1459947872152855 136 2269918 25231 128 2152383 16001 1
1459947872154650 136 2266660 26261 130 2150628 16367 0
1459947872156363 136 2266660 26261 127 2150628 16367 1
1459947872158232 135 2266660 26261 128 2150628 16367 1
1459947872160187 136 2263657 26977 131 2150290 15399 0
1459947872162135 136 2260888 27420 130 2148698 15662 0
1459947872164099 139 2262176 26464 132 2149790 15445 0
1459947872165835 134 2262176 26464 128 2149790 15445 1
1459947872167638 132 2262176 26464 121 2149790 15445 1
1459947872169743 143 2262176 26464 136 2149790 15445 1
1459947872171867 143 2262176 26464 136 2149790 15445 1
1459947872173852 142 2262176 26464 134 2149790 15445 1
1459947872175846 137 2260803 25661 130 2148237 15669 0
1459947872177716 136 2258257 26002 130 2146805 15763 0
1459947872179363 134 2258257 26002 127 2146805 15763 1
1459947872181214 135 2258257 26002 128 2146805 15763 1
1459947872182909 137 2258257 26002 128 2146805 15763 1
1459947872184680 136 2258257 26002 129 2146805 15763 1
1459947872186441 135 2258257 26002 126 2146805 15763 1
1459947872188313 137 2257190 24952 131 2146765 14567 0
1459947872190048 136 2257190 24952 128 2146765 14567 1
1459947872191720 137 2257190 24952 127 2146765 14567 1
1459947872193515 138 2257487 23275 130 2145448 14641 0
1459947872195042 128 2257487 23275 121 2145448 14641 1
1459947872196967 137 2256480 22383 130 2144234 14615 0
1459947872198916 140 2259392 23319 134 2148235 17162 0
1459947872200988 140 2262077 23972 132 2149364 16861 0
1459947872202851 139 2263272 23200 131 2149124 15763 0
1459947872204763 138 2263093 21551 131 2148903 14734 0
1459947872206680 137 2263093 21551 128 2148903 14734 1
1459947872208327 129 2263093 21551 123 2148903 14734 1
1459947872210075 139 2264208 20895 131 2148699 13769 0
1459947872211911 139 2265236 20210 130 2147231 14045 0
1459947872213667 137 2263624 20116 132 2148438 14060 0
1459947872215474 135 2263624 20116 129 2148438 14060 1
1459947872217343 138 2263418 18733 131 2148271 13114 0
1459947872219054 132 2263418 18733 124 2148271 13114 1
1459947872220909 137 2261948 18623 130 2146837 13410 0
1459947872222661 137 2261948 18623 129 2146837 13410 1
1459947872224586 140 2264433 19459 132 2148075 13503 0
1459947872226489 137 2264433 19459 127 2148075 13503 1
1459947872228121 130 2264433 19459 123 2148075 13503 1
1459947872230145 140 2266724 20050 131 2147936 12575 0
1459947872232116 141 2266724 20050 133 2147936 12575 1
1459947872233954 137 2264996 20075 130 2146528 12889 0
1459947872235860 139 2265963 19397 131 2146510 11898 0
1459947872237608 138 2265963 19397 127 2146510 11898 1
1459947872239527 136 2263014 20598 130 2145213 12162 0
1459947872241515 136 2260296 21493 130 2144018 12312 0
1459947872243144 135 2260296 21493 127 2144018 12312 1
1459947872244754 135 2260296 21493 127 2144018 12312 1
1459947872246387 131 2260296 21493 123 2144018 12312 1
1459947872248258 139 2261630 21043 132 2145476 12694 0
1459947872250106 142 2261630 21043 134 2145476 12694 1
1459947872251723 130 2261630 21043 120 2145476 12694 1
1459947872253386 132 2261630 21043 124 2145476 12694 1
1459947872255354 139 2261630 21043 129 2145476 12694 1
1459947872257110 137 2261630 21043 128 2145476 12694 1
1459947872258769 133 2261630 21043 125 2145476 12694 1
1459947872260308 130 2261630 21043 123 2145476 12694 1
1459947872262153 136 2261630 21043 128 2145476 12694 1
1459947872263907 131 2261630 21043 124 2145476 12694 1
1459947872265559 132 2261630 21043 125 2145476 12694 1
1459947872266950 124 2261630 21043 115 2145476 12694 1
1459947872268660 135 2261630 21043 127 2145476 12694 1
1459947872270282 130 2261630 21043 122 2145476 12694 1
1459947872272027 136 2261630 21043 127 2145476 12694 1
1459947872273803 136 2261630 21043 126 2145476 12694 1
1459947872275663 134 2261630 21043 127 2145476 12694 1
1459947872277544 137 2260300 20624 131 2145540 11761 0
1459947872279256 135 2260300 20624 128 2145540 11761 1
1459947872280954 135 2260300 20624 128 2145540 11761 1
1459947872282763 135 2256514 22502 130 2144319 11966 0
1459947872284377 138 2256863 21066 130 2143194 12068 0
1459947872286272 138 2257185 19717 130 2142156 12080 0
1459947872288181 142 2257185 19717 133 2142156 12080 1
1459947872290028 136 2257185 19717 124 2142156 12080 1
1459947872291634 131 2257185 19717 123 2142156 12080 1
1459947872293132 133 2257185 19717 126 2142156 12080 1
1459947872295053 138 2257482 18450 131 2142480 11434 0
1459947872296821 137 2257482 18450 127 2142480 11434 1
1459947872298531 135 2257482 18450 128 2142480 11434 1
1459947872300251 137 2256476 17935 130 2141498 11444 0
1459947872301833 132 2256476 17935 124 2141498 11444 1
1459947872303707 137 2256476 17935 129 2141498 11444 1
1459947872305371 132 2256476 17935 125 2141498 11444 1
1459947872307312 141 2256476 17935 131 2141498 11444 1
1459947872309052 137 2255548 17387 130 2140593 11382 0
1459947872311064 137 2255548 17387 128 2140593 11382 1
1459947872312676 135 2255548 17387 126 2140593 11382 1
1459947872314307 132 2255548 17387 123 2140593 11382 1
1459947872316023 136 2253413 17995 130 2139759 11260 0
1459947872317645 135 2253413 17995 128 2139759 11260 1
1459947872319372 136 2253413 17995 129 2139759 11260 1
1459947872321308 137 2253413 17995 129 2139759 11260 1
1459947872322904 131 2253413 17995 122 2139759 11260 1
1459947872324446 126 2253413 17995 121 2139759 11260 1
1459947872326112 129 2253413 17995 121 2139759 11260 1
1459947872327996 139 2255285 18314 130 2138990 11088 0
1459947872329450 129 2255285 18314 120 2138990 11088 1
1459947872330771 122 2255285 18314 114 2138990 11088 1
1459947872332465 134 2255285 18314 125 2138990 11088 1
1459947872334243 135 2255285 18314 127 2138990 11088 1
1459947872335997 132 2255285 18314 125 2138990 11088 1
1459947872337626 132 2255285 18314 123 2138990 11088 1
1459947872339429 134 2255285 18314 128 2138990 11088 1
1459947872341370 139 2257010 18474 131 2139561 10747 0
1459947872343173 137 2256041 17923 131 2140087 10392 0
1459947872345127 142 2256041 17923 134 2140087 10392 1
1459947872346843 138 2256427 16878 130 2139292 10312 0
1459947872348525 131 2256427 16878 122 2139292 10312 1
1459947872350292 138 2256427 16878 128 2139292 10312 1
1459947872351829 131 2256427 16878 125 2139292 10312 1
1459947872353498 135 2256427 16878 128 2139292 10312 1
1459947872355035 130 2256427 16878 121 2139292 10312 1
1459947872356776 136 2256427 16878 128 2139292 10312 1
1459947872358716 136 2256427 16878 128 2139292 10312 1
1459947872360487 135 2256427 16878 128 2139292 10312 1
1459947872362308 138 2256427 16878 128 2139292 10312 1
1459947872364152 140 2256427 16878 133 2139292 10312 1
1459947872365826 132 2256427 16878 123 2139292 10312 1
1459947872367627 136 2256427 16878 126 2139292 10312 1
1459947872369471 140 2256427 16878 131 2139292 10312 1
1459947872371169 136 2256427 16878 129 2139292 10312 1
1459947872372734 133 2256427 16878 125 2139292 10312 1
1459947872374360 134 2256427 16878 125 2139292 10312 1
1459947872376106 131 2256427 16878 125 2139292 10312 1
1459947872377741 129 2256427 16878 124 2139292 10312 1
1459947872379481 135 2256427 16878 128 2139292 10312 1
1459947872381207 138 2256783 15887 130 2138559 10180 0
1459947872382849 127 2256783 15887 121 2138559 10180 1
1459947872384883 141 2256783 15887 134 2138559 10180 1
1459947872386728 136 2256783 15887 129 2138559 10180 1
1459947872388412 129 2256783 15887 124 2138559 10180 1
1459947872390062 134 2256783 15887 125 2138559 10180 1
1459947872391760 131 2256783 15887 122 2138559 10180 1
1459947872393369 135 2256783 15887 128 2138559 10180 1
1459947872395095 135 2256783 15887 129 2138559 10180 1
1459947872396753 134 2256783 15887 126 2138559 10180 1
1459947872398684 131 2256783 15887 125 2138559 10180 1
1459947872400761 136 2256783 15887 126 2138559 10180 1
1459947872402900 139 2258391 16128 131 2139164 9941 0
1459947872404745 136 2258391 16128 128 2139164 9941 1
1459947872406640 134 2258391 16128 126 2139164 9941 1
1459947872408461 137 2258391 16128 129 2139164 9941 1
1459947872410453 140 2258391 16128 133 2139164 9941 1
1459947872412426 138 2258391 16128 129 2139164 9941 1
1459947872414139 133 2258391 16128 126 2139164 9941 1
1459947872415946 128 2258391 16128 120 2139164 9941 1
1459947872417873 136 2258391 16128 129 2139164 9941 1
1459947872419574 134 2258391 16128 126 2139164 9941 1
1459947872421415 136 2256034 17040 130 2138441 9829 0
1459947872423192 141 2256034 17040 133 2138441 9829 1
1459947872424881 137 2255141 16530 131 2139055 9627 0
1459947872426822 136 2255141 16530 129 2139055 9627 1
1459947872428792 136 2253038 17176 131 2139621 9396 0
1459947872430780 139 2254939 17586 130 2138863 9359 0
1459947872432650 137 2254131 16955 131 2139444 9162 0
1459947872434038 120 2254131 16955 112 2139444 9162 1
1459947872435746 132 2254131 16955 125 2139444 9162 1
1459947872437674 137 2254131 16955 129 2139444 9162 1
1459947872439687 142 2254131 16955 132 2139444 9162 1
1459947872441615 143 2254131 16955 135 2139444 9162 1
1459947872443462 139 2255947 17304 132 2141259 10120 0
1459947872445204 134 2255947 17304 126 2141259 10120 1
1459947872447073 135 2255947 17304 126 2141259 10120 1
1459947872448711 135 2255947 17304 129 2141259 10120 1
1459947872450280 130 2255947 17304 123 2141259 10120 1
1459947872452089 138 2255947 17304 129 2141259 10120 1
1459947872453880 135 2255947 17304 128 2141259 10120 1
1459947872455902 138 2256341 16315 130 2140373 10145 0
1459947872457691 137 2256341 16315 129 2140373 10145 1
1459947872459452 137 2256341 16315 127 2140373 10145 1
1459947872461533 146 2256341 16315 137 2140373 10145 1
1459947872463186 132 2256341 16315 122 2140373 10145 1
1459947872464764 133 2256341 16315 125 2140373 10145 1
1459947872466270 126 2256341 16315 120 2140373 10145 1
1459947872467847 133 2256341 16315 124 2140373 10145 1
1459947872469781 140 2256341 16315 129 2140373 10145 1
1459947872471489 136 2256341 16315 129 2140373 10145 1
1459947872473119 131 2256341 16315 121 2140373 10145 1
1459947872474776 132 2256341 16315 124 2140373 10145 1
1459947872476454 131 2256341 16315 125 2140373 10145 1
1459947872478536 138 2256704 15375 130 2139556 10104 0
1459947872480419 140 2256704 15375 131 2139556 10104 1
1459947872482028 135 2256704 15375 126 2139556 10104 1
1459947872483643 135 2256704 15375 128 2139556 10104 1
1459947872485419 136 2256704 15375 129 2139556 10104 1
1459947872487162 137 2256704 15375 128 2139556 10104 1
1459947872488942 137 2255759 15044 131 2140083 9800 0
1459947872490687 133 2255759 15044 127 2140083 9800 1
1459947872492540 140 2255759 15044 131 2140083 9800 1
1459947872494390 139 2257447 15424 132 2141849 10662 0
1459947872496188 135 2257447 15424 128 2141849 10662 1
1459947872498006 135 2257447 15424 127 2141849 10662 1
1459947872499927 141 2257447 15424 135 2141849 10662 1
1459947872501876 141 2257447 15424 131 2141849 10662 1
1459947872503721 139 2259003 15654 132 2143477 11329 0
1459947872505660 140 2259003 15654 133 2143477 11329 1
1459947872507637 137 2259003 15654 129 2143477 11329 1
1459947872509610 136 2259003 15654 129 2143477 11329 1
1459947872511130 129 2259003 15654 120 2143477 11329 1
1459947872512529 127 2259003 15654 119 2143477 11329 1
1459947872513910 122 2259003 15654 116 2143477 11329 1
1459947872515577 130 2259003 15654 122 2143477 11329 1
1459947872517414 137 2257878 15467 130 2142417 11419 0
1459947872519236 137 2256841 15213 130 2141440 11426 0
1459947872521031 136 2254605 16085 130 2140540 11362 0
1459947872522467 134 2254605 16085 125 2140540 11362 1
1459947872524190 134 2254605 16085 125 2140540 11362 1
1459947872525782 134 2254605 16085 126 2140540 11362 1
1459947872527426 132 2254605 16085 124 2140540 11362 1
1459947872528911 128 2254605 16085 121 2140540 11362 1
1459947872530550 131 2254605 16085 123 2140540 11362 1
1459947872532008 121 2254605 16085 116 2140540 11362 1
1459947872533632 127 2254605 16085 122 2140540 11362 1
1459947872535511 137 2253823 15547 132 2142270 12069 0
1459947872537419 139 2255663 16028 132 2143865 12596 0
1459947872539510 140 2255663 16028 133 2143865 12596 1
1459947872541285 133 2255663 16028 125 2143865 12596 1
1459947872543162 137 2254799 15571 132 2145335 12966 0
1459947872544951 137 2254002 15087 131 2145410 12022 0
1459947872546737 135 2254002 15087 128 2145410 12022 1
1459947872548436 136 2254002 15087 127 2145410 12022 1
1459947872550249 140 2254002 15087 132 2145410 12022 1
1459947872552270 141 2254002 15087 133 2145410 12022 1
1459947872553784 123 2254002 15087 116 2145410 12022 1
1459947872555559 137 2254002 15087 129 2145410 12022 1
1459947872557074 128 2254002 15087 120 2145410 12022 1
1459947872558892 136 2254002 15087 129 2145410 12022 1
1459947872560451 135 2254002 15087 126 2145410 12022 1
1459947872562246 136 2254002 15087 126 2145410 12022 1
1459947872563922 133 2254002 15087 126 2145410 12022 1
1459947872565878 138 2254548 14411 130 2144199 12197 0
1459947872567664 135 2254548 14411 128 2144199 12197 1
1459947872569391 132 2254548 14411 123 2144199 12197 1
1459947872570972 135 2254548 14411 124 2144199 12197 1
1459947872572768 138 2254548 14411 129 2144199 12197 1
1459947872574373 131 2254548 14411 122 2144199 12197 1
1459947872576074 136 2254548 14411 128 2144199 12197 1
1459947872577852 134 2254548 14411 124 2144199 12197 1
1459947872579659 137 2254548 14411 128 2144199 12197 1
1459947872581507 132 2254548 14411 124 2144199 12197 1
1459947872583159 135 2254548 14411 128 2144199 12197 1
1459947872584782 132 2254548 14411 123 2144199 12197 1
1459947872586441 133 2254548 14411 128 2144199 12197 1
1459947872588561 139 2256331 14929 133 2146923 13755 0
1459947872590363 136 2256331 14929 128 2146923 13755 1
1459947872592199 138 2256695 14097 132 2148154 13815 0
1459947872593747 132 2256695 14097 125 2148154 13815 1
1459947872595471 135 2256695 14097 128 2148154 13815 1
1459947872597138 128 2256695 14097 121 2148154 13815 1
1459947872599049 142 2256695 14097 134 2148154 13815 1
1459947872600892 135 2253190 16225 130 2146729 14048 0
1459947872602605 130 2253190 16225 119 2146729 14048 1
1459947872604353 134 2253190 16225 127 2146729 14048 1
1459947872606058 130 2253190 16225 123 2146729 14048 1
1459947872607835 134 2253190 16225 129 2146729 14048 1
1459947872609795 137 2253190 16225 129 2146729 14048 1
1459947872611790 138 2253799 15518 132 2147975 14099 0
1459947872613733 139 2255640 16003 131 2147844 13117 0
1459947872615138 125 2255640 16003 118 2147844 13117 1
1459947872616640 124 2255640 16003 118 2147844 13117 1
1459947872618399 139 2257338 16317 132 2149003 13161 0
1459947872620175 134 2257338 16317 126 2149003 13161 1
1459947872622035 135 2257338 16317 127 2149003 13161 1
1459947872624030 138 2257623 15305 132 2150072 13117 0
1459947872626014 135 2257623 15305 127 2150072 13117 1
1459947872628037 135 2257623 15305 129 2150072 13117 1
1459947872629727 133 2257623 15305 126 2150072 13117 1
1459947872631270 129 2257623 15305 120 2150072 13117 1
1459947872633218 140 2257623 15305 131 2150072 13117 1
1459947872635174 138 2257623 15305 129 2150072 13117 1
1459947872637398 147 2257623 15305 141 2150072 13117 1
1459947872639269 139 2259166 15531 131 2149777 12363 0
1459947872641157 137 2259166 15531 128 2149777 12363 1
1459947872642873 132 2259166 15531 123 2149777 12363 1
1459947872644564 133 2259166 15531 125 2149777 12363 1
1459947872646269 135 2259166 15531 129 2149777 12363 1
1459947872647845 131 2259166 15531 123 2149777 12363 1
1459947872649680 138 2259308 14448 130 2148225 12827 0
1459947872651237 133 2259308 14448 125 2148225 12827 1
1459947872652903 135 2259308 14448 128 2148225 12827 1
1459947872654600 133 2259308 14448 124 2148225 12827 1
1459947872656570 142 2259308 14448 135 2148225 12827 1
1459947872658354 134 2259308 14448 126 2148225 12827 1
1459947872660275 139 2260719 14620 131 2148074 11962 0
1459947872662013 130 2260719 14620 124 2148074 11962 1
1459947872663713 133 2260719 14620 124 2148074 11962 1
1459947872665382 132 2260719 14620 127 2148074 11962 1
1459947872667102 137 2260719 14620 129 2148074 11962 1
1459947872668952 131 2260719 14620 124 2148074 11962 1
1459947872670908 136 2260719 14620 128 2148074 11962 1
1459947872672841 138 2260740 13496 132 2149215 12079 0
1459947872674900 145 2260740 13496 138 2149215 12079 1
1459947872677062 141 2260740 13496 132 2149215 12079 1
1459947872678920 134 2260740 13496 127 2149215 12079 1
1459947872680805 132 2260740 13496 121 2149215 12079 1
1459947872682641 137 2260740 13496 129 2149215 12079 1
1459947872684450 135 2260740 13496 128 2149215 12079 1
1459947872686282 136 2260740 13496 129 2149215 12079 1
1459947872687666 122 2260740 13496 116 2149215 12079 1
1459947872689220 127 2260740 13496 119 2149215 12079 1
1459947872690727 125 2260740 13496 117 2149215 12079 1
1459947872692352 135 2260740 13496 129 2149215 12079 1
1459947872694085 141 2260740 13496 133 2149215 12079 1
1459947872695985 141 2260740 13496 136 2149215 12079 1
1459947872697673 136 2260740 13496 128 2149215 12079 1
1459947872699251 133 2260740 13496 126 2149215 12079 1
1459947872700949 132 2260740 13496 123 2149215 12079 1
1459947872702577 129 2260740 13496 122 2149215 12079 1
1459947872704388 135 2260740 13496 128 2149215 12079 1
1459947872706148 138 2260759 12459 130 2147707 12524 0
1459947872707679 132 2260759 12459 125 2147707 12524 1
1459947872709304 135 2260759 12459 127 2147707 12524 1
1459947872711282 137 2259497 12648 130 2146317 12826 0
1459947872712943 133 2259497 12648 127 2146317 12826 1
1459947872714899 139 2260893 12946 132 2147595 13002 0
1459947872716761 136 2260893 12946 126 2147595 13002 1
1459947872718689 139 2262180 13121 132 2148774 13073 0
1459947872720395 138 2262087 12180 130 2147301 13408 0
1459947872722037 132 2262087 12180 128 2147301 13408 1
1459947872723769 131 2262087 12180 123 2147301 13408 1
1459947872725472 129 2262087 12180 122 2147301 13408 1
1459947872727096 130 2262087 12180 123 2147301 13408 1
1459947872728764 132 2262087 12180 125 2147301 13408 1
1459947872730491 137 2262087 12180 128 2147301 13408 1
1459947872732246 141 2262087 12180 132 2147301 13408 1
1459947872734014 138 2262001 11306 130 2145943 13611 0
1459947872735979 138 2262001 11306 129 2145943 13611 1
1459947872737927 138 2262001 11306 128 2145943 13611 1
1459947872739459 118 2262001 11306 113 2145943 13611 1
1459947872740790 96 2262001 11306 92 2145943 13611 1
1459947872742072 94 2262001 11306 88 2145943 13611 1
1459947872743275 105 2262001 11306 99 2145943 13611 1
1459947872744952 138 2261922 10494 130 2144691 13700 0
1459947872746538 137 2261922 10494 128 2144691 13700 1
1459947872748116 133 2261922 10494 125 2144691 13700 1
1459947872749836 136 2261922 10494 129 2144691 13700 1
1459947872751585 136 2261922 10494 124 2144691 13700 1
1459947872753385 138 2261922 10494 128 2144691 13700 1
1459947872755236 135 2261922 10494 127 2144691 13700 1
1459947872757136 134 2261922 10494 128 2144691 13700 1
1459947872758770 129 2261922 10494 123 2144691 13700 1
1459947872760516 131 2261922 10494 123 2144691 13700 1
1459947872762188 132 2261922 10494 122 2144691 13700 1
1459947872763932 137 2260569 10920 131 2144817 12745 0
1459947872765641 133 2260569 10920 124 2144817 12745 1
1459947872767380 133 2260569 10920 126 2144817 12745 1
1459947872769179 137 2260569 10920 129 2144817 12745 1
1459947872770770 129 2260569 10920 121 2144817 12745 1
1459947872772486 138 2260602 10096 131 2144933 11856 0
1459947872774123 136 2260602 10096 128 2144933 11856 1
1459947872776035 139 2260602 10096 128 2144933 11856 1
1459947872777696 132 2260602 10096 124 2144933 11856 1
1459947872779469 134 2260602 10096 127 2144933 11856 1
1459947872781192 135 2260602 10096 126 2144933 11856 1
1459947872783025 138 2260632 9335 130 2143760 12010 0
1459947872784907 138 2260660 8630 131 2143958 11254 0
1459947872786737 136 2260660 8630 129 2143958 11254 1
1459947872788527 134 2260660 8630 127 2143958 11254 1
1459947872790652 143 2260660 8630 134 2143958 11254 1
1459947872792446 139 2261965 9158 131 2144141 10542 0
1459947872794261 137 2261965 9158 128 2144141 10542 1
1459947872795995 134 2261965 9158 124 2144141 10542 1
1459947872797990 135 2261965 9158 128 2144141 10542 1
1459947872799832 140 2261965 9158 129 2144141 10542 1
1459947872801604 133 2261965 9158 126 2144141 10542 1
1459947872803313 132 2261965 9158 126 2144141 10542 1
1459947872805029 137 2261965 9158 129 2144141 10542 1
1459947872806957 139 2263168 9552 131 2144309 9873 0
1459947872808591 137 2261718 10141 131 2144464 9244 0
1459947872810641 143 2261718 10141 134 2144464 9244 1
1459947872812458 138 2261718 10141 129 2144464 9244 1
1459947872814175 133 2261718 10141 126 2144464 9244 1
1459947872815769 128 2261718 10141 119 2144464 9244 1
1459947872817530 135 2261718 10141 126 2144464 9244 1
1459947872819349 137 2261718 10141 128 2144464 9244 1
1459947872820997 136 2261718 10141 126 2144464 9244 1
1459947872822885 137 2260381 10580 130 2143327 9568 0
1459947872824680 135 2260381 10580 127 2143327 9568 1
1459947872826604 140 2260381 10580 131 2143327 9568 1
1459947872828367 134 2260381 10580 127 2143327 9568 1
1459947872830080 139 2261708 10977 130 2142279 9785 0
1459947872831591 133 2261708 10977 124 2142279 9785 1
1459947872833295 135 2261708 10977 128 2142279 9785 1
1459947872835187 139 2261708 10977 129 2142279 9785 1
1459947872836998 135 2261708 10977 129 2142279 9785 1
1459947872838769 135 2261708 10977 129 2142279 9785 1
1459947872840702 139 2262932 11247 130 2141313 9910 0
1459947872842500 136 2262932 11247 128 2141313 9910 1
1459947872844335 134 2262932 11247 128 2141313 9910 1
1459947872846161 138 2262932 11247 129 2141313 9910 1
1459947872847923 134 2262932 11247 125 2141313 9910 1
1459947872849805 139 2264060 11408 131 2141702 9494 0
1459947872851496 138 2263820 10736 131 2142061 9083 0
1459947872853311 136 2263820 10736 127 2142061 9083 1
1459947872855079 137 2263820 10736 127 2142061 9083 1
1459947872857019 138 2263599 10100 131 2142392 8678 0
1459947872858707 131 2263599 10100 125 2142392 8678 1
1459947872860339 136 2263599 10100 129 2142392 8678 1
1459947872862274 139 2264675 10302 131 2142697 8281 0
1459947872863928 136 2264675 10302 127 2142697 8281 1
1459947872865590 134 2264675 10302 129 2142697 8281 1
1459947872867602 142 2264675 10302 134 2142697 8281 1
1459947872869769 146 2264675 10302 138 2142697 8281 1
1459947872871573 137 2264675 10302 129 2142697 8281 1
1459947872873155 129 2264675 10302 121 2142697 8281 1
1459947872875045 135 2264675 10302 128 2142697 8281 1
1459947872876732 135 2264675 10302 125 2142697 8281 1
1459947872878707 137 2264675 10302 129 2142697 8281 1
1459947872880492 136 2264675 10302 127 2142697 8281 1
1459947872882427 140 2264675 10302 133 2142697 8281 1
1459947872884304 138 2264387 9762 130 2141698 8554 0
1459947872886044 134 2264387 9762 125 2141698 8554 1
1459947872887803 136 2264387 9762 124 2141698 8554 1
1459947872889458 136 2264387 9762 128 2141698 8554 1
1459947872891515 140 2264387 9762 132 2141698 8554 1
1459947872893490 139 2265401 9934 130 2140777 8733 0
1459947872895319 140 2265401 9934 133 2140777 8733 1
1459947872897260 141 2265401 9934 132 2140777 8733 1
1459947872898905 132 2265401 9934 125 2140777 8733 1
1459947872900641 136 2265401 9934 127 2140777 8733 1
1459947872902435 138 2265056 9474 131 2141208 8448 0
1459947872904230 138 2264738 9025 130 2140326 8600 0
1459947872906131 138 2264738 9025 129 2140326 8600 1
1459947872908022 140 2264738 9025 133 2140326 8600 1
1459947872909608 136 2264738 9025 127 2140326 8600 1
1459947872911347 135 2264738 9025 127 2140326 8600 1
1459947872913196 142 2264738 9025 135 2140326 8600 1
1459947872915215 140 2264738 9025 131 2140326 8600 1
1459947872917291 140 2264738 9025 133 2140326 8600 1
1459947872919011 136 2264738 9025 128 2140326 8600 1
1459947872920571 129 2264738 9025 123 2140326 8600 1
1459947872922459 135 2260605 12128 130 2139513 8677 0
1459947872924423 139 2261915 12387 131 2140043 8488 0
1459947872926211 138 2261842 11485 132 2141812 9454 0
1459947872928196 140 2261842 11485 131 2141812 9454 1
1459947872930039 138 2261775 10648 131 2142162 9038 0
1459947872932010 137 2261775 10648 126 2142162 9038 1
1459947872933798 133 2261775 10648 128 2142162 9038 1
1459947872935585 133 2261775 10648 124 2142162 9038 1
1459947872937238 130 2261775 10648 119 2142162 9038 1
1459947872938879 132 2261775 10648 123 2142162 9038 1
1459947872940563 133 2261775 10648 125 2142162 9038 1
1459947872942413 135 2261775 10648 126 2142162 9038 1
1459947872944244 137 2260433 11052 130 2141205 9212 0
1459947872946032 139 2261756 11408 132 2142883 10039 0
1459947872947732 133 2261756 11408 125 2142883 10039 1
1459947872949498 136 2261756 11408 128 2142883 10039 1
1459947872951020 132 2261756 11408 123 2142883 10039 1
1459947872952691 131 2261756 11408 126 2142883 10039 1
1459947872954515 136 2259136 12931 130 2141870 10187 0
1459947872956297 138 2259281 12053 130 2140936 10251 0
1459947872958226 136 2256854 13347 130 2140075 10243 0
1459947872959820 133 2256854 13347 125 2140075 10243 1
1459947872961612 136 2256854 13347 128 2140075 10243 1
1459947872963331 136 2256854 13347 129 2140075 10243 1
1459947872965023 131 2256854 13347 124 2140075 10243 1
1459947872966647 133 2256854 13347 126 2140075 10243 1
1459947872968588 136 2256854 13347 128 2140075 10243 1
1459947872970663 139 2258457 13782 131 2140561 9890 0
1459947872972722 139 2259935 14067 131 2141009 9530 0
1459947872974770 139 2261297 14224 130 2140142 9583 0
1459947872976792 139 2262553 14270 132 2141903 10457 0
1459947872978246 127 2262553 14270 121 2141903 10457 1
1459947872979870 131 2262553 14270 126 2141903 10457 1
1459947872981416 124 2262553 14270 117 2141903 10457 1
1459947872983103 131 2262553 14270 124 2141903 10457 1
1459947872984931 138 2262553 14270 129 2141903 10457 1
1459947872986643 136 2262553 14270 126 2141903 10457 1
1459947872988191 133 2262553 14270 125 2141903 10457 1
1459947872990058 138 2262431 13267 130 2140966 10502 0
1459947872991915 138 2262431 13267 129 2140966 10502 1
1459947872993840 136 2262431 13267 127 2140966 10502 1
1459947872995469 130 2262431 13267 122 2140966 10502 1
1459947872996907 126 2262431 13267 119 2140966 10502 1
1459947872998519 130 2262431 13267 121 2140966 10502 1
1459947873000334 139 2262431 13267 128 2140966 10502 1
1459947873002174 135 2262431 13267 129 2140966 10502 1
1459947873004279 144 2262431 13267 137 2140966 10502 1
1459947873005982 130 2262431 13267 124 2140966 10502 1
1459947873007739 135 2262431 13267 126 2140966 10502 1
1459947873009562 133 2262431 13267 126 2140966 10502 1
1459947873011008 129 2262431 13267 121 2140966 10502 1
1459947873012686 135 2262431 13267 127 2140966 10502 1
1459947873014663 139 2263598 13306 132 2142663 11245 0
1459947873016252 132 2263598 13306 125 2142663 11245 1
1459947873018086 134 2263598 13306 128 2142663 11245 1
1459947873020084 140 2263598 13306 130 2142663 11245 1
1459947873022175 141 2263598 13306 132 2142663 11245 1
1459947873023987 140 2263598 13306 131 2142663 11245 1
1459947873026121 140 2263598 13306 133 2142663 11245 1
1459947873027914 137 2263598 13306 129 2142663 11245 1
1459947873029699 135 2263598 13306 128 2142663 11245 1
1459947873031382 133 2263598 13306 126 2142663 11245 1
1459947873033232 136 2263598 13306 129 2142663 11245 1
1459947873034995 134 2263598 13306 127 2142663 11245 1
1459947873036880 135 2263598 13306 127 2142663 11245 1
1459947873038456 132 2263598 13306 122 2142663 11245 1
1459947873040187 135 2263598 13306 128 2142663 11245 1
1459947873042024 138 2263394 12453 131 2142947 10628 0
1459947873043852 136 2260646 14012 130 2141929 10735 0
1459947873045772 139 2261953 14121 132 2143550 11391 0
1459947873047420 134 2261953 14121 127 2143550 11391 1
1459947873049121 135 2261953 14121 127 2143550 11391 1
1459947873050754 133 2261953 14121 125 2143550 11391 1
1459947873052345 132 2261953 14121 124 2143550 11391 1
1459947873054044 134 2261953 14121 127 2143550 11391 1
1459947873055838 133 2261953 14121 125 2143550 11391 1
1459947873057617 135 2261953 14121 129 2143550 11391 1
1459947873059535 140 2261953 14121 131 2143550 11391 1
1459947873061506 140 2261953 14121 130 2143550 11391 1
1459947873063199 133 2261953 14121 126 2143550 11391 1
1459947873064912 136 2261953 14121 128 2143550 11391 1
1459947873066714 135 2261953 14121 126 2143550 11391 1
1459947873068688 137 2261953 14121 128 2143550 11391 1
1459947873070593 138 2261877 13086 130 2142485 11482 0
1459947873072370 135 2261877 13086 128 2142485 11482 1
1459947873074139 133 2261877 13086 127 2142485 11482 1
1459947873075820 135 2261877 13086 127 2142485 11482 1
1459947873077581 133 2261877 13086 126 2142485 11482 1
1459947873079425 138 2261807 12126 131 2142783 10859 0
1459947873081257 137 2260463 12416 130 2141778 10936 0
1459947873082971 132 2260463 12416 124 2141778 10936 1
1459947873084596 132 2260463 12416 125 2141778 10936 1
1459947873086504 137 2260463 12416 129 2141778 10936 1
1459947873088469 136 2257944 13767 130 2140851 10934 0
1459947873090415 137 2257944 13767 128 2140851 10934 1
1459947873092231 135 2257944 13767 125 2140851 10934 1
1459947873093603 127 2257944 13767 119 2140851 10934 1
1459947873095448 134 2257944 13767 127 2140851 10934 1
1459947873097331 137 2257944 13767 129 2140851 10934 1
1459947873099301 141 2257944 13767 134 2140851 10934 1
1459947873101279 140 2257944 13767 133 2140851 10934 1
1459947873103167 138 2258182 12910 131 2141277 10471 0
1459947873104875 134 2258182 12910 126 2141277 10471 1
1459947873106761 138 2258182 12910 129 2141277 10471 1
1459947873108569 139 2259681 13283 130 2140389 10469 0
1459947873110455 137 2258503 13330 130 2139571 10404 0
1459947873112322 137 2258503 13330 129 2139571 10404 1
1459947873113996 133 2258503 13330 126 2139571 10404 1
1459947873115724 134 2258503 13330 127 2139571 10404 1
1459947873117504 136 2258503 13330 129 2139571 10404 1
1459947873119442 144 2258503 13330 136 2139571 10404 1
1459947873121294 136 2256137 14468 130 2138817 10286 0
1459947873123120 136 2256137 14468 128 2138817 10286 1
1459947873124712 132 2256137 14468 124 2138817 10286 1
1459947873126382 136 2256137 14468 127 2138817 10286 1
1459947873128295 138 2256516 13686 131 2139401 10021 0
1459947873130097 134 2256516 13686 127 2139401 10021 1
1459947873131802 135 2256516 13686 127 2139401 10021 1
1459947873133664 138 2256865 12938 130 2138660 9920 0
1459947873135528 139 2258467 13404 131 2139257 9695 0
1459947873137582 143 2258467 13404 135 2139257 9695 1
1459947873139370 141 2258467 13404 133 2139257 9695 1
1459947873141070 136 2256104 14534 130 2138527 9609 0
1459947873142802 134 2256104 14534 128 2138527 9609 1
1459947873144661 137 2255205 14225 130 2137854 9477 0
1459947873146126 129 2255205 14225 123 2137854 9477 1
1459947873147925 137 2254377 13876 131 2138514 9344 0
1459947873149679 138 2254893 13267 132 2140402 10355 0
1459947873151224 125 2254893 13267 120 2140402 10355 1
1459947873152801 130 2254893 13267 124 2140402 10355 1
1459947873154586 137 2254089 12970 130 2139583 10300 0
1459947873156551 140 2254089 12970 133 2139583 10300 1
1459947873158299 134 2254089 12970 126 2139583 10300 1
1459947873160332 141 2254089 12970 133 2139583 10300 1
1459947873162222 137 2254089 12970 128 2139583 10300 1
1459947873164104 138 2254628 12453 131 2140108 9979 0
1459947873166100 141 2254628 12453 132 2140108 9979 1
1459947873167929 139 2256405 13118 131 2140592 9645 0
1459947873169702 133 2256405 13118 125 2140592 9645 1
1459947873171462 136 2256405 13118 124 2140592 9645 1
1459947873173220 133 2256405 13118 125 2140592 9645 1
1459947873175174 139 2258043 13603 130 2139758 9659 0
1459947873177347 143 2258043 13603 137 2139758 9659 1
1459947873179369 139 2259553 13932 132 2141549 10555 0
1459947873181223 136 2259553 13932 129 2141549 10555 1
1459947873182860 134 2259553 13932 127 2141549 10555 1
1459947873184649 135 2259553 13932 128 2141549 10555 1
1459947873186454 134 2259553 13932 129 2141549 10555 1
1459947873188336 136 2257105 15099 130 2140640 10567 0
1459947873189886 131 2257105 15099 121 2140640 10567 1
1459947873191677 138 2257408 14199 131 2141082 10148 0
1459947873193407 138 2257688 13347 131 2141489 9731 0
1459947873195176 137 2256666 13246 132 2143145 10496 0
1459947873197088 142 2256666 13246 131 2143145 10496 1
1459947873198874 134 2256666 13246 127 2143145 10496 1
1459947873200679 137 2256666 13246 129 2143145 10496 1
1459947873202476 137 2256666 13246 129 2143145 10496 1
1459947873204094 131 2256666 13246 126 2143145 10496 1
1459947873205943 133 2256666 13246 127 2143145 10496 1
1459947873207680 134 2256666 13246 128 2143145 10496 1
1459947873209297 127 2256666 13246 121 2143145 10496 1
1459947873210805 133 2256666 13246 125 2143145 10496 1
1459947873212659 138 2257003 12522 132 2144671 11083 0
1459947873214492 138 2257314 11830 130 2143518 11279 0
1459947873216386 139 2258881 12349 130 2142455 11376 0
1459947873218168 136 2256485 13591 130 2141475 11389 0
1459947873219966 137 2256485 13591 128 2141475 11389 1
1459947873221729 135 2252997 15744 131 2141852 10846 0
1459947873223645 139 2254901 16269 132 2143479 11498 0
1459947873225506 135 2254901 16269 129 2143479 11498 1
1459947873227293 137 2254901 16269 128 2143479 11498 1
1459947873229218 138 2254901 16269 128 2143479 11498 1
1459947873231147 135 2254901 16269 128 2143479 11498 1
1459947873232869 131 2254901 16269 123 2143479 11498 1
1459947873234968 140 2254901 16269 132 2143479 11498 1
1459947873237109 142 2254901 16269 134 2143479 11498 1
1459947873239056 135 2254901 16269 128 2143479 11498 1
1459947873240510 132 2254901 16269 126 2143479 11498 1
1459947873241974 129 2254901 16269 121 2143479 11498 1
1459947873243638 136 2254901 16269 129 2143479 11498 1
1459947873245305 135 2254901 16269 126 2143479 11498 1
1459947873247188 136 2254901 16269 128 2143479 11498 1
1459947873248880 135 2254901 16269 128 2143479 11498 1
1459947873250804 136 2254901 16269 129 2143479 11498 1
1459947873252753 143 2254901 16269 137 2143479 11498 1
1459947873254465 139 2256656 16615 132 2144979 11982 0
1459947873256408 141 2256656 16615 133 2144979 11982 1
1459947873258313 135 2256656 16615 129 2144979 11982 1
1459947873260139 137 2255714 16183 131 2145082 11140 0
1459947873261903 132 2255714 16183 126 2145082 11140 1
1459947873263840 141 2255714 16183 133 2145082 11140 1
1459947873265762 136 2255714 16183 128 2145082 11140 1
1459947873267471 134 2255714 16183 126 2145082 11140 1
1459947873269090 133 2255714 16183 124 2145082 11140 1
1459947873270857 137 2254846 15717 130 2143897 11360 0
1459947873272630 139 2256606 16111 132 2145365 11825 0
1459947873274489 138 2256948 15167 131 2145438 10968 0
1459947873276250 137 2256948 15167 128 2145438 10968 1
1459947873278131 137 2256948 15167 127 2145438 10968 1
1459947873279990 139 2258543 15453 130 2144225 11228 0
1459947873281673 128 2258543 15453 123 2144225 11228 1
1459947873283477 137 2257454 15248 131 2144387 10499 0
1459947873285266 136 2257454 15248 129 2144387 10499 1
1459947873287299 142 2257454 15248 132 2144387 10499 1
1459947873288941 132 2257454 15248 124 2144387 10499 1
1459947873290658 139 2257454 15248 129 2144387 10499 1
1459947873292366 137 2256450 14981 130 2143256 10719 0
1459947873294319 137 2256450 14981 128 2143256 10719 1
1459947873296123 132 2256450 14981 126 2143256 10719 1
1459947873297959 133 2256450 14981 127 2143256 10719 1
1459947873299526 133 2256450 14981 124 2143256 10719 1
1459947873301345 137 2255524 14662 131 2143494 10100 0
1459947873303132 136 2255524 14662 129 2143494 10100 1
1459947873304852 129 2255524 14662 122 2143494 10100 1
1459947873306433 132 2255524 14662 126 2143494 10100 1
1459947873308037 129 2255524 14662 123 2143494 10100 1
1459947873309845 137 2254671 14302 130 2142433 10287 0
1459947873311325 133 2254671 14302 125 2142433 10287 1
1459947873313210 142 2254671 14302 134 2142433 10287 1
1459947873315111 138 2255164 13639 133 2145295 12121 0
1459947873317093 139 2256899 14172 132 2146653 12426 0
1459947873318907 137 2256899 14172 129 2146653 12426 1
1459947873320657 134 2256899 14172 127 2146653 12426 1
1459947873322348 128 2256899 14172 122 2146653 12426 1
1459947873324264 133 2256899 14172 126 2146653 12426 1
1459947873325719 126 2256899 14172 119 2146653 12426 1
1459947873327359 132 2256899 14172 126 2146653 12426 1
1459947873329027 134 2256899 14172 125 2146653 12426 1
1459947873330996 139 2258498 14538 131 2146625 11480 0
1459947873333049 142 2258498 14538 134 2146625 11480 1
1459947873334888 129 2258498 14538 123 2146625 11480 1
1459947873336681 133 2258498 14538 126 2146625 11480 1
1459947873338346 135 2258498 14538 128 2146625 11480 1
1459947873340264 139 2259972 14761 131 2146599 10606 0
1459947873342316 141 2259972 14761 132 2146599 10606 1
1459947873344117 136 2259972 14761 129 2146599 10606 1
1459947873345971 133 2259972 14761 125 2146599 10606 1
1459947873347551 129 2259972 14761 123 2146599 10606 1
1459947873349029 125 2259972 14761 120 2146599 10606 1
1459947873350986 139 2261331 14860 131 2146575 9798 0
1459947873352764 134 2261331 14860 126 2146575 9798 1
1459947873354650 135 2261331 14860 127 2146575 9798 1
1459947873356313 135 2261331 14860 124 2146575 9798 1
1459947873357912 129 2261331 14860 122 2146575 9798 1
1459947873359594 133 2261331 14860 124 2146575 9798 1
1459947873361314 131 2261331 14860 123 2146575 9798 1
1459947873363035 129 2261331 14860 122 2146575 9798 1
1459947873365016 134 2261331 14860 128 2146575 9798 1
1459947873366645 135 2261331 14860 127 2146575 9798 1
1459947873368592 135 2261331 14860 129 2146575 9798 1
1459947873370473 140 2261331 14860 132 2146575 9798 1
1459947873372303 137 2260024 14903 131 2146553 9051 0
1459947873373965 133 2260024 14903 127 2146553 9051 1
1459947873375826 138 2260099 13807 130 2145253 9540 0
1459947873377641 135 2260099 13807 128 2145253 9540 1
1459947873379602 139 2261448 13972 131 2145335 8869 0
1459947873381594 137 2261448 13972 129 2145335 8869 1
1459947873383438 137 2260132 14092 130 2144130 9286 0
1459947873385022 128 2260132 14092 123 2144130 9286 1
1459947873386838 136 2260132 14092 128 2144130 9286 1
1459947873388690 135 2260132 14092 128 2144130 9286 1
1459947873390547 140 2260132 14092 132 2144130 9286 1
1459947873392482 140 2260132 14092 132 2144130 9286 1
1459947873394404 139 2261479 14232 131 2144299 8716 0
1459947873396329 137 2260160 14335 130 2143175 9070 0
1459947873398160 136 2257665 15515 130 2142139 9315 0
1459947873399704 128 2257665 15515 122 2142139 9315 1
1459947873401457 133 2257665 15515 126 2142139 9315 1
1459947873402968 131 2257665 15515 123 2142139 9315 1
1459947873404622 132 2257665 15515 125 2142139 9315 1
1459947873406426 137 2257665 15515 129 2142139 9315 1
1459947873408323 139 2259204 15721 133 2145024 11247 0
1459947873410255 141 2259204 15721 134 2145024 11247 1
1459947873411844 133 2259204 15721 127 2145024 11247 1
1459947873413555 136 2259204 15721 128 2145024 11247 1
1459947873415337 138 2259204 15721 129 2145024 11247 1
1459947873417205 136 2259204 15721 127 2145024 11247 1
1459947873418913 136 2259204 15721 128 2145024 11247 1
1459947873420695 136 2259204 15721 128 2145024 11247 1
1459947873422616 138 2259343 14620 131 2145124 10460 0
1459947873424539 136 2259343 14620 129 2145124 10460 1
1459947873426446 137 2259343 14620 129 2145124 10460 1
1459947873428373 139 2260751 14775 130 2143936 10737 0
1459947873430135 136 2260751 14775 128 2143936 10737 1
1459947873431900 135 2260751 14775 126 2143936 10737 1
1459947873433615 134 2260751 14775 127 2143936 10737 1
1459947873435380 133 2260751 14775 127 2143936 10737 1
1459947873437093 131 2260751 14775 125 2143936 10737 1
1459947873438670 130 2260751 14775 124 2143936 10737 1
1459947873440388 135 2260751 14775 127 2143936 10737 1
1459947873442366 136 2258209 15962 130 2142841 10907 0
1459947873443914 126 2258209 15962 120 2142841 10907 1
1459947873445779 130 2258209 15962 124 2142841 10907 1
1459947873447702 138 2258426 14914 132 2144391 11483 0
1459947873449288 132 2258426 14914 126 2144391 11483 1
1459947873451173 135 2258426 14914 127 2144391 11483 1
1459947873452979 137 2258426 14914 129 2144391 11483 1
1459947873454760 128 2258426 14914 121 2144391 11483 1
1459947873456329 131 2258426 14914 125 2144391 11483 1
1459947873458219 133 2258426 14914 125 2144391 11483 1
1459947873460044 137 2257346 14743 131 2144540 10722 0
1459947873461692 133 2257346 14743 126 2144540 10722 1
1459947873463484 136 2257346 14743 129 2144540 10722 1
1459947873465099 130 2257346 14743 121 2144540 10722 1
1459947873466591 133 2257346 14743 126 2144540 10722 1
1459947873468455 137 2257346 14743 127 2144540 10722 1
1459947873469923 126 2257346 14743 119 2144540 10722 1
1459947873471293 122 2257346 14743 114 2144540 10722 1
1459947873472688 121 2257346 14743 115 2144540 10722 1
1459947873474207 126 2257346 14743 120 2144540 10722 1
1459947873476155 136 2255070 15688 130 2143397 10936 0
1459947873478068 134 2255070 15688 126 2143397 10936 1
1459947873479803 134 2255070 15688 128 2143397 10936 1
1459947873481433 129 2255070 15688 121 2143397 10936 1
1459947873482899 129 2255070 15688 121 2143397 10936 1
1459947873484388 132 2255070 15688 123 2143397 10936 1
1459947873486398 139 2255070 15688 128 2143397 10936 1
1459947873488331 137 2254252 15215 131 2143624 10290 0
1459947873490188 138 2254778 14511 131 2143833 9679 0
1459947873492078 137 2254778 14511 128 2143833 9679 1
1459947873493823 134 2254778 14511 126 2143833 9679 1
1459947873495707 137 2254778 14511 129 2143833 9679 1
1459947873497547 134 2254778 14511 127 2143833 9679 1
1459947873499421 137 2253983 14109 130 2142746 9924 0
1459947873501181 133 2253983 14109 126 2142746 9924 1
1459947873503050 137 2253250 13681 130 2141743 10071 0
1459947873504998 138 2253854 13169 130 2140819 10135 0
1459947873506858 141 2253854 13169 131 2140819 10135 1
1459947873508707 138 2254411 12654 131 2141247 9738 0
1459947873510076 127 2254411 12654 121 2141247 9738 1
1459947873511629 129 2254411 12654 124 2141247 9738 1
1459947873513236 131 2254411 12654 123 2141247 9738 1
1459947873514833 126 2254411 12654 119 2141247 9738 1
1459947873516791 138 2254925 12138 131 2141642 9341 0
1459947873518828 139 2256678 12806 133 2144566 11306 0
1459947873520370 129 2256678 12806 125 2144566 11306 1
1459947873521896 125 2256678 12806 118 2144566 11306 1
1459947873523502 128 2256678 12806 122 2144566 11306 1
1459947873525354 140 2256678 12806 134 2144566 11306 1
1459947873527134 135 2256678 12806 127 2144566 11306 1
1459947873528822 132 2256678 12806 124 2144566 11306 1
1459947873530494 133 2256678 12806 125 2144566 11306 1
1459947873532121 135 2256678 12806 127 2144566 11306 1
1459947873533716 135 2256678 12806 127 2144566 11306 1
1459947873535477 133 2256678 12806 127 2144566 11306 1
1459947873537549 139 2258295 13295 132 2145981 11727 0
1459947873539129 126 2258295 13295 120 2145981 11727 1
1459947873540573 129 2258295 13295 122 2145981 11727 1
1459947873542068 131 2258295 13295 124 2145981 11727 1
1459947873543968 137 2258295 13295 129 2145981 11727 1
1459947873545908 145 2258295 13295 135 2145981 11727 1
1459947873547812 137 2258295 13295 129 2145981 11727 1
1459947873549241 129 2258295 13295 122 2145981 11727 1
1459947873550867 133 2258295 13295 126 2145981 11727 1
1459947873552671 137 2257225 13241 130 2144726 11966 0
1459947873554469 135 2257225 13241 128 2144726 11966 1
1459947873556227 135 2257225 13241 128 2144726 11966 1
1459947873557900 131 2257225 13241 124 2144726 11966 1
1459947873559570 129 2257225 13241 124 2144726 11966 1
1459947873561404 133 2257225 13241 128 2144726 11966 1
1459947873563293 137 2257225 13241 129 2144726 11966 1
1459947873565255 140 2257225 13241 132 2144726 11966 1
1459947873566840 128 2257225 13241 123 2144726 11966 1
1459947873568599 131 2257225 13241 125 2144726 11966 1
1459947873570218 131 2257225 13241 125 2144726 11966 1
1459947873571876 133 2257225 13241 125 2144726 11966 1
1459947873573579 135 2257225 13241 127 2144726 11966 1
1459947873575485 135 2257225 13241 129 2144726 11966 1
1459947873577762 139 2258799 13657 132 2146129 12324 0
1459947873579721 136 2258799 13657 128 2146129 12324 1
1459947873581613 137 2258799 13657 129 2146129 12324 1
1459947873583438 139 2260250 13927 133 2148702 13733 0
1459947873585173 134 2260250 13927 127 2148702 13733 1
1459947873586873 132 2260250 13927 125 2148702 13733 1
1459947873588423 129 2260250 13927 121 2148702 13733 1
1459947873590022 129 2260250 13927 122 2148702 13733 1
1459947873591924 138 2260307 12891 132 2149794 13667 0
1459947873593804 139 2261640 13112 131 2149521 12850 0
1459947873595457 133 2261640 13112 127 2149521 12850 1
1459947873597338 132 2261640 13112 127 2149521 12850 1
1459947873599033 132 2261640 13112 124 2149521 12850 1
1459947873600904 134 2261640 13112 128 2149521 12850 1
1459947873602305 129 2261640 13112 123 2149521 12850 1
1459947873603992 134 2261640 13112 128 2149521 12850 1
1459947873605686 130 2261640 13112 122 2149521 12850 1
1459947873607324 134 2261640 13112 128 2149521 12850 1
1459947873609332 135 2261640 13112 129 2149521 12850 1
1459947873611147 139 2262869 13220 132 2150549 12794 0
1459947873612723 133 2262869 13220 127 2150549 12794 1
1459947873614487 135 2262869 13220 129 2150549 12794 1
1459947873616276 135 2262869 13220 126 2150549 12794 1
1459947873618019 134 2262869 13220 128 2150549 12794 1
1459947873619703 135 2262869 13220 129 2150549 12794 1
1459947873621572 136 2260162 14682 130 2148937 13279 0
1459947873623161 131 2260162 14682 123 2148937 13279 1
1459947873624852 136 2260162 14682 129 2148937 13279 1
1459947873626615 136 2260162 14682 129 2148937 13279 1
1459947873628091 129 2260162 14682 122 2148937 13279 1
1459947873630039 135 2260162 14682 129 2148937 13279 1
1459947873631808 137 2258946 14654 131 2148731 12430 0
1459947873633464 131 2258946 14654 126 2148731 12430 1
1459947873635205 133 2258946 14654 128 2148731 12430 1
1459947873637071 135 2255265 16901 130 2147261 12812 0
1459947873638767 133 2255265 16901 127 2147261 12812 1
1459947873640365 134 2255265 16901 128 2147261 12812 1
1459947873642200 135 2251872 18707 131 2147186 11879 0
1459947873644258 141 2251872 18707 135 2147186 11879 1
1459947873646091 137 2251304 17768 131 2147117 11013 0
1459947873648162 137 2250780 16861 131 2147053 10210 0
1459947873650087 137 2250780 16861 129 2147053 10210 1
1459947873651979 137 2250297 15987 130 2145714 10645 0
1459947873653701 137 2250297 15987 129 2145714 10645 1
1459947873655431 132 2250297 15987 127 2145714 10645 1
1459947873656979 131 2250297 15987 126 2145714 10645 1
1459947873658698 132 2250297 15987 126 2145714 10645 1
1459947873660684 139 2252412 16688 134 2149600 13395 0
1459947873662549 141 2252412 16688 134 2149600 13395 1
1459947873664248 135 2252412 16688 129 2149600 13395 1
1459947873665981 132 2252412 16688 128 2149600 13395 1
1459947873668004 138 2253082 16001 132 2150622 13290 0
1459947873669783 134 2253082 16001 128 2150622 13290 1
1459947873671474 134 2253082 16001 129 2150622 13290 1
1459947873673233 135 2249859 17720 130 2149004 13741 0
1459947873675125 136 2249859 17720 129 2149004 13741 1
