1459947871376344 133 2179072 0 132 2162688 0 0
1459947871378266 133 2179072 0 131 2161408 1180 0
1459947871380294 137 2184192 4720 134 2164068 3539 0
1459947871382352 138 2190192 9882 134 2166520 5522 0
1459947871384172 132 2188043 11089 127 2159820 11265 0
1459947871386051 130 2183502 14408 127 2153644 16077 0
1459947871387992 132 2181875 14780 129 2150510 17708 0
1459947871390001 136 2185496 16963 134 2154021 19561 0
1459947871391982 138 2191394 21074 136 2159818 23376 0
1459947871393558 123 2177631 32114 123 2148522 31962 0
1459947871395245 127 2170063 36581 125 2140668 36703 0
1459947871396780 125 2160526 42514 123 2130868 42869 0
1459947871398420 128 2155574 43756 126 2125673 44307 0
1459947871400355 133 2157409 42029 130 2126004 41150 0
1459947871402320 132 2157821 39125 131 2127589 39397 0
1459947871404166 131 2156921 36897 129 2126491 37331 0
1459947871405887 124 2147131 43038 121 2115238 44786 0
1459947871407975 136 2153466 45515 133 2120225 45884 0
1459947871409901 132 2154186 42623 130 2120982 42997 0
1459947871411812 137 2161250 45805 131 2122960 41460 0
1459947871413551 135 2165202 45869 131 2124783 39901 0
1459947871415172 129 2161165 46006 125 2118784 42313 0
1459947871417012 131 2160003 43481 128 2117094 40564 0
1459947871418876 133 2161492 41457 131 2119376 39497 0
1459947871421156 146 2179505 54824 141 2134279 50150 0
1459947871423138 135 2182031 52868 134 2139058 50638 0
1459947871425176 136 2185639 52063 134 2143464 50742 0
1459947871427157 135 2187685 49882 131 2143685 46981 0
1459947871428607 108 2155012 76104 106 2111889 72621 0
1459947871430296 134 2158171 73070 131 2114577 69425 0
1459947871431910 129 2154683 70575 124 2108095 69975 0
1459947871433688 133 2156588 66817 129 2108520 64899 0
1459947871435711 136 2162184 66755 134 2115311 66089 0
1459947871437517 134 2164783 63935 131 2117732 63157 0
1459947871439396 140 2174859 68229 137 2127644 67359 0
1459947871441128 132 2173908 63774 128 2125261 64292 0
1459947871442747 127 2166631 65499 124 2117944 66013 0
1459947871444403 130 2163762 63024 129 2117599 61172 0
1459947871446366 134 2166238 60382 132 2121121 59639 0
1459947871448603 137 2172360 61308 133 2125648 59152 0
1459947871450471 131 2170324 58394 129 2124701 55402 0
1459947871452274 132 2169727 54380 130 2125108 51448 0
1459947871454055 129 2165337 54177 131 2126763 48954 0
1459947871455666 129 2161290 53674 127 2123169 48441 0
1459947871457601 137 2167799 55480 134 2128816 49862 0
1459947871459276 133 2168679 51956 132 2131462 48405 0
1459947871460760 128 2163090 53047 124 2123661 51814 0
1459947871462294 126 2155378 56010 121 2112629 57935 0
1459947871463956 130 2153389 53467 129 2112699 53473 0
1459947871465542 129 2150275 52159 126 2108924 52774 0
1459947871467393 133 2152524 50158 128 2108004 49498 0
1459947871469327 138 2160998 54051 136 2117396 54288 0
1459947871471359 137 2167530 55849 134 2123494 55668 0
1459947871473221 134 2169711 53496 132 2126556 54140 0
1459947871475108 134 2171722 51170 129 2125538 50847 0
1459947871477014 132 2171016 47822 129 2124600 47738 0
1459947871479016 134 2172925 45845 132 2127575 46751 0
1459947871480965 130 2169565 45360 128 2125198 45289 0
1459947871482946 135 2172867 44860 133 2129406 45630 0
1459947871484796 132 2172071 42088 130 2129446 42102 0
1459947871486678 131 2170057 40654 128 2126923 41137 0
1459947871488558 135 2173321 40486 135 2133557 44038 0
1459947871490304 132 2172490 38088 131 2134552 41515 0
1459947871492114 134 2174284 36766 133 2138030 41477 0
1459947871494041 135 2177218 36597 131 2138676 38831 0
1459947871496059 138 2183762 39770 136 2145671 42246 0
1459947871497684 129 2178275 41719 126 2139320 44799 0
1459947871499419 134 2179617 39696 131 2139865 41802 0
1459947871501129 128 2173174 42533 125 2132688 45152 0
1459947871502906 133 2173634 39634 130 2132471 41823 0
1459947871504786 133 2174058 36928 131 2133551 39551 0
1459947871506673 133 2174449 34404 129 2131987 37902 0
1459947871508509 131 2172250 33743 131 2133105 35971 0
1459947871510373 133 2172782 31597 131 2134136 34110 0
1459947871512490 137 2178393 34301 134 2138926 35861 0
1459947871514474 132 2177166 32752 125 2131822 39607 0
1459947871516407 131 2174754 32415 131 2132953 37555 0
1459947871518486 133 2175091 30193 131 2133996 35582 0
1459947871520335 132 2174122 28727 127 2129837 36635 0
1459947871522218 133 2174508 26838 130 2129843 33778 0
1459947871524164 135 2177424 27429 131 2131129 32324 0
1459947871525834 125 2167312 34607 125 2124634 35785 0
1459947871527474 132 2166950 32235 130 2125046 33369 0
1459947871529214 131 2165337 31202 128 2122866 32770 0
1459947871531110 132 2165130 28954 130 2123417 30717 0
1459947871532923 132 2164939 26866 130 2123925 28785 0
1459947871534812 139 2173723 32864 135 2130793 32867 0
1459947871536964 140 2183100 38941 137 2139684 38496 0
1459947871538638 128 2176385 42088 126 2133801 40911 0
1459947871540506 130 2172754 42145 131 2134777 38614 0
1459947871542473 134 2174527 40487 131 2135677 36427 0
1459947871544493 135 2177442 40010 133 2139067 36706 0
1459947871546624 137 2182689 41721 134 2143472 37899 0
1459947871548415 129 2177286 43441 125 2136013 41814 0
1459947871550326 133 2177425 40175 132 2138096 40468 0
1459947871552352 135 2180113 39514 134 2142577 41437 0
1459947871554374 138 2186431 42251 135 2147988 43187 0
1459947871556502 137 2190976 43140 134 2151696 43231 0
1459947871558641 137 2195166 43631 134 2155114 43004 0
1459947871560418 128 2187508 47281 125 2146745 47358 0
1459947871562225 129 2181728 48914 125 2139030 50769 0
1459947871564032 130 2177680 48823 127 2134478 50998 0
1459947871565701 127 2170108 51987 125 2127721 53241 0
1459947871567790 134 2172088 49750 133 2131732 52779 0
1459947871569951 135 2175193 48726 134 2136710 53244 0
1459947871571534 128 2169096 50539 126 2131059 54292 0
1459947871573194 129 2164755 50591 127 2127130 53672 0
1459947871574827 124 2154353 56226 123 2118387 57536 0
1459947871576351 127 2148604 57132 121 2107768 62830 0
1459947871578084 130 2147144 54013 124 2101818 63405 0
1459947871580138 135 2152198 54452 132 2106573 62834 0
1459947871582251 134 2155577 53312 129 2107116 58426 0
1459947871584357 137 2162532 55559 135 2115297 61403 0
1459947871586302 134 2165104 53589 131 2117719 58838 0
1459947871588309 136 2170035 53948 133 2122512 58659 0
1459947871590236 135 2173301 52743 132 2125650 56969 0
1459947871592171 138 2180151 54937 136 2133663 59905 0
1459947871594157 138 2186466 56467 137 2142330 63214 0
1459947871596154 135 2188448 53882 134 2146480 62101 0
1459947871598138 133 2187715 50347 129 2143906 59621 0
1459947871599938 131 2184479 49395 130 2142813 55970 0
1459947871601948 135 2186616 47506 131 2143085 51848 0
1459947871603961 132 2184746 45517 129 2140776 49925 0
1459947871605727 129 2179182 47088 126 2134807 51525 0
1459947871607653 132 2177893 44596 130 2134425 47850 0
1459947871609326 130 2174145 44566 127 2130233 47975 0
1459947871611300 138 2180929 47338 133 2134048 47743 0
1459947871613082 131 2178223 46132 131 2135005 44895 0
1459947871615088 134 2179569 43768 133 2138447 44560 0
1459947871617048 135 2182090 42672 134 2142900 45183 0
1459947871618984 137 2186974 43840 135 2148285 46618 0
1459947871620653 124 2174836 51604 121 2135330 54917 0
1459947871622530 131 2172606 49626 127 2131067 54555 0
1459947871624323 133 2173111 46213 131 2132257 51389 0
1459947871626447 139 2181256 50111 137 2141034 55465 0
1459947871628508 137 2186205 50758 135 2146565 56230 0
1459947871630267 129 2180527 52025 125 2138864 58935 0
1459947871632100 134 2181693 49035 131 2139445 54865 0
1459947871634111 135 2184048 47375 133 2142540 53432 0
1459947871636151 132 2182379 45211 131 2142834 49528 0
1459947871638178 137 2187240 46159 135 2148225 50627 0
1459947871639891 132 2185321 44320 129 2145514 49169 0
1459947871641526 130 2180992 44847 128 2141735 48810 0
1459947871643014 126 2171882 49741 123 2131851 54106 0
1459947871644540 129 2167323 50056 127 2127860 53557 0
1459947871646597 133 2168240 46991 130 2128020 49520 0
1459947871648228 127 2161406 49618 125 2121768 51414 0
1459947871650078 136 2166626 50553 132 2124964 50344 0
1459947871651782 129 2162478 50426 126 2120231 50773 0
1459947871653771 134 2165054 48861 133 2124827 51043 0
1459947871655515 129 2161029 48753 128 2122664 49048 0
1459947871657238 131 2159878 46004 129 2121950 45873 0
1459947871659051 133 2161377 43791 131 2123852 44043 0
1459947871660944 135 2165319 44003 131 2125606 42219 0
1459947871662632 129 2161273 44294 128 2123383 40969 0
1459947871664425 133 2162663 42114 131 2125173 39418 0
1459947871666139 128 2157544 43541 125 2119143 41896 0
1459947871667972 131 2156665 40948 126 2114864 42565 0
1459947871669810 135 2160975 41721 131 2117320 41503 0
1459947871671482 131 2159828 39517 127 2114464 40892 0
1459947871673445 136 2165171 41355 133 2119511 42350 0
1459947871675675 137 2171377 43845 134 2125444 44510 0
1459947871677448 130 2168138 43404 125 2119393 46609 0
1459947871679415 134 2170272 41980 133 2124055 47265 0
1459947871681420 133 2170959 39333 130 2124513 43994 0
1459947871683228 128 2165192 41575 127 2121095 43706 0
1459947871685168 135 2168836 41685 132 2124344 43286 0
1459947871686865 135 2172195 41525 133 2128619 43845 0
1459947871688925 142 2184252 49395 140 2141520 52312 0
1459947871690844 131 2181287 48269 127 2136773 52600 0
1459947871692681 135 2183673 46697 132 2138797 50356 0
1459947871694511 133 2183313 43379 131 2139383 46961 0
1459947871696341 133 2182981 40295 131 2139923 43790 0
1459947871698249 128 2176275 43327 128 2136581 43448 0
1459947871700298 135 2179053 42503 131 2137340 40753 0
1459947871702364 137 2184174 43903 133 2140600 40574 0
1459947871704389 136 2187615 43645 134 2144885 41354 0
1459947871706462 138 2193347 45519 134 2148835 41765 0
1459947871708528 139 2199911 48013 136 2155037 44219 0
1459947871710617 137 2203402 47480 135 2159474 44855 0
1459947871712482 135 2204061 44377 133 2161005 42761 0
1459947871714551 137 2207228 43830 135 2164976 43081 0
1459947871716567 135 2207588 40737 133 2166077 40730 0
1459947871718328 131 2202800 41967 128 2160692 42511 0
1459947871720227 129 2195826 45116 128 2155727 43765 0
1459947871721915 127 2186837 49877 125 2147310 48103 0
1459947871723758 136 2190070 48960 135 2152351 48991 0
1459947871725660 132 2187930 47107 129 2149318 47958 0
1459947871727442 134 2188517 43968 131 2149082 44428 0
1459947871729409 129 2182659 45933 126 2142464 47057 0
1459947871731214 129 2177258 47322 126 2136364 49003 0
1459947871733150 134 2178679 44934 131 2137140 45889 0
1459947871734845 126 2169749 49654 122 2126335 52262 0
1459947871736569 127 2162797 52182 126 2121495 52640 0
1459947871738553 131 2161508 49292 131 2123433 50313 0
1459947871740592 137 2168000 51426 136 2131619 53929 0
1459947871742499 132 2167585 47790 129 2130206 51017 0
1459947871744095 127 2160802 50308 126 2125063 51771 0
1459947871745801 132 2160949 46512 130 2125442 48075 0
1459947871747519 132 2161084 43003 127 2121951 47536 0
1459947871749599 139 2170169 48018 136 2130253 51475 0
1459947871751465 136 2174704 48447 133 2134066 50969 0
1459947871753278 137 2180165 49696 134 2138862 51408 0
1459947871755290 134 2181359 46914 130 2138163 48034 0
1459947871757000 130 2177340 46952 126 2132399 49594 0
1459947871758648 132 2176195 44338 130 2132205 45897 0
1459947871760255 126 2167459 48926 123 2123066 50735 0
1459947871762044 130 2164526 47806 129 2122321 47457 0
1459947871763920 133 2165662 45118 131 2124194 45476 0
1459947871766163 143 2179509 54358 140 2137441 54135 0
1459947871768027 135 2182034 52439 133 2140693 52903 0
1459947871770062 138 2188202 54028 133 2143691 51533 0
1459947871771924 134 2188768 50329 127 2138775 52037 0
1459947871773825 137 2193130 50418 136 2145763 54413 0
1459947871775255 121 2176671 61651 119 2130445 64282 0
1459947871777104 131 2174298 59021 129 2129123 60476 0
1459947871778722 129 2169550 58785 129 2127905 56873 0
1459947871780520 129 2165173 58226 127 2124222 55823 0
1459947871782472 132 2164978 53855 131 2125947 53051 0
1459947871784422 136 2169919 54202 134 2131377 53912 0
1459947871786556 136 2174474 54166 133 2135103 53135 0
1459947871788511 135 2177393 52625 132 2137258 50969 0
1459947871790427 136 2181364 52173 132 2139244 48818 0
1459947871792399 137 2186304 52651 134 2143635 49052 0
1459947871794415 136 2189579 51556 133 2146403 47771 0
1459947871796612 136 2192598 50311 130 2145115 45225 0
1459947871798588 131 2188981 49714 129 2142647 43965 0
1459947871800664 138 2194606 51016 137 2150612 47873 0
1459947871802599 133 2193392 48148 130 2148995 45622 0
1459947871804443 134 2193553 44534 132 2150064 43043 0
1459947871806243 128 2186021 47996 129 2147210 42310 0
1459947871807822 126 2176518 53006 123 2136899 48509 0
1459947871809705 133 2176717 49047 130 2136353 45221 0
1459947871811693 139 2184580 52464 133 2139690 44764 0
1459947871813491 136 2187989 51508 133 2142766 44102 0
1459947871815412 137 2192412 51560 133 2145602 43270 0
1459947871817194 132 2190089 49671 130 2144376 41018 0
1459947871819029 134 2190508 46176 131 2144526 37951 0
1459947871821179 134 2190894 42924 132 2145944 36294 0
1459947871823323 140 2198930 46978 137 2153652 40563 0
1459947871825165 137 2202498 46596 133 2155637 39224 0
1459947871827021 134 2201947 43462 131 2154907 36831 0
1459947871828871 130 2196319 45253 127 2149114 39292 0
1459947871830888 134 2196251 41779 130 2147614 37604 0
1459947871832525 129 2189788 44472 127 2142391 39480 0
1459947871834300 132 2187670 42948 128 2138856 39653 0
1459947871836034 131 2184438 42571 130 2138157 37198 0
1459947871837920 135 2186578 41218 133 2141353 37237 0
1459947871839663 130 2182151 42077 129 2139179 36330 0
1459947871841476 130 2178070 42550 126 2133335 38877 0
1459947871843305 133 2178148 39297 132 2135628 37953 0
1459947871845402 134 2179500 37472 132 2137742 36935 0
1459947871847386 134 2180746 35693 130 2137130 34612 0
1459947871849022 126 2171655 41284 120 2123766 44226 0
1459947871850801 129 2167114 42243 127 2120406 43866 0
1459947871852545 129 2162928 42800 127 2117309 43292 0
1459947871854242 133 2164189 40618 127 2114454 42540 0
1459947871856001 135 2167911 40875 128 2113102 40462 0
1459947871857807 136 2172622 42024 126 2109295 40808 0
1459947871859746 140 2172622 42024 132 2109295 40808 1
1459947871861528 141 2172622 42024 131 2109295 40808 1
1459947871863604 143 2172622 42024 136 2109295 40808 1
1459947871865333 132 2171845 39455 126 2105786 40853 0
1459947871867062 136 2176249 40432 127 2103831 39462 0
1459947871868965 137 2181589 42196 128 2103309 36860 0
1459947871870494 129 2181589 42196 122 2103309 36860 1
1459947871872162 133 2181589 42196 124 2103309 36860 1
1459947871874127 140 2181589 42196 132 2103309 36860 1
1459947871876009 140 2181589 42196 131 2103309 36860 1
1459947871877917 135 2183952 41077 128 2102827 34423 0
1459947871879697 134 2184850 38695 126 2099823 34501 0
1459947871881022 111 2184850 38695 102 2099823 34501 1
1459947871882584 138 2184850 38695 130 2099823 34501 1
1459947871884238 135 2186958 37614 128 2099614 31997 0
1459947871886080 137 2191461 38827 129 2100701 30499 0
1459947871887896 136 2194333 38440 130 2102983 30220 0
1459947871889373 126 2194333 38440 119 2102983 30220 1
1459947871891064 130 2194333 38440 124 2102983 30220 1
1459947871892589 128 2194333 38440 120 2102983 30220 1
1459947871894376 134 2194420 35516 127 2101247 29458 0
1459947871896141 135 2195780 33995 128 2100927 27450 0
1459947871897853 134 2195754 31362 126 2098072 27936 0
1459947871899797 138 2195754 31362 131 2098072 27936 1
1459947871901609 133 2194450 30112 126 2095440 28179 0
1459947871903130 128 2194450 30112 122 2095440 28179 1
1459947871904585 127 2194450 30112 122 2095440 28179 1
1459947871906391 135 2195808 29011 128 2095573 26100 0
1459947871908211 135 2197060 27898 128 2095696 24173 0
1459947871909946 131 2197060 27898 124 2095696 24173 1
1459947871911805 136 2199494 27962 129 2097089 23568 0
1459947871913877 139 2199494 27962 131 2097089 23568 1
1459947871915908 138 2199494 27962 130 2097089 23568 1
1459947871917802 135 2200458 26666 127 2095813 22901 0
1459947871919671 138 2200458 26666 131 2095813 22901 1
1459947871921591 141 2200458 26666 133 2095813 22901 1
1459947871923264 129 2200458 26666 120 2095813 22901 1
1459947871925005 133 2200458 26666 125 2095813 22901 1
1459947871926686 125 2200458 26666 118 2095813 22901 1
1459947871928375 131 2200458 26666 124 2095813 22901 1
1459947871930536 140 2200458 26666 131 2095813 22901 1
1459947871932662 139 2200458 26666 133 2095813 22901 1
1459947871934333 130 2200458 26666 121 2095813 22901 1
1459947871936163 136 2202627 26581 129 2097197 22387 0
1459947871938032 136 2204626 26347 131 2101033 24174 0
1459947871940053 143 2204626 26347 136 2101033 24174 1
1459947871941874 137 2207749 27167 131 2104569 25545 0
1459947871943714 137 2210628 27698 131 2107829 26554 0
1459947871945550 138 2214562 29161 131 2110834 27250 0
1459947871947299 136 2215629 27865 129 2111045 25315 0
1459947871948905 133 2215629 27865 125 2111045 25315 1
1459947871950887 140 2215629 27865 133 2111045 25315 1
1459947871952622 131 2215629 27865 124 2111045 25315 1
1459947871954460 138 2219172 28955 132 2115079 27056 0
1459947871956246 135 2218599 27220 127 2112398 27413 0
1459947871958290 144 2218599 27220 135 2112398 27413 1
1459947871960253 142 2218599 27220 134 2112398 27413 1
1459947871961946 133 2218599 27220 125 2112398 27413 1
1459947871963610 132 2214230 29119 127 2109926 27548 0
1459947871965275 133 2214230 29119 125 2109926 27548 1
1459947871967315 140 2214230 29119 131 2109926 27548 1
1459947871968920 130 2214230 29119 122 2109926 27548 1
1459947871970788 136 2215323 27851 129 2110208 25655 0
1459947871972424 133 2212490 28285 127 2107908 25770 0
1459947871974361 137 2214999 28388 131 2110907 26521 0
1459947871976270 141 2214999 28388 133 2110907 26521 1
1459947871978133 139 2214999 28388 130 2110907 26521 1
1459947871979930 138 2218592 29482 131 2113672 26998 0
1459947871981483 130 2218592 29482 123 2113672 26998 1
1459947871983321 134 2216784 28844 128 2112381 26077 0
1459947871985121 135 2216397 26946 128 2111191 25135 0
1459947871986797 136 2217320 25691 128 2110094 24182 0
1459947871988485 131 2217320 25691 123 2110094 24182 1
1459947871990089 133 2217320 25691 124 2110094 24182 1
1459947871991632 133 2217320 25691 125 2110094 24182 1
1459947871993374 137 2219451 25648 130 2111642 23719 0
1459947871995014 132 2219451 25648 124 2111642 23719 1
1459947871996914 141 2219451 25648 134 2111642 23719 1
1459947871998933 138 2222696 26635 132 2115629 25541 0
1459947872000643 132 2222696 26635 125 2115629 25541 1
1459947872002242 131 2222696 26635 123 2115629 25541 1
1459947872004089 134 2220567 26515 128 2114185 24875 0
1459947872005894 133 2220567 26515 126 2114185 24875 1
1459947872007529 133 2220567 26515 125 2114185 24875 1
1459947872009229 131 2220567 26515 125 2114185 24875 1
1459947872010790 132 2220567 26515 125 2114185 24875 1
1459947872012431 130 2220567 26515 125 2114185 24875 1
1459947872014281 131 2220567 26515 125 2114185 24875 1
1459947872016014 135 2219885 25071 129 2114134 22977 0
1459947872017805 136 2220536 23712 130 2115367 22317 0
1459947872019438 131 2220536 23712 125 2115367 22317 1
1459947872021304 135 2220536 23712 125 2115367 22317 1
1459947872023174 135 2219856 22485 128 2113943 21884 0
1459947872024867 134 2217949 22485 127 2111351 22563 0
1459947872026736 137 2220031 22648 131 2114081 23317 0
1459947872028646 134 2218111 22647 127 2111478 23894 0
1459947872030385 137 2220181 22785 128 2110358 23058 0
1459947872032134 137 2222089 22763 128 2109326 22207 0
1459947872033758 131 2222089 22763 123 2109326 22207 1
1459947872035428 136 2222089 22763 126 2109326 22207 1
1459947872037243 139 2222089 22763 131 2109326 22207 1
1459947872039061 137 2223848 22605 131 2112214 23135 0
1459947872040770 135 2222909 21702 130 2113597 22602 0
1459947872042571 138 2225884 22748 129 2113592 20840 0
1459947872044190 132 2220946 25521 127 2111027 21574 0
1459947872045905 134 2220946 25521 126 2111027 21574 1
1459947872047597 133 2220946 25521 124 2111027 21574 1
1459947872049344 135 2220234 24182 127 2108663 22067 0
1459947872051464 143 2220234 24182 135 2108663 22067 1
1459947872053475 136 2220858 22867 129 2109043 20694 0
1459947872055387 139 2220858 22867 134 2109043 20694 1
1459947872057281 139 2220858 22867 132 2109043 20694 1
1459947872059175 135 2220153 21729 129 2109394 19400 0
1459947872060846 131 2220153 21729 124 2109394 19400 1
1459947872062457 132 2220153 21729 126 2109394 19400 1
1459947872064273 131 2220153 21729 125 2109394 19400 1
1459947872066341 140 2220153 21729 131 2109394 19400 1
1459947872068093 138 2220153 21729 131 2109394 19400 1
1459947872070083 138 2220153 21729 132 2109394 19400 1
1459947872071880 135 2219503 20629 127 2107157 19945 0
1459947872073754 136 2220184 19645 129 2107655 18845 0
1459947872075608 140 2220184 19645 130 2107655 18845 1
1459947872077393 139 2220184 19645 130 2107655 18845 1
1459947872079159 136 2220812 18689 127 2105554 19308 0
1459947872080866 133 2220812 18689 126 2105554 19308 1
1459947872082633 139 2220812 18689 130 2105554 19308 1
1459947872084566 136 2221391 17761 127 2103617 19584 0
1459947872086412 139 2221391 17761 132 2103617 19584 1
1459947872088160 135 2220644 17060 127 2101831 19699 0
1459947872089943 134 2220644 17060 123 2101831 19699 1
1459947872091711 135 2220644 17060 126 2101831 19699 1
1459947872093630 139 2220644 17060 132 2101831 19699 1
1459947872095415 141 2220644 17060 135 2101831 19699 1
1459947872097355 139 2220644 17060 132 2101831 19699 1
1459947872099407 140 2220644 17060 133 2101831 19699 1
1459947872101322 135 2219956 16361 129 2102745 19003 0
1459947872103098 134 2219956 16361 126 2102745 19003 1
1459947872105207 139 2219956 16361 133 2102745 19003 1
1459947872107119 136 2220601 15677 128 2102308 17920 0
1459947872109014 137 2222476 16181 130 2104465 18508 0
1459947872111038 139 2222476 16181 132 2104465 18508 1
1459947872112846 141 2222476 16181 134 2104465 18508 1
1459947872114953 143 2222476 16181 133 2104465 18508 1
1459947872116748 135 2221645 15682 128 2103893 17588 0
1459947872118542 135 2220878 15162 127 2102086 17878 0
1459947872120327 133 2220878 15162 126 2102086 17878 1
1459947872121933 133 2220878 15162 125 2102086 17878 1
1459947872123520 134 2220878 15162 125 2102086 17878 1
1459947872125449 139 2220878 15162 132 2102086 17878 1
1459947872127376 138 2220878 15162 130 2102086 17878 1
1459947872129265 140 2220878 15162 133 2102086 17878 1
1459947872131350 140 2220878 15162 132 2102086 17878 1
1459947872133223 140 2220878 15162 131 2102086 17878 1
1459947872134997 139 2220878 15162 132 2102086 17878 1
1459947872136741 134 2218891 15807 127 2100420 18016 0
1459947872138895 140 2218891 15807 131 2100420 18016 1
1459947872140731 137 2220900 16424 132 2105284 21092 0
1459947872142388 136 2221472 15667 128 2104648 20029 0
1459947872144205 136 2221999 14929 129 2105342 19104 0
1459947872146098 141 2221999 14929 132 2105342 19104 1
1459947872147779 135 2221205 14493 128 2104702 18200 0
1459947872149319 131 2221205 14493 124 2104702 18200 1
1459947872151012 135 2220473 14034 127 2102832 18501 0
1459947872152855 136 2221078 13495 128 2102388 17464 0
1459947872154650 136 2221636 12954 130 2104538 18081 0
1459947872156363 136 2222150 12415 127 2102680 18379 0
1459947872158232 135 2221344 12187 128 2102248 17341 0
1459947872160187 136 2221881 11729 131 2105689 19159 0
1459947872162135 136 2222376 11268 130 2107582 19407 0
1459947872164099 139 2222376 11268 132 2107582 19407 1
1459947872165835 134 2220272 12325 128 2106767 18641 0
1459947872167638 132 2220272 12325 121 2106767 18641 1
1459947872169743 143 2220272 12325 136 2106767 18641 1
1459947872171867 143 2220272 12325 136 2106767 18641 1
1459947872173852 142 2220272 12325 134 2106767 18641 1
1459947872175846 137 2220272 12325 130 2106767 18641 1
1459947872177716 136 2220893 11934 130 2108575 18851 0
1459947872179363 134 2218905 12832 127 2106402 19380 0
1459947872181214 135 2218353 12337 128 2105679 18531 0
1459947872182909 137 2218353 12337 128 2105679 18531 1
1459947872184680 136 2219124 12083 129 2106292 17648 0
1459947872186441 135 2219124 12083 126 2106292 17648 1
1459947872188313 137 2219124 12083 131 2106292 17648 1
1459947872190048 136 2219834 11794 128 2105577 16927 0
1459947872191720 137 2219834 11794 127 2105577 16927 1
1459947872193515 138 2219834 11794 130 2105577 16927 1
1459947872195042 128 2219834 11794 121 2105577 16927 1
1459947872196967 137 2219834 11794 130 2105577 16927 1
1459947872198916 140 2219834 11794 134 2105577 16927 1
1459947872200988 140 2219834 11794 132 2105577 16927 1
1459947872202851 139 2219834 11794 131 2105577 16927 1
1459947872204763 138 2219834 11794 131 2105577 16927 1
1459947872206680 137 2219834 11794 128 2105577 16927 1
1459947872208327 129 2219834 11794 123 2105577 16927 1
1459947872210075 139 2219834 11794 131 2105577 16927 1
1459947872211911 139 2219834 11794 130 2105577 16927 1
1459947872213667 137 2219834 11794 132 2105577 16927 1
1459947872215474 135 2219209 11447 129 2106198 16177 0
1459947872217343 138 2219209 11447 131 2106198 16177 1
1459947872219054 132 2219209 11447 124 2106198 16177 1
1459947872220909 137 2219209 11447 130 2106198 16177 1
1459947872222661 137 2219209 11447 129 2106198 16177 1
1459947872224586 140 2219209 11447 132 2106198 16177 1
1459947872226489 137 2219209 11447 127 2106198 16177 1
1459947872228121 130 2219209 11447 123 2106198 16177 1
1459947872230145 140 2219209 11447 131 2106198 16177 1
1459947872232116 141 2219209 11447 133 2106198 16177 1
1459947872233954 137 2219209 11447 130 2106198 16177 1
1459947872235860 139 2219209 11447 131 2106198 16177 1
1459947872237608 138 2219209 11447 127 2106198 16177 1
1459947872239527 136 2219913 11201 130 2108051 16621 0
1459947872241515 136 2220562 10923 130 2109759 16897 0
1459947872243144 135 2219880 10697 127 2107494 17663 0
1459947872244754 135 2219251 10439 127 2105406 18207 0
1459947872246387 131 2219251 10439 123 2105406 18207 1
1459947872248258 139 2219251 10439 132 2105406 18207 1
1459947872250106 142 2219251 10439 134 2105406 18207 1
1459947872251723 130 2219251 10439 120 2105406 18207 1
1459947872253386 132 2219251 10439 124 2105406 18207 1
1459947872255354 139 2219251 10439 129 2105406 18207 1
1459947872257110 137 2219251 10439 128 2105406 18207 1
1459947872258769 133 2219251 10439 125 2105406 18207 1
1459947872260308 130 2219251 10439 123 2105406 18207 1
1459947872262153 136 2219952 10269 128 2104761 17378 0
1459947872263907 131 2219952 10269 124 2104761 17378 1
1459947872265559 132 2219952 10269 125 2104761 17378 1
1459947872266950 124 2219952 10269 115 2104761 17378 1
1459947872268660 135 2219318 10050 127 2102886 17747 0
1459947872270282 130 2219318 10050 122 2102886 17747 1
1459947872272027 136 2220013 9905 127 2101158 17952 0
1459947872273803 136 2220013 9905 126 2101158 17952 1
1459947872275663 134 2218094 10899 127 2099565 18017 0
1459947872277544 137 2218094 10899 131 2099565 18017 1
1459947872279256 135 2217605 10497 128 2099376 16782 0
1459947872280954 135 2217154 10091 128 2099202 15630 0
1459947872282763 135 2216738 9684 130 2101601 16620 0
1459947872284377 138 2216738 9684 130 2101601 16620 1
1459947872286272 138 2216738 9684 130 2101601 16620 1
1459947872288181 142 2216738 9684 133 2101601 16620 1
1459947872290028 136 2216738 9684 124 2101601 16620 1
1459947872291634 131 2216738 9684 123 2101601 16620 1
1459947872293132 133 2216738 9684 126 2101601 16620 1
1459947872295053 138 2216738 9684 131 2101601 16620 1
1459947872296821 137 2216738 9684 127 2101601 16620 1
1459947872298531 135 2216355 9279 128 2101253 15641 0
1459947872300251 137 2216355 9279 130 2101253 15641 1
1459947872301833 132 2216355 9279 124 2101253 15641 1
1459947872303707 137 2216355 9279 129 2101253 15641 1
1459947872305371 132 2216355 9279 125 2101253 15641 1
1459947872307312 141 2216355 9279 131 2101253 15641 1
1459947872309052 137 2216355 9279 130 2101253 15641 1
1459947872311064 137 2216355 9279 128 2101253 15641 1
1459947872312676 135 2216355 9279 126 2101253 15641 1
1459947872314307 132 2216355 9279 123 2101253 15641 1
1459947872316023 136 2217282 9408 130 2103492 16483 0
1459947872317645 135 2216856 9064 128 2102996 15651 0
1459947872319372 136 2217744 9173 129 2103819 15187 0
1459947872321308 137 2217744 9173 129 2103819 15187 1
1459947872322904 131 2217744 9173 122 2103819 15187 1
1459947872324446 126 2217744 9173 121 2103819 15187 1
1459947872326112 129 2217744 9173 121 2103819 15187 1
1459947872327996 139 2217744 9173 130 2103819 15187 1
1459947872329450 129 2217744 9173 120 2103819 15187 1
1459947872330771 122 2217744 9173 114 2103819 15187 1
1459947872332465 134 2217744 9173 125 2103819 15187 1
1459947872334243 135 2217282 8881 127 2102018 15660 0
1459947872335997 132 2217282 8881 125 2102018 15660 1
1459947872337626 132 2217282 8881 123 2102018 15660 1
1459947872339429 134 2215576 9758 128 2101637 14786 0
1459947872341370 139 2215576 9758 131 2101637 14786 1
1459947872343173 137 2215576 9758 131 2101637 14786 1
1459947872345127 142 2215576 9758 134 2101637 14786 1
1459947872346843 138 2215576 9758 130 2101637 14786 1
1459947872348525 131 2215576 9758 122 2101637 14786 1
1459947872350292 138 2215576 9758 128 2101637 14786 1
1459947872351829 131 2215576 9758 125 2101637 14786 1
1459947872353498 135 2215284 9264 128 2101286 13952 0
1459947872355035 130 2215284 9264 121 2101286 13952 1
1459947872356776 136 2216294 9472 128 2100963 13159 0
1459947872358716 136 2217226 9591 128 2100665 12404 0
1459947872360487 135 2216805 9228 128 2100390 11686 0
1459947872362308 138 2216805 9228 128 2100390 11686 1
1459947872364152 140 2216805 9228 133 2100390 11686 1
1459947872365826 132 2216805 9228 123 2100390 11686 1
1459947872367627 136 2216805 9228 126 2100390 11686 1
1459947872369471 140 2216805 9228 131 2100390 11686 1
1459947872371169 136 2217697 9329 129 2101417 11719 0
1459947872372734 133 2217697 9329 125 2101417 11719 1
1459947872374360 134 2217697 9329 125 2101417 11719 1
1459947872376106 131 2217697 9329 125 2101417 11719 1
1459947872377741 129 2217697 9329 124 2101417 11719 1
1459947872379481 135 2217239 9021 128 2101083 11110 0
1459947872381207 138 2217239 9021 130 2101083 11110 1
1459947872382849 127 2217239 9021 121 2101083 11110 1
1459947872384883 141 2217239 9021 134 2101083 11110 1
1459947872386728 136 2218097 9107 129 2102055 11138 0
1459947872388412 129 2218097 9107 124 2102055 11138 1
1459947872390062 134 2218097 9107 125 2102055 11138 1
1459947872391760 131 2218097 9107 122 2102055 11138 1
1459947872393369 135 2217608 8845 128 2101671 10620 0
1459947872395095 135 2217157 8568 129 2102597 10644 0
1459947872396753 134 2217157 8568 126 2102597 10644 1
1459947872398684 131 2217157 8568 125 2102597 10644 1
1459947872400761 136 2217157 8568 126 2102597 10644 1
1459947872402900 139 2217157 8568 131 2102597 10644 1
1459947872404745 136 2218021 8695 128 2102171 10204 0
1459947872406640 134 2218021 8695 126 2102171 10204 1
1459947872408461 137 2218021 8695 129 2102171 10204 1
1459947872410453 140 2218021 8695 133 2102171 10204 1
1459947872412426 138 2218021 8695 129 2102171 10204 1
1459947872414139 133 2218021 8695 126 2102171 10204 1
1459947872415946 128 2218021 8695 120 2102171 10204 1
1459947872417873 136 2218818 8749 129 2103058 10224 0
1459947872419574 134 2218818 8749 126 2103058 10224 1
1459947872421415 136 2219552 8742 130 2105156 11359 0
1459947872423192 141 2219552 8742 133 2105156 11359 1
1459947872424881 137 2219552 8742 131 2105156 11359 1
1459947872426822 136 2220229 8683 129 2105810 11074 0
1459947872428792 136 2220853 8579 131 2108973 13124 0
1459947872430780 139 2220853 8579 130 2108973 13124 1
1459947872432650 137 2220853 8579 131 2108973 13124 1
1459947872434038 120 2220853 8579 112 2108973 13124 1
1459947872435746 132 2220853 8579 125 2108973 13124 1
1459947872437674 137 2220853 8579 129 2108973 13124 1
1459947872439687 142 2220853 8579 132 2108973 13124 1
1459947872441615 143 2220853 8579 135 2108973 13124 1
1459947872443462 139 2220853 8579 132 2108973 13124 1
1459947872445204 134 2220853 8579 126 2108973 13124 1
1459947872447073 135 2220853 8579 126 2108973 13124 1
1459947872448711 135 2220148 8557 129 2109329 12426 0
1459947872450280 130 2220148 8557 123 2109329 12426 1
1459947872452089 138 2220148 8557 129 2109329 12426 1
1459947872453880 135 2219498 8486 128 2108377 12331 0
1459947872455902 138 2219498 8486 130 2108377 12331 1
1459947872457691 137 2219498 8486 129 2108377 12331 1
1459947872459452 137 2219498 8486 127 2108377 12331 1
1459947872461533 146 2219498 8486 137 2108377 12331 1
1459947872463186 132 2219498 8486 122 2108377 12331 1
1459947872464764 133 2219498 8486 125 2108377 12331 1
1459947872466270 126 2219498 8486 120 2108377 12331 1
1459947872467847 133 2219498 8486 124 2108377 12331 1
1459947872469781 140 2219498 8486 129 2108377 12331 1
1459947872471489 136 2220179 8451 129 2108780 11738 0
1459947872473119 131 2220179 8451 121 2108780 11738 1
1459947872474776 132 2220179 8451 124 2108780 11738 1
1459947872476454 131 2220179 8451 125 2108780 11738 1
1459947872478536 138 2220179 8451 130 2108780 11738 1
1459947872480419 140 2220179 8451 131 2108780 11738 1
1459947872482028 135 2220179 8451 126 2108780 11738 1
1459947872483643 135 2219527 8390 128 2107871 11657 0
1459947872485419 136 2220206 8360 129 2108313 11154 0
1459947872487162 137 2220206 8360 128 2108313 11154 1
1459947872488942 137 2220206 8360 131 2108313 11154 1
1459947872490687 133 2220206 8360 127 2108313 11154 1
1459947872492540 140 2220206 8360 131 2108313 11154 1
1459947872494390 139 2220206 8360 132 2108313 11154 1
1459947872496188 135 2219552 8308 128 2107441 11085 0
1459947872498006 135 2219552 8308 127 2107441 11085 1
1459947872499927 141 2219552 8308 135 2107441 11085 1
1459947872501876 141 2219552 8308 131 2107441 11085 1
1459947872503721 139 2219552 8308 132 2107441 11085 1
1459947872505660 140 2219552 8308 133 2107441 11085 1
1459947872507637 137 2219552 8308 129 2107441 11085 1
1459947872509610 136 2220229 8282 129 2107917 10656 0
1459947872511130 129 2220229 8282 120 2107917 10656 1
1459947872512529 127 2220229 8282 119 2107917 10656 1
1459947872513910 122 2220229 8282 116 2107917 10656 1
1459947872515577 130 2220229 8282 122 2107917 10656 1
1459947872517414 137 2220229 8282 130 2107917 10656 1
1459947872519236 137 2220229 8282 130 2107917 10656 1
1459947872521031 136 2220853 8209 130 2109635 11407 0
1459947872522467 134 2220853 8209 125 2109635 11407 1
1459947872524190 134 2220853 8209 125 2109635 11407 1
1459947872525782 134 2220853 8209 126 2109635 11407 1
1459947872527426 132 2220853 8209 124 2109635 11407 1
1459947872528911 128 2220853 8209 121 2109635 11407 1
1459947872530550 131 2220853 8209 123 2109635 11407 1
1459947872532008 121 2220853 8209 116 2109635 11407 1
1459947872533632 127 2220853 8209 122 2109635 11407 1
1459947872535511 137 2220853 8209 132 2109635 11407 1
1459947872537419 139 2220853 8209 132 2109635 11407 1
1459947872539510 140 2220853 8209 133 2109635 11407 1
1459947872541285 133 2220853 8209 125 2109635 11407 1
1459947872543162 137 2220853 8209 132 2109635 11407 1
1459947872544951 137 2220853 8209 131 2109635 11407 1
1459947872546737 135 2220148 8216 128 2108659 11413 0
1459947872548436 136 2220148 8216 127 2108659 11413 1
1459947872550249 140 2220148 8216 132 2108659 11413 1
1459947872552270 141 2220148 8216 133 2108659 11413 1
1459947872553784 123 2220148 8216 116 2108659 11413 1
1459947872555559 137 2220148 8216 129 2108659 11413 1
1459947872557074 128 2220148 8216 120 2108659 11413 1
1459947872558892 136 2220778 8155 129 2109040 10872 0
1459947872560451 135 2220778 8155 126 2109040 10872 1
1459947872562246 136 2220778 8155 126 2109040 10872 1
1459947872563922 133 2220778 8155 126 2109040 10872 1
1459947872565878 138 2220778 8155 130 2109040 10872 1
1459947872567664 135 2220079 8160 128 2108111 10878 0
1459947872569391 132 2220079 8160 123 2108111 10878 1
1459947872570972 135 2220079 8160 124 2108111 10878 1
1459947872572768 138 2220079 8160 129 2108111 10878 1
1459947872574373 131 2220079 8160 122 2108111 10878 1
1459947872576074 136 2220715 8108 128 2107254 10817 0
1459947872577852 134 2220715 8108 124 2107254 10817 1
1459947872579659 137 2220715 8108 128 2107254 10817 1
1459947872581507 132 2220715 8108 124 2107254 10817 1
1459947872583159 135 2220021 8113 128 2106464 10698 0
1459947872584782 132 2220021 8113 123 2106464 10698 1
1459947872586441 133 2216821 10428 128 2105736 10532 0
1459947872588561 139 2216821 10428 133 2105736 10532 1
1459947872590363 136 2217711 10434 128 2105065 10327 0
1459947872592199 138 2217711 10434 132 2105065 10327 1
1459947872593747 132 2217711 10434 125 2105065 10327 1
1459947872595471 135 2217252 10040 128 2104446 10089 0
1459947872597138 128 2217252 10040 121 2104446 10089 1
1459947872599049 142 2217252 10040 134 2104446 10089 1
1459947872600892 135 2216829 9644 130 2106436 11134 0
1459947872602605 130 2216829 9644 119 2106436 11134 1
1459947872604353 134 2216829 9644 127 2106436 11134 1
1459947872606058 130 2216829 9644 123 2106436 11134 1
1459947872607835 134 2215159 10429 129 2106990 10775 0
1459947872609795 137 2215159 10429 129 2106990 10775 1
1459947872611790 138 2215159 10429 132 2106990 10775 1
1459947872613733 139 2215159 10429 131 2106990 10775 1
1459947872615138 125 2215159 10429 118 2106990 10775 1
1459947872616640 124 2215159 10429 118 2106990 10775 1
1459947872618399 139 2215159 10429 132 2106990 10775 1
1459947872620175 134 2215159 10429 126 2106990 10775 1
1459947872622035 135 2215159 10429 127 2106990 10775 1
1459947872624030 138 2215159 10429 132 2106990 10775 1
1459947872626014 135 2215159 10429 127 2106990 10775 1
1459947872628037 135 2214899 9852 129 2107501 10404 0
1459947872629727 133 2214899 9852 126 2107501 10404 1
1459947872631270 129 2214899 9852 120 2107501 10404 1
1459947872633218 140 2214899 9852 131 2107501 10404 1
1459947872635174 138 2214899 9852 129 2107501 10404 1
1459947872637398 147 2214899 9852 141 2107501 10404 1
1459947872639269 139 2214899 9852 131 2107501 10404 1
1459947872641157 137 2214899 9852 128 2107501 10404 1
1459947872642873 132 2214899 9852 123 2107501 10404 1
1459947872644564 133 2214899 9852 125 2107501 10404 1
1459947872646269 135 2214660 9302 129 2107972 10025 0
1459947872647845 131 2214660 9302 123 2107972 10025 1
1459947872649680 138 2214660 9302 130 2107972 10025 1
1459947872651237 133 2214660 9302 125 2107972 10025 1
1459947872652903 135 2214439 8778 128 2107126 10020 0
1459947872654600 133 2214439 8778 124 2107126 10020 1
1459947872656570 142 2214439 8778 135 2107126 10020 1
1459947872658354 134 2214439 8778 126 2107126 10020 1
1459947872660275 139 2214439 8778 131 2107126 10020 1
1459947872662013 130 2214439 8778 124 2107126 10020 1
1459947872663713 133 2214439 8778 124 2107126 10020 1
1459947872665382 132 2214439 8778 127 2107126 10020 1
1459947872667102 137 2214439 8778 129 2107126 10020 1
1459947872668952 131 2214439 8778 124 2107126 10020 1
1459947872670908 136 2215515 9084 128 2106346 9955 0
1459947872672841 138 2215515 9084 132 2106346 9955 1
1459947872674900 145 2215515 9084 138 2106346 9955 1
1459947872677062 141 2215515 9084 132 2106346 9955 1
1459947872678920 134 2215515 9084 127 2106346 9955 1
1459947872680805 132 2215515 9084 121 2106346 9955 1
1459947872682641 137 2215515 9084 129 2106346 9955 1
1459947872684450 135 2215227 8638 128 2105627 9839 0
1459947872686282 136 2216242 8899 129 2106244 9639 0
1459947872687666 122 2216242 8899 116 2106244 9639 1
1459947872689220 127 2216242 8899 119 2106244 9639 1
1459947872690727 125 2216242 8899 117 2106244 9639 1
1459947872692352 135 2215898 8520 129 2106813 9410 0
1459947872694085 141 2215898 8520 133 2106813 9410 1
1459947872695985 141 2215898 8520 136 2106813 9410 1
1459947872697673 136 2216860 8741 128 2106058 9369 0
1459947872699251 133 2216860 8741 126 2106058 9369 1
1459947872700949 132 2216860 8741 123 2106058 9369 1
1459947872702577 129 2216860 8741 122 2106058 9369 1
1459947872704388 135 2216467 8419 128 2105362 9278 0
1459947872706148 138 2216467 8419 130 2105362 9278 1
1459947872707679 132 2216467 8419 125 2105362 9278 1
1459947872709304 135 2216467 8419 127 2105362 9278 1
1459947872711282 137 2216467 8419 130 2105362 9278 1
1459947872712943 133 2216467 8419 127 2105362 9278 1
1459947872714899 139 2216467 8419 132 2105362 9278 1
1459947872716761 136 2216467 8419 126 2105362 9278 1
1459947872718689 139 2216467 8419 132 2105362 9278 1
1459947872720395 138 2216467 8419 130 2105362 9278 1
1459947872722037 132 2212265 11634 128 2104720 9144 0
1459947872723769 131 2212265 11634 123 2104720 9144 1
1459947872725472 129 2212265 11634 122 2104720 9144 1
1459947872727096 130 2212265 11634 123 2104720 9144 1
1459947872728764 132 2212265 11634 125 2104720 9144 1
1459947872730491 137 2212265 11634 128 2104720 9144 1
1459947872732246 141 2212265 11634 132 2104720 9144 1
1459947872734014 138 2212265 11634 130 2104720 9144 1
1459947872735979 138 2212265 11634 129 2104720 9144 1
1459947872737927 138 2212265 11634 128 2104720 9144 1
1459947872739459 118 2212265 11634 113 2104720 9144 1
1459947872740790 96 2212265 11634 92 2104720 9144 1
1459947872742072 94 2212265 11634 88 2104720 9144 1
1459947872743275 105 2212265 11634 99 2104720 9144 1
1459947872744952 138 2212265 11634 130 2104720 9144 1
1459947872746538 137 2212265 11634 128 2104720 9144 1
1459947872748116 133 2212265 11634 125 2104720 9144 1
1459947872749836 136 2213511 11874 129 2105408 9064 0
1459947872751585 136 2213511 11874 124 2105408 9064 1
1459947872753385 138 2213511 11874 128 2105408 9064 1
1459947872755236 135 2213511 11874 127 2105408 9064 1
1459947872757136 134 2212100 12246 128 2104763 8949 0
1459947872758770 129 2212100 12246 123 2104763 8949 1
1459947872760516 131 2212100 12246 123 2104763 8949 1
1459947872762188 132 2212100 12246 122 2104763 8949 1
1459947872763932 137 2212100 12246 131 2104763 8949 1
1459947872765641 133 2212100 12246 124 2104763 8949 1
1459947872767380 133 2212100 12246 126 2104763 8949 1
1459947872769179 137 2212100 12246 129 2104763 8949 1
1459947872770770 129 2212100 12246 121 2104763 8949 1
1459947872772486 138 2212100 12246 131 2104763 8949 1
1459947872774123 136 2213359 12450 128 2104168 8797 0
1459947872776035 139 2213359 12450 128 2104168 8797 1
1459947872777696 132 2213359 12450 124 2104168 8797 1
1459947872779469 134 2213359 12450 127 2104168 8797 1
1459947872781192 135 2213359 12450 126 2104168 8797 1
1459947872783025 138 2213359 12450 130 2104168 8797 1
1459947872784907 138 2213359 12450 131 2104168 8797 1
1459947872786737 136 2214520 12547 129 2104899 8783 0
1459947872788527 134 2214520 12547 127 2104899 8783 1
1459947872790652 143 2214520 12547 134 2104899 8783 1
1459947872792446 139 2214520 12547 131 2104899 8783 1
1459947872794261 137 2214520 12547 128 2104899 8783 1
1459947872795995 134 2214520 12547 124 2104899 8783 1
1459947872797990 135 2214310 11758 128 2104293 8653 0
1459947872799832 140 2214310 11758 129 2104293 8653 1
1459947872801604 133 2214310 11758 126 2104293 8653 1
1459947872803313 132 2214310 11758 126 2104293 8653 1
1459947872805029 137 2214310 11758 129 2104293 8653 1
1459947872806957 139 2214310 11758 131 2104293 8653 1
1459947872808591 137 2214310 11758 131 2104293 8653 1
1459947872810641 143 2214310 11758 134 2104293 8653 1
1459947872812458 138 2214310 11758 129 2104293 8653 1
1459947872814175 133 2214310 11758 126 2104293 8653 1
1459947872815769 128 2214310 11758 119 2104293 8653 1
1459947872817530 135 2214310 11758 126 2104293 8653 1
1459947872819349 137 2214310 11758 128 2104293 8653 1
1459947872820997 136 2214310 11758 126 2104293 8653 1
1459947872822885 137 2214310 11758 130 2104293 8653 1
1459947872824680 135 2214310 11758 127 2104293 8653 1
1459947872826604 140 2214310 11758 131 2104293 8653 1
1459947872828367 134 2214310 11758 127 2104293 8653 1
1459947872830080 139 2214310 11758 130 2104293 8653 1
1459947872831591 133 2214310 11758 124 2104293 8653 1
1459947872833295 135 2214117 11016 128 2103735 8490 0
1459947872835187 139 2214117 11016 129 2103735 8490 1
1459947872836998 135 2213939 10318 129 2104500 8531 0
1459947872838769 135 2213775 9662 129 2105205 8514 0
1459947872840702 139 2213775 9662 130 2105205 8514 1
1459947872842500 136 2214903 9947 128 2104575 8427 0
1459947872844335 134 2213383 10569 128 2103995 8302 0
1459947872846161 138 2213383 10569 129 2103995 8302 1
1459947872847923 134 2213383 10569 125 2103995 8302 1
1459947872849805 139 2213383 10569 131 2103995 8302 1
1459947872851496 138 2213383 10569 131 2103995 8302 1
1459947872853311 136 2213383 10569 127 2103995 8302 1
1459947872855079 137 2213383 10569 127 2103995 8302 1
1459947872857019 138 2213383 10569 131 2103995 8302 1
1459947872858707 131 2213383 10569 125 2103995 8302 1
1459947872860339 136 2214542 10811 129 2104740 8340 0
1459947872862274 139 2214542 10811 131 2104740 8340 1
1459947872863928 136 2214542 10811 127 2104740 8340 1
1459947872865590 134 2213050 11340 129 2105427 8321 0
1459947872867602 142 2213050 11340 134 2105427 8321 1
1459947872869769 146 2213050 11340 138 2105427 8321 1
1459947872871573 137 2213050 11340 129 2105427 8321 1
1459947872873155 129 2213050 11340 121 2105427 8321 1
1459947872875045 135 2212955 10541 128 2104780 8265 0
1459947872876732 135 2212955 10541 125 2104780 8265 1
1459947872878707 137 2212955 10541 129 2104780 8265 1
1459947872880492 136 2212955 10541 127 2104780 8265 1
1459947872882427 140 2212955 10541 133 2104780 8265 1
1459947872884304 138 2212955 10541 130 2104780 8265 1
1459947872886044 134 2212955 10541 125 2104780 8265 1
1459947872887803 136 2212955 10541 124 2104780 8265 1
1459947872889458 136 2214147 10816 128 2104184 8168 0
1459947872891515 140 2214147 10816 132 2104184 8168 1
1459947872893490 139 2214147 10816 130 2104184 8168 1
1459947872895319 140 2214147 10816 133 2104184 8168 1
1459947872897260 141 2214147 10816 132 2104184 8168 1
1459947872898905 132 2214147 10816 125 2104184 8168 1
1459947872900641 136 2214147 10816 127 2104184 8168 1
1459947872902435 138 2214147 10816 131 2104184 8168 1
1459947872904230 138 2214147 10816 130 2104184 8168 1
1459947872906131 138 2214147 10816 129 2104184 8168 1
1459947872908022 140 2214147 10816 133 2104184 8168 1
1459947872909608 136 2214147 10816 127 2104184 8168 1
1459947872911347 135 2214147 10816 127 2104184 8168 1
1459947872913196 142 2214147 10816 135 2104184 8168 1
1459947872915215 140 2214147 10816 131 2104184 8168 1
1459947872917291 140 2214147 10816 133 2104184 8168 1
1459947872919011 136 2215246 10984 128 2103634 8035 0
1459947872920571 129 2215246 10984 123 2103634 8035 1
1459947872922459 135 2214979 10370 130 2105687 9300 0
1459947872924423 139 2214979 10370 131 2105687 9300 1
1459947872926211 138 2214979 10370 132 2105687 9300 1
1459947872928196 140 2214979 10370 131 2105687 9300 1
1459947872930039 138 2214979 10370 131 2105687 9300 1
1459947872932010 137 2214979 10370 126 2105687 9300 1
1459947872933798 133 2212173 12145 128 2105020 9187 0
1459947872935585 133 2212173 12145 124 2105020 9187 1
1459947872937238 130 2212173 12145 119 2105020 9187 1
1459947872938879 132 2212173 12145 123 2105020 9187 1
1459947872940563 133 2212173 12145 125 2105020 9187 1
1459947872942413 135 2212173 12145 126 2105020 9187 1
1459947872944244 137 2212173 12145 130 2105020 9187 1
1459947872946032 139 2212173 12145 132 2105020 9187 1
1459947872947732 133 2212173 12145 125 2105020 9187 1
1459947872949498 136 2213426 12352 128 2104405 9035 0
1459947872951020 132 2213426 12352 123 2104405 9035 1
1459947872952691 131 2213426 12352 126 2104405 9035 1
1459947872954515 136 2214582 12452 130 2106398 10166 0
1459947872956297 138 2214582 12452 130 2106398 10166 1
1459947872958226 136 2215647 12461 130 2108235 11065 0
1459947872959820 133 2215647 12461 125 2108235 11065 1
1459947872961612 136 2216629 12392 128 2107369 10998 0
1459947872963331 136 2217534 12258 129 2107850 10582 0
1459947872965023 131 2217534 12258 124 2107850 10582 1
1459947872966647 133 2217534 12258 126 2107850 10582 1
1459947872968588 136 2218369 12069 128 2107014 10525 0
1459947872970663 139 2218369 12069 131 2107014 10525 1
1459947872972722 139 2218369 12069 131 2107014 10525 1
1459947872974770 139 2218369 12069 130 2107014 10525 1
1459947872976792 139 2218369 12069 132 2107014 10525 1
1459947872978246 127 2218369 12069 121 2107014 10525 1
1459947872979870 131 2218369 12069 126 2107014 10525 1
1459947872981416 124 2218369 12069 117 2107014 10525 1
1459947872983103 131 2218369 12069 124 2107014 10525 1
1459947872984931 138 2218369 12069 129 2107014 10525 1
1459947872986643 136 2218369 12069 126 2107014 10525 1
1459947872988191 133 2218369 12069 125 2107014 10525 1
1459947872990058 138 2218369 12069 130 2107014 10525 1
1459947872991915 138 2218369 12069 129 2107014 10525 1
1459947872993840 136 2218369 12069 127 2107014 10525 1
1459947872995469 130 2218369 12069 122 2107014 10525 1
1459947872996907 126 2218369 12069 119 2107014 10525 1
1459947872998519 130 2218369 12069 121 2107014 10525 1
1459947873000334 139 2218369 12069 128 2107014 10525 1
1459947873002174 135 2217858 11596 129 2107523 10171 0
1459947873004279 144 2217858 11596 137 2107523 10171 1
1459947873005982 130 2217858 11596 124 2107523 10171 1
1459947873007739 135 2217858 11596 126 2107523 10171 1
1459947873009562 133 2217858 11596 126 2107523 10171 1
1459947873011008 129 2217858 11596 121 2107523 10171 1
1459947873012686 135 2217858 11596 127 2107523 10171 1
1459947873014663 139 2217858 11596 132 2107523 10171 1
1459947873016252 132 2217858 11596 125 2107523 10171 1
1459947873018086 134 2216107 12303 128 2106712 10122 0
1459947873020084 140 2216107 12303 130 2106712 10122 1
1459947873022175 141 2216107 12303 132 2106712 10122 1
1459947873023987 140 2216107 12303 131 2106712 10122 1
1459947873026121 140 2216107 12303 133 2106712 10122 1
1459947873027914 137 2216107 12303 129 2106712 10122 1
1459947873029699 135 2215773 11648 128 2105965 10019 0
1459947873031382 133 2215773 11648 126 2105965 10019 1
1459947873033232 136 2216745 11634 129 2106556 9781 0
1459947873034995 134 2216745 11634 127 2106556 9781 1
1459947873036880 135 2216745 11634 127 2106556 9781 1
1459947873038456 132 2216745 11634 122 2106556 9781 1
1459947873040187 135 2216361 11078 128 2105821 9693 0
1459947873042024 138 2216361 11078 131 2105821 9693 1
1459947873043852 136 2217287 11066 130 2107703 10670 0
1459947873045772 139 2217287 11066 132 2107703 10670 1
1459947873047420 134 2217287 11066 127 2107703 10670 1
1459947873049121 135 2217287 11066 127 2107703 10670 1
1459947873050754 133 2217287 11066 125 2107703 10670 1
1459947873052345 132 2217287 11066 124 2107703 10670 1
1459947873054044 134 2217287 11066 127 2107703 10670 1
1459947873055838 133 2217287 11066 125 2107703 10670 1
1459947873057617 135 2216861 10593 129 2108158 10256 0
1459947873059535 140 2216861 10593 131 2108158 10256 1
1459947873061506 140 2216861 10593 130 2108158 10256 1
1459947873063199 133 2216861 10593 126 2108158 10256 1
1459947873064912 136 2217748 10583 128 2107298 10246 0
1459947873066714 135 2217748 10583 126 2107298 10246 1
1459947873068688 137 2217748 10583 128 2107298 10246 1
1459947873070593 138 2217748 10583 130 2107298 10246 1
1459947873072370 135 2217286 10181 128 2106505 10175 0
1459947873074139 133 2217286 10181 127 2106505 10175 1
1459947873075820 135 2217286 10181 127 2106505 10175 1
1459947873077581 133 2217286 10181 126 2106505 10175 1
1459947873079425 138 2217286 10181 131 2106505 10175 1
1459947873081257 137 2217286 10181 130 2106505 10175 1
1459947873082971 132 2217286 10181 124 2106505 10175 1
1459947873084596 132 2217286 10181 125 2106505 10175 1
1459947873086504 137 2217286 10181 129 2106505 10175 1
1459947873088469 136 2218140 10172 130 2108334 11066 0
1459947873090415 137 2218140 10172 128 2108334 11066 1
1459947873092231 135 2218140 10172 125 2108334 11066 1
1459947873093603 127 2218140 10172 119 2108334 11066 1
1459947873095448 134 2218140 10172 127 2108334 11066 1
1459947873097331 137 2218140 10172 129 2108334 11066 1
1459947873099301 141 2218140 10172 134 2108334 11066 1
1459947873101279 140 2218140 10172 133 2108334 11066 1
1459947873103167 138 2218140 10172 131 2108334 11066 1
1459947873104875 134 2218140 10172 126 2108334 11066 1
1459947873106761 138 2218140 10172 129 2108334 11066 1
1459947873108569 139 2218140 10172 130 2108334 11066 1
1459947873110455 137 2218140 10172 130 2108334 11066 1
1459947873112322 137 2218140 10172 129 2108334 11066 1
1459947873113996 133 2218140 10172 126 2108334 11066 1
1459947873115724 134 2218140 10172 127 2108334 11066 1
1459947873117504 136 2218927 10103 129 2108740 10575 0
1459947873119442 144 2218927 10103 136 2108740 10575 1
1459947873121294 136 2219653 9982 130 2110394 11273 0
1459947873123120 136 2220322 9819 128 2109359 11345 0
1459947873124712 132 2220322 9819 124 2109359 11345 1
1459947873126382 136 2220322 9819 127 2109359 11345 1
1459947873128295 138 2220322 9819 131 2109359 11345 1
1459947873130097 134 2220322 9819 127 2109359 11345 1
1459947873131802 135 2220322 9819 127 2109359 11345 1
1459947873133664 138 2220322 9819 130 2109359 11345 1
1459947873135528 139 2220322 9819 131 2109359 11345 1
1459947873137582 143 2220322 9819 135 2109359 11345 1
1459947873139370 141 2220322 9819 133 2109359 11345 1
1459947873141070 136 2220939 9620 130 2110965 11938 0
1459947873142802 134 2218948 10703 128 2109885 11999 0
1459947873144661 137 2218948 10703 130 2109885 11999 1
1459947873146126 129 2218948 10703 123 2109885 11999 1
1459947873147925 137 2218948 10703 131 2109885 11999 1
1459947873149679 138 2218948 10703 132 2109885 11999 1
1459947873151224 125 2218948 10703 120 2109885 11999 1
1459947873152801 130 2218948 10703 124 2109885 11999 1
1459947873154586 137 2218948 10703 130 2109885 11999 1
1459947873156551 140 2218948 10703 133 2109885 11999 1
1459947873158299 134 2218948 10703 126 2109885 11999 1
1459947873160332 141 2218948 10703 133 2109885 11999 1
1459947873162222 137 2218948 10703 128 2109885 11999 1
1459947873164104 138 2218948 10703 131 2109885 11999 1
1459947873166100 141 2218948 10703 132 2109885 11999 1
1459947873167929 139 2218948 10703 131 2109885 11999 1
1459947873169702 133 2218948 10703 125 2109885 11999 1
1459947873171462 136 2218948 10703 124 2109885 11999 1
1459947873173220 133 2218948 10703 125 2109885 11999 1
1459947873175174 139 2218948 10703 130 2109885 11999 1
1459947873177347 143 2218948 10703 137 2109885 11999 1
1459947873179369 139 2218948 10703 132 2109885 11999 1
1459947873181223 136 2219672 10534 129 2110170 11323 0
1459947873182860 134 2219672 10534 127 2110170 11323 1
1459947873184649 135 2219060 10275 128 2109152 11375 0
1459947873186454 134 2217215 11171 129 2109494 10801 0
1459947873188336 136 2218075 11090 130 2111089 11428 0
1459947873189886 131 2218075 11090 121 2111089 11428 1
1459947873191677 138 2218075 11090 131 2111089 11428 1
1459947873193407 138 2218075 11090 131 2111089 11428 1
1459947873195176 137 2218075 11090 132 2111089 11428 1
1459947873197088 142 2218075 11090 131 2111089 11428 1
1459947873198874 134 2218075 11090 127 2111089 11428 1
1459947873200679 137 2218075 11090 129 2111089 11428 1
1459947873202476 137 2218075 11090 129 2111089 11428 1
1459947873204094 131 2218075 11090 126 2111089 11428 1
1459947873205943 133 2218075 11090 127 2111089 11428 1
1459947873207680 134 2216307 11851 128 2110000 11538 0
1459947873209297 127 2216307 11851 121 2110000 11538 1
1459947873210805 133 2216307 11851 125 2110000 11538 1
1459947873212659 138 2216307 11851 132 2110000 11538 1
1459947873214492 138 2216307 11851 130 2110000 11538 1
1459947873216386 139 2216307 11851 130 2110000 11538 1
1459947873218168 136 2217238 11783 130 2111556 12070 0
1459947873219966 137 2217238 11783 128 2111556 12070 1
1459947873221729 135 2216816 11250 131 2114270 13629 0
1459947873223645 139 2216816 11250 132 2114270 13629 1
1459947873225506 135 2216427 10729 129 2114212 12616 0
1459947873227293 137 2216427 10729 128 2114212 12616 1
1459947873229218 138 2216427 10729 128 2114212 12616 1
1459947873231147 135 2216068 10220 128 2112879 12858 0
1459947873232869 131 2216068 10220 123 2112879 12858 1
1459947873234968 140 2216068 10220 132 2112879 12858 1
1459947873237109 142 2216068 10220 134 2112879 12858 1
1459947873239056 135 2215737 9725 128 2111650 12985 0
1459947873240510 132 2215737 9725 126 2111650 12985 1
1459947873241974 129 2215737 9725 121 2111650 12985 1
1459947873243638 136 2216712 9864 129 2111797 12105 0
1459947873245305 135 2216712 9864 126 2111797 12105 1
1459947873247188 136 2217611 9922 128 2110652 12213 0
1459947873248880 135 2217160 9561 128 2109597 12230 0
1459947873250804 136 2218024 9610 129 2109904 11557 0
1459947873252753 143 2218024 9610 137 2109904 11557 1
1459947873254465 139 2218024 9610 132 2109904 11557 1
1459947873256408 141 2218024 9610 133 2109904 11557 1
1459947873258313 135 2217540 9304 129 2110187 10915 0
1459947873260139 137 2217540 9304 131 2110187 10915 1
1459947873261903 132 2217540 9304 126 2110187 10915 1
1459947873263840 141 2217540 9304 133 2110187 10915 1
1459947873265762 136 2218374 9346 128 2109168 11000 0
1459947873267471 134 2218374 9346 126 2109168 11000 1
1459947873269090 133 2218374 9346 124 2109168 11000 1
1459947873270857 137 2218374 9346 130 2109168 11000 1
1459947873272630 139 2218374 9346 132 2109168 11000 1
1459947873274489 138 2218374 9346 131 2109168 11000 1
1459947873276250 137 2218374 9346 128 2109168 11000 1
1459947873278131 137 2218374 9346 127 2109168 11000 1
1459947873279990 139 2218374 9346 130 2109168 11000 1
1459947873281673 128 2218374 9346 123 2109168 11000 1
1459947873283477 137 2218374 9346 131 2109168 11000 1
1459947873285266 136 2219143 9324 129 2109509 10454 0
1459947873287299 142 2219143 9324 132 2109509 10454 1
1459947873288941 132 2219143 9324 124 2109509 10454 1
1459947873290658 139 2219143 9324 129 2109509 10454 1
1459947873292366 137 2219143 9324 130 2109509 10454 1
1459947873294319 137 2219143 9324 128 2109509 10454 1
1459947873296123 132 2219143 9324 126 2109509 10454 1
1459947873297959 133 2219143 9324 127 2109509 10454 1
1459947873299526 133 2219143 9324 124 2109509 10454 1
1459947873301345 137 2219143 9324 131 2109509 10454 1
1459947873303132 136 2219852 9249 129 2109823 9927 0
1459947873304852 129 2219852 9249 122 2109823 9927 1
1459947873306433 132 2219852 9249 126 2109823 9927 1
1459947873308037 129 2219852 9249 123 2109823 9927 1
1459947873309845 137 2219852 9249 130 2109823 9927 1
1459947873311325 133 2219852 9249 125 2109823 9927 1
1459947873313210 142 2219852 9249 134 2109823 9927 1
1459947873315111 138 2219852 9249 133 2109823 9927 1
1459947873317093 139 2219852 9249 132 2109823 9927 1
1459947873318907 137 2219852 9249 129 2109823 9927 1
1459947873320657 134 2219852 9249 127 2109823 9927 1
1459947873322348 128 2219852 9249 122 2109823 9927 1
1459947873324264 133 2219852 9249 126 2109823 9927 1
1459947873325719 126 2219852 9249 119 2109823 9927 1
1459947873327359 132 2219852 9249 126 2109823 9927 1
1459947873329027 134 2219852 9249 125 2109823 9927 1
1459947873330996 139 2219852 9249 131 2109823 9927 1
1459947873333049 142 2219852 9249 134 2109823 9927 1
1459947873334888 129 2219852 9249 123 2109823 9927 1
1459947873336681 133 2219852 9249 126 2109823 9927 1
1459947873338346 135 2219226 9103 128 2108833 10063 0
1459947873340264 139 2219226 9103 131 2108833 10063 1
1459947873342316 141 2219226 9103 132 2108833 10063 1
1459947873344117 136 2219928 9039 129 2109200 9614 0
1459947873345971 133 2219928 9039 125 2109200 9614 1
1459947873347551 129 2219928 9039 123 2109200 9614 1
1459947873349029 125 2219928 9039 120 2109200 9614 1
1459947873350986 139 2219928 9039 131 2109200 9614 1
1459947873352764 134 2219928 9039 126 2109200 9614 1
1459947873354650 135 2219928 9039 127 2109200 9614 1
1459947873356313 135 2219928 9039 124 2109200 9614 1
1459947873357912 129 2219928 9039 122 2109200 9614 1
1459947873359594 133 2219928 9039 124 2109200 9614 1
1459947873361314 131 2219928 9039 123 2109200 9614 1
1459947873363035 129 2219928 9039 122 2109200 9614 1
1459947873365016 134 2218016 10094 128 2108258 9729 0
1459947873366645 135 2218016 10094 127 2108258 9729 1
1459947873368592 135 2217533 9749 129 2108670 9348 0
1459947873370473 140 2217533 9749 132 2108670 9348 1
1459947873372303 137 2217533 9749 131 2108670 9348 1
1459947873373965 133 2217533 9749 127 2108670 9348 1
1459947873375826 138 2217533 9749 130 2108670 9348 1
1459947873377641 135 2217088 9397 128 2107770 9446 0
1459947873379602 139 2217088 9397 131 2107770 9446 1
1459947873381594 137 2217088 9397 129 2107770 9446 1
1459947873383438 137 2217088 9397 130 2107770 9446 1
1459947873385022 128 2217088 9397 123 2107770 9446 1
1459947873386838 136 2217958 9464 128 2106940 9472 0
1459947873388690 135 2217480 9164 128 2106175 9436 0
1459947873390547 140 2217480 9164 132 2106175 9436 1
1459947873392482 140 2217480 9164 132 2106175 9436 1
1459947873394404 139 2217480 9164 131 2106175 9436 1
1459947873396329 137 2217480 9164 130 2106175 9436 1
1459947873398160 136 2218319 9221 130 2108030 10408 0
1459947873399704 128 2218319 9221 122 2108030 10408 1
1459947873401457 133 2218319 9221 126 2108030 10408 1
1459947873402968 131 2218319 9221 123 2108030 10408 1
1459947873404622 132 2218319 9221 125 2108030 10408 1
1459947873406426 137 2218319 9221 129 2108030 10408 1
1459947873408323 139 2218319 9221 133 2108030 10408 1
1459947873410255 141 2218319 9221 134 2108030 10408 1
1459947873411844 133 2218319 9221 127 2108030 10408 1
1459947873413555 136 2219092 9213 128 2107180 10377 0
1459947873415337 138 2219092 9213 129 2107180 10377 1
1459947873417205 136 2219092 9213 127 2107180 10377 1
1459947873418913 136 2219805 9150 128 2106396 10288 0
1459947873420695 136 2220462 9041 128 2105673 10149 0
1459947873422616 138 2220462 9041 131 2105673 10149 1
1459947873424539 136 2221068 8893 129 2106287 9922 0
1459947873426446 137 2221068 8893 129 2106287 9922 1
1459947873428373 139 2221068 8893 130 2106287 9922 1
1459947873430135 136 2221627 8713 128 2105573 9803 0
1459947873431900 135 2221627 8713 126 2105573 9803 1
1459947873433615 134 2221627 8713 127 2105573 9803 1
1459947873435380 133 2221627 8713 127 2105573 9803 1
1459947873437093 131 2221627 8713 125 2105573 9803 1
1459947873438670 130 2221627 8713 124 2105573 9803 1
1459947873440388 135 2221627 8713 127 2105573 9803 1
1459947873442366 136 2222142 8507 130 2107475 10790 0
1459947873443914 126 2222142 8507 120 2107475 10790 1
1459947873445779 130 2222142 8507 124 2107475 10790 1
1459947873447702 138 2222142 8507 132 2107475 10790 1
1459947873449288 132 2222142 8507 126 2107475 10790 1
1459947873451173 135 2222142 8507 127 2107475 10790 1
1459947873452979 137 2222142 8507 129 2107475 10790 1
1459947873454760 128 2222142 8507 121 2107475 10790 1
1459947873456329 131 2222142 8507 125 2107475 10790 1
1459947873458219 133 2222142 8507 125 2107475 10790 1
1459947873460044 137 2222142 8507 131 2107475 10790 1
1459947873461692 133 2222142 8507 126 2107475 10790 1
1459947873463484 136 2222617 8280 129 2107948 10383 0
1459947873465099 130 2222617 8280 121 2107948 10383 1
1459947873466591 133 2222617 8280 126 2107948 10383 1
1459947873468455 137 2222617 8280 127 2107948 10383 1
1459947873469923 126 2222617 8280 119 2107948 10383 1
1459947873471293 122 2222617 8280 114 2107948 10383 1
1459947873472688 121 2222617 8280 115 2107948 10383 1
1459947873474207 126 2222617 8280 120 2107948 10383 1
1459947873476155 136 2223055 8036 130 2109664 11153 0
1459947873478068 134 2223055 8036 126 2109664 11153 1
1459947873479803 134 2220898 9395 128 2108686 11182 0
1459947873481433 129 2220898 9395 121 2108686 11182 1
1459947873482899 129 2220898 9395 121 2108686 11182 1
1459947873484388 132 2220898 9395 123 2108686 11182 1
1459947873486398 139 2220898 9395 128 2108686 11182 1
1459947873488331 137 2220898 9395 131 2108686 11182 1
1459947873490188 138 2220898 9395 131 2108686 11182 1
1459947873492078 137 2220898 9395 128 2108686 11182 1
1459947873493823 134 2220898 9395 126 2108686 11182 1
1459947873495707 137 2220898 9395 129 2108686 11182 1
1459947873497547 134 2220898 9395 127 2108686 11182 1
1459947873499421 137 2220898 9395 130 2108686 11182 1
1459947873501181 133 2220898 9395 126 2108686 11182 1
1459947873503050 137 2220898 9395 130 2108686 11182 1
1459947873504998 138 2220898 9395 130 2108686 11182 1
1459947873506858 141 2220898 9395 131 2108686 11182 1
1459947873508707 138 2220898 9395 131 2108686 11182 1
1459947873510076 127 2220898 9395 121 2108686 11182 1
1459947873511629 129 2220898 9395 124 2108686 11182 1
1459947873513236 131 2220898 9395 123 2108686 11182 1
1459947873514833 126 2220898 9395 119 2108686 11182 1
1459947873516791 138 2220898 9395 131 2108686 11182 1
1459947873518828 139 2220898 9395 133 2108686 11182 1
1459947873520370 129 2220898 9395 125 2108686 11182 1
1459947873521896 125 2220898 9395 118 2108686 11182 1
1459947873523502 128 2220898 9395 122 2108686 11182 1
1459947873525354 140 2220898 9395 134 2108686 11182 1
1459947873527134 135 2220898 9395 127 2108686 11182 1
1459947873528822 132 2220898 9395 124 2108686 11182 1
1459947873530494 133 2220898 9395 125 2108686 11182 1
1459947873532121 135 2220898 9395 127 2108686 11182 1
1459947873533716 135 2220898 9395 127 2108686 11182 1
1459947873535477 133 2220898 9395 127 2108686 11182 1
1459947873537549 139 2220898 9395 132 2108686 11182 1
1459947873539129 126 2220898 9395 120 2108686 11182 1
1459947873540573 129 2220898 9395 122 2108686 11182 1
1459947873542068 131 2220898 9395 124 2108686 11182 1
1459947873543968 137 2220898 9395 129 2108686 11182 1
1459947873545908 145 2220898 9395 135 2108686 11182 1
1459947873547812 137 2220898 9395 129 2108686 11182 1
1459947873549241 129 2220898 9395 122 2108686 11182 1
1459947873550867 133 2220898 9395 126 2108686 11182 1
1459947873552671 137 2220898 9395 130 2108686 11182 1
1459947873554469 135 2220190 9313 128 2107784 11138 0
1459947873556227 135 2219537 9186 128 2106953 11032 0
1459947873557900 131 2219537 9186 124 2106953 11032 1
1459947873559570 129 2219537 9186 124 2106953 11032 1
1459947873561404 133 2216375 11382 128 2106187 10875 0
1459947873563293 137 2216375 11382 129 2106187 10875 1
1459947873565255 140 2216375 11382 132 2106187 10875 1
1459947873566840 128 2216375 11382 123 2106187 10875 1
1459947873568599 131 2216375 11382 125 2106187 10875 1
1459947873570218 131 2216375 11382 125 2106187 10875 1
1459947873571876 133 2216375 11382 125 2106187 10875 1
1459947873573579 135 2216375 11382 127 2106187 10875 1
1459947873575485 135 2216020 10818 129 2106761 10554 0
1459947873577762 139 2216020 10818 132 2106761 10554 1
1459947873579721 136 2216973 10850 128 2106010 10421 0
1459947873581613 137 2216973 10850 129 2106010 10421 1
1459947873583438 139 2216973 10850 133 2106010 10421 1
1459947873585173 134 2216973 10850 127 2106010 10421 1
1459947873586873 132 2216973 10850 125 2106010 10421 1
1459947873588423 129 2216973 10850 121 2106010 10421 1
1459947873590022 129 2216973 10850 122 2106010 10421 1
1459947873591924 138 2216973 10850 132 2106010 10421 1
1459947873593804 139 2216973 10850 131 2106010 10421 1
1459947873595457 133 2216973 10850 127 2106010 10421 1
1459947873597338 132 2216973 10850 127 2106010 10421 1
1459947873599033 132 2216973 10850 124 2106010 10421 1
1459947873600904 134 2215291 11551 128 2105317 10243 0
1459947873602305 129 2215291 11551 123 2105317 10243 1
1459947873603992 134 2213741 12076 128 2104679 10030 0
1459947873605686 130 2213741 12076 122 2104679 10030 1
1459947873607324 134 2212312 12448 128 2104090 9788 0
1459947873609332 135 2212275 11508 129 2104827 9703 0
1459947873611147 139 2212275 11508 132 2104827 9703 1
1459947873612723 133 2212275 11508 127 2104827 9703 1
1459947873614487 135 2212241 10639 129 2105507 9571 0
1459947873616276 135 2212241 10639 126 2105507 9571 1
1459947873618019 134 2210929 11015 128 2104854 9424 0
1459947873619703 135 2211000 10219 129 2105532 9312 0
1459947873621572 136 2212345 10660 130 2107437 10340 0
1459947873623161 131 2212345 10660 123 2107437 10340 1
1459947873624852 136 2213585 10970 129 2107913 9971 0
1459947873626615 136 2214728 11166 129 2108352 9597 0
1459947873628091 129 2214728 11166 122 2108352 9597 1
1459947873630039 135 2214502 10500 129 2108757 9220 0
1459947873631808 137 2214502 10500 131 2108757 9220 1
1459947873633464 131 2214502 10500 126 2108757 9220 1
1459947873635205 133 2211734 12230 128 2107850 9334 0
1459947873637071 135 2211742 11281 130 2109574 10193 0
1459947873638767 133 2211742 11281 127 2109574 10193 1
1459947873640365 134 2210469 11571 128 2108603 10290 0
1459947873642200 135 2210576 10765 131 2111548 12201 0
1459947873644258 141 2210576 10765 135 2111548 12201 1
1459947873646091 137 2210576 10765 131 2111548 12201 1
1459947873648162 137 2210576 10765 131 2111548 12201 1
1459947873650087 137 2210576 10765 129 2111548 12201 1
1459947873651979 137 2210576 10765 130 2111548 12201 1
1459947873653701 137 2210576 10765 129 2111548 12201 1
1459947873655431 132 2210576 10765 127 2111548 12201 1
1459947873656979 131 2210576 10765 126 2111548 12201 1
1459947873658698 132 2210576 10765 126 2111548 12201 1
1459947873660684 139 2210576 10765 134 2111548 12201 1
1459947873662549 141 2210576 10765 134 2111548 12201 1
1459947873664248 135 2210674 10014 129 2111703 11390 0
1459947873665981 132 2206925 12687 128 2110566 11547 0
1459947873668004 138 2206925 12687 132 2110566 11547 1
1459947873669783 134 2206028 12520 128 2109518 11610 0
1459947873671474 134 2205202 12302 129 2109831 10991 0
1459947873673233 135 2205720 11818 130 2111400 11578 0
1459947873675125 136 2205720 11818 129 2111400 11578 1
