1459947871376344	133	2179072	0	132	2162688	0	0
1459947871378266	133	2179072	0	131	2161408	1180	0
1459947871380294	137	2184192	4720	134	2164068	3539	0
1459947871382352	138	2190192	9882	134	2166520	5522	0
1459947871384172	132	2188043	11089	127	2159820	11265	0
1459947871386051	130	2183502	14408	127	2153644	16077	0
1459947871387992	132	2181875	14780	129	2150510	17708	0
1459947871390001	136	2185496	16963	134	2154021	19561	0
1459947871391982	138	2191394	21074	136	2159818	23376	0
1459947871393558	123	2177631	32114	123	2148522	31962	0
1459947871395245	127	2170063	36581	125	2140668	36703	0
1459947871396780	125	2160526	42514	123	2130868	42869	0
1459947871398420	128	2155574	43756	126	2125673	44307	0
1459947871400355	133	2157409	42029	130	2126004	41150	0
1459947871402320	132	2157821	39125	131	2127589	39397	0
1459947871404166	131	2156921	36897	129	2126491	37331	0
1459947871405887	124	2147131	43038	121	2115238	44786	0
1459947871407975	136	2153466	45515	133	2120225	45884	0
1459947871409901	132	2154186	42623	130	2120982	42997	0
1459947871411812	137	2161250	45805	131	2122960	41460	0
1459947871413551	135	2165202	45869	131	2124783	39901	0
1459947871415172	129	2161165	46006	125	2118784	42313	0
1459947871417012	131	2160003	43481	128	2117094	40564	0
1459947871418876	133	2161492	41457	131	2119376	39497	0
1459947871421156	146	2179505	54824	141	2134279	50150	0
1459947871423138	135	2182031	52868	134	2139058	50638	0
1459947871425176	136	2185639	52063	134	2143464	50742	0
1459947871427157	135	2187685	49882	131	2143685	46981	0
1459947871428607	108	2155012	76104	106	2111889	72621	0
1459947871430296	134	2158171	73070	131	2114577	69425	0
1459947871431910	129	2154683	70575	124	2108095	69975	0
1459947871433688	133	2156588	66817	129	2108520	64899	0
1459947871435711	136	2162184	66755	134	2115311	66089	0
1459947871437517	134	2164783	63935	131	2117732	63157	0
1459947871439396	140	2174859	68229	137	2127644	67359	0
1459947871441128	132	2173908	63774	128	2125261	64292	0
1459947871442747	127	2166631	65499	124	2117944	66013	0
1459947871444403	130	2163762	63024	129	2117599	61172	0
1459947871446366	134	2166238	60382	132	2121121	59639	0
1459947871448603	137	2172360	61308	133	2125648	59152	0
1459947871450471	131	2170324	58394	129	2124701	55402	0
1459947871452274	132	2169727	54380	130	2125108	51448	0
1459947871454055	129	2165337	54177	131	2126763	48954	0
1459947871455666	129	2161290	53674	127	2123169	48441	0
1459947871457601	137	2167799	55480	134	2128816	49862	0
1459947871459276	133	2168679	51956	132	2131462	48405	0
1459947871460760	128	2163090	53047	124	2123661	51814	0
1459947871462294	126	2155378	56010	121	2112629	57935	0
1459947871463956	130	2153389	53467	129	2112699	53473	0
1459947871465542	129	2150275	52159	126	2108924	52774	0
1459947871467393	133	2152524	50158	128	2108004	49498	0
1459947871469327	138	2160998	54051	136	2117396	54288	0
1459947871471359	137	2167530	55849	134	2123494	55668	0
1459947871473221	134	2169711	53496	132	2126556	54140	0
1459947871475108	134	2171722	51170	129	2125538	50847	0
1459947871477014	132	2171016	47822	129	2124600	47738	0
1459947871479016	134	2172925	45845	132	2127575	46751	0
1459947871480965	130	2169565	45360	128	2125198	45289	0
1459947871482946	135	2172867	44860	133	2129406	45630	0
1459947871484796	132	2172071	42088	130	2129446	42102	0
1459947871486678	131	2170057	40654	128	2126923	41137	0
1459947871488558	135	2173321	40486	135	2133557	44038	0
1459947871490304	132	2172490	38088	131	2134552	41515	0
1459947871492114	134	2174284	36766	133	2138030	41477	0
1459947871494041	135	2177218	36597	131	2138676	38831	0
1459947871496059	138	2183762	39770	136	2145671	42246	0
1459947871497684	129	2178275	41719	126	2139320	44799	0
1459947871499419	134	2179617	39696	131	2139865	41802	0
1459947871501129	128	2173174	42533	125	2132688	45152	0
1459947871502906	133	2173634	39634	130	2132471	41823	0
1459947871504786	133	2174058	36928	131	2133551	39551	0
1459947871506673	133	2174449	34404	129	2131987	37902	0
1459947871508509	131	2172250	33743	131	2133105	35971	0
1459947871510373	133	2172782	31597	131	2134136	34110	0
1459947871512490	137	2178393	34301	134	2138926	35861	0
1459947871514474	132	2177166	32752	125	2131822	39607	0
1459947871516407	131	2174754	32415	131	2132953	37555	0
1459947871518486	133	2175091	30193	131	2133996	35582	0
1459947871520335	132	2174122	28727	127	2129837	36635	0
1459947871522218	133	2174508	26838	130	2129843	33778	0
1459947871524164	135	2177424	27429	131	2131129	32324	0
1459947871525834	125	2167312	34607	125	2124634	35785	0
1459947871527474	132	2166950	32235	130	2125046	33369	0
1459947871529214	131	2165337	31202	128	2122866	32770	0
1459947871531110	132	2165130	28954	130	2123417	30717	0
1459947871532923	132	2164939	26866	130	2123925	28785	0
1459947871534812	139	2173723	32864	135	2130793	32867	0
1459947871536964	140	2183100	38941	137	2139684	38496	0
1459947871538638	128	2176385	42088	126	2133801	40911	0
1459947871540506	130	2172754	42145	131	2134777	38614	0
1459947871542473	134	2174527	40487	131	2135677	36427	0
1459947871544493	135	2177442	40010	133	2139067	36706	0
1459947871546624	137	2182689	41721	134	2143472	37899	0
1459947871548415	129	2177286	43441	125	2136013	41814	0
1459947871550326	133	2177425	40175	132	2138096	40468	0
1459947871552352	135	2180113	39514	134	2142577	41437	0
1459947871554374	138	2186431	42251	135	2147988	43187	0
1459947871556502	137	2190976	43140	134	2151696	43231	0
1459947871558641	137	2195166	43631	134	2155114	43004	0
1459947871560418	128	2187508	47281	125	2146745	47358	0
1459947871562225	129	2181728	48914	125	2139030	50769	0
1459947871564032	130	2177680	48823	127	2134478	50998	0
1459947871565701	127	2170108	51987	125	2127721	53241	0
1459947871567790	134	2172088	49750	133	2131732	52779	0
1459947871569951	135	2175193	48726	134	2136710	53244	0
1459947871571534	128	2169096	50539	126	2131059	54292	0
1459947871573194	129	2164755	50591	127	2127130	53672	0
1459947871574827	124	2154353	56226	123	2118387	57536	0
1459947871576351	127	2148604	57132	121	2107768	62830	0
1459947871578084	130	2147144	54013	124	2101818	63405	0
1459947871580138	135	2152198	54452	132	2106573	62834	0
1459947871582251	134	2155577	53312	129	2107116	58426	0
1459947871584357	137	2162532	55559	135	2115297	61403	0
1459947871586302	134	2165104	53589	131	2117719	58838	0
1459947871588309	136	2170035	53948	133	2122512	58659	0
1459947871590236	135	2173301	52743	132	2125650	56969	0
1459947871592171	138	2180151	54937	136	2133663	59905	0
1459947871594157	138	2186466	56467	137	2142330	63214	0
1459947871596154	135	2188448	53882	134	2146480	62101	0
1459947871598138	133	2187715	50347	129	2143906	59621	0
1459947871599938	131	2184479	49395	130	2142813	55970	0
1459947871601948	135	2186616	47506	131	2143085	51848	0
1459947871603961	132	2184746	45517	129	2140776	49925	0
1459947871605727	129	2179182	47088	126	2134807	51525	0
1459947871607653	132	2177893	44596	130	2134425	47850	0
1459947871609326	130	2174145	44566	127	2130233	47975	0
1459947871611300	138	2180929	47338	133	2134048	47743	0
1459947871613082	131	2178223	46132	131	2135005	44895	0
1459947871615088	134	2179569	43768	133	2138447	44560	0
1459947871617048	135	2182090	42672	134	2142900	45183	0
1459947871618984	137	2186974	43840	135	2148285	46618	0
1459947871620653	124	2174836	51604	121	2135330	54917	0
1459947871622530	131	2172606	49626	127	2131067	54555	0
1459947871624323	133	2173111	46213	131	2132257	51389	0
1459947871626447	139	2181256	50111	137	2141034	55465	0
1459947871628508	137	2186205	50758	135	2146565	56230	0
1459947871630267	129	2180527	52025	125	2138864	58935	0
1459947871632100	134	2181693	49035	131	2139445	54865	0
1459947871634111	135	2184048	47375	133	2142540	53432	0
1459947871636151	132	2182379	45211	131	2142834	49528	0
1459947871638178	137	2187240	46159	135	2148225	50627	0
1459947871639891	132	2185321	44320	129	2145514	49169	0
1459947871641526	130	2180992	44847	128	2141735	48810	0
1459947871643014	126	2171882	49741	123	2131851	54106	0
1459947871644540	129	2167323	50056	127	2127860	53557	0
1459947871646597	133	2168240	46991	130	2128020	49520	0
1459947871648228	127	2161406	49618	125	2121768	51414	0
1459947871650078	136	2166626	50553	132	2124964	50344	0
1459947871651782	129	2162478	50426	126	2120231	50773	0
1459947871653771	134	2165054	48861	133	2124827	51043	0
1459947871655515	129	2161029	48753	128	2122664	49048	0
1459947871657238	131	2159878	46004	129	2121950	45873	0
1459947871659051	133	2161377	43791	131	2123852	44043	0
1459947871660944	135	2165319	44003	131	2125606	42219	0
1459947871662632	129	2161273	44294	128	2123383	40969	0
1459947871664425	133	2162663	42114	131	2125173	39418	0
1459947871666139	128	2157544	43541	125	2119143	41896	0
1459947871667972	131	2156665	40948	126	2114864	42565	0
1459947871669810	135	2160975	41721	131	2117320	41503	0
1459947871671482	131	2159828	39517	127	2114464	40892	0
1459947871673445	136	2165171	41355	133	2119511	42350	0
1459947871675675	137	2171377	43845	134	2125444	44510	0
1459947871677448	130	2168138	43404	125	2119393	46609	0
1459947871679415	134	2170272	41980	133	2124055	47265	0
1459947871681420	133	2170959	39333	130	2124513	43994	0
1459947871683228	128	2165192	41575	127	2121095	43706	0
1459947871685168	135	2168836	41685	132	2124344	43286	0
1459947871686865	135	2172195	41525	133	2128619	43845	0
1459947871688925	142	2184252	49395	140	2141520	52312	0
1459947871690844	131	2181287	48269	127	2136773	52600	0
1459947871692681	135	2183673	46697	132	2138797	50356	0
1459947871694511	133	2183313	43379	131	2139383	46961	0
1459947871696341	133	2182981	40295	131	2139923	43790	0
1459947871698249	128	2176275	43327	128	2136581	43448	0
1459947871700298	135	2179053	42503	131	2137340	40753	0
1459947871702364	137	2184174	43903	133	2140600	40574	0
1459947871704389	136	2187615	43645	134	2144885	41354	0
1459947871706462	138	2193347	45519	134	2148835	41765	0
1459947871708528	139	2199911	48013	136	2155037	44219	0
1459947871710617	137	2203402	47480	135	2159474	44855	0
1459947871712482	135	2204061	44377	133	2161005	42761	0
1459947871714551	137	2207228	43830	135	2164976	43081	0
1459947871716567	135	2207588	40737	133	2166077	40730	0
1459947871718328	131	2202800	41967	128	2160692	42511	0
1459947871720227	129	2195826	45116	128	2155727	43765	0
1459947871721915	127	2186837	49877	125	2147310	48103	0
1459947871723758	136	2190070	48960	135	2152351	48991	0
1459947871725660	132	2187930	47107	129	2149318	47958	0
1459947871727442	134	2188517	43968	131	2149082	44428	0
1459947871729409	129	2182659	45933	126	2142464	47057	0
1459947871731214	129	2177258	47322	126	2136364	49003	0
1459947871733150	134	2178679	44934	131	2137140	45889	0
1459947871734845	126	2169749	49654	122	2126335	52262	0
1459947871736569	127	2162797	52182	126	2121495	52640	0
1459947871738553	131	2161508	49292	131	2123433	50313	0
1459947871740592	137	2168000	51426	136	2131619	53929	0
1459947871742499	132	2167585	47790	129	2130206	51017	0
1459947871744095	127	2160802	50308	126	2125063	51771	0
1459947871745801	132	2160949	46512	130	2125442	48075	0
1459947871747519	132	2161084	43003	127	2121951	47536	0
1459947871749599	139	2170169	48018	136	2130253	51475	0
1459947871751465	136	2174704	48447	133	2134066	50969	0
1459947871753278	137	2180165	49696	134	2138862	51408	0
1459947871755290	134	2181359	46914	130	2138163	48034	0
1459947871757000	130	2177340	46952	126	2132399	49594	0
1459947871758648	132	2176195	44338	130	2132205	45897	0
1459947871760255	126	2167459	48926	123	2123066	50735	0
1459947871762044	130	2164526	47806	129	2122321	47457	0
1459947871763920	133	2165662	45118	131	2124194	45476	0
1459947871766163	143	2179509	54358	140	2137441	54135	0
1459947871768027	135	2182034	52439	133	2140693	52903	0
1459947871770062	138	2188202	54028	133	2143691	51533	0
1459947871771924	134	2188768	50329	127	2138775	52037	0
1459947871773825	137	2193130	50418	136	2145763	54413	0
1459947871775255	121	2176671	61651	119	2130445	64282	0
1459947871777104	131	2174298	59021	129	2129123	60476	0
1459947871778722	129	2169550	58785	129	2127905	56873	0
1459947871780520	129	2165173	58226	127	2124222	55823	0
1459947871782472	132	2164978	53855	131	2125947	53051	0
1459947871784422	136	2169919	54202	134	2131377	53912	0
1459947871786556	136	2174474	54166	133	2135103	53135	0
1459947871788511	135	2177393	52625	132	2137258	50969	0
1459947871790427	136	2181364	52173	132	2139244	48818	0
1459947871792399	137	2186304	52651	134	2143635	49052	0
1459947871794415	136	2189579	51556	133	2146403	47771	0
1459947871796612	136	2192598	50311	130	2145115	45225	0
1459947871798588	131	2188981	49714	129	2142647	43965	0
1459947871800664	138	2194606	51016	137	2150612	47873	0
1459947871802599	133	2193392	48148	130	2148995	45622	0
1459947871804443	134	2193553	44534	132	2150064	43043	0
1459947871806243	128	2186021	47996	129	2147210	42310	0
1459947871807822	126	2176518	53006	123	2136899	48509	0
1459947871809705	133	2176717	49047	130	2136353	45221	0
1459947871811693	139	2184580	52464	133	2139690	44764	0
1459947871813491	136	2187989	51508	133	2142766	44102	0
1459947871815412	137	2192412	51560	133	2145602	43270	0
1459947871817194	132	2190089	49671	130	2144376	41018	0
1459947871819029	134	2190508	46176	131	2144526	37951	0
1459947871821179	134	2190894	42924	132	2145944	36294	0
1459947871823323	140	2198930	46978	137	2153652	40563	0
1459947871825165	137	2202498	46596	133	2155637	39224	0
1459947871827021	134	2201947	43462	131	2154907	36831	0
1459947871828871	130	2196319	45253	127	2149114	39292	0
1459947871830888	134	2196251	41779	130	2147614	37604	0
1459947871832525	129	2189788	44472	127	2142391	39480	0
1459947871834300	132	2187670	42948	128	2138856	39653	0
1459947871836034	131	2184438	42571	130	2138157	37198	0
1459947871837920	135	2186578	41218	133	2141353	37237	0
1459947871839663	130	2182151	42077	129	2139179	36330	0
1459947871841476	130	2178070	42550	126	2133335	38877	0
1459947871843305	133	2178148	39297	132	2135628	37953	0
1459947871845402	134	2179500	37472	132	2137742	36935	0
1459947871847386	134	2180746	35693	130	2137130	34612	0
1459947871849022	126	2171655	41284	120	2123766	44226	0
1459947871850801	129	2167114	42243	127	2120406	43866	0
1459947871852545	129	2162928	42800	127	2117309	43292	0
1459947871854242	133	2164189	40618	127	2114454	42540	0
1459947871856001	135	2167911	40875	128	2113102	40462	0
1459947871857807	136	2172622	42024	126	2109295	40808	0
1459947871859746	140	2172622	42024	132	2109295	40808	1
1459947871861528	141	2172622	42024	131	2109295	40808	1
1459947871863604	143	2172622	42024	136	2109295	40808	1
1459947871865333	132	2171845	39455	126	2105786	40853	0
1459947871867062	136	2176249	40432	127	2103831	39462	0
1459947871868965	137	2181589	42196	128	2103309	36860	0
1459947871870494	129	2181589	42196	122	2103309	36860	1
1459947871872162	133	2181392	39080	124	2097707	39143	0
1459947871874127	140	2181392	39080	132	2097707	39143	1
1459947871876009	140	2181392	39080	131	2097707	39143	1
1459947871877917	135	2183770	38218	128	2097663	36123	0
1459947871879697	134	2184682	36073	126	2095063	35696	0
1459947871881022	111	2184682	36073	102	2095063	35696	1
1459947871882584	138	2190643	38750	130	2097786	35417	0
1459947871884238	135	2192299	37248	128	2097736	32695	0
1459947871886080	137	2196385	38105	129	2098970	31277	0
1459947871887896	136	2198872	37421	130	2101387	31062	0
1459947871889373	126	2198872	37421	119	2101387	31062	1
1459947871891064	130	2193485	39463	124	2095936	33660	0
1459947871892589	128	2193485	39463	120	2095936	33660	1
1459947871894376	134	2193638	36521	127	2094751	32122	0
1459947871896141	135	2195060	34977	128	2094938	29784	0
1459947871897853	134	2195090	32272	126	2092550	29657	0
1459947871899797	138	2200238	34496	131	2096749	31211	0
1459947871901609	133	2198584	33325	126	2094220	31102	0
1459947871903130	128	2198584	33325	122	2094220	31102	1
1459947871904585	127	2198584	33325	122	2094220	31102	1
1459947871906391	135	2199619	31675	128	2094449	28883	0
1459947871908211	135	2200573	30080	128	2094660	26820	0
1459947871909946	131	2200573	30080	124	2094660	26820	1
1459947871911805	136	2202733	29721	129	2096134	26083	0
1459947871913877	139	2202733	29721	131	2096134	26083	1
1459947871915908	138	2207284	31594	130	2098773	26478	0
1459947871917802	135	2207639	29453	127	2097366	25705	0
1459947871919671	138	2211807	30993	131	2101189	27220	0
1459947871921591	141	2211807	30993	133	2101189	27220	1
1459947871923264	129	2211807	30993	120	2101189	27220	1
1459947871925005	133	2209249	30928	125	2097033	28923	0
1459947871926686	125	2209249	30928	118	2097033	28923	1
1459947871928375	131	2209249	30928	124	2097033	28923	1
1459947871930536	140	2209249	30928	131	2097033	28923	1
1459947871932662	139	2214571	33417	133	2103442	32571	0
1459947871934333	130	2214571	33417	121	2103442	32571	1
1459947871936163	136	2215637	31789	129	2104230	30753	0
1459947871938032	136	2216620	30211	131	2107517	31380	0
1459947871940053	143	2216620	30211	136	2107517	31380	1
1459947871941874	137	2218806	29865	131	2110547	31721	0
1459947871943714	137	2220821	29389	131	2113340	31817	0
1459947871945550	138	2223959	29985	131	2115915	31705	0
1459947871947299	136	2224292	27949	129	2115729	29399	0
1459947871948905	133	2224292	27949	125	2115729	29399	1
1459947871950887	140	2224292	27949	133	2115729	29399	1
1459947871952622	131	2224292	27949	124	2115729	29399	1
1459947871954460	138	2227159	28408	132	2119397	30484	0
1459947871956246	135	2225962	27291	127	2116379	30884	0
1459947871958290	144	2225962	27291	135	2116379	30884	1
1459947871960253	142	2225962	27291	134	2116379	30884	1
1459947871961946	133	2222298	28535	125	2111036	33395	0
1459947871963610	132	2217640	30598	127	2108671	32965	0
1459947871965275	133	2214626	30984	125	2103931	34758	0
1459947871967315	140	2214626	30984	131	2103931	34758	1
1459947871968920	130	2214626	30984	122	2103931	34758	1
1459947871970788	136	2215688	29542	129	2104681	32733	0
1459947871972424	133	2212827	29871	127	2102812	31897	0
1459947871974361	137	2215309	29825	131	2106209	32537	0
1459947871976270	141	2215309	29825	133	2106209	32537	1
1459947871978133	139	2220157	31964	130	2108061	31702	0
1459947871979930	138	2223347	32407	131	2111048	31979	0
1459947871981483	130	2223347	32407	123	2111048	31979	1
1459947871983321	134	2221168	31883	128	2109962	30480	0
1459947871985121	135	2220439	30063	128	2108961	29020	0
1459947871986797	136	2221047	28274	128	2108038	27602	0
1459947871988485	131	2221047	28274	123	2108038	27602	1
1459947871990089	133	2221047	28274	124	2108038	27602	1
1459947871991632	133	2217767	29088	125	2103347	29768	0
1459947871993374	137	2219863	28748	130	2105423	29355	0
1459947871995014	132	2219863	28748	124	2105423	29355	1
1459947871996914	141	2219863	28748	134	2105423	29355	1
1459947871998933	138	2223076	29464	132	2109896	31185	0
1459947872000643	132	2218358	31511	125	2105060	33205	0
1459947872002242	131	2218358	31511	123	2105060	33205	1
1459947872004089	134	2216568	30698	128	2104442	31179	0
1459947872005894	133	2213638	30999	126	2101312	31628	0
1459947872007529	133	2210937	31066	125	2097147	32996	0
1459947872009229	131	2205887	33292	125	2093307	33957	0
1459947872010790	132	2202512	33802	125	2089767	34567	0
1459947872012431	130	2196840	36389	125	2086503	34874	0
1459947872014281	131	2192891	37185	125	2083494	34921	0
1459947872016014	135	2194371	35643	129	2085841	34355	0
1459947872017805	136	2197015	35296	130	2089284	34845	0
1459947872019438	131	2193053	36190	125	2086058	35095	0
1459947872021304	135	2194520	34715	125	2083084	35093	0
1459947872023174	135	2195873	33249	128	2084183	33364	0
1459947872024867	134	2195840	30681	127	2083916	31002	0
1459947872026736	137	2199650	31796	131	2088790	33072	0
1459947872028646	134	2199322	29613	127	2088163	31065	0
1459947872030385	137	2202859	30560	128	2088865	29285	0
1459947872032134	137	2206120	31178	128	2089512	27593	0
1459947872033758	131	2206120	31178	123	2089512	27593	1
1459947872035428	136	2207846	30334	126	2087548	27246	0
1459947872037243	139	2207846	30334	131	2087548	27246	1
1459947872039061	137	2210718	30611	131	2092138	29348	0
1459947872040770	135	2210805	28299	130	2095089	29776	0
1459947872042571	138	2214725	29702	129	2096530	28777	0
1459947872044190	132	2210659	31128	127	2095298	27663	0
1459947872045905	134	2209471	29790	126	2092882	27727	0
1459947872047597	133	2207096	29651	124	2088095	29972	0
1459947872049344	135	2207466	27675	127	2087522	28157	0
1459947872051464	143	2207466	27675	135	2087522	28157	1
1459947872053475	136	2209087	27007	129	2089554	27830	0
1459947872055387	139	2209087	27007	134	2089554	27830	1
1459947872057281	139	2209087	27007	132	2089554	27830	1
1459947872059175	135	2209302	25095	129	2091427	27382	0
1459947872060846	131	2204380	27671	124	2086754	29549	0
1459947872062457	132	2201122	28511	126	2085006	28851	0
1459947872064273	131	2196839	30231	125	2082114	29262	0
1459947872066341	140	2196839	30231	131	2082114	29262	1
1459947872068093	138	2201850	32489	131	2087128	31598	0
1459947872070083	138	2206470	34209	132	2093031	34570	0
1459947872071880	135	2206889	31922	127	2092072	32752	0
1459947872073754	136	2208555	30964	129	2093748	31738	0
1459947872075608	140	2208555	30964	130	2093748	31738	1
1459947872077393	139	2213931	33500	130	2096573	31863	0
1459947872079159	136	2215047	31911	127	2095338	30511	0
1459947872080866	133	2212236	32007	126	2092919	30356	0
1459947872082633	139	2217325	34197	130	2095809	30648	0
1459947872084566	136	2218176	32310	127	2094633	29336	0
1459947872086412	139	2222801	34048	132	2099949	31945	0
1459947872088160	135	2221944	32177	127	2098450	30830	0
1459947872089943	134	2221944	32177	123	2098450	30830	1
1459947872091711	135	2221154	30390	126	2095788	30874	0
1459947872093630	139	2225546	32064	132	2101014	33279	0
1459947872095415	141	2225546	32064	135	2101014	33279	1
1459947872097355	139	2229595	33291	132	2105832	35120	0
1459947872099407	140	2234607	35311	133	2111553	37650	0
1459947872101322	135	2232828	34191	129	2111707	34850	0
1459947872103098	134	2229908	34210	126	2108009	35535	0
1459947872105207	139	2233616	34955	133	2113560	37876	0
1459947872107119	136	2233194	32612	128	2112278	36097	0
1459947872109014	137	2234085	30886	130	2113656	34546	0
1459947872111038	139	2237467	31590	132	2117486	35378	0
1459947872112846	141	2237467	31590	134	2117486	35378	1
1459947872114953	143	2237467	31590	133	2117486	35378	1
1459947872116748	135	2235464	30967	128	2115897	34078	0
1459947872118542	135	2233618	30248	127	2113152	33945	0
1459947872120327	133	2229356	31812	126	2109342	34805	0
1459947872121933	133	2225427	32947	125	2104549	36502	0
1459947872123520	134	2223085	32531	125	2100131	37722	0
1459947872125449	139	2227326	33899	132	2105018	39279	0
1459947872127376	138	2229956	33674	130	2106963	38003	0
1459947872129265	140	2234940	35638	133	2112596	40227	0
1459947872131350	140	2239535	37089	132	2116509	40691	0
1459947872133223	140	2243771	38096	131	2118836	39657	0
1459947872134997	139	2246396	37539	132	2122261	39716	0
1459947872136741	134	2242416	38274	127	2119019	39601	0
1459947872138895	140	2246427	38980	131	2121150	38472	0
1459947872140731	137	2246284	36064	132	2124395	38457	0
1459947872142388	136	2244873	34546	128	2122266	37414	0
1459947872144205	136	2243572	33046	129	2121583	35119	0
1459947872146098	141	2248772	35258	132	2124794	35335	0
1459947872147779	135	2245886	35162	128	2122634	34564	0
1459947872149319	131	2245886	35162	124	2122634	34564	1
1459947872151012	135	2243226	34866	127	2119363	34878	0
1459947872152855	136	2242053	33222	128	2117627	33752	0
1459947872154650	136	2240972	31621	130	2118587	32000	0
1459947872156363	136	2239976	30068	127	2115632	32223	0
1459947872158232	135	2237777	29744	128	2114188	31035	0
1459947872160187	136	2237030	28107	131	2116697	30923	0
1459947872162135	136	2236342	26545	130	2117730	29459	0
1459947872164099	139	2239547	27426	132	2121242	30394	0
1459947872165835	134	2236102	28458	128	2119359	29753	0
1459947872167638	132	2236102	28458	121	2119359	29753	1
1459947872169743	143	2236102	28458	136	2119359	29753	1
1459947872171867	143	2236102	28458	136	2119359	29753	1
1459947872173852	142	2236102	28458	134	2119359	29753	1
1459947872175846	137	2236766	26846	130	2120184	28188	0
1459947872177716	136	2236098	25363	130	2120944	26686	0
1459947872179363	134	2232922	26308	127	2117805	27494	0
1459947872181214	135	2231274	25770	128	2116191	26833	0
1459947872182909	137	2232315	24716	128	2114703	26107	0
1459947872184680	136	2231995	23079	129	2114611	24150	0
1459947872186441	135	2230420	22726	126	2110687	25880	0
1459947872188313	137	2231528	21971	131	2113469	26423	0
1459947872190048	136	2231269	20491	128	2112194	25533	0
1459947872191720	137	2232311	19850	127	2109738	25801	0
1459947872193515	138	2234551	20364	130	2111314	25238	0
1459947872195042	128	2234551	20364	121	2111314	25238	1
1459947872196967	137	2235336	19497	130	2112767	24606	0
1459947872198916	140	2235336	19497	134	2112767	24606	1
1459947872200988	140	2235336	19497	132	2112767	24606	1
1459947872202851	139	2238620	21000	131	2115387	25098	0
1459947872204763	138	2240367	20970	131	2117802	25363	0
1459947872206680	137	2240698	19636	128	2116188	24868	0
1459947872208327	129	2240698	19636	123	2116188	24868	1
1459947872210075	139	2243563	20742	131	2118540	25094	0
1459947872211911	139	2246204	21556	130	2119429	23952	0
1459947872213667	137	2246079	19985	132	2122808	25195	0
1459947872215474	135	2243404	20888	129	2122083	23893	0
1459947872217343	138	2244778	20522	131	2123975	23770	0
1459947872219054	132	2244778	20522	124	2123975	23770	1
1459947872220909	137	2244764	18930	130	2124439	22340	0
1459947872222661	137	2244751	17462	129	2123587	21379	0
1459947872224586	140	2244751	17462	132	2123587	21379	1
1459947872226489	137	2244739	16107	127	2120241	22791	0
1459947872228121	130	2244739	16107	123	2120241	22791	1
1459947872230145	140	2244739	16107	131	2120241	22791	1
1459947872232116	141	2244739	16107	133	2120241	22791	1
1459947872233954	137	2244728	14857	130	2120997	21707	0
1459947872235860	139	2247278	16047	131	2122974	21833	0
1459947872237608	138	2248349	15780	127	2119676	23166	0
1459947872239527	136	2246776	15996	130	2120476	22093	0
1459947872241515	136	2245326	16082	130	2121213	21046	0
1459947872243144	135	2242709	17236	127	2118053	22313	0
1459947872244754	135	2240297	18112	127	2115140	23254	0
1459947872246387	131	2240297	18112	123	2115140	23254	1
1459947872248258	139	2243193	19367	132	2118854	24861	0
1459947872250106	142	2243193	19367	134	2118854	24861	1
1459947872251723	130	2243193	19367	120	2118854	24861	1
1459947872253386	132	2243193	19367	124	2118854	24861	1
1459947872255354	139	2245863	20314	129	2118438	23300	0
1459947872257110	137	2245764	18816	128	2116775	23012	0
1459947872258769	133	2245764	18816	125	2116775	23012	1
1459947872260308	130	2245764	18816	123	2116775	23012	1
1459947872262153	136	2244393	18609	128	2115241	22627	0
1459947872263907	131	2244393	18609	124	2115241	22627	1
1459947872265559	132	2244393	18609	125	2115241	22627	1
1459947872266950	124	2244393	18609	115	2115241	22627	1
1459947872268660	135	2241849	19499	127	2112547	23341	0
1459947872270282	130	2241849	19499	122	2112547	23341	1
1459947872272027	136	2240784	18956	127	2110064	23805	0
1459947872273803	136	2239802	18379	126	2106495	25234	0
1459947872275663	134	2236337	20136	127	2104485	25114	0
1459947872277544	137	2236983	19157	131	2107752	26162	0
1459947872279256	135	2235018	19470	128	2106923	24881	0
1459947872280954	135	2233207	19617	128	2106159	23640	0
1459947872282763	135	2231537	19622	130	2108015	23504	0
1459947872284377	138	2233838	20210	130	2109726	23244	0
1459947872286272	138	2235959	20586	130	2111303	22882	0
1459947872288181	142	2235959	20586	133	2111303	22882	1
1459947872290028	136	2235959	20586	124	2111303	22882	1
1459947872291634	131	2235959	20586	123	2111303	22882	1
1459947872293132	133	2231514	23074	126	2107637	24473	0
1459947872295053	138	2233816	23394	131	2110657	25345	0
1459947872296821	137	2234659	22343	127	2108321	25516	0
1459947872298531	135	2232876	22240	128	2107448	24326	0
1459947872300251	137	2233792	21347	130	2109203	24043	0
1459947872301833	132	2233792	21347	124	2109203	24043	1
1459947872303707	137	2234637	20457	129	2109541	22476	0
1459947872305371	132	2234637	20457	125	2109541	22476	1
1459947872307312	141	2234637	20457	131	2109541	22476	1
1459947872309052	137	2235415	19576	130	2111133	22187	0
1459947872311064	137	2236133	18708	128	2110040	21459	0
1459947872312676	135	2234235	18995	126	2106473	23070	0
1459947872314307	132	2234235	18995	123	2106473	23070	1
1459947872316023	136	2233765	17943	130	2108304	22955	0
1459947872317645	135	2232052	18120	128	2107432	21964	0
1459947872319372	136	2231752	16979	129	2107908	20687	0
1459947872321308	137	2232756	16577	129	2108347	19475	0
1459947872322904	131	2232756	16577	122	2108347	19475	1
1459947872324446	126	2232756	16577	121	2108347	19475	1
1459947872326112	129	2232756	16577	121	2108347	19475	1
1459947872327996	139	2232756	16577	130	2108347	19475	1
1459947872329450	129	2232756	16577	120	2108347	19475	1
1459947872330771	122	2232756	16577	114	2108347	19475	1
1459947872332465	134	2232756	16577	125	2108347	19475	1
1459947872334243	135	2231121	16787	127	2106192	19939	0
1459947872335997	132	2231121	16787	125	2106192	19939	1
1459947872337626	132	2231121	16787	123	2106192	19939	1
1459947872339429	134	2228334	18043	128	2105485	19032	0
1459947872341370	139	2228334	18043	131	2105485	19032	1
1459947872343173	137	2229605	17805	131	2108673	20484	0
1459947872345127	142	2229605	17805	134	2108673	20484	1
1459947872346843	138	2232057	18673	130	2110332	20413	0
1459947872348525	131	2232057	18673	122	2110332	20413	1
1459947872350292	138	2234317	19297	128	2109302	19767	0
1459947872351829	131	2234317	19297	125	2109302	19767	1
1459947872353498	135	2232560	19407	128	2108352	19097	0
1459947872355035	130	2232560	19407	121	2108352	19097	1
1459947872356776	136	2232221	18202	128	2107477	18411	0
1459947872358716	136	2231908	17066	128	2106670	17715	0
1459947872360487	135	2230340	17177	128	2105926	17016	0
1459947872362308	138	2232734	18042	128	2105240	16317	0
1459947872364152	140	2232734	18042	133	2105240	16317	1
1459947872365826	132	2232734	18042	123	2105240	16317	1
1459947872367627	136	2232734	18042	126	2105240	16317	1
1459947872369471	140	2232734	18042	131	2105240	16317	1
1459947872371169	136	2232381	16956	129	2105888	15639	0
1459947872372734	133	2232381	16956	125	2105888	15639	1
1459947872374360	134	2232381	16956	125	2105888	15639	1
1459947872376106	131	2232381	16956	125	2105888	15639	1
1459947872377741	129	2232381	16956	124	2105888	15639	1
1459947872379481	135	2230776	17110	128	2105205	15046	0
1459947872381207	138	2233136	17949	130	2107135	15650	0
1459947872382849	127	2233136	17949	121	2107135	15650	1
1459947872384883	141	2233136	17949	134	2107135	15650	1
1459947872386728	136	2232752	16899	129	2107635	14888	0
1459947872388412	129	2232752	16899	124	2107635	14888	1
1459947872390062	134	2232752	16899	125	2107635	14888	1
1459947872391760	131	2232752	16899	122	2107635	14888	1
1459947872393369	135	2231118	17084	128	2106816	14479	0
1459947872395095	135	2229611	17137	129	2107341	13830	0
1459947872396753	134	2229611	17137	126	2107341	13830	1
1459947872398684	131	2229611	17137	125	2107341	13830	1
1459947872400761	136	2229611	17137	126	2107341	13830	1
1459947872402900	139	2229611	17137	131	2107341	13830	1
1459947872404745	136	2229502	15897	128	2106544	13482	0
1459947872406640	134	2229502	15897	126	2106544	13482	1
1459947872408461	137	2230682	15742	129	2107090	12931	0
1459947872410453	140	2230682	15742	133	2107090	12931	1
1459947872412426	138	2233049	16695	129	2107593	12384	0
1459947872414139	133	2233049	16695	126	2107593	12384	1
1459947872415946	128	2233049	16695	120	2107593	12384	1
1459947872417873	136	2232672	15737	129	2108057	11844	0
1459947872419574	134	2232672	15737	126	2108057	11844	1
1459947872421415	136	2232324	14827	130	2109765	12492	0
1459947872423192	141	2232324	14827	133	2109765	12492	1
1459947872424881	137	2233283	14552	131	2112619	14147	0
1459947872426822	136	2232887	13779	129	2112690	13107	0
1459947872428792	136	2232522	13037	131	2115316	14503	0
1459947872430780	139	2232522	13037	130	2115316	14503	1
1459947872432650	137	2233466	12888	131	2117736	15600	0
1459947872434038	120	2233466	12888	112	2117736	15600	1
1459947872435746	132	2233466	12888	125	2117736	15600	1
1459947872437674	137	2234336	12683	129	2117407	14683	0
1459947872439687	142	2234336	12683	132	2117407	14683	1
1459947872441615	143	2234336	12683	135	2117407	14683	1
1459947872443462	139	2234336	12683	132	2117407	14683	1
1459947872445204	134	2234336	12683	126	2117407	14683	1
1459947872447073	135	2234336	12683	126	2117407	14683	1
1459947872448711	135	2232578	13312	129	2117104	13813	0
1459947872450280	130	2232578	13312	123	2117104	13813	1
1459947872452089	138	2234797	14318	129	2116825	12989	0
1459947872453880	135	2233003	14852	128	2115288	13390	0
1459947872455902	138	2235189	15706	130	2116431	13396	0
1459947872457691	137	2235924	15156	129	2116204	12557	0
1459947872459452	137	2235924	15156	127	2116204	12557	1
1459947872461533	146	2235924	15156	137	2116204	12557	1
1459947872463186	132	2235924	15156	122	2116204	12557	1
1459947872464764	133	2235924	15156	125	2116204	12557	1
1459947872466270	126	2235924	15156	120	2116204	12557	1
1459947872467847	133	2235924	15156	124	2116204	12557	1
1459947872469781	140	2235924	15156	129	2116204	12557	1
1459947872471489	136	2235322	14525	129	2115995	11767	0
1459947872473119	131	2235322	14525	121	2115995	11767	1
1459947872474776	132	2235322	14525	124	2115995	11767	1
1459947872476454	131	2235322	14525	125	2115995	11767	1
1459947872478536	138	2237327	15238	130	2117082	11849	0
1459947872480419	140	2237327	15238	131	2117082	11849	1
1459947872482028	135	2237327	15238	126	2117082	11849	1
1459947872483643	135	2235335	15882	128	2115524	12358	0
1459947872485419	136	2234779	15153	129	2115368	11535	0
1459947872487162	137	2235546	14676	128	2113944	11944	0
1459947872488942	137	2236253	14181	131	2116472	13340	0
1459947872490687	133	2236253	14181	127	2116472	13340	1
1459947872492540	140	2236253	14181	131	2116472	13340	1
1459947872494390	139	2236253	14181	132	2116472	13340	1
1459947872496188	135	2234345	14831	128	2114962	13688	0
1459947872498006	135	2234345	14831	127	2114962	13688	1
1459947872499927	141	2234345	14831	135	2114962	13688	1
1459947872501876	141	2234345	14831	131	2114962	13688	1
1459947872503721	139	2234345	14831	132	2114962	13688	1
1459947872505660	140	2234345	14831	133	2114962	13688	1
1459947872507637	137	2235146	14411	129	2114850	12720	0
1459947872509610	136	2234605	13783	129	2114747	11820	0
1459947872511130	129	2234605	13783	120	2114747	11820	1
1459947872512529	127	2234605	13783	119	2114747	11820	1
1459947872513910	122	2234605	13783	116	2114747	11820	1
1459947872515577	130	2234605	13783	122	2114747	11820	1
1459947872517414	137	2235386	13426	130	2115932	11988	0
1459947872519236	137	2236106	13041	130	2117024	12058	0
1459947872521031	136	2235490	12589	130	2118031	12043	0
1459947872522467	134	2235490	12589	125	2118031	12043	1
1459947872524190	134	2235490	12589	125	2118031	12043	1
1459947872525782	134	2235490	12589	126	2118031	12043	1
1459947872527426	132	2235490	12589	124	2118031	12043	1
1459947872528911	128	2235490	12589	121	2118031	12043	1
1459947872530550	131	2235490	12589	123	2118031	12043	1
1459947872532008	121	2235490	12589	116	2118031	12043	1
1459947872533632	127	2235490	12589	122	2118031	12043	1
1459947872535511	137	2236202	12261	132	2121519	14318	0
1459947872537419	139	2236202	12261	132	2121519	14318	1
1459947872539510	140	2236202	12261	133	2121519	14318	1
1459947872541285	133	2236202	12261	125	2121519	14318	1
1459947872543162	137	2236858	11908	132	2124735	16164	0
1459947872544951	137	2237463	11535	131	2126420	16454	0
1459947872546737	135	2235461	12478	128	2124133	17275	0
1459947872548436	136	2235461	12478	127	2124133	17275	1
1459947872550249	140	2235461	12478	132	2124133	17275	1
1459947872552270	141	2235461	12478	133	2124133	17275	1
1459947872553784	123	2235461	12478	116	2124133	17275	1
1459947872555559	137	2236175	12161	129	2123305	16688	0
1459947872557074	128	2236175	12161	120	2123305	16688	1
1459947872558892	136	2235553	11782	129	2122541	16087	0
1459947872560451	135	2235553	11782	126	2122541	16087	1
1459947872562246	136	2235553	11782	126	2122541	16087	1
1459947872563922	133	2235553	11782	126	2122541	16087	1
1459947872565878	138	2237540	12693	130	2123117	15361	0
1459947872567664	135	2235532	13551	128	2121088	16030	0
1459947872569391	132	2235532	13551	123	2121088	16030	1
1459947872570972	135	2235532	13551	124	2121088	16030	1
1459947872572768	138	2237521	14325	129	2120498	15320	0
1459947872574373	131	2237521	14325	122	2120498	15320	1
1459947872576074	136	2236794	13874	128	2118674	15804	0
1459947872577852	134	2236794	13874	124	2118674	15804	1
1459947872579659	137	2237404	13352	128	2116992	16119	0
1459947872581507	132	2237404	13352	124	2116992	16119	1
1459947872583159	135	2235406	14149	128	2115442	16287	0
1459947872584782	132	2235406	14149	123	2115442	16287	1
1459947872586441	133	2231004	17100	128	2114013	16331	0
1459947872588561	139	2231004	17100	133	2114013	16331	1
1459947872590363	136	2230786	15964	128	2112695	16269	0
1459947872592199	138	2233145	16891	132	2116600	18597	0
1459947872593747	132	2233145	16891	125	2116600	18597	1
1459947872595471	135	2231480	17105	128	2115080	18544	0
1459947872597138	128	2231480	17105	121	2115080	18544	1
1459947872599049	142	2231480	17105	134	2115080	18544	1
1459947872600892	135	2229945	17182	130	2116239	18163	0
1459947872602605	130	2229945	17182	119	2116239	18163	1
1459947872604353	134	2227250	18322	127	2113467	19298	0
1459947872606058	130	2227250	18322	123	2113467	19298	1
1459947872607835	134	2224766	19179	129	2113472	17795	0
1459947872609795	137	2226316	19109	129	2113477	16408	0
1459947872611790	138	2229025	20113	132	2117321	18670	0
1459947872613733	139	2229025	20113	131	2117321	18670	1
1459947872615138	125	2229025	20113	118	2117321	18670	1
1459947872616640	124	2229025	20113	118	2117321	18670	1
1459947872618399	139	2229025	20113	132	2117321	18670	1
1459947872620175	134	2229025	20113	126	2117321	18670	1
1459947872622035	135	2227682	19778	127	2114465	19843	0
1459947872624030	138	2230284	20631	132	2118232	21765	0
1459947872626014	135	2228843	20347	127	2115305	22762	0
1459947872628037	135	2227514	19981	129	2115166	21110	0
1459947872629727	133	2227514	19981	126	2115166	21110	1
1459947872631270	129	2227514	19981	120	2115166	21110	1
1459947872633218	140	2227514	19981	131	2115166	21110	1
1459947872635174	138	2230129	20830	129	2115038	19577	0
1459947872637398	147	2230129	20830	141	2115038	19577	1
1459947872639269	139	2230129	20830	131	2115038	19577	1
1459947872641157	137	2231260	20244	128	2113640	19335	0
1459947872642873	132	2231260	20244	123	2113640	19335	1
1459947872644564	133	2231260	20244	125	2113640	19335	1
1459947872646269	135	2229742	20060	129	2113631	17831	0
1459947872647845	131	2229742	20060	123	2113631	17831	1
1459947872649680	138	2232183	20742	130	2114903	17610	0
1459947872651237	133	2232183	20742	125	2114903	17610	1
1459947872652903	135	2230593	20586	128	2113516	17512	0
1459947872654600	133	2230593	20586	124	2113516	17512	1
1459947872656570	142	2230593	20586	135	2113516	17512	1
1459947872658354	134	2230593	20586	126	2113516	17512	1
1459947872660275	139	2230593	20586	131	2113516	17512	1
1459947872662013	130	2230593	20586	124	2113516	17512	1
1459947872663713	133	2230593	20586	124	2113516	17512	1
1459947872665382	132	2225287	23867	127	2110957	18501	0
1459947872667102	137	2226796	23393	129	2111158	17240	0
1459947872668952	131	2226796	23393	124	2111158	17240	1
1459947872670908	136	2226907	21667	128	2110063	16901	0
1459947872672841	138	2229569	22428	132	2114174	19370	0
1459947872674900	145	2229569	22428	138	2114174	19370	1
1459947872677062	141	2229569	22428	132	2114174	19370	1
1459947872678920	134	2226903	23131	127	2111564	20261	0
1459947872680805	132	2226903	23131	121	2111564	20261	1
1459947872682641	137	2228286	22598	129	2111718	18820	0
1459947872684450	135	2227001	22016	128	2110580	18398	0
1459947872686282	136	2227096	20384	129	2110810	17172	0
1459947872687666	122	2227096	20384	116	2110810	17172	1
1459947872689220	127	2227096	20384	119	2110810	17172	1
1459947872690727	125	2227096	20384	117	2110810	17172	1
1459947872692352	135	2225904	19889	129	2111022	16026	0
1459947872694085	141	2225904	19889	133	2111022	16026	1
1459947872695985	141	2225904	19889	136	2111022	16026	1
1459947872697673	136	2226085	18502	128	2109938	15771	0
1459947872699251	133	2226085	18502	126	2109938	15771	1
1459947872700949	132	2226085	18502	123	2109938	15771	1
1459947872702577	129	2226085	18502	122	2109938	15771	1
1459947872704388	135	2224972	18081	128	2108939	15458	0
1459947872706148	138	2227786	19262	130	2110578	15761	0
1459947872707679	132	2227786	19262	125	2110578	15761	1
1459947872709304	135	2226540	18905	127	2108249	16675	0
1459947872711282	137	2227951	18729	130	2109942	16932	0
1459947872712943	133	2224132	20785	127	2107662	17710	0
1459947872714899	139	2224132	20785	132	2107662	17710	1
1459947872716761	136	2224132	20785	126	2107662	17710	1
1459947872718689	139	2224132	20785	132	2107662	17710	1
1459947872720395	138	2227011	21815	130	2109400	17929	0
1459947872722037	132	2221985	24742	128	2108443	17410	0
1459947872723769	131	2221985	24742	123	2108443	17410	1
1459947872725472	129	2221985	24742	122	2108443	17410	1
1459947872727096	130	2221985	24742	123	2108443	17410	1
1459947872728764	132	2221985	24742	125	2108443	17410	1
1459947872730491	137	2223752	24438	128	2107560	16862	0
1459947872732246	141	2223752	24438	132	2107560	16862	1
1459947872734014	138	2226661	25210	130	2109306	17154	0
1459947872735979	138	2229343	25712	129	2109636	16117	0
1459947872737927	138	2231815	25982	128	2108660	15756	0
1459947872739459	118	2231815	25982	113	2108660	15756	1
1459947872740790	96	2231815	25982	92	2108660	15756	1
1459947872742072	94	2231815	25982	88	2108660	15756	1
1459947872743275	105	2231815	25982	99	2108660	15756	1
1459947872744952	138	2234094	26053	130	2110320	16056	0
1459947872746538	137	2234915	24774	128	2109291	15749	0
1459947872748116	133	2234915	24774	125	2109291	15749	1
1459947872749836	136	2234392	23319	129	2109622	14823	0
1459947872751585	136	2234392	23319	124	2109622	14823	1
1459947872753385	138	2236470	23412	128	2108647	14562	0
1459947872755236	135	2234545	23355	127	2106468	15431	0
1459947872757136	134	2231491	24345	128	2105740	14895	0
1459947872758770	129	2231491	24345	123	2105740	14895	1
1459947872760516	131	2231491	24345	123	2105740	14895	1
1459947872762188	132	2231491	24345	122	2105740	14895	1
1459947872763932	137	2232515	23387	131	2108909	16652	0
1459947872765641	133	2232515	23387	124	2108909	16652	1
1459947872767380	133	2232515	23387	126	2108909	16652	1
1459947872769179	137	2233459	22430	129	2109270	15684	0
1459947872770770	129	2233459	22430	121	2109270	15684	1
1459947872772486	138	2235610	22659	131	2112163	17125	0
1459947872774123	136	2235032	21419	128	2110990	16868	0
1459947872776035	139	2238340	22794	128	2109908	16546	0
1459947872777696	132	2238340	22794	124	2109908	16546	1
1459947872779469	134	2234989	24101	127	2107631	17351	0
1459947872781192	135	2234989	24101	126	2107631	17351	1
1459947872783025	138	2237020	24090	130	2109372	17600	0
1459947872784907	138	2238892	23933	131	2112257	18884	0
1459947872786737	136	2238058	22831	129	2112356	17500	0
1459947872788527	134	2234729	24115	127	2109888	18407	0
1459947872790652	143	2234729	24115	134	2109888	18407	1
1459947872792446	139	2238060	25302	131	2112733	19590	0
1459947872794261	137	2238571	23796	128	2111515	19181	0
1459947872795995	134	2238571	23796	124	2111515	19181	1
1459947872797990	135	2236482	23861	128	2110392	18716	0
1459947872799832	140	2236482	23861	129	2110392	18716	1
1459947872801604	133	2236482	23861	126	2110392	18716	1
1459947872803313	132	2236482	23861	126	2110392	18716	1
1459947872805029	137	2237116	22581	129	2110637	17479	0
1459947872806957	139	2240261	23715	131	2113423	18681	0
1459947872808591	137	2240600	22175	131	2115991	19589	0
1459947872810641	143	2240600	22175	134	2115991	19589	1
1459947872812458	138	2242193	21910	129	2115799	18234	0
1459947872814175	133	2242193	21910	126	2115799	18234	1
1459947872815769	128	2242193	21910	119	2115799	18234	1
1459947872817530	135	2242193	21910	126	2115799	18234	1
1459947872819349	137	2242381	20371	128	2114342	18151	0
1459947872820997	136	2242381	20371	126	2114342	18151	1
1459947872822885	137	2242554	18939	130	2115559	17853	0
1459947872824680	135	2240154	19671	127	2112840	18963	0
1459947872826604	140	2240154	19671	131	2112840	18963	1
1459947872828367	134	2236661	21353	127	2110334	19790	0
1459947872830080	139	2239841	22616	130	2111864	19653	0
1459947872831591	133	2239841	22616	124	2111864	19653	1
1459947872833295	135	2237653	22865	128	2110714	19176	0
1459947872835187	139	2240756	23938	129	2110934	17880	0
1459947872836998	135	2238496	24149	129	2111137	16670	0
1459947872838769	135	2236413	24181	129	2111324	15539	0
1459947872840702	139	2239613	25241	130	2112776	15664	0
1459947872842500	136	2238723	24089	128	2111555	15565	0
1459947872844335	134	2235342	25323	128	2110429	15385	0
1459947872846161	138	2237345	25191	129	2110671	14406	0
1459947872847923	134	2237345	25191	125	2110671	14406	1
1459947872849805	139	2240472	26105	131	2113454	15846	0
1459947872851496	138	2242075	25542	131	2116020	16973	0
1459947872853311	136	2240992	24543	127	2113265	18184	0
1459947872855079	137	2241274	22885	127	2110726	19103	0
1459947872857019	138	2242814	22517	131	2113505	20172	0
1459947872858707	131	2242814	22517	125	2113505	20172	1
1459947872860339	136	2241674	21807	129	2113507	18598	0
1459947872862274	139	2244463	22674	131	2116069	19507	0
1459947872863928	136	2243194	22071	127	2113311	20525	0
1459947872865590	134	2239464	23784	129	2113328	18937	0
1459947872867602	142	2239464	23784	134	2113328	18937	1
1459947872869769	146	2239464	23784	138	2113328	18937	1
1459947872871573	137	2239865	22295	129	2113344	17472	0
1459947872873155	129	2239865	22295	121	2113344	17472	1
1459947872875045	135	2237675	22571	128	2112079	17273	0
1459947872876732	135	2237675	22571	125	2112079	17273	1
1459947872878707	137	2238216	21306	129	2112192	16028	0
1459947872880492	136	2237435	20360	127	2109737	17038	0
1459947872882427	140	2237435	20360	133	2109737	17038	1
1459947872884304	138	2239275	20465	130	2111313	17159	0
1459947872886044	134	2239275	20465	125	2111313	17159	1
1459947872887803	136	2239275	20465	124	2111313	17159	1
1459947872889458	136	2238411	19661	128	2110206	16837	0
1459947872891515	140	2238411	19661	132	2110206	16837	1
1459947872893490	139	2241455	20930	130	2111746	16940	0
1459947872895319	140	2241455	20930	133	2111746	16940	1
1459947872897260	141	2241455	20930	132	2111746	16940	1
1459947872898905	132	2241455	20930	125	2111746	16940	1
1459947872900641	136	2240421	20246	127	2109325	17847	0
1459947872902435	138	2242028	20145	131	2112213	19115	0
1459947872904230	138	2243509	19936	130	2113596	18896	0
1459947872906131	138	2244874	19637	129	2113591	17423	0
1459947872908022	140	2244874	19637	133	2113591	17423	1
1459947872909608	136	2243573	19301	127	2111026	18424	0
1459947872911347	135	2241093	20078	127	2108662	19163	0
1459947872913196	142	2241093	20078	135	2108662	19163	1
1459947872915215	140	2241093	20078	131	2108662	19163	1
1459947872917291	140	2241093	20078	133	2108662	19163	1
1459947872919011	136	2240087	19435	128	2107762	18493	0
1459947872920571	129	2240087	19435	123	2107762	18493	1
1459947872922459	135	2237880	19950	130	2109493	18643	0
1459947872924423	139	2240965	21235	131	2112368	19837	0
1459947872926211	138	2242529	21018	132	2116299	21911	0
1459947872928196	140	2242529	21018	131	2116299	21911	1
1459947872930039	138	2243971	20704	131	2118643	22360	0
1459947872932010	137	2243971	20704	126	2118643	22360	1
1459947872933798	133	2238900	23760	128	2116964	22160	0
1459947872935585	133	2238900	23760	124	2116964	22160	1
1459947872937238	130	2238900	23760	119	2116964	22160	1
1459947872938879	132	2238900	23760	123	2116964	22160	1
1459947872940563	133	2238900	23760	125	2116964	22160	1
1459947872942413	135	2238900	23760	126	2116964	22160	1
1459947872944244	137	2239345	22314	130	2117976	21361	0
1459947872946032	139	2242316	23309	132	2121469	22912	0
1459947872947732	133	2242316	23309	125	2121469	22912	1
1459947872949498	136	2241215	22501	128	2119569	22873	0
1459947872951020	132	2241215	22501	123	2119569	22873	1
1459947872952691	131	2241215	22501	126	2119569	22873	1
1459947872954515	136	2240200	21678	130	2120377	21831	0
1459947872956297	138	2241824	21481	130	2121122	20812	0
1459947872958226	136	2240761	20781	130	2121809	19819	0
1459947872959820	133	2240761	20781	125	2121809	19819	1
1459947872961612	136	2239781	20059	128	2119882	20045	0
1459947872963331	136	2238878	19323	129	2119386	18935	0
1459947872965023	131	2238878	19323	124	2119386	18935	1
1459947872966647	133	2238878	19323	126	2119386	18935	1
1459947872968588	136	2238045	18580	128	2117648	19056	0
1459947872970663	139	2241117	19960	131	2119886	19630	0
1459947872972722	139	2243949	21011	131	2121949	19998	0
1459947872974770	139	2246560	21776	130	2122571	19009	0
1459947872976792	139	2248967	22293	132	2125705	20412	0
1459947872978246	127	2248967	22293	121	2125705	20412	1
1459947872979870	131	2248967	22293	126	2125705	20412	1
1459947872981416	124	2248967	22293	117	2125705	20412	1
1459947872983103	131	2248967	22293	124	2125705	20412	1
1459947872984931	138	2249906	21417	129	2124754	19693	0
1459947872986643	136	2249906	21417	126	2124754	19693	1
1459947872988191	133	2249906	21417	125	2124754	19693	1
1459947872990058	138	2250772	20541	130	2125157	18526	0
1459947872991915	138	2251570	19672	129	2124249	17914	0
1459947872993840	136	2251570	19672	127	2124249	17914	1
1459947872995469	130	2251570	19672	122	2124249	17914	1
1459947872996907	126	2251570	19672	119	2124249	17914	1
1459947872998519	130	2251570	19672	121	2124249	17914	1
1459947873000334	139	2253586	19993	128	2122132	18465	0
1459947873002174	135	2250324	21437	129	2121460	17641	0
1459947873004279	144	2250324	21437	137	2121460	17641	1
1459947873005982	130	2250324	21437	124	2121460	17641	1
1459947873007739	135	2250324	21437	126	2121460	17641	1
1459947873009562	133	2250324	21437	126	2121460	17641	1
1459947873011008	129	2250324	21437	121	2121460	17641	1
1459947873012686	135	2250324	21437	127	2121460	17641	1
1459947873014663	139	2252437	21710	132	2124680	19231	0
1459947873016252	132	2252437	21710	125	2124680	19231	1
1459947873018086	134	2247985	24116	128	2122529	19710	0
1459947873020084	140	2251561	25527	130	2123106	18702	0
1459947873022175	141	2251561	25527	132	2123106	18702	1
1459947873023987	140	2254857	26571	131	2124918	18910	0
1459947873026121	140	2257896	27296	133	2129148	21332	0
1459947873027914	137	2256857	26119	129	2127928	20789	0
1459947873029699	135	2253340	27320	128	2125523	21380	0
1459947873031382	133	2253340	27320	126	2125523	21380	1
1459947873033232	136	2251377	26993	129	2124586	20572	0
1459947873034995	134	2247008	28911	127	2121162	22119	0
1459947873036880	135	2244260	29184	127	2118006	23299	0
1459947873038456	132	2244260	29184	122	2118006	23299	1
1459947873040187	135	2241727	29238	128	2116376	22979	0
1459947873042024	138	2243232	28340	131	2118714	23338	0
1459947873043852	136	2242059	27205	130	2119589	22321	0
1459947873045772	139	2244818	27622	132	2122956	23681	0
1459947873047420	134	2240961	29019	127	2119660	24868	0
1459947873049121	135	2238685	28848	127	2116621	25726	0
1459947873050754	133	2238685	28848	125	2116621	25726	1
1459947873052345	132	2238685	28848	124	2116621	25726	1
1459947873054044	134	2235307	29707	127	2113819	26298	0
1459947873055838	133	2235307	29707	125	2113819	26298	1
1459947873057617	135	2233473	29076	129	2113796	24263	0
1459947873059535	140	2238182	31146	131	2116335	24708	0
1459947873061506	140	2242524	32714	130	2117396	23755	0
1459947873063199	133	2237566	34727	126	2113254	25716	0
1459947873064912	136	2236836	32685	128	2111996	24865	0
1459947873066714	135	2234883	31931	126	2108276	26351	0
1459947873068688	137	2235642	30136	128	2107406	25093	0
1459947873070593	138	2237622	29606	130	2109164	24753	0
1459947873072370	135	2235607	29149	128	2108225	23684	0
1459947873074139	133	2231190	30942	127	2106079	23810	0
1459947873075820	135	2229678	29917	127	2104101	23771	0
1459947873077581	133	2225724	31223	126	2100998	24773	0
1459947873079425	138	2228479	31323	131	2104537	26100	0
1459947873081257	137	2229739	30036	130	2106520	25888	0
1459947873082971	132	2229739	30036	124	2106520	25888	1
1459947873084596	132	2229739	30036	125	2106520	25888	1
1459947873086504	137	2230900	28759	129	2107068	24370	0
1459947873088469	136	2230690	26704	130	2108853	24111	0
1459947873090415	137	2231777	25619	128	2107938	23069	0
1459947873092231	135	2231777	25619	125	2107938	23069	1
1459947873093603	127	2231777	25619	119	2107938	23069	1
1459947873095448	134	2228939	26232	127	2105815	23222	0
1459947873097331	137	2230163	25310	129	2106418	21963	0
1459947873099301	141	2230163	25310	134	2106418	21963	1
1459947873101279	140	2230163	25310	133	2106418	21963	1
1459947873103167	138	2232571	25552	131	2109534	23119	0
1459947873104875	134	2229671	26228	126	2106006	24563	0
1459947873106761	138	2232117	26433	129	2106594	23186	0
1459947873108569	139	2235652	27626	130	2108416	23054	0
1459947873110455	137	2236351	26112	130	2110096	22800	0
1459947873112322	137	2236996	24666	129	2110364	21265	0
1459947873113996	133	2232470	26909	126	2106771	22914	0
1459947873115724	134	2229578	27471	127	2104739	22995	0
1459947873117504	136	2229472	25421	129	2105426	21831	0
1459947873119442	144	2229472	25421	136	2105426	21831	1
1459947873121294	136	2229374	23523	130	2107339	21889	0
1459947873123120	136	2229284	21767	128	2106543	20911	0
1459947873124712	132	2229284	21767	124	2106543	20911	1
1459947873126382	136	2229201	20142	127	2104529	21133	0
1459947873128295	138	2231684	20857	131	2107792	22489	0
1459947873130097	134	2228853	21836	127	2105680	22678	0
1459947873131802	135	2227523	21355	127	2103733	22700	0
1459947873133664	138	2230137	22096	130	2105778	22812	0
1459947873135528	139	2233827	23771	131	2108944	23947	0
1459947873137582	143	2233827	23771	135	2108944	23947	1
1459947873139370	141	2233827	23771	133	2108944	23947	1
1459947873141070	136	2233389	22316	130	2110582	23586	0
1459947873142802	134	2230425	23303	128	2109532	22710	0
1459947873144661	137	2231533	22503	130	2111124	22403	0
1459947873146126	129	2231533	22503	123	2111124	22403	1
1459947873147925	137	2232554	21685	131	2113872	23185	0
1459947873149679	138	2234775	22038	132	2117685	24888	0
1459947873151224	125	2234775	22038	120	2117685	24888	1
1459947873152801	130	2234775	22038	124	2117685	24888	1
1459947873154586	137	2235543	21024	130	2118640	23824	0
1459947873156551	140	2235543	21024	133	2118640	23824	1
1459947873158299	134	2235543	21024	126	2118640	23824	1
1459947873160332	141	2235543	21024	133	2118640	23824	1
1459947873162222	137	2236251	20033	128	2116961	23509	0
1459947873164104	138	2238183	20248	131	2119253	23785	0
1459947873166100	141	2238183	20248	132	2119253	23785	1
1459947873167929	139	2241244	21488	131	2121366	23874	0
1459947873169702	133	2241244	21488	125	2121366	23874	1
1459947873171462	136	2241244	21488	124	2121366	23874	1
1459947873173220	133	2241244	21488	125	2121366	23874	1
1459947873175174	139	2244066	22411	130	2122034	22624	0
1459947873177347	143	2244066	22411	137	2122034	22624	1
1459947873179369	139	2246668	23059	132	2125210	23783	0
1459947873181223	136	2245227	22585	129	2124297	22764	0
1459947873182860	134	2241338	24404	127	2120896	24120	0
1459947873184649	135	2239033	24621	128	2119041	23945	0
1459947873186454	134	2235628	25835	129	2118610	22470	0
1459947873188336	136	2235049	24349	130	2119493	21528	0
1459947873189886	131	2235049	24349	121	2119493	21528	1
1459947873191677	138	2237075	24314	131	2121587	21777	0
1459947873193407	138	2238943	24136	131	2123518	21855	0
1459947873195176	137	2239385	22658	132	2126578	22968	0
1459947873197088	142	2239385	22658	131	2126578	22968	1
1459947873198874	134	2235953	24050	127	2122999	24472	0
1459947873200679	137	2236629	22794	129	2122259	23241	0
1459947873202476	137	2237252	21587	129	2121577	22053	0
1459947873204094	131	2237252	21587	126	2121577	22053	1
1459947873205943	133	2232706	24090	127	2118388	23269	0
1459947873207680	134	2229795	24889	128	2116728	22980	0
1459947873209297	127	2229795	24889	121	2116728	22980	1
1459947873210805	133	2229795	24889	125	2116728	22980	1
1459947873212659	138	2232232	25190	132	2120318	24494	0
1459947873214492	138	2234478	25293	130	2121068	23271	0
1459947873216386	139	2237829	26405	130	2121759	22089	0
1459947873218168	136	2237078	25033	130	2122396	20950	0
1459947873219966	137	2237666	23619	128	2120423	21131	0
1459947873221729	135	2235648	23633	131	2122444	21344	0
1459947873223645	139	2238908	24791	132	2125588	22574	0
1459947873225506	135	2236793	24803	129	2124646	21677	0
1459947873227293	137	2237403	23427	128	2122498	21963	0
1459947873229218	138	2239245	23294	128	2120517	22072	0
1459947873231147	135	2237103	23447	128	2118691	22029	0
1459947873232869	131	2237103	23447	123	2118691	22029	1
1459947873234968	140	2237103	23447	132	2118691	22029	1
1459947873237109	142	2237103	23447	134	2118691	22029	1
1459947873239056	135	2235129	23434	128	2117008	21858	0
1459947873240510	132	2235129	23434	126	2117008	21858	1
1459947873241974	129	2235129	23434	121	2117008	21858	1
1459947873243638	136	2234589	22100	129	2116736	20400	0
1459947873245305	135	2234589	22100	126	2116736	20400	1
1459947873247188	136	2234091	20831	128	2115206	20216	0
1459947873248880	135	2232352	20805	128	2113795	19936	0
1459947873250804	136	2232029	19476	129	2113774	18396	0
1459947873252753	143	2232029	19476	137	2113774	18396	1
1459947873254465	139	2232029	19476	132	2113774	18396	1
1459947873256408	141	2232029	19476	133	2113774	18396	1
1459947873258313	135	2230451	19407	129	2113755	16975	0
1459947873260139	137	2231557	18909	131	2116297	17992	0
1459947873261903	132	2231557	18909	126	2116297	17992	1
1459947873263840	141	2231557	18909	133	2116297	17992	1
1459947873265762	136	2231296	17671	128	2114801	17964	0
1459947873267471	134	2231296	17671	126	2114801	17964	1
1459947873269090	133	2231296	17671	124	2114801	17964	1
1459947873270857	137	2232336	17248	130	2115982	17648	0
1459947873272630	139	2232336	17248	132	2115982	17648	1
1459947873274489	138	2234574	17963	131	2118350	18452	0
1459947873276250	137	2235357	17281	128	2116693	18536	0
1459947873278131	137	2236079	16596	127	2113886	19674	0
1459947873279990	139	2236079	16596	130	2113886	19674	1
1459947873281673	128	2236079	16596	123	2113886	19674	1
1459947873283477	137	2236745	15913	131	2116418	20470	0
1459947873285266	136	2236079	15282	129	2116192	19077	0
1459947873287299	142	2236079	15282	132	2116192	19077	1
1459947873288941	132	2236079	15282	124	2116192	19077	1
1459947873290658	139	2236079	15282	129	2116192	19077	1
1459947873292366	137	2236745	14702	130	2117264	18574	0
1459947873294319	137	2237359	14119	128	2115692	18570	0
1459947873296123	132	2237359	14119	126	2115692	18570	1
1459947873297959	133	2232805	17212	127	2112963	19634	0
1459947873299526	133	2232805	17212	124	2112963	19634	1
1459947873301345	137	2233727	16717	131	2115567	20501	0
1459947873303132	136	2233297	15806	129	2115408	19045	0
1459947873304852	129	2233297	15806	122	2115408	19045	1
1459947873306433	132	2233297	15806	126	2115408	19045	1
1459947873308037	129	2233297	15806	123	2115408	19045	1
1459947873309845	137	2234180	15385	130	2116541	18602	0
1459947873311325	133	2234180	15385	125	2116541	18602	1
1459947873313210	142	2234180	15385	134	2116541	18602	1
1459947873315111	138	2236274	16114	133	2121426	21651	0
1459947873317093	139	2236274	16114	132	2121426	21651	1
1459947873318907	137	2236925	15455	129	2120809	20527	0
1459947873320657	134	2233685	17233	127	2117680	21806	0
1459947873322348	128	2233685	17233	122	2117680	21806	1
1459947873324264	133	2233685	17233	126	2117680	21806	1
1459947873325719	126	2233685	17233	119	2117680	21806	1
1459947873327359	132	2233685	17233	126	2117680	21806	1
1459947873329027	134	2233685	17233	125	2117680	21806	1
1459947873330996	139	2233685	17233	131	2117680	21806	1
1459947873333049	142	2233685	17233	134	2117680	21806	1
1459947873334888	129	2233685	17233	123	2117680	21806	1
1459947873336681	133	2233685	17233	126	2117680	21806	1
1459947873338346	135	2231978	17459	128	2116076	21580	0
1459947873340264	139	2231978	17459	131	2116076	21580	1
1459947873342316	141	2231978	17459	132	2116076	21580	1
1459947873344117	136	2231684	16365	129	2115877	20076	0
1459947873345971	133	2231684	16365	125	2115877	20076	1
1459947873347551	129	2231684	16365	123	2115877	20076	1
1459947873349029	125	2231684	16365	120	2115877	20076	1
1459947873350986	139	2231684	16365	131	2115877	20076	1
1459947873352764	134	2231684	16365	126	2115877	20076	1
1459947873354650	135	2230133	16515	127	2113134	21035	0
1459947873356313	135	2230133	16515	124	2113134	21035	1
1459947873357912	129	2230133	16515	122	2113134	21035	1
1459947873359594	133	2230133	16515	124	2113134	21035	1
1459947873361314	131	2230133	16515	123	2113134	21035	1
1459947873363035	129	2230133	16515	122	2113134	21035	1
1459947873365016	134	2227423	17721	128	2111885	20542	0
1459947873366645	135	2226205	17458	127	2109453	21178	0
1459947873368592	135	2225082	17128	129	2109771	19817	0
1459947873370473	140	2225082	17128	132	2109771	19817	1
1459947873372303	137	2226607	17195	131	2112625	20899	0
1459947873373965	133	2222893	19274	127	2110136	21560	0
1459947873375826	138	2225869	20511	130	2111681	21299	0
1459947873377641	135	2224772	19918	128	2110545	20681	0
1459947873379602	139	2224772	19918	131	2110545	20681	1
1459947873381594	137	2226321	19789	129	2110778	19280	0
1459947873383438	137	2227749	19559	130	2112273	19151	0
1459947873385022	128	2227749	19559	123	2112273	19151	1
1459947873386838	136	2227786	18064	128	2111091	18742	0
1459947873388690	135	2226540	17800	128	2110002	18280	0
1459947873390547	140	2226540	17800	132	2110002	18280	1
1459947873392482	140	2226540	17800	132	2110002	18280	1
1459947873394404	139	2226540	17800	131	2110002	18280	1
1459947873396329	137	2227951	17710	130	2111558	18285	0
1459947873398160	136	2227972	16345	130	2112992	18178	0
1459947873399704	128	2227972	16345	122	2112992	18178	1
1459947873401457	133	2227972	16345	126	2112992	18178	1
1459947873402968	131	2227972	16345	123	2112992	18178	1
1459947873404622	132	2227972	16345	125	2112992	18178	1
1459947873406426	137	2229271	16266	129	2113034	16796	0
1459947873408323	139	2229271	16266	133	2113034	16796	1
1459947873410255	141	2229271	16266	134	2113034	16796	1
1459947873411844	133	2225349	18610	127	2110513	17806	0
1459947873413555	136	2225573	17363	128	2109469	17376	0
1459947873415337	138	2228340	18556	129	2109786	16310	0
1459947873417205	136	2228330	17114	127	2107518	17124	0
1459947873418913	136	2228321	15783	128	2106708	16532	0
1459947873420695	136	2228313	14555	128	2105961	15928	0
1459947873422616	138	2230866	15770	131	2109112	17588	0
1459947873424539	136	2230659	14727	129	2109457	16531	0
1459947873426446	137	2231748	14580	129	2109775	15532	0
1459947873428373	139	2231748	14580	130	2109775	15532	1
1459947873430135	136	2231472	13693	128	2108788	15227	0
1459947873431900	135	2231472	13693	126	2108788	15227	1
1459947873433615	134	2228658	15216	127	2106598	16054	0
1459947873435380	133	2224784	17598	127	2104580	16659	0
1459947873437093	131	2224784	17598	125	2104580	16659	1
1459947873438670	130	2224784	17598	124	2104580	16659	1
1459947873440388	135	2223772	17155	127	2102719	17071	0
1459947873442366	136	2224119	16134	130	2104844	17696	0
1459947873443914	126	2224119	16134	120	2104844	17696	1
1459947873445779	130	2224119	16134	124	2104844	17696	1
1459947873447702	138	2224119	16134	132	2104844	17696	1
1459947873449288	132	2224119	16134	126	2104844	17696	1
1459947873451173	135	2223159	15757	127	2102963	18046	0
1459947873452979	137	2224834	16069	129	2103789	17397	0
1459947873454760	128	2224834	16069	121	2103789	17397	1
1459947873456329	131	2224834	16069	125	2103789	17397	1
1459947873458219	133	2224834	16069	125	2103789	17397	1
1459947873460044	137	2226378	16237	131	2107110	19099	0
1459947873461692	133	2222682	18375	126	2103772	20683	0
1459947873463484	136	2223114	17338	129	2104534	19770	0
1459947873465099	130	2223114	17338	121	2104534	19770	1
1459947873466591	133	2219673	19154	126	2101397	21116	0
1459947873468455	137	2221621	19452	127	2099785	20951	0
1459947873469923	126	2221621	19452	119	2099785	20951	1
1459947873471293	122	2221621	19452	114	2099785	20951	1
1459947873472688	121	2221621	19452	115	2099785	20951	1
1459947873474207	126	2221621	19452	120	2099785	20951	1
1459947873476155	136	2222136	18407	130	2102139	21484	0
1459947873478068	134	2220051	18889	126	2099189	22524	0
1459947873479803	134	2218129	19184	128	2099029	20910	0
1459947873481433	129	2218129	19184	121	2099029	20910	1
1459947873482899	129	2218129	19184	121	2099029	20910	1
1459947873484388	132	2218129	19184	123	2099029	20910	1
1459947873486398	139	2218129	19184	128	2099029	20910	1
1459947873488331	137	2220197	19592	131	2102722	22680	0
1459947873490188	138	2223384	20999	131	2106126	24046	0
1459947873492078	137	2225042	20886	128	2105424	22813	0
1459947873493823	134	2222730	21384	126	2102217	23985	0
1459947873495707	137	2224439	21288	129	2103101	22926	0
1459947873497547	134	2222174	21711	127	2101356	22742	0
1459947873499421	137	2223926	21629	130	2103587	23022	0
1459947873501181	133	2220421	23169	126	2100524	24046	0
1459947873503050	137	2222310	23100	130	2102820	24284	0
1459947873504998	138	2225332	24080	130	2104937	24337	0
1459947873506858	141	2225332	24080	131	2104937	24337	1
1459947873508707	138	2228117	24766	131	2108168	25414	0
1459947873510076	127	2228117	24766	121	2108168	25414	1
1459947873511629	129	2228117	24766	124	2108168	25414	1
1459947873513236	131	2228117	24766	123	2108168	25414	1
1459947873514833	126	2228117	24766	119	2108168	25414	1
1459947873516791	138	2230685	25198	131	2111147	26174	0
1459947873518828	139	2234332	26591	133	2116453	29021	0
1459947873520370	129	2234332	26591	125	2116453	29021	1
1459947873521896	125	2234332	26591	118	2116453	29021	1
1459947873523502	128	2234332	26591	122	2116453	29021	1
1459947873525354	140	2238974	28793	134	2122625	32442	0
1459947873527134	135	2236854	28497	127	2119354	32921	0
1459947873528822	132	2236854	28497	124	2119354	32921	1
1459947873530494	133	2232339	30431	125	2113779	35487	0
1459947873532121	135	2230737	29529	127	2111200	35091	0
1459947873533716	135	2229260	28582	127	2108822	34540	0
1459947873535477	133	2225339	29963	127	2106630	33861	0
1459947873537549	139	2229404	31369	132	2111009	35252	0
1459947873539129	126	2229404	31369	120	2111009	35252	1
1459947873540573	129	2229404	31369	122	2111009	35252	1
1459947873542068	131	2229404	31369	124	2111009	35252	1
1459947873543968	137	2230591	30013	129	2111206	32679	0
1459947873545908	145	2230591	30013	135	2111206	32679	1
1459947873547812	137	2231686	28677	129	2111388	30292	0
1459947873549241	129	2231686	28677	122	2111388	30292	1
1459947873550867	133	2227575	30225	126	2107715	31310	0
1459947873552671	137	2228905	29089	130	2109449	30462	0
1459947873554469	135	2227571	28044	128	2108488	28967	0
1459947873556227	135	2226342	26985	128	2107602	27519	0
1459947873557900	131	2226342	26985	124	2107602	27519	1
1459947873559570	129	2226342	26985	124	2107602	27519	1
1459947873561404	133	2222649	28280	128	2106785	26121	0
1459947873563293	137	2224364	27651	129	2107312	24566	0
1459947873565255	140	2224364	27651	132	2107312	24566	1
1459947873566840	128	2224364	27651	123	2107312	24566	1
1459947873568599	131	2224364	27651	125	2107312	24566	1
1459947873570218	131	2224364	27651	125	2107312	24566	1
1459947873571876	133	2224364	27651	125	2107312	24566	1
1459947873573579	135	2223385	26391	127	2105238	24557	0
1459947873575485	135	2222483	25160	129	2105886	23235	0
1459947873577762	139	2226771	27147	132	2110323	25510	0
1459947873579721	136	2226884	25130	128	2109294	24465	0
1459947873581613	137	2228268	24442	129	2109625	22858	0
1459947873583438	139	2232104	26068	133	2115050	26073	0
1459947873585173	134	2229240	26670	127	2112371	26504	0
1459947873586873	132	2229240	26670	125	2112371	26504	1
1459947873588423	129	2229240	26670	121	2112371	26504	1
1459947873590022	129	2229240	26670	122	2112371	26504	1
1459947873591924	138	2231720	26872	132	2116302	28056	0
1459947873593804	139	2235286	28060	131	2118645	28024	0
1459947873595457	133	2230894	29915	127	2115685	28561	0
1459947873597338	132	2225565	32489	127	2112957	28843	0
1459947873599033	132	2225565	32489	124	2112957	28843	1
1459947873600904	134	2223212	32118	128	2111722	27727	0
1459947873602305	129	2223212	32118	123	2111722	27727	1
1459947873603992	134	2221043	31606	128	2110583	26609	0
1459947873605686	130	2221043	31606	122	2110583	26609	1
1459947873607324	134	2219044	30978	128	2109533	25497	0
1459947873609332	135	2218481	29075	129	2109845	23793	0
1459947873611147	139	2223082	31044	132	2113973	25739	0
1459947873612723	133	2219643	31787	127	2111378	26119	0
1459947873614487	135	2219033	29864	129	2111546	24233	0
1459947873616276	135	2218471	28048	126	2107861	25735	0
1459947873618019	134	2216672	27513	128	2107024	24495	0
1459947873619703	135	2216294	25710	129	2107532	23050	0
1459947873621572	136	2217226	24560	130	2109281	22861	0
1459947873623161	131	2217226	24560	123	2109281	22861	1
1459947873624852	136	2218085	23433	129	2109613	21380	0
1459947873626615	136	2218877	22332	129	2109919	19991	0
1459947873628091	129	2218877	22332	122	2109919	19991	1
1459947873630039	135	2218327	21093	129	2110201	18689	0
1459947873631808	137	2220380	21337	131	2113021	19828	0
1459947873633464	131	2220380	21337	126	2113021	19828	1
1459947873635205	133	2217152	22645	128	2111781	19420	0
1459947873637071	135	2216737	21257	130	2113198	19208	0
1459947873638767	133	2213794	22308	127	2110664	20042	0
1459947873640365	134	2212361	21885	128	2109608	19449	0
1459947873642200	135	2212320	20212	131	2112474	20571	0
1459947873644258	141	2212320	20212	135	2112474	20571	1
1459947873646091	137	2214842	20957	131	2115116	21399	0
1459947873648162	137	2217167	21462	131	2117552	21973	0
1459947873650087	137	2219310	21761	129	2117238	20545	0
1459947873651979	137	2221286	21882	130	2118228	19852	0
1459947873653701	137	2223108	21851	129	2117861	18638	0
1459947873655431	132	2218387	24494	127	2114963	19852	0
1459947873656979	131	2218387	24494	126	2114963	19852	1
1459947873658698	132	2218387	24494	126	2114963	19852	1
1459947873660684	139	2218387	24494	134	2114963	19852	1
1459947873662549	141	2218387	24494	134	2114963	19852	1
1459947873664248	135	2217875	23051	129	2114851	18403	0
1459947873665981	132	2213563	25224	128	2113468	18239	0
1459947873668004	138	2217268	26668	132	2117313	20358	0
1459947873669783	134	2215563	26154	128	2115737	20218	0
1459947873671474	134	2213992	25558	129	2115565	18796	0
1459947873673233	135	2213823	23715	130	2116686	18360	0
1459947873675125	136	2214948	22899	129	2116439	17151	0
