1459947871376344 133 2179072 0 132 2162688 0 0
1459947871378266 133 2179072 0 131 2161408 1180 0
1459947871380294 137 2184192 4720 134 2164068 3539 0
1459947871382352 138 2190192 9882 134 2166520 5522 0
1459947871384172 132 2188043 11089 127 2159820 11265 0
1459947871386051 130 2183502 14408 127 2153644 16077 0
1459947871387992 132 2181875 14780 129 2150510 17708 0
1459947871390001 136 2185496 16963 134 2154021 19561 0
1459947871391982 138 2191394 21074 136 2159818 23376 0
1459947871393558 123 2177631 32114 123 2148522 31962 0
1459947871395245 127 2170063 36581 125 2140668 36703 0
1459947871396780 125 2160526 42514 123 2130868 42869 0
1459947871398420 128 2155574 43756 126 2125673 44307 0
1459947871400355 133 2157409 42029 130 2126004 41150 0
1459947871402320 132 2157821 39125 131 2127589 39397 0
1459947871404166 131 2156921 36897 129 2126491 37331 0
1459947871405887 124 2147131 43038 121 2115238 44786 0
1459947871407975 136 2153466 45515 133 2120225 45884 0
1459947871409901 132 2154186 42623 130 2120982 42997 0
1459947871411812 137 2161250 45805 131 2122960 41460 0
1459947871413551 135 2165202 45869 131 2124783 39901 0
1459947871415172 129 2161165 46006 125 2118784 42313 0
1459947871417012 131 2160003 43481 128 2117094 40564 0
1459947871418876 133 2161492 41457 131 2119376 39497 0
1459947871421156 146 2179505 54824 141 2134279 50150 0
1459947871423138 135 2182031 52868 134 2139058 50638 0
1459947871425176 136 2185639 52063 134 2143464 50742 0
1459947871427157 135 2187685 49882 131 2143685 46981 0
1459947871428607 108 2155012 76104 106 2111889 72621 0
1459947871430296 134 2158171 73070 131 2114577 69425 0
1459947871431910 129 2154683 70575 124 2108095 69975 0
1459947871433688 133 2156588 66817 129 2108520 64899 0
1459947871435711 136 2162184 66755 134 2115311 66089 0
1459947871437517 134 2164783 63935 131 2117732 63157 0
1459947871439396 140 2174859 68229 137 2127644 67359 0
1459947871441128 132 2173908 63774 128 2125261 64292 0
1459947871442747 127 2166631 65499 124 2117944 66013 0
1459947871444403 130 2163762 63024 129 2117599 61172 0
1459947871446366 134 2166238 60382 132 2121121 59639 0
1459947871448603 137 2172360 61308 133 2125648 59152 0
1459947871450471 131 2170324 58394 129 2124701 55402 0
1459947871452274 132 2169727 54380 130 2125108 51448 0
1459947871454055 129 2165337 54177 131 2126763 48954 0
1459947871455666 129 2161290 53674 127 2123169 48441 0
1459947871457601 137 2167799 55480 134 2128816 49862 0
1459947871459276 133 2168679 51956 132 2131462 48405 0
1459947871460760 128 2163090 53047 124 2123661 51814 0
1459947871462294 126 2155378 56010 121 2112629 57935 0
1459947871463956 130 2153389 53467 129 2112699 53473 0
1459947871465542 129 2150275 52159 126 2108924 52774 0
1459947871467393 133 2152524 50158 128 2108004 49498 0
1459947871469327 138 2160998 54051 136 2117396 54288 0
1459947871471359 137 2167530 55849 134 2123494 55668 0
1459947871473221 134 2169711 53496 132 2126556 54140 0
1459947871475108 134 2171722 51170 129 2125538 50847 0
1459947871477014 132 2171016 47822 129 2124600 47738 0
1459947871479016 134 2172925 45845 132 2127575 46751 0
1459947871480965 130 2169565 45360 128 2125198 45289 0
1459947871482946 135 2172867 44860 133 2129406 45630 0
1459947871484796 132 2172071 42088 130 2129446 42102 0
1459947871486678 131 2170057 40654 128 2126923 41137 0
1459947871488558 135 2173321 40486 135 2133557 44038 0
1459947871490304 132 2172490 38088 131 2134552 41515 0
1459947871492114 134 2174284 36766 133 2138030 41477 0
1459947871494041 135 2177218 36597 131 2138676 38831 0
1459947871496059 138 2183762 39770 136 2145671 42246 0
1459947871497684 129 2178275 41719 126 2139320 44799 0
1459947871499419 134 2179617 39696 131 2139865 41802 0
1459947871501129 128 2173174 42533 125 2132688 45152 0
1459947871502906 133 2173634 39634 130 2132471 41823 0
1459947871504786 133 2174058 36928 131 2133551 39551 0
1459947871506673 133 2174449 34404 129 2131987 37902 0
1459947871508509 131 2172250 33743 131 2133105 35971 0
1459947871510373 133 2172782 31597 131 2134136 34110 0
1459947871512490 137 2178393 34301 134 2138926 35861 0
1459947871514474 132 2177166 32752 125 2131822 39607 0
1459947871516407 131 2174754 32415 131 2132953 37555 0
1459947871518486 133 2175091 30193 131 2133996 35582 0
1459947871520335 132 2174122 28727 127 2129837 36635 0
1459947871522218 133 2174508 26838 130 2129843 33778 0
1459947871524164 135 2177424 27429 131 2131129 32324 0
1459947871525834 125 2167312 34607 125 2124634 35785 0
1459947871527474 132 2166950 32235 130 2125046 33369 0
1459947871529214 131 2165337 31202 128 2122866 32770 0
1459947871531110 132 2165130 28954 130 2123417 30717 0
1459947871532923 132 2164939 26866 130 2123925 28785 0
1459947871534812 139 2173723 32864 135 2130793 32867 0
1459947871536964 140 2183100 38941 137 2139684 38496 0
1459947871538638 128 2176385 42088 126 2133801 40911 0
1459947871540506 130 2172754 42145 131 2134777 38614 0
1459947871542473 134 2174527 40487 131 2135677 36427 0
1459947871544493 135 2177442 40010 133 2139067 36706 0
1459947871546624 137 2182689 41721 134 2143472 37899 0
1459947871548415 129 2177286 43441 125 2136013 41814 0
1459947871550326 133 2177425 40175 132 2138096 40468 0
1459947871552352 135 2180113 39514 134 2142577 41437 0
1459947871554374 138 2186431 42251 135 2147988 43187 0
1459947871556502 137 2190976 43140 134 2151696 43231 0
1459947871558641 137 2195166 43631 134 2155114 43004 0
1459947871560418 128 2187508 47281 125 2146745 47358 0
1459947871562225 129 2181728 48914 125 2139030 50769 0
1459947871564032 130 2177680 48823 127 2134478 50998 0
1459947871565701 127 2170108 51987 125 2127721 53241 0
1459947871567790 134 2172088 49750 133 2131732 52779 0
1459947871569951 135 2175193 48726 134 2136710 53244 0
1459947871571534 128 2169096 50539 126 2131059 54292 0
1459947871573194 129 2164755 50591 127 2127130 53672 0
1459947871574827 124 2154353 56226 123 2118387 57536 0
1459947871576351 127 2148604 57132 121 2107768 62830 0
1459947871578084 130 2147144 54013 124 2101818 63405 0
1459947871580138 135 2152198 54452 132 2106573 62834 0
1459947871582251 134 2155577 53312 129 2107116 58426 0
1459947871584357 137 2162532 55559 135 2115297 61403 0
1459947871586302 134 2165104 53589 131 2117719 58838 0
1459947871588309 136 2170035 53948 133 2122512 58659 0
1459947871590236 135 2173301 52743 132 2125650 56969 0
1459947871592171 138 2180151 54937 136 2133663 59905 0
1459947871594157 138 2186466 56467 137 2142330 63214 0
1459947871596154 135 2188448 53882 134 2146480 62101 0
1459947871598138 133 2187715 50347 129 2143906 59621 0
1459947871599938 131 2184479 49395 130 2142813 55970 0
1459947871601948 135 2186616 47506 131 2143085 51848 0
1459947871603961 132 2184746 45517 129 2140776 49925 0
1459947871605727 129 2179182 47088 126 2134807 51525 0
1459947871607653 132 2177893 44596 130 2134425 47850 0
1459947871609326 130 2174145 44566 127 2130233 47975 0
1459947871611300 138 2180929 47338 133 2134048 47743 0
1459947871613082 131 2178223 46132 131 2135005 44895 0
1459947871615088 134 2179569 43768 133 2138447 44560 0
1459947871617048 135 2182090 42672 134 2142900 45183 0
1459947871618984 137 2186974 43840 135 2148285 46618 0
1459947871620653 124 2174836 51604 121 2135330 54917 0
1459947871622530 131 2172606 49626 127 2131067 54555 0
1459947871624323 133 2173111 46213 131 2132257 51389 0
1459947871626447 139 2181256 50111 137 2141034 55465 0
1459947871628508 137 2186205 50758 135 2146565 56230 0
1459947871630267 129 2180527 52025 125 2138864 58935 0
1459947871632100 134 2181693 49035 131 2139445 54865 0
1459947871634111 135 2184048 47375 133 2142540 53432 0
1459947871636151 132 2182379 45211 131 2142834 49528 0
1459947871638178 137 2187240 46159 135 2148225 50627 0
1459947871639891 132 2185321 44320 129 2145514 49169 0
1459947871641526 130 2180992 44847 128 2141735 48810 0
1459947871643014 126 2171882 49741 123 2131851 54106 0
1459947871644540 129 2167323 50056 127 2127860 53557 0
1459947871646597 133 2168240 46991 130 2128020 49520 0
1459947871648228 127 2161406 49618 125 2121768 51414 0
1459947871650078 136 2166626 50553 132 2124964 50344 0
1459947871651782 129 2162478 50426 126 2120231 50773 0
1459947871653771 134 2165054 48861 133 2124827 51043 0
1459947871655515 129 2161029 48753 128 2122664 49048 0
1459947871657238 131 2159878 46004 129 2121950 45873 0
1459947871659051 133 2161377 43791 131 2123852 44043 0
1459947871660944 135 2165319 44003 131 2125606 42219 0
1459947871662632 129 2161273 44294 128 2123383 40969 0
1459947871664425 133 2162663 42114 131 2125173 39418 0
1459947871666139 128 2157544 43541 125 2119143 41896 0
1459947871667972 131 2156665 40948 126 2114864 42565 0
1459947871669810 135 2160975 41721 131 2117320 41503 0
1459947871671482 131 2159828 39517 127 2114464 40892 0
1459947871673445 136 2165171 41355 133 2119511 42350 0
1459947871675675 137 2171377 43845 134 2125444 44510 0
1459947871677448 130 2168138 43404 125 2119393 46609 0
1459947871679415 134 2170272 41980 133 2124055 47265 0
1459947871681420 133 2170959 39333 130 2124513 43994 0
1459947871683228 128 2165192 41575 127 2121095 43706 0
1459947871685168 135 2168836 41685 132 2124344 43286 0
1459947871686865 135 2172195 41525 133 2128619 43845 0
1459947871688925 142 2184252 49395 140 2141520 52312 0
1459947871690844 131 2181287 48269 127 2136773 52600 0
1459947871692681 135 2183673 46697 132 2138797 50356 0
1459947871694511 133 2183313 43379 131 2139383 46961 0
1459947871696341 133 2182981 40295 131 2139923 43790 0
1459947871698249 128 2176275 43327 128 2136581 43448 0
1459947871700298 135 2179053 42503 131 2137340 40753 0
1459947871702364 137 2184174 43903 133 2140600 40574 0
1459947871704389 136 2187615 43645 134 2144885 41354 0
1459947871706462 138 2193347 45519 134 2148835 41765 0
1459947871708528 139 2199911 48013 136 2155037 44219 0
1459947871710617 137 2203402 47480 135 2159474 44855 0
1459947871712482 135 2204061 44377 133 2161005 42761 0
1459947871714551 137 2207228 43830 135 2164976 43081 0
1459947871716567 135 2207588 40737 133 2166077 40730 0
1459947871718328 131 2202800 41967 128 2160692 42511 0
1459947871720227 129 2195826 45116 128 2155727 43765 0
1459947871721915 127 2186837 49877 125 2147310 48103 0
1459947871723758 136 2190070 48960 135 2152351 48991 0
1459947871725660 132 2187930 47107 129 2149318 47958 0
1459947871727442 134 2188517 43968 131 2149082 44428 0
1459947871729409 129 2182659 45933 126 2142464 47057 0
1459947871731214 129 2177258 47322 126 2136364 49003 0
1459947871733150 134 2178679 44934 131 2137140 45889 0
1459947871734845 126 2169749 49654 122 2126335 52262 0
1459947871736569 127 2162797 52182 126 2121495 52640 0
1459947871738553 131 2161508 49292 131 2123433 50313 0
1459947871740592 137 2168000 51426 136 2131619 53929 0
1459947871742499 132 2167585 47790 129 2130206 51017 0
1459947871744095 127 2160802 50308 126 2125063 51771 0
1459947871745801 132 2160949 46512 130 2125442 48075 0
1459947871747519 132 2161084 43003 127 2121951 47536 0
1459947871749599 139 2170169 48018 136 2130253 51475 0
1459947871751465 136 2174704 48447 133 2134066 50969 0
1459947871753278 137 2180165 49696 134 2138862 51408 0
1459947871755290 134 2181359 46914 130 2138163 48034 0
1459947871757000 130 2177340 46952 126 2132399 49594 0
1459947871758648 132 2176195 44338 130 2132205 45897 0
1459947871760255 126 2167459 48926 123 2123066 50735 0
1459947871762044 130 2164526 47806 129 2122321 47457 0
1459947871763920 133 2165662 45118 131 2124194 45476 0
1459947871766163 143 2179509 54358 140 2137441 54135 0
1459947871768027 135 2182034 52439 133 2140693 52903 0
1459947871770062 138 2188202 54028 133 2143691 51533 0
1459947871771924 134 2188768 50329 127 2138775 52037 0
1459947871773825 137 2193130 50418 136 2145763 54413 0
1459947871775255 121 2176671 61651 119 2130445 64282 0
1459947871777104 131 2174298 59021 129 2129123 60476 0
1459947871778722 129 2169550 58785 129 2127905 56873 0
1459947871780520 129 2165173 58226 127 2124222 55823 0
1459947871782472 132 2164978 53855 131 2125947 53051 0
1459947871784422 136 2169919 54202 134 2131377 53912 0
1459947871786556 136 2174474 54166 133 2135103 53135 0
1459947871788511 135 2177393 52625 132 2137258 50969 0
1459947871790427 136 2181364 52173 132 2139244 48818 0
1459947871792399 137 2186304 52651 134 2143635 49052 0
1459947871794415 136 2189579 51556 133 2146403 47771 0
1459947871796612 136 2192598 50311 130 2145115 45225 0
1459947871798588 131 2188981 49714 129 2142647 43965 0
1459947871800664 138 2194606 51016 137 2150612 47873 0
1459947871802599 133 2193392 48148 130 2148995 45622 0
1459947871804443 134 2193553 44534 132 2150064 43043 0
1459947871806243 128 2186021 47996 129 2147210 42310 0
1459947871807822 126 2176518 53006 123 2136899 48509 0
1459947871809705 133 2176717 49047 130 2136353 45221 0
1459947871811693 139 2184580 52464 133 2139690 44764 0
1459947871813491 136 2187989 51508 133 2142766 44102 0
1459947871815412 137 2192412 51560 133 2145602 43270 0
1459947871817194 132 2190089 49671 130 2144376 41018 0
1459947871819029 134 2190508 46176 131 2144526 37951 0
1459947871821179 134 2190894 42924 132 2145944 36294 0
1459947871823323 140 2198930 46978 137 2153652 40563 0
1459947871825165 137 2202498 46596 133 2155637 39224 0
1459947871827021 134 2201947 43462 131 2154907 36831 0
1459947871828871 130 2196319 45253 127 2149114 39292 0
1459947871830888 134 2196251 41779 130 2147614 37604 0
1459947871832525 129 2189788 44472 127 2142391 39480 0
1459947871834300 132 2187670 42948 128 2138856 39653 0
1459947871836034 131 2184438 42571 130 2138157 37198 0
1459947871837920 135 2186578 41218 133 2141353 37237 0
1459947871839663 130 2182151 42077 129 2139179 36330 0
1459947871841476 130 2178070 42550 126 2133335 38877 0
1459947871843305 133 2178148 39297 132 2135628 37953 0
1459947871845402 134 2179500 37472 132 2137742 36935 0
1459947871847386 134 2180746 35693 130 2137130 34612 0
1459947871849022 126 2171655 41284 120 2123766 44226 0
1459947871850801 129 2167114 42243 127 2120406 43866 0
1459947871852545 129 2162928 42800 127 2117309 43292 0
1459947871854242 133 2164189 40618 127 2114454 42540 0
1459947871856001 135 2167911 40875 128 2113102 40462 0
1459947871857807 136 2172622 42024 126 2109295 40808 0
1459947871859746 140 2172622 42024 132 2109295 40808 1
1459947871861528 141 2172622 42024 131 2109295 40808 1
1459947871863604 143 2172622 42024 136 2109295 40808 1
1459947871865333 132 2171845 39455 126 2105786 40853 0
1459947871867062 136 2176249 40432 127 2103831 39462 0
1459947871868965 137 2181589 42196 128 2103309 36860 0
1459947871870494 129 2181589 42196 122 2103309 36860 1
1459947871872162 133 2181392 39080 124 2097707 39143 0
1459947871874127 140 2181392 39080 132 2097707 39143 1
1459947871876009 140 2181392 39080 131 2097707 39143 1
1459947871877917 135 2183770 38218 128 2097663 36123 0
1459947871879697 134 2184682 36073 126 2095063 35696 0
1459947871881022 111 2184682 36073 102 2095063 35696 1
1459947871882584 138 2190643 38750 130 2097786 35417 0
1459947871884238 135 2192299 37248 128 2097736 32695 0
1459947871886080 137 2196385 38105 129 2098970 31277 0
1459947871887896 136 2198872 37421 130 2101387 31062 0
1459947871889373 126 2198872 37421 119 2101387 31062 1
1459947871891064 130 2193485 39463 124 2095936 33660 0
1459947871892589 128 2193485 39463 120 2095936 33660 1
1459947871894376 134 2193638 36521 127 2094751 32122 0
1459947871896141 135 2195060 34977 128 2094938 29784 0
1459947871897853 134 2195090 32272 126 2092550 29657 0
1459947871899797 138 2200238 34496 131 2096749 31211 0
1459947871901609 133 2198584 33325 126 2094220 31102 0
1459947871903130 128 2198584 33325 122 2094220 31102 1
1459947871904585 127 2198584 33325 122 2094220 31102 1
1459947871906391 135 2199619 31675 128 2094449 28883 0
1459947871908211 135 2200573 30080 128 2094660 26820 0
1459947871909946 131 2196333 31638 124 2089734 29264 0
1459947871911805 136 2198824 31462 129 2091593 28691 0
1459947871913877 139 2204960 34661 131 2095867 30389 0
1459947871915908 138 2209337 35988 130 2098527 30466 0
1459947871917802 135 2209532 33356 127 2097139 29363 0
1459947871919671 138 2213552 34456 131 2100980 30609 0
1459947871921591 141 2213552 34456 133 2100980 30609 1
1459947871923264 129 2213552 34456 120 2100980 30609 1
1459947871925005 133 2210858 34247 125 2096840 32032 0
1459947871926686 125 2210858 34247 118 2096840 32032 1
1459947871928375 131 2205814 36220 124 2091744 34226 0
1459947871930536 140 2212684 39724 131 2096006 35481 0
1459947871932662 139 2217738 41279 133 2102495 38691 0
1459947871934333 130 2217738 41279 121 2102495 38691 1
1459947871936163 136 2218557 38809 129 2103357 36463 0
1459947871938032 136 2219312 36473 131 2106712 36707 0
1459947871940053 143 2219312 36473 136 2106712 36707 1
1459947871941874 137 2221288 35444 131 2109805 36690 0
1459947871943714 137 2223109 34353 131 2112656 36451 0
1459947871945550 138 2226068 34397 131 2115284 36026 0
1459947871947299 136 2226236 31864 129 2115147 33336 0
1459947871948905 133 2222551 32770 125 2109901 35567 0
1459947871950887 140 2228114 35337 133 2115304 37769 0
1459947871952622 131 2221722 38468 124 2108765 40845 0
1459947871954460 138 2224789 38290 132 2112977 41536 0
1459947871956246 135 2223777 36230 127 2110460 40610 0
1459947871958290 144 2223777 36230 135 2110460 40610 1
1459947871960253 142 2223777 36230 134 2110460 40610 1
1459947871961946 133 2220284 36618 125 2105580 41935 0
1459947871963610 132 2215784 37905 127 2103641 40444 0
1459947871965275 133 2212915 37586 125 2099294 41291 0
1459947871967315 140 2219231 40471 131 2102966 41450 0
1459947871968920 130 2212253 43741 122 2094831 45709 0
1459947871970788 136 2213500 41473 129 2096292 43484 0
1459947871972424 133 2210810 40711 127 2095079 41204 0
1459947871974361 137 2213450 39964 131 2099080 41673 0
1459947871976270 141 2221004 43805 133 2105329 44178 0
1459947871978133 139 2225408 44442 130 2107250 42497 0
1459947871979930 138 2228188 43531 131 2110301 41988 0
1459947871981483 130 2220510 47207 123 2102873 45553 0
1459947871983321 134 2218552 45322 128 2102426 42406 0
1459947871985121 135 2218027 42264 128 2102013 39472 0
1459947871986797 136 2218823 39696 128 2101633 36738 0
1459947871988485 131 2213157 41816 123 2094882 40089 0
1459947871990089 133 2210494 41003 124 2089939 41513 0
1459947871991632 133 2208039 40062 125 2086662 41289 0
1459947871993374 137 2210895 39565 130 2090041 41178 0
1459947871995014 132 2207128 39944 124 2085476 42167 0
1459947871996914 141 2215176 44242 134 2094068 46792 0
1459947871998933 138 2218755 44084 132 2099428 48078 0
1459947872000643 132 2214374 44676 125 2095410 48024 0
1459947872002242 131 2209056 46087 123 2089146 50046 0
1459947872004089 134 2207993 43465 128 2089771 46712 0
1459947872005894 133 2205733 42151 126 2087787 44890 0
1459947872007529 133 2203650 40777 125 2084678 44247 0
1459947872009229 131 2199169 41721 125 2081812 43431 0
1459947872010790 132 2196318 41088 125 2079170 42472 0
1459947872012431 130 2191130 42660 125 2076734 41397 0
1459947872014281 131 2187627 42555 125 2074489 40231 0
1459947872016014 135 2189518 40973 129 2077539 39899 0
1459947872017805 136 2192541 40558 130 2081631 40553 0
1459947872019438 131 2188928 40719 125 2079003 39806 0
1459947872021304 135 2190718 39187 125 2076580 38928 0
1459947872023174 135 2192368 37646 128 2078187 37367 0
1459947872024867 134 2192609 34926 127 2078388 34632 0
1459947872026736 137 2196671 35942 131 2083693 36817 0
1459947872028646 134 2196576 33221 127 2083464 34150 0
1459947872030385 137 2200328 34084 128 2084533 32467 0
1459947872032134 137 2203787 34610 128 2085518 30838 0
1459947872033758 131 2199296 36046 123 2080026 33490 0
1459947872035428 136 2201556 35312 126 2078803 31999 0
1459947872037243 139 2207479 38013 131 2084076 34360 0
1459947872039061 137 2210379 37717 131 2088937 36156 0
1459947872040770 135 2210493 34875 130 2092138 36282 0
1459947872042571 138 2214438 35787 129 2093809 34988 0
1459947872044190 132 2210395 36718 127 2092790 33193 0
1459947872045905 134 2209227 34924 126 2090570 32644 0
1459947872047597 133 2206871 34366 124 2085964 34338 0
1459947872049344 135 2207259 32038 127 2085558 32029 0
1459947872051464 143 2207259 32038 135 2085558 32029 1
1459947872053475 136 2208896 31045 129 2087743 31541 0
1459947872055387 139 2214246 33551 134 2096158 36833 0
1459947872057281 139 2219178 35475 132 2101355 38746 0
1459947872059175 135 2218604 33231 129 2102306 36595 0
1459947872060846 131 2212955 35841 124 2096783 38827 0
1459947872062457 132 2209027 36660 126 2094251 38126 0
1459947872064273 131 2204126 38312 125 2090637 38478 0
1459947872066341 140 2211128 41773 131 2094985 39480 0
1459947872068093 138 2215023 42100 131 2098994 40091 0
1459947872070083 138 2218614 42120 132 2103970 41545 0
1459947872071880 135 2218084 39316 127 2102157 39970 0
1459947872073754 136 2218876 36974 129 2103045 37666 0
1459947872075608 140 2224726 39478 130 2105144 36658 0
1459947872077393 139 2228839 40184 130 2107079 35578 0
1459947872079159 136 2228790 37088 127 2105023 34692 0
1459947872080866 133 2224905 37770 126 2101848 34907 0
1459947872082633 139 2229004 38598 130 2104041 34200 0
1459947872084566 136 2228943 35638 127 2102222 33204 0
1459947872086412 139 2232726 36341 132 2106945 34963 0
1459947872088160 135 2231094 35005 127 2104899 34116 0
1459947872089943 134 2228309 34836 123 2097893 37907 0
1459947872091711 135 2227022 33300 126 2095275 37358 0
1459947872093630 139 2230955 34324 132 2100541 39294 0
1459947872095415 141 2237141 37345 135 2109236 44239 0
1459947872097355 139 2240284 37324 132 2113411 44631 0
1459947872099407 140 2244461 38259 133 2118540 45873 0
1459947872101322 135 2241912 37619 129 2118149 42649 0
1459947872103098 134 2238282 38025 126 2113948 43189 0
1459947872105207 139 2241336 37869 133 2119035 44504 0
1459947872107119 136 2240311 35854 128 2117325 42603 0
1459947872109014 137 2240646 33361 130 2118308 40181 0
1459947872111038 139 2243515 33399 132 2121775 40237 0
1459947872112846 141 2248720 35587 134 2127531 42399 0
1459947872114953 143 2256078 39589 133 2131557 42798 0
1459947872116748 135 2252621 39682 128 2128869 41931 0
1459947872118542 135 2249434 39518 127 2125111 42119 0
1459947872120327 133 2243936 41497 126 2120366 43201 0
1459947872121933 133 2238868 42926 125 2114712 45036 0
1459947872123520 134 2235476 42698 125 2109500 46321 0
1459947872125449 139 2238749 42379 132 2113655 46532 0
1459947872127376 138 2240486 40670 130 2114925 44067 0
1459947872129265 140 2244648 41328 133 2119936 45244 0
1459947872131350 140 2248484 41636 132 2123276 44788 0
1459947872133223 140 2252021 41643 131 2125075 42946 0
1459947872134997 139 2254001 40215 132 2128013 42298 0
1459947872136741 134 2249427 41289 127 2124321 42395 0
1459947872138895 140 2252890 41255 131 2126038 40665 0
1459947872140731 137 2252242 38627 132 2128901 40127 0
1459947872142388 136 2250365 37338 128 2126420 39278 0
1459947872144205 136 2248635 36014 129 2125413 37136 0
1459947872146098 141 2253440 37630 132 2128325 36918 0
1459947872147779 135 2250190 37686 128 2125889 36278 0
1459947872149319 131 2242073 42222 124 2118523 40232 0
1459947872151012 135 2239711 41100 127 2115573 39807 0
1459947872152855 136 2238813 38716 128 2114133 38023 0
1459947872154650 136 2237985 36453 130 2115366 36189 0
1459947872156363 136 2237222 34307 127 2112663 35852 0
1459947872158232 135 2235239 33454 128 2111451 34168 0
1459947872160187 136 2234690 31345 131 2114173 34008 0
1459947872162135 136 2234184 29361 130 2115403 32485 0
1459947872164099 139 2237558 30177 132 2119097 33352 0
1459947872165835 134 2234268 30851 128 2117382 32326 0
1459947872167638 132 2234268 30851 121 2117382 32326 1
1459947872169743 143 2234268 30851 136 2117382 32326 1
1459947872171867 143 2234268 30851 136 2117382 32326 1
1459947872173852 142 2234268 30851 134 2117382 32326 1
1459947872175846 137 2235075 29184 130 2118361 30703 0
1459947872177716 136 2234539 27397 130 2119264 29136 0
1459947872179363 134 2231485 28070 127 2116256 29631 0
1459947872181214 135 2229950 27291 128 2114763 28691 0
1459947872182909 137 2231095 26213 128 2113387 27717 0
1459947872184680 136 2230870 24371 129 2113398 25561 0
1459947872186441 135 2229383 23837 126 2109568 27094 0
1459947872188313 137 2230572 23070 131 2112438 27622 0
1459947872190048 136 2230388 21436 128 2111243 26564 0
1459947872191720 137 2231498 20785 127 2108862 26682 0
1459947872193515 138 2233802 21285 130 2110507 26113 0
1459947872195042 128 2233802 21285 121 2110507 26113 1
1459947872196967 137 2234646 20400 130 2112023 25470 0
1459947872198916 140 2234646 20400 134 2112023 25470 1
1459947872200988 140 2234646 20400 132 2112023 25470 1
1459947872202851 139 2237984 21883 131 2114701 25948 0
1459947872204763 138 2239781 21830 131 2117169 26196 0
1459947872206680 137 2240158 20471 128 2115605 25590 0
1459947872208327 129 2240158 20471 123 2115605 25590 1
1459947872210075 139 2243065 21551 131 2118003 25801 0
1459947872211911 139 2245745 22338 130 2118934 24643 0
1459947872213667 137 2245656 20673 132 2122352 25868 0
1459947872215474 135 2243014 21492 129 2121663 24481 0
1459947872217343 138 2244418 21106 131 2123588 24342 0
1459947872219054 132 2244418 21106 124 2123588 24342 1
1459947872220909 137 2244432 19470 130 2124082 22896 0
1459947872222661 137 2244445 17960 129 2123258 21866 0
1459947872224586 140 2248297 20107 132 2126338 22996 0
1459947872226489 137 2248008 18801 127 2122777 24480 0
1459947872228121 130 2248008 18801 123 2122777 24480 1
1459947872230145 140 2251582 20627 131 2124615 24261 0
1459947872232116 141 2251582 20627 133 2124615 24261 1
1459947872233954 137 2251037 19517 130 2125029 22747 0
1459947872235860 139 2253094 19889 131 2126691 22501 0
1459947872237608 138 2253711 18903 127 2123103 24050 0
1459947872239527 136 2251719 19261 130 2123635 22662 0
1459947872241515 136 2249883 19448 130 2124126 21343 0
1459947872243144 135 2246910 20667 127 2120738 22797 0
1459947872244754 135 2244170 21577 127 2117615 23893 0
1459947872246387 131 2244170 21577 123 2117615 23893 1
1459947872248258 139 2246764 22282 132 2121136 25272 0
1459947872250106 142 2246764 22282 134 2121136 25272 1
1459947872251723 130 2246764 22282 120 2121136 25272 1
1459947872253386 132 2246764 22282 124 2121136 25272 1
1459947872255354 139 2249155 22745 129 2120542 23844 0
1459947872257110 137 2248799 21295 128 2118714 23665 0
1459947872258769 133 2248799 21295 125 2118714 23665 1
1459947872260308 130 2248799 21295 123 2118714 23665 1
1459947872262153 136 2247191 21112 128 2117029 23368 0
1459947872263907 131 2247191 21112 124 2117029 23368 1
1459947872265559 132 2247191 21112 125 2117029 23368 1
1459947872266950 124 2247191 21112 115 2117029 23368 1
1459947872268660 135 2244429 22008 127 2114196 24153 0
1459947872270282 130 2244429 22008 122 2114196 24153 1
1459947872272027 136 2243162 21455 127 2111584 24673 0
1459947872273803 136 2241994 20853 126 2107896 26144 0
1459947872275663 134 2238358 22574 127 2105776 26054 0
1459947872277544 137 2238846 21260 131 2108942 26936 0
1459947872279256 135 2236736 21544 128 2108020 25680 0
1459947872280954 135 2234791 21653 128 2107170 24455 0
1459947872282763 135 2232997 21613 130 2108947 24182 0
1459947872284377 138 2235184 21940 130 2110585 23802 0
1459947872286272 138 2237200 22083 130 2112095 23334 0
1459947872288181 142 2237200 22083 133 2112095 23334 1
1459947872290028 136 2237200 22083 124 2112095 23334 1
1459947872291634 131 2237200 22083 123 2112095 23334 1
1459947872293132 133 2232658 24543 126 2108367 24947 0
1459947872295053 138 2234871 24665 131 2111330 25730 0
1459947872296821 137 2235631 23439 127 2108942 25920 0
1459947872298531 135 2233772 23320 128 2108020 24744 0
1459947872300251 137 2234618 22278 130 2109730 24387 0
1459947872301833 132 2234618 22278 124 2109730 24387 1
1459947872303707 137 2235398 21256 129 2110027 22755 0
1459947872305371 132 2229717 24831 125 2105181 25444 0
1459947872307312 141 2229717 24831 131 2105181 25444 1
1459947872309052 137 2230880 23963 130 2107113 25237 0
1459947872311064 137 2231952 23078 128 2106334 23982 0
1459947872312676 135 2230380 22723 126 2103056 25129 0
1459947872314307 132 2230380 22723 123 2103056 25129 1
1459947872316023 136 2230211 21102 130 2105154 25099 0
1459947872317645 135 2228775 20776 128 2104528 23714 0
1459947872319372 136 2228731 19191 129 2105231 22509 0
1459947872321308 137 2229971 18834 129 2105879 21348 0
1459947872322904 131 2229971 18834 122 2105879 21348 1
1459947872324446 126 2229971 18834 121 2105879 21348 1
1459947872326112 129 2229971 18834 121 2105879 21348 1
1459947872327996 139 2233674 20776 130 2107757 21411 0
1459947872329450 129 2233674 20776 120 2107757 21411 1
1459947872330771 122 2233674 20776 114 2107757 21411 1
1459947872332465 134 2233674 20776 125 2107757 21411 1
1459947872334243 135 2231968 20724 127 2105648 21681 0
1459947872335997 132 2226555 24093 125 2101144 24138 0
1459947872337626 132 2226555 24093 123 2101144 24138 1
1459947872339429 134 2224125 24449 128 2100832 22539 0
1459947872341370 139 2228285 26373 131 2104384 24053 0
1459947872343173 137 2229560 25487 131 2107659 25192 0
1459947872345127 142 2229560 25487 134 2107659 25192 1
1459947872346843 138 2232015 25758 130 2109398 24826 0
1459947872348525 131 2232015 25758 122 2109398 24826 1
1459947872350292 138 2234278 25832 128 2108441 23767 0
1459947872351829 131 2227405 30149 125 2103719 26263 0
1459947872353498 135 2226188 28913 128 2103205 24683 0
1459947872355035 130 2226188 28913 121 2103205 24683 1
1459947872356776 136 2226347 26800 128 2102732 23189 0
1459947872358716 136 2226493 24841 128 2102296 21778 0
1459947872360487 135 2225348 23955 128 2101894 20446 0
1459947872362308 138 2228132 24650 128 2101523 19189 0
1459947872364152 140 2233259 27450 133 2107581 23274 0
1459947872365826 132 2233259 27450 123 2107581 23274 1
1459947872367627 136 2232865 25667 126 2104206 24566 0
1459947872369471 140 2237622 28046 131 2107494 25678 0
1459947872371169 136 2236887 26530 129 2107966 24106 0
1459947872372734 133 2232370 28620 125 2103281 26540 0
1459947872374360 134 2229486 29042 125 2098962 28447 0
1459947872376106 131 2222987 32763 125 2094980 29894 0
1459947872377741 129 2214436 38085 124 2090029 32121 0
1459947872379481 135 2214233 35295 128 2090585 30124 0
1459947872381207 138 2217886 35904 130 2093658 30602 0
1459947872382849 127 2217886 35904 121 2093658 30602 1
1459947872384883 141 2225093 39743 134 2101610 35542 0
1459947872386728 136 2225337 36863 129 2102541 33623 0
1459947872388412 129 2216602 42035 124 2096999 36104 0
1459947872390062 134 2214949 40273 125 2093170 36811 0
1459947872391760 131 2209586 42069 122 2085801 40728 0
1459947872393369 135 2209762 38944 128 2086687 38363 0
1459947872395095 135 2209924 36050 129 2088784 37298 0
1459947872396753 134 2208793 34274 126 2086877 36141 0
1459947872398684 131 2203911 36096 125 2083839 36116 0
1459947872400761 136 2205810 35027 126 2082319 34695 0
1459947872402900 139 2211401 37444 131 2087317 36592 0
1459947872404745 136 2212715 35729 128 2088085 34441 0
1459947872406640 134 2211366 34179 126 2086233 33456 0
1459947872408461 137 2213963 33902 129 2088366 32808 0
1459947872410453 140 2220197 37000 133 2095452 36776 0
1459947872412426 138 2223384 37047 129 2096864 35204 0
1459947872414139 133 2219922 37343 126 2094326 34792 0
1459947872415946 128 2219922 37343 120 2094326 34792 1
1459947872417873 136 2220570 35022 129 2095826 33456 0
1459947872419574 134 2218607 34093 126 2093369 33106 0
1459947872421415 136 2219358 32121 130 2096224 33151 0
1459947872423192 141 2219358 32121 133 2096224 33151 1
1459947872424881 137 2221330 31429 131 2100136 34167 0
1459947872426822 136 2221868 29469 129 2101182 32462 0
1459947872428792 136 2222364 27623 131 2104707 33174 0
1459947872430780 139 2226661 29426 130 2106676 32397 0
1459947872432650 137 2228063 28419 131 2109771 32719 0
1459947872434038 120 2228063 28419 112 2109771 32719 1
1459947872435746 132 2222955 30906 125 2104945 34610 0
1459947872437674 137 2224646 30050 129 2105616 32524 0
1459947872439687 142 2224646 30050 132 2105616 32524 1
1459947872441615 143 2224646 30050 135 2105616 32524 1
1459947872443462 139 2228765 31499 132 2110074 34093 0
1459947872445204 134 2226162 31436 126 2106504 34719 0
1459947872447073 135 2225043 30011 126 2103213 35039 0
1459947872448711 135 2224011 28616 129 2104019 33044 0
1459947872450280 130 2216660 33156 123 2097082 36856 0
1459947872452089 138 2220123 33757 129 2098367 35161 0
1459947872453880 135 2219475 31715 128 2098272 32501 0
1459947872455902 138 2222718 32227 130 2100744 32240 0
1459947872457691 137 2224428 31285 129 2101743 30642 0
1459947872459452 137 2226004 30293 127 2100104 29758 0
1459947872461533 146 2226004 30293 137 2100104 29758 1
1459947872463186 132 2226004 30293 122 2100104 29758 1
1459947872464764 133 2222337 31306 125 2096033 31185 0
1459947872466270 126 2222337 31306 120 2096033 31185 1
1459947872467847 133 2218956 31975 124 2091000 33387 0
1459947872469781 140 2224800 34863 129 2092760 32401 0
1459947872471489 136 2225067 32385 129 2094383 31365 0
1459947872473119 131 2225067 32385 121 2094383 31365 1
1459947872474776 132 2220193 34346 124 2089479 33434 0
1459947872476454 131 2214420 36983 125 2086238 33808 0
1459947872478536 138 2218058 37447 130 2089650 34312 0
1459947872480419 140 2223972 39973 131 2094076 35711 0
1459947872482028 135 2223024 37723 126 2091756 35059 0
1459947872483643 135 2222150 35580 128 2092177 32708 0
1459947872485419 136 2222624 33237 129 2093845 31690 0
1459947872487162 137 2224341 32223 128 2094103 29452 0
1459947872488942 137 2225924 31164 131 2098181 30910 0
1459947872490687 133 2222263 32103 127 2096820 29749 0
1459947872492540 140 2227848 34743 131 2100685 30987 0
1459947872494390 139 2231717 35595 132 2105528 33031 0
1459947872496188 135 2230164 34245 128 2104873 31053 0
1459947872498006 135 2228732 32888 127 2102989 30362 0
1459947872499927 141 2235092 36181 135 2111492 35828 0
1459947872501876 141 2240955 38759 131 2114211 35535 0
1459947872503721 139 2243800 38353 132 2117998 36249 0
1459947872505660 140 2247703 38954 133 2122769 37815 0
1459947872507637 137 2247461 36132 129 2122047 35524 0
1459947872509610 136 2245958 34694 129 2121382 33360 0
1459947872511130 129 2245958 34694 120 2121382 33360 1
1459947872512529 127 2245958 34694 119 2121382 33360 1
1459947872513910 122 2245958 34694 116 2121382 33360 1
1459947872515577 130 2245958 34694 122 2121382 33360 1
1459947872517414 137 2245852 32080 130 2122049 31367 0
1459947872519236 137 2245754 29662 130 2122663 29482 0
1459947872521031 136 2244384 28606 130 2123229 27700 0
1459947872522467 134 2240561 29894 125 2117351 30953 0
1459947872524190 134 2237037 30806 125 2111932 33528 0
1459947872525782 134 2233788 31393 126 2108217 34332 0
1459947872527426 132 2228233 34060 124 2102232 37165 0
1459947872528911 128 2228233 34060 121 2102232 37165 1
1459947872530550 131 2221832 37299 123 2095435 40526 0
1459947872532008 121 2221832 37299 116 2095435 40526 1
1459947872533632 127 2210811 44544 122 2087889 44315 0
1459947872535511 137 2213451 43498 132 2093732 46239 0
1459947872537419 139 2218445 44702 132 2099119 47592 0
1459947872539510 140 2224328 46633 133 2105365 49631 0
1459947872541285 133 2220792 46248 125 2100883 49884 0
1459947872543162 137 2222652 44349 132 2105711 50437 0
1459947872544951 137 2224367 42465 131 2108882 49419 0
1459947872546737 135 2223388 40049 128 2107965 46402 0
1459947872548436 136 2223765 37268 127 2105840 44734 0
1459947872550249 140 2229233 39397 132 2110281 45333 0
1459947872552270 141 2235554 42146 133 2115655 46745 0
1459947872553784 123 2235554 42146 116 2115655 46745 1
1459947872555559 137 2236261 39505 129 2115489 43245 0
1459947872557074 128 2236261 39505 120 2115489 43245 1
1459947872558892 136 2235633 36996 129 2115336 40006 0
1459947872560451 135 2233774 35818 126 2111355 40549 0
1459947872562246 136 2233340 33418 126 2107685 40763 0
1459947872563922 133 2229100 34715 126 2104302 40696 0
1459947872565878 138 2231591 34298 130 2106303 39361 0
1459947872567664 135 2230047 33040 128 2105588 36944 0
1459947872569391 132 2224784 35309 123 2098528 40564 0
1459947872570972 135 2223772 33482 124 2093300 42213 0
1459947872572768 138 2226679 33546 129 2094880 40372 0
1459947872574373 131 2220399 36713 122 2087377 44133 0
1459947872576074 136 2221010 34407 128 2088140 41389 0
1459947872577852 134 2219013 33558 124 2083724 42225 0
1459947872579659 137 2221012 32779 128 2084773 39893 0
1459947872581507 132 2216455 34418 124 2080620 40604 0
1459947872583159 135 2216094 32061 128 2081911 38621 0
1459947872584782 132 2211921 33402 123 2076701 40405 0
1459947872586441 133 2209354 33157 128 2078298 38720 0
1459947872588561 139 2214668 35465 133 2086170 42952 0
1459947872590363 136 2215727 33670 128 2087027 40387 0
1459947872592199 138 2219263 34299 132 2092938 42680 0
1459947872593747 132 2214843 35693 125 2089427 42581 0
1459947872595471 135 2214608 33120 128 2090030 39810 0
1459947872597138 128 2205431 38991 121 2081626 44446 0
1459947872599049 142 2205431 38991 134 2081626 44446 1
1459947872600892 135 2205931 36405 130 2085398 44451 0
1459947872602605 130 2205931 36405 119 2085398 44451 1
1459947872604353 134 2205112 34314 127 2085036 41311 0
1459947872606058 130 2199237 37048 123 2079582 43110 0
1459947872607835 134 2198941 34425 129 2082234 42187 0
1459947872609795 137 2202508 35024 129 2084679 41145 0
1459947872611790 138 2207077 36499 132 2090773 43548 0
1459947872613733 139 2212569 38710 131 2095111 44144 0
1459947872615138 125 2212569 38710 118 2095111 44144 1
1459947872616640 124 2212569 38710 118 2095111 44144 1
1459947872618399 139 2217632 40352 132 2100390 45562 0
1459947872620175 134 2215899 38796 126 2097577 44595 0
1459947872622035 135 2215581 36057 127 2096263 42321 0
1459947872624030 138 2219128 36510 132 2101452 43798 0
1459947872626014 135 2218558 34181 127 2099836 41865 0
1459947872628037 135 2218033 31993 129 2100906 39580 0
1459947872629727 133 2214989 32299 126 2098052 39117 0
1459947872631270 129 2214989 32299 120 2098052 39117 1
1459947872633218 140 2221142 35448 131 2101821 39535 0
1459947872635174 138 2224255 35548 129 2102736 37289 0
1459947872637398 147 2224255 35548 141 2102736 37289 1
1459947872639269 139 2228405 36595 131 2106139 37512 0
1459947872641157 137 2229670 34903 128 2105436 35228 0
1459947872642873 132 2224437 37000 123 2098388 38971 0
1459947872644564 133 2220892 37376 125 2094451 39554 0
1459947872646269 135 2220184 35107 129 2095942 37837 0
1459947872647845 131 2214412 37684 123 2089636 40692 0
1459947872649680 138 2218051 38093 130 2092783 40413 0
1459947872651237 133 2215005 37923 125 2089284 40480 0
1459947872652903 135 2214757 35187 128 2089898 37883 0
1459947872654600 133 2211969 35008 124 2085344 39120 0
1459947872656570 142 2211969 35008 135 2085344 39120 1
1459947872658354 134 2210678 33462 126 2083706 37572 0
1459947872660275 139 2215888 35650 131 2088596 39144 0
1459947872662013 130 2209171 39055 124 2084144 40188 0
1459947872663713 133 2206819 38170 124 2080040 40831 0
1459947872665382 132 2203371 38365 127 2080096 37693 0
1459947872667102 137 2206592 38337 129 2082708 37156 0
1459947872668952 131 2201882 39683 124 2078716 37932 0
1459947872670908 136 2203939 38479 128 2080156 36295 0
1459947872672841 138 2208396 39581 132 2086603 39403 0
1459947872674900 145 2208396 39581 138 2086603 39403 1
1459947872677062 141 2216345 43816 132 2092547 41803 0
1459947872678920 134 2214713 41896 127 2091626 39385 0
1459947872680805 132 2214713 41896 121 2091626 39385 1
1459947872682641 137 2217048 40775 129 2093337 37886 0
1459947872684450 135 2216641 37964 128 2093635 35200 0
1459947872686282 136 2217545 35832 129 2095189 33883 0
1459947872687666 122 2217545 35832 116 2095189 33883 1
1459947872689220 127 2217545 35832 119 2095189 33883 1
1459947872690727 125 2217545 35832 117 2095189 33883 1
1459947872692352 135 2217099 33442 129 2096622 32556 0
1459947872694085 141 2217099 33442 133 2096622 32556 1
1459947872695985 141 2217099 33442 136 2096622 32556 1
1459947872697673 136 2217968 31630 128 2096663 30050 0
1459947872699251 133 2214929 31959 126 2094141 30026 0
1459947872700949 132 2210847 33224 123 2087976 33363 0
1459947872702577 129 2203244 37636 122 2081012 37175 0
1459947872704388 135 2203915 35314 128 2082272 35432 0
1459947872706148 138 2208374 36665 130 2085994 36094 0
1459947872707679 132 2204804 37090 125 2083025 36010 0
1459947872709304 135 2205353 34698 127 2082848 33358 0
1459947872711282 137 2208419 34814 130 2086525 34141 0
1459947872712943 133 2206126 34207 127 2086075 31887 0
1459947872714899 139 2211692 36665 132 2092060 34912 0
1459947872716761 136 2212983 34990 126 2089897 34177 0
1459947872718689 139 2218013 36893 132 2095583 36748 0
1459947872720395 138 2221370 37105 130 2098265 36350 0
1459947872722037 132 2216785 38432 128 2098178 33590 0
1459947872723769 131 2211278 40505 123 2091697 36938 0
1459947872725472 129 2203641 44379 122 2084443 40739 0
1459947872727096 130 2197881 46220 123 2079035 42540 0
1459947872728764 132 2195131 45143 125 2076610 41451 0
1459947872730491 137 2198996 45179 128 2078214 39691 0
1459947872732246 141 2207679 49654 132 2084813 42673 0
1459947872734014 138 2211844 49613 130 2088336 42587 0
1459947872735979 138 2215683 49275 129 2090304 41074 0
1459947872737927 138 2219222 48688 128 2090839 38358 0
1459947872739459 118 2219222 48688 113 2090839 38358 1
1459947872740790 96 2219222 48688 92 2090839 38358 1
1459947872742072 94 2219222 48688 88 2090839 38358 1
1459947872743275 105 2219222 48688 99 2090839 38358 1
1459947872744952 138 2222485 47892 130 2093892 38175 0
1459947872746538 137 2224213 45743 128 2094146 35426 0
1459947872748116 133 2220686 45420 125 2090540 35981 0
1459947872749836 136 2221274 42413 129 2092336 34825 0
1459947872751585 136 2221816 39599 124 2087592 36477 0
1459947872753385 138 2224876 39326 128 2088338 34315 0
1459947872755236 135 2223857 37191 127 2087746 32179 0
1459947872757136 134 2221638 36330 128 2088480 30342 0
1459947872758770 129 2213192 41276 123 2082757 33246 0
1459947872760516 131 2207966 42868 123 2077481 35511 0
1459947872762188 132 2204428 42778 122 2071337 38399 0
1459947872763932 137 2207567 42328 131 2077193 40798 0
1459947872765641 133 2205340 41073 124 2073632 40892 0
1459947872767380 133 2203287 39755 126 2072909 38363 0
1459947872769179 137 2206515 39625 129 2076082 38291 0
1459947872770770 129 2199251 43225 121 2068768 42041 0
1459947872772486 138 2204074 44294 131 2074825 44340 0
1459947872774123 136 2205960 42572 128 2076569 42483 0
1459947872776035 139 2211539 44389 128 2078177 40646 0
1459947872777696 132 2207722 44439 124 2074539 40823 0
1459947872779469 134 2206763 41850 127 2075025 38081 0
1459947872781192 135 2207159 38945 126 2074193 35871 0
1459947872783025 138 2211364 39779 130 2078546 37081 0
1459947872784907 138 2215241 40245 131 2083839 39064 0
1459947872786737 136 2216255 38035 129 2086159 38150 0
1459947872788527 134 2214630 36560 127 2085737 35557 0
1459947872790652 143 2214630 36560 134 2085737 35557 1
1459947872792446 139 2219532 38222 131 2090468 37141 0
1459947872794261 137 2221491 37041 128 2090990 34720 0
1459947872795995 134 2219457 36022 124 2086351 36283 0
1459947872797990 135 2218861 33755 128 2087194 34225 0
1459947872799832 140 2224712 36511 129 2089251 33448 0
1459947872801604 133 2221146 36945 126 2087308 32624 0
1459947872803313 132 2216578 38268 126 2085517 31726 0
1459947872805029 137 2218767 37296 129 2087705 31265 0
1459947872806957 139 2223345 38603 131 2092283 33042 0
1459947872808591 137 2225006 37118 131 2096503 34350 0
1459947872810641 143 2225006 37118 134 2096503 34350 1
1459947872812458 138 2227817 36809 129 2097833 32892 0
1459947872814175 133 2224008 37443 126 2095219 32730 0
1459947872815769 128 2224008 37443 119 2095219 32730 1
1459947872817530 135 2223057 35393 126 2092810 32392 0
1459947872819349 137 2224740 34179 128 2093149 30173 0
1459947872820997 136 2225012 31758 126 2090901 29886 0
1459947872822885 137 2226542 30687 130 2093949 30361 0
1459947872824680 135 2225393 29347 127 2092919 28938 0
1459947872826604 140 2230734 31977 131 2097089 30521 0
1459947872828367 134 2227977 32018 127 2095813 29311 0
1459947872830080 139 2231836 33073 130 2098477 29477 0
1459947872831591 133 2227713 34289 124 2093253 31989 0
1459947872833295 135 2226472 32753 128 2093557 29769 0
1459947872835187 139 2230448 33860 129 2095117 28881 0
1459947872836998 135 2228994 32554 129 2096555 27950 0
1459947872838769 135 2227653 31245 129 2097881 26989 0
1459947872840702 139 2231537 32384 130 2100384 27187 0
1459947872842500 136 2231278 30092 128 2100131 25295 0
1459947872844335 134 2228479 30320 128 2099898 23532 0
1459947872846161 138 2231019 30292 129 2100963 22675 0
1459947872847923 134 2228240 30486 125 2096825 24717 0
1459947872849805 139 2232078 31642 131 2100690 26348 0
1459947872851496 138 2234336 31251 131 2104253 27574 0
1459947872853311 136 2233858 29249 127 2102418 27110 0
1459947872855079 137 2234697 27737 127 2100726 26551 0
1459947872857019 138 2236751 27463 131 2104286 27758 0
1459947872858707 131 2229684 31831 125 2099888 29642 0
1459947872860339 136 2229569 29449 129 2100954 28308 0
1459947872862274 139 2233303 30591 131 2104496 29362 0
1459947872863928 136 2232906 28566 127 2102642 28776 0
1459947872865590 134 2229980 29031 129 2103493 27311 0
1459947872867602 142 2229980 29031 134 2103493 27311 1
1459947872869769 146 2229980 29031 138 2103493 27311 1
1459947872871573 137 2231122 27815 129 2104277 25900 0
1459947872873155 129 2231122 27815 121 2104277 25900 1
1459947872875045 135 2229615 27029 128 2103720 24389 0
1459947872876732 135 2228226 26197 125 2099366 26495 0
1459947872878707 137 2229505 25329 129 2100473 25445 0
1459947872880492 136 2229404 23442 127 2098933 24876 0
1459947872882427 140 2234431 26245 133 2105193 28703 0
1459947872884304 138 2236506 26106 130 2107124 28240 0
1459947872886044 134 2233298 27022 125 2102504 30291 0
1459947872887803 136 2232901 25275 124 2096965 33029 0
1459947872889458 136 2232535 23636 128 2096979 30461 0
1459947872891515 140 2237318 26198 132 2102112 32813 0
1459947872893490 139 2240447 27036 130 2104284 32251 0
1459947872895319 140 2244612 28762 133 2110126 35117 0
1459947872897260 141 2249731 31233 132 2114232 36158 0
1459947872898905 132 2242930 35060 125 2109057 38103 0
1459947872900641 136 2241781 33379 127 2106846 37163 0
1459947872902435 138 2243281 32154 131 2109928 37100 0
1459947872904230 138 2244664 30916 130 2111489 35640 0
1459947872906131 138 2245939 29676 129 2111648 33002 0
1459947872908022 140 2249675 30801 133 2116915 35279 0
1459947872909608 136 2247999 29938 127 2114091 35125 0
1459947872911347 135 2245174 30203 127 2111487 34779 0
1459947872913196 142 2251529 33702 135 2119327 39288 0
1459947872915215 140 2254828 34110 131 2121434 38160 0
1459947872917291 140 2257869 34248 133 2125936 39329 0
1459947872919011 136 2255552 33707 128 2123687 38329 0
1459947872920571 129 2255552 33707 123 2123687 38329 1
1459947872922459 135 2252137 34221 130 2124173 35782 0
1459947872924423 139 2254108 33364 131 2125901 34579 0
1459947872926211 138 2254645 31252 132 2128774 34526 0
1459947872928196 140 2257700 31627 131 2130143 33090 0
1459947872930039 138 2257957 29393 131 2131405 31667 0
1459947872932010 137 2256914 28057 126 2126168 34019 0
1459947872933798 133 2250832 31471 128 2123901 33450 0
1459947872935585 133 2250832 31471 124 2123901 33450 1
1459947872937238 130 2250832 31471 119 2123901 33450 1
1459947872938879 132 2250832 31471 123 2123901 33450 1
1459947872940563 133 2245225 34180 125 2117971 36302 0
1459947872942413 135 2242616 33913 126 2113784 37324 0
1459947872944244 137 2242771 31406 130 2115044 35570 0
1459947872946032 139 2245474 31444 132 2118766 36222 0
1459947872947732 133 2240286 33769 125 2113237 38488 0
1459947872949498 136 2239343 31998 128 2111980 36639 0
1459947872951020 132 2233354 35018 123 2104421 40743 0
1459947872952691 131 2226553 38551 126 2101293 40442 0
1459947872954515 136 2226683 35659 130 2103529 39343 0
1459947872956297 138 2229363 35344 130 2105590 38169 0
1459947872958226 136 2229274 32664 130 2107490 36939 0
1459947872959820 133 2225351 33727 125 2102842 38337 0
1459947872961612 136 2225575 31298 128 2102397 35750 0
1459947872963331 136 2225781 29042 129 2103267 33759 0
1459947872965023 131 2219571 32496 124 2097669 36281 0
1459947872966647 133 2216407 32873 126 2095068 35843 0
1459947872968588 136 2217330 31155 128 2095230 33192 0
1459947872970663 139 2222021 33045 131 2099220 34276 0
1459947872972722 139 2226345 34449 131 2102898 34989 0
1459947872974770 139 2230331 35432 130 2105009 34201 0
1459947872976792 139 2234006 36051 132 2109515 35683 0
1459947872978246 127 2234006 36051 121 2109515 35683 1
1459947872979870 131 2227154 39550 126 2105989 36145 0
1459947872981416 124 2227154 39550 117 2105989 36145 1
1459947872983103 131 2220837 42282 124 2100178 38677 0
1459947872984931 138 2223974 41870 129 2101221 36617 0
1459947872986643 136 2224306 38904 126 2098343 36409 0
1459947872988191 133 2220772 39121 125 2094409 37189 0
1459947872990058 138 2223914 38960 130 2097183 36840 0
1459947872991915 138 2226810 38586 129 2098460 35138 0
1459947872993840 136 2226920 35672 127 2097077 33666 0
1459947872995469 130 2226920 35672 122 2097077 33666 1
1459947872996907 126 2226920 35672 119 2097077 33666 1
1459947872998519 130 2226920 35672 121 2097077 33666 1
1459947873000334 139 2230861 36518 128 2097082 31040 0
1459947873002174 135 2229374 35034 129 2098367 29800 0
1459947873004279 144 2229374 35034 137 2098367 29800 1
1459947873005982 130 2221604 39458 124 2093152 32278 0
1459947873007739 135 2220841 37078 126 2090904 31827 0
1459947873009562 133 2217577 37189 126 2088832 31250 0
1459947873011008 129 2217577 37189 121 2088832 31250 1
1459947873012686 135 2217128 34696 127 2088202 29388 0
1459947873014663 139 2221834 36324 132 2094021 32456 0
1459947873016252 132 2217213 37745 125 2090425 33234 0
1459947873018086 134 2215513 36362 128 2090950 31121 0
1459947873020084 140 2221626 39156 130 2093994 31495 0
1459947873022175 141 2228541 42471 132 2099360 33981 0
1459947873023987 140 2233636 43849 131 2103027 34707 0
1459947873026121 140 2238333 44753 133 2108968 37471 0
1459947873027914 137 2238823 41707 129 2109324 34872 0
1459947873029699 135 2236714 40391 128 2108373 33023 0
1459947873031382 133 2232210 41386 126 2104936 33611 0
1459947873033232 136 2231898 38439 129 2105607 31604 0
1459947873034995 134 2229050 38059 127 2103666 30922 0
1459947873036880 135 2227705 36324 127 2101877 30155 0
1459947873038456 132 2227705 36324 122 2101877 30155 1
1459947873040187 135 2226465 34628 128 2101507 28139 0
1459947873042024 138 2229162 34408 131 2105006 29166 0
1459947873043852 136 2229088 31786 130 2106952 28681 0
1459947873045772 139 2232860 32779 132 2111306 30454 0
1459947873047420 134 2229937 32911 127 2108920 30273 0
1459947873049121 135 2228523 31642 127 2106720 29934 0
1459947873050754 133 2224659 32730 125 2102132 31824 0
1459947873052345 132 2219817 34635 124 2096622 34415 0
1459947873054044 134 2217913 33683 127 2095383 32867 0
1459947873055838 133 2214878 33848 125 2091681 33711 0
1459947873057617 135 2214640 31421 129 2093388 32651 0
1459947873059535 140 2220821 34664 131 2097522 33911 0
1459947873061506 140 2226519 37208 130 2100053 33594 0
1459947873063199 133 2222812 37718 126 2097266 33537 0
1459947873064912 136 2223234 35160 128 2097257 30924 0
1459947873066714 135 2222343 33233 126 2094688 30875 0
1459947873068688 137 2224082 32239 128 2094880 28639 0
1459947873070593 138 2226965 32378 130 2097617 28924 0
1459947873072370 135 2225783 30937 128 2097580 26697 0
1459947873074139 133 2222133 31884 127 2096266 25821 0
1459947873075820 135 2221328 30134 127 2095055 24919 0
1459947873077581 133 2218026 30822 126 2092658 25180 0
1459947873079425 138 2221382 31508 131 2096849 27075 0
1459947873081257 137 2223196 30718 130 2099432 27340 0
1459947873082971 132 2218468 32675 124 2094133 30088 0
1459947873084596 132 2214110 34139 125 2090528 31059 0
1459947873086504 137 2216492 33667 129 2092325 30289 0
1459947873088469 136 2217408 31881 130 2095262 30629 0
1459947873090415 137 2219533 31348 128 2095409 28372 0
1459947873092231 135 2218931 29451 125 2091705 29569 0
1459947873093603 127 2218931 29451 119 2091705 29569 1
1459947873095448 134 2217097 28840 127 2090850 28045 0
1459947873097331 137 2219246 28567 129 2092622 27486 0
1459947873099301 141 2219246 28567 134 2092622 27486 1
1459947873101279 140 2225067 31701 133 2099375 31564 0
1459947873103167 138 2227873 31811 131 2103041 32477 0
1459947873104875 134 2225340 31659 126 2100020 32723 0
1459947873106761 138 2228125 31752 129 2101075 31139 0
1459947873108569 139 2231972 32818 130 2103328 30783 0
1459947873110455 137 2232959 31164 130 2105405 30293 0
1459947873112322 137 2233869 29567 129 2106040 28511 0
1459947873113996 133 2229587 31203 126 2102785 29283 0
1459947873115724 134 2226920 31223 127 2101064 28580 0
1459947873117504 136 2227021 28876 129 2102038 27245 0
1459947873119442 144 2227021 28876 136 2102038 27245 1
1459947873121294 136 2227114 26706 130 2104216 27124 0
1459947873123120 136 2227200 24699 128 2103664 25512 0
1459947873124712 132 2227200 24699 124 2103664 25512 1
1459947873126382 136 2227280 22842 127 2101875 25166 0
1459947873128295 138 2229913 23485 131 2105346 26398 0
1459947873130097 134 2227221 24131 127 2103425 26105 0
1459947873131802 135 2226019 23352 127 2101654 25696 0
1459947873133664 138 2228751 24045 130 2103862 25723 0
1459947873135528 139 2232549 25668 131 2107177 26769 0
1459947873137582 143 2232549 25668 135 2107177 26769 1
1459947873139370 141 2232549 25668 133 2107177 26769 1
1459947873141070 136 2232211 23973 130 2108953 26315 0
1459947873142802 134 2229339 24747 128 2108031 25108 0
1459947873144661 137 2230531 23912 130 2109741 24722 0
1459947873146126 129 2230531 23912 123 2109741 24722 1
1459947873147925 137 2231630 23056 131 2112597 25423 0
1459947873149679 138 2233923 23368 132 2116510 27043 0
1459947873151224 125 2233923 23368 120 2116510 27043 1
1459947873152801 130 2233923 23368 124 2116510 27043 1
1459947873154586 137 2234757 22311 130 2117557 25895 0
1459947873156551 140 2239366 24816 133 2122362 28301 0
1459947873158299 134 2235935 26039 126 2117832 30264 0
1459947873160332 141 2235935 26039 133 2117832 30264 1
1459947873162222 137 2236612 24628 128 2116216 29388 0
1459947873164104 138 2238516 24458 131 2118566 29259 0
1459947873166100 141 2238516 24458 132 2118566 29259 1
1459947873167929 139 2241551 25345 131 2120733 28970 0
1459947873169702 133 2236669 27863 125 2115050 31944 0
1459947873171462 136 2236009 26294 124 2108531 35456 0
1459947873173220 133 2231560 28339 125 2103802 37045 0
1459947873175174 139 2235139 29424 130 2105842 36031 0
1459947873177347 143 2235139 29424 137 2105842 36031 1
1459947873179369 139 2238438 30167 132 2110283 37310 0
1459947873181223 136 2237640 28545 129 2110537 34629 0
1459947873182860 134 2234344 29352 127 2108211 34066 0
1459947873184649 135 2232585 28678 128 2107347 32200 0
1459947873186454 134 2229684 29111 129 2107830 30129 0
1459947873188336 136 2229569 26941 130 2109555 29366 0
1459947873189886 131 2229569 26941 121 2109555 29366 1
1459947873191677 138 2232023 27099 131 2112426 29717 0
1459947873193407 138 2234286 27067 131 2115072 29835 0
1459947873195176 137 2235092 25695 132 2118792 30933 0
1459947873197088 142 2235092 25695 131 2118792 30933 1
1459947873198874 134 2231995 26541 127 2115821 31254 0
1459947873200679 137 2232980 25375 129 2115642 28976 0
1459947873202476 137 2233888 24229 129 2115477 26863 0
1459947873204094 131 2227045 28643 126 2111485 28443 0
1459947873205943 133 2223297 29860 127 2109085 28432 0
1459947873207680 134 2221121 29532 128 2108152 27069 0
1459947873209297 127 2221121 29532 121 2108152 27069 1
1459947873210805 133 2217835 30252 125 2103452 29286 0
1459947873212659 138 2221206 30996 132 2108079 31264 0
1459947873214492 138 2224314 31439 130 2109785 30394 0
1459947873216386 139 2228459 32803 130 2111358 29469 0
1459947873218168 136 2228440 30256 130 2112808 28502 0
1459947873219966 137 2229703 29056 128 2111584 27402 0
1459947873221729 135 2228307 28072 131 2114296 27761 0
1459947873223645 139 2232140 29412 132 2118076 29077 0
1459947873225506 135 2230554 28576 129 2117721 27131 0
1459947873227293 137 2231651 27355 128 2116114 26492 0
1459947873229218 138 2233943 27330 128 2114632 25787 0
1459947873231147 135 2232216 26785 128 2113266 25030 0
1459947873232869 131 2232216 26785 123 2113266 25030 1
1459947873234968 140 2237024 29124 132 2117127 26633 0
1459947873237109 142 2237024 29124 134 2117127 26633 1
1459947873239056 135 2235056 28661 128 2115566 25990 0
1459947873240510 132 2229402 31633 126 2111567 27645 0
1459947873241974 129 2229402 31633 121 2111567 27645 1
1459947873243638 136 2229309 29245 129 2111720 25626 0
1459947873245305 135 2227944 28218 126 2108021 27032 0
1459947873247188 136 2227965 26033 128 2107171 25702 0
1459947873248880 135 2226705 25160 128 2106388 24415 0
1459947873250804 136 2226823 23303 129 2106946 23021 0
1459947873252753 143 2226823 23303 137 2106946 23021 1
1459947873254465 139 2230772 25122 132 2111300 25236 0
1459947873256408 141 2230772 25122 133 2111300 25236 1
1459947873258313 135 2229292 24522 129 2111474 23425 0
1459947873260139 137 2230488 23709 131 2114195 24102 0
1459947873261903 132 2225191 26739 126 2110303 25806 0
1459947873263840 141 2225191 26739 133 2110303 25806 1
1459947873265762 136 2225427 24868 128 2109275 24736 0
1459947873267471 134 2223085 25083 126 2105767 26036 0
1459947873269090 133 2223085 25083 124 2105767 26036 1
1459947873270857 137 2224766 24673 130 2107653 25740 0
1459947873272630 139 2228876 26534 132 2111952 27692 0
1459947873274489 138 2231385 26774 131 2114635 28002 0
1459947873276250 137 2232418 25634 128 2113269 27073 0
1459947873278131 137 2233370 24508 127 2110729 27297 0
1459947873279990 139 2236807 25762 130 2112228 26546 0
1459947873281673 128 2236807 25762 123 2112228 26546 1
1459947873283477 137 2237416 24310 131 2114890 26926 0
1459947873285266 136 2236697 23071 129 2114784 24919 0
1459947873287299 142 2236697 23071 132 2114784 24919 1
1459947873288941 132 2236697 23071 124 2114784 24919 1
1459947873290658 139 2239875 24197 129 2114686 23061 0
1459947873292366 137 2240244 22646 130 2115876 22356 0
1459947873294319 137 2240584 21190 128 2114413 21957 0
1459947873296123 132 2234498 25144 126 2110504 23844 0
1459947873297959 133 2230167 27170 127 2108180 24122 0
1459947873299526 133 2230167 27170 124 2108180 24122 1
1459947873301345 137 2231295 26087 131 2111158 24982 0
1459947873303132 136 2231055 24269 129 2111343 23201 0
1459947873304852 129 2231055 24269 122 2111343 23201 1
1459947873306433 132 2225713 27295 126 2107674 24770 0
1459947873308037 129 2225713 27295 123 2107674 24770 1
1459947873309845 137 2227189 26522 130 2109411 24436 0
1459947873311325 133 2223429 27914 125 2104613 26948 0
1459947873313210 142 2223429 27914 134 2104613 26948 1
1459947873315111 138 2226363 28438 133 2110430 30204 0
1459947873317093 139 2230348 29890 132 2114512 31607 0
1459947873318907 137 2231462 28581 129 2114435 29207 0
1459947873320657 134 2228649 28941 127 2111804 29349 0
1459947873322348 128 2228649 28941 122 2111804 29349 1
1459947873324264 133 2224775 30249 126 2108099 30471 0
1459947873325719 126 2224775 30249 119 2108099 30471 1
1459947873327359 132 2219924 32356 126 2104683 31238 0
1459947873329027 134 2218012 31590 125 2100254 32879 0
1459947873330996 139 2222649 33397 131 2103851 33626 0
1459947873333049 142 2222649 33397 134 2103851 33626 1
1459947873334888 129 2214124 38645 123 2096927 37380 0
1459947873336681 133 2211385 38149 126 2094384 36802 0
1459947873338346 135 2211420 35200 128 2094600 34125 0
1459947873340264 139 2216572 37200 131 2098639 35181 0
1459947873342316 141 2223882 41032 132 2103642 37044 0
1459947873344117 136 2224221 38138 129 2104414 34861 0
1459947873345971 133 2220693 38409 125 2100006 36199 0
1459947873347551 129 2212321 43125 123 2093383 39475 0
1459947873349029 125 2212321 43125 120 2093383 39475 1
1459947873350986 139 2217403 44440 131 2097517 40202 0
1459947873352764 134 2215688 42548 126 2094928 39447 0
1459947873354650 135 2215387 39500 127 2093821 37384 0
1459947873356313 135 2215109 36669 124 2088961 38943 0
1459947873357912 129 2207173 41119 122 2081920 42390 0
1459947873359594 133 2204977 39929 124 2077990 42700 0
1459947873361314 131 2200393 41034 123 2073087 43883 0
1459947873363035 129 2193607 44083 122 2067287 45800 0
1459947873365016 134 2193751 40772 128 2069620 44371 0
1459947873366645 135 2195164 38888 127 2070490 41706 0
1459947873368592 135 2196466 37050 129 2073852 41547 0
1459947873370473 140 2204067 41162 132 2080792 44699 0
1459947873372303 137 2207234 40865 131 2085910 45924 0
1459947873373965 133 2205033 39700 127 2085508 42706 0
1459947873375826 138 2209404 40628 130 2088977 42567 0
1459947873377641 135 2209594 37628 128 2089615 39829 0
1459947873379602 139 2214889 39569 131 2094043 40799 0
1459947873381594 137 2217210 38617 129 2095565 39014 0
1459947873383438 137 2219350 37573 130 2098248 38440 0
1459947873385022 128 2209803 43437 123 2091762 41414 0
1459947873386838 136 2211242 41369 128 2092183 38566 0
1459947873388690 135 2211288 38180 128 2092571 35910 0
1459947873390547 140 2217731 41136 132 2098048 38154 0
1459947873392482 140 2223670 43397 132 2103098 39828 0
1459947873394404 139 2227865 43874 131 2106473 39827 0
1459947873396329 137 2229173 41651 130 2108304 38403 0
1459947873398160 136 2229098 38465 130 2109992 36958 0
1459947873399704 128 2229098 38465 122 2109992 36958 1
1459947873401457 133 2225189 39061 126 2106428 37354 0
1459947873402968 131 2219026 41690 123 2099303 41003 0
1459947873404622 132 2214624 42489 125 2095294 41493 0
1459947873406426 137 2216966 41328 129 2096719 39564 0
1459947873408323 139 2221685 42449 133 2103152 42404 0
1459947873410255 141 2228595 45503 134 2110363 45738 0
1459947873411844 133 2224726 45514 127 2108050 44295 0
1459947873413555 136 2224999 42209 128 2107198 41618 0
1459947873415337 138 2227810 41503 129 2107693 38822 0
1459947873417205 136 2227842 38289 127 2105589 37728 0
1459947873418913 136 2227871 35324 128 2104929 35387 0
1459947873420695 136 2227898 32589 128 2104321 33182 0
1459947873422616 138 2230483 32425 131 2107600 33612 0
1459947873424539 136 2230306 30053 129 2108063 31413 0
1459947873426446 137 2231423 28735 129 2108490 29352 0
1459947873428373 139 2235013 29799 130 2110164 28601 0
1459947873430135 136 2234482 27958 128 2109147 27303 0
1459947873431900 135 2232713 27403 126 2105649 28392 0
1459947873433615 134 2229802 27945 127 2103705 27964 0
1459947873435380 133 2225838 29414 127 2101913 27430 0
1459947873437093 131 2219624 32844 125 2097701 29169 0
1459947873438670 130 2212615 36738 124 2092538 31649 0
1459947873440388 135 2212554 33922 127 2091618 30023 0
1459947873442366 136 2213778 32399 130 2094610 30435 0
1459947873443914 126 2213778 32399 120 2094610 30435 1
1459947873445779 130 2207226 35906 124 2089688 32593 0
1459947873447702 138 2211426 36972 132 2095391 35303 0
1459947873449288 132 2207618 37593 126 2092968 34777 0
1459947873451173 135 2207947 34960 127 2092014 32938 0
1459947873452979 137 2210811 34868 129 2093695 31914 0
1459947873454760 128 2210811 34868 121 2093695 31914 1
1459947873456329 131 2205771 36788 125 2090125 32711 0
1459947873458219 133 2203685 35835 125 2086833 33188 0
1459947873460044 137 2206882 35982 131 2091479 34878 0
1459947873461692 133 2204709 35172 126 2089362 34104 0
1459947873463484 136 2206546 34117 129 2091250 33180 0
1459947873465099 130 2206546 34117 121 2091250 33180 1
1459947873466591 133 2204399 33429 126 2089151 32521 0
1459947873468455 137 2207540 33712 127 2088496 30583 0
1459947873469923 126 2207540 33712 119 2088496 30583 1
1459947873471293 122 2207540 33712 114 2088496 30583 1
1459947873472688 121 2207540 33712 115 2088496 30583 1
1459947873474207 126 2207540 33712 120 2088496 30583 1
1459947873476155 136 2209155 32567 130 2091732 31176 0
1459947873478068 134 2208084 31008 126 2089595 30709 0
1459947873479803 134 2207097 29494 128 2090185 28853 0
1459947873481433 129 2207097 29494 121 2090185 28853 1
1459947873482899 129 2207097 29494 121 2090185 28853 1
1459947873484388 132 2203627 30387 123 2084329 31996 0
1459947873486398 139 2209388 33324 128 2085330 30419 0
1459947873488331 137 2212139 33256 131 2090093 32433 0
1459947873490188 138 2215955 34175 131 2094484 33947 0
1459947873492078 137 2218193 33568 128 2094692 31486 0
1459947873493823 134 2216416 32582 126 2092324 31208 0
1459947873495707 137 2218618 32066 129 2093981 30296 0
1459947873497547 134 2216808 31228 127 2092948 28880 0
1459947873499421 137 2218979 30790 130 2095836 29285 0
1459947873501181 133 2215861 31258 126 2093378 29262 0
1459947873503050 137 2218106 30885 130 2096232 29606 0
1459947873504998 138 2221456 31560 130 2098863 29719 0
1459947873506858 141 2221456 31560 131 2098863 29719 1
1459947873508707 138 2224544 31941 131 2102569 30813 0
1459947873510076 127 2224544 31941 121 2102569 30813 1
1459947873511629 129 2215871 37439 124 2097025 33515 0
1459947873513236 131 2210436 39524 123 2090634 36786 0
1459947873514833 126 2210436 39524 119 2090634 36786 1
1459947873516791 138 2214385 40077 131 2094983 37921 0
1459947873518828 139 2219306 41481 133 2101552 41014 0
1459947873520370 129 2211042 45857 125 2097368 41665 0
1459947873521896 125 2211042 45857 118 2097368 41665 1
1459947873523502 128 2202144 50476 122 2089671 45504 0
1459947873525354 140 2209301 53130 134 2097935 49567 0
1459947873527134 135 2209499 49161 127 2096593 46930 0
1459947873528822 132 2205841 48691 124 2091516 47942 0
1459947873530494 133 2203749 46814 125 2088116 47330 0
1459947873532121 135 2204381 43738 127 2087541 44161 0
1459947873533716 135 2204963 40857 127 2087011 41197 0
1459947873535477 133 2202940 39529 127 2086523 38427 0
1459947873537549 139 2208755 41801 132 2092473 40909 0
1459947873539129 126 2208755 41801 120 2092473 40909 1
1459947873540573 129 2201316 45392 122 2085158 44454 0
1459947873542068 131 2197018 45807 124 2080975 44837 0
1459947873543968 137 2200735 45655 129 2083518 43679 0
1459947873545908 145 2200735 45655 135 2083518 43679 1
1459947873547812 137 2204162 45247 129 2085863 42427 0
1459947873549241 129 2197081 48238 122 2079064 45378 0
1459947873550867 133 2195674 45766 126 2077917 42889 0
1459947873552671 137 2199496 45714 130 2081979 43283 0
1459947873554469 135 2200460 43031 128 2083164 40993 0
1459947873556227 135 2201349 40488 128 2084256 38797 0
1459947873557900 131 2197048 41288 124 2080143 39556 0
1459947873559570 129 2190523 44076 124 2076351 39959 0
1459947873561404 133 2189628 41456 128 2077976 38335 0
1459947873563293 137 2193923 42176 129 2080754 37901 0
1459947873565255 140 2201722 46071 132 2087155 40840 0
1459947873566840 128 2193552 50002 123 2081536 42829 0
1459947873568599 131 2189860 49497 125 2078916 41897 0
1459947873570218 131 2186457 48766 125 2076500 40849 0
1459947873571876 133 2185880 45487 125 2074273 39709 0
1459947873573579 135 2187908 43802 127 2074780 37073 0
1459947873575485 135 2189777 42102 129 2077807 36967 0
1459947873577762 139 2196620 45121 132 2084438 40191 0
1459947873579721 136 2199089 43871 128 2085431 37966 0
1459947873581613 137 2202645 43721 129 2087626 37023 0
1459947873583438 139 2208483 45687 133 2094770 40716 0
1459947873585173 134 2207465 43055 127 2093676 38543 0
1459947873586873 132 2203966 42915 125 2090107 38820 0
1459947873588423 129 2203966 42915 121 2090107 38820 1
1459947873590022 129 2196901 46074 122 2082977 42359 0
1459947873591924 138 2201908 47089 132 2089204 44789 0
1459947873593804 139 2207803 48845 131 2093664 45401 0
1459947873595457 133 2205558 47097 127 2092656 42782 0
1459947873597338 132 2202208 46504 127 2091727 40295 0
1459947873599033 132 2199120 45716 124 2087030 41475 0
1459947873600904 134 2198833 42407 128 2087820 38963 0
1459947873602305 129 2192169 45236 123 2082149 41146 0
1459947873603992 134 2192425 41937 128 2083321 39011 0
1459947873605686 130 2187541 43161 122 2076721 42046 0
1459947873607324 134 2188159 40359 128 2078317 40232 0
1459947873609332 135 2190009 38910 129 2081068 39624 0
1459947873611147 139 2196834 42162 132 2087444 42406 0
1459947873612723 133 2195446 40147 127 2086922 39573 0
1459947873614487 135 2196726 38190 129 2089001 38397 0
1459947873616276 135 2197906 36294 126 2087077 37169 0
1459947873618019 134 2197714 33634 128 2087864 34990 0
1459947873619703 135 2198817 32023 129 2089869 34104 0
1459947873621572 136 2201114 31638 130 2092997 34323 0
1459947873623161 131 2196831 33113 123 2086921 37241 0
1459947873624852 136 2199283 32787 129 2089000 36247 0
1459947873626615 136 2201544 32309 129 2090916 35182 0
1459947873628091 129 2194668 36122 122 2083723 39063 0
1459947873630039 135 2196009 34535 129 2086052 38158 0
1459947873631808 137 2199805 35336 131 2090759 39515 0
1459947873633464 131 2195625 36428 126 2088698 38326 0
1459947873635205 133 2194331 34774 128 2089358 35939 0
1459947873637071 135 2195698 33318 130 2092526 36052 0
1459947873638767 133 2194399 31912 127 2091607 34081 0
1459947873640365 134 2194481 29494 128 2092040 31817 0
1459947873642200 135 2195837 28439 131 2096279 33239 0
1459947873644258 141 2195837 28439 135 2096279 33239 1
1459947873646091 137 2199647 29729 131 2100187 34244 0
1459947873648162 137 2203159 30644 131 2103789 34889 0
1459947873650087 137 2206397 31234 129 2104550 32865 0
1459947873651979 137 2209382 31545 130 2106532 32124 0
1459947873653701 137 2212134 31617 129 2107079 30118 0
1459947873655431 132 2208271 32707 127 2105023 29659 0
1459947873656979 131 2203429 34613 126 2101848 30267 0
1459947873658698 132 2200246 34842 126 2098921 30600 0
1459947873660684 139 2206271 37674 134 2106462 35161 0
1459947873662549 141 2206271 37674 134 2106462 35161 1
1459947873664248 135 2206706 35131 129 2107014 32923 0
1459947873665981 132 2203267 35556 128 2106243 31060 0
1459947873668004 138 2207776 36935 132 2110652 32698 0
1459947873669783 134 2206813 34936 128 2109597 31115 0
1459947873671474 134 2205925 33023 129 2109904 28967 0
1459947873673233 135 2206387 30869 130 2111467 28144 0
1459947873675125 136 2208093 30029 129 2111628 26094 0
