1459947871376344 133 2179072 0 132 2162688 0 0
1459947871378266 133 2179072 0 131 2161408 1180 0
1459947871380294 137 2184192 4720 134 2164068 3539 0
1459947871382352 138 2190192 9882 134 2166520 5522 0
1459947871384172 132 2188043 11089 127 2159820 11265 0
1459947871386051 130 2183502 14408 127 2153644 16077 0
1459947871387992 132 2181875 14780 129 2150510 17708 0
1459947871390001 136 2185496 16963 134 2154021 19561 0
1459947871391982 138 2191394 21074 136 2159818 23376 0
1459947871393558 123 2177631 32114 123 2148522 31962 0
1459947871395245 127 2170063 36581 125 2140668 36703 0
1459947871396780 125 2160526 42514 123 2130868 42869 0
1459947871398420 128 2155574 43756 126 2125673 44307 0
1459947871400355 133 2157409 42029 130 2126004 41150 0
1459947871402320 132 2157821 39125 131 2127589 39397 0
1459947871404166 131 2156921 36897 129 2126491 37331 0
1459947871405887 124 2147131 43038 121 2115238 44786 0
1459947871407975 136 2153466 45515 133 2120225 45884 0
1459947871409901 132 2154186 42623 130 2120982 42997 0
1459947871411812 137 2161250 45805 131 2122960 41460 0
1459947871413551 135 2165202 45869 131 2124783 39901 0
1459947871415172 129 2161165 46006 125 2118784 42313 0
1459947871417012 131 2160003 43481 128 2117094 40564 0
1459947871418876 133 2161492 41457 131 2119376 39497 0
1459947871421156 146 2179505 54824 141 2134279 50150 0
1459947871423138 135 2182031 52868 134 2139058 50638 0
1459947871425176 136 2185639 52063 134 2143464 50742 0
1459947871427157 135 2187685 49882 131 2143685 46981 0
1459947871428607 108 2155012 76104 106 2111889 72621 0
1459947871430296 134 2158171 73070 131 2114577 69425 0
1459947871431910 129 2154683 70575 124 2108095 69975 0
1459947871433688 133 2156588 66817 129 2108520 64899 0
1459947871435711 136 2162184 66755 134 2115311 66089 0
1459947871437517 134 2164783 63935 131 2117732 63157 0
1459947871439396 140 2174859 68229 137 2127644 67359 0
1459947871441128 132 2173908 63774 128 2125261 64292 0
1459947871442747 127 2166631 65499 124 2117944 66013 0
1459947871444403 130 2163762 63024 129 2117599 61172 0
1459947871446366 134 2166238 60382 132 2121121 59639 0
1459947871448603 137 2172360 61308 133 2125648 59152 0
1459947871450471 131 2170324 58394 129 2124701 55402 0
1459947871452274 132 2169727 54380 130 2125108 51448 0
1459947871454055 129 2165337 54177 131 2126763 48954 0
1459947871455666 129 2161290 53674 127 2123169 48441 0
1459947871457601 137 2167799 55480 134 2128816 49862 0
1459947871459276 133 2168679 51956 132 2131462 48405 0
1459947871460760 128 2163090 53047 124 2123661 51814 0
1459947871462294 126 2155378 56010 121 2112629 57935 0
1459947871463956 130 2153389 53467 129 2112699 53473 0
1459947871465542 129 2150275 52159 126 2108924 52774 0
1459947871467393 133 2152524 50158 128 2108004 49498 0
1459947871469327 138 2160998 54051 136 2117396 54288 0
1459947871471359 137 2167530 55849 134 2123494 55668 0
1459947871473221 134 2169711 53496 132 2126556 54140 0
1459947871475108 134 2171722 51170 129 2125538 50847 0
1459947871477014 132 2171016 47822 129 2124600 47738 0
1459947871479016 134 2172925 45845 132 2127575 46751 0
1459947871480965 130 2169565 45360 128 2125198 45289 0
1459947871482946 135 2172867 44860 133 2129406 45630 0
1459947871484796 132 2172071 42088 130 2129446 42102 0
1459947871486678 131 2170057 40654 128 2126923 41137 0
1459947871488558 135 2173321 40486 135 2133557 44038 0
1459947871490304 132 2172490 38088 131 2134552 41515 0
1459947871492114 134 2174284 36766 133 2138030 41477 0
1459947871494041 135 2177218 36597 131 2138676 38831 0
1459947871496059 138 2183762 39770 136 2145671 42246 0
1459947871497684 129 2178275 41719 126 2139320 44799 0
1459947871499419 134 2179617 39696 131 2139865 41802 0
1459947871501129 128 2173174 42533 125 2132688 45152 0
1459947871502906 133 2173634 39634 130 2132471 41823 0
1459947871504786 133 2174058 36928 131 2133551 39551 0
1459947871506673 133 2174449 34404 129 2131987 37902 0
1459947871508509 131 2172250 33743 131 2133105 35971 0
1459947871510373 133 2172782 31597 131 2134136 34110 0
1459947871512490 137 2178393 34301 134 2138926 35861 0
1459947871514474 132 2177166 32752 125 2131822 39607 0
1459947871516407 131 2174754 32415 131 2132953 37555 0
1459947871518486 133 2175091 30193 131 2133996 35582 0
1459947871520335 132 2174122 28727 127 2129837 36635 0
1459947871522218 133 2174508 26838 130 2129843 33778 0
1459947871524164 135 2177424 27429 131 2131129 32324 0
1459947871525834 125 2167312 34607 125 2124634 35785 0
1459947871527474 132 2166950 32235 130 2125046 33369 0
1459947871529214 131 2165337 31202 128 2122866 32770 0
1459947871531110 132 2165130 28954 130 2123417 30717 0
1459947871532923 132 2164939 26866 130 2123925 28785 0
1459947871534812 139 2173723 32864 135 2130793 32867 0
1459947871536964 140 2183100 38941 137 2139684 38496 0
1459947871538638 128 2176385 42088 126 2133801 40911 0
1459947871540506 130 2172754 42145 131 2134777 38614 0
1459947871542473 134 2174527 40487 131 2135677 36427 0
1459947871544493 135 2177442 40010 133 2139067 36706 0
1459947871546624 137 2182689 41721 134 2143472 37899 0
1459947871548415 129 2177286 43441 125 2136013 41814 0
1459947871550326 133 2177425 40175 132 2138096 40468 0
1459947871552352 135 2180113 39514 134 2142577 41437 0
1459947871554374 138 2186431 42251 135 2147988 43187 0
1459947871556502 137 2190976 43140 134 2151696 43231 0
1459947871558641 137 2195166 43631 134 2155114 43004 0
1459947871560418 128 2187508 47281 125 2146745 47358 0
1459947871562225 129 2181728 48914 125 2139030 50769 0
1459947871564032 130 2177680 48823 127 2134478 50998 0
1459947871565701 127 2170108 51987 125 2127721 53241 0
1459947871567790 134 2172088 49750 133 2131732 52779 0
1459947871569951 135 2175193 48726 134 2136710 53244 0
1459947871571534 128 2169096 50539 126 2131059 54292 0
1459947871573194 129 2164755 50591 127 2127130 53672 0
1459947871574827 124 2154353 56226 123 2118387 57536 0
1459947871576351 127 2148604 57132 121 2107768 62830 0
1459947871578084 130 2147144 54013 124 2101818 63405 0
1459947871580138 135 2152198 54452 132 2106573 62834 0
1459947871582251 134 2155577 53312 129 2107116 58426 0
1459947871584357 137 2162532 55559 135 2115297 61403 0
1459947871586302 134 2165104 53589 131 2117719 58838 0
1459947871588309 136 2170035 53948 133 2122512 58659 0
1459947871590236 135 2173301 52743 132 2125650 56969 0
1459947871592171 138 2180151 54937 136 2133663 59905 0
1459947871594157 138 2186466 56467 137 2142330 63214 0
1459947871596154 135 2188448 53882 134 2146480 62101 0
1459947871598138 133 2187715 50347 129 2143906 59621 0
1459947871599938 131 2184479 49395 130 2142813 55970 0
1459947871601948 135 2186616 47506 131 2143085 51848 0
1459947871603961 132 2184746 45517 129 2140776 49925 0
1459947871605727 129 2179182 47088 126 2134807 51525 0
1459947871607653 132 2177893 44596 130 2134425 47850 0
1459947871609326 130 2174145 44566 127 2130233 47975 0
1459947871611300 138 2180929 47338 133 2134048 47743 0
1459947871613082 131 2178223 46132 131 2135005 44895 0
1459947871615088 134 2179569 43768 133 2138447 44560 0
1459947871617048 135 2182090 42672 134 2142900 45183 0
1459947871618984 137 2186974 43840 135 2148285 46618 0
1459947871620653 124 2174836 51604 121 2135330 54917 0
1459947871622530 131 2172606 49626 127 2131067 54555 0
1459947871624323 133 2173111 46213 131 2132257 51389 0
1459947871626447 139 2181256 50111 137 2141034 55465 0
1459947871628508 137 2186205 50758 135 2146565 56230 0
1459947871630267 129 2180527 52025 125 2138864 58935 0
1459947871632100 134 2181693 49035 131 2139445 54865 0
1459947871634111 135 2184048 47375 133 2142540 53432 0
1459947871636151 132 2182379 45211 131 2142834 49528 0
1459947871638178 137 2187240 46159 135 2148225 50627 0
1459947871639891 132 2185321 44320 129 2145514 49169 0
1459947871641526 130 2180992 44847 128 2141735 48810 0
1459947871643014 126 2171882 49741 123 2131851 54106 0
1459947871644540 129 2167323 50056 127 2127860 53557 0
1459947871646597 133 2168240 46991 130 2128020 49520 0
1459947871648228 127 2161406 49618 125 2121768 51414 0
1459947871650078 136 2166626 50553 132 2124964 50344 0
1459947871651782 129 2162478 50426 126 2120231 50773 0
1459947871653771 134 2165054 48861 133 2124827 51043 0
1459947871655515 129 2161029 48753 128 2122664 49048 0
1459947871657238 131 2159878 46004 129 2121950 45873 0
1459947871659051 133 2161377 43791 131 2123852 44043 0
1459947871660944 135 2165319 44003 131 2125606 42219 0
1459947871662632 129 2161273 44294 128 2123383 40969 0
1459947871664425 133 2162663 42114 131 2125173 39418 0
1459947871666139 128 2157544 43541 125 2119143 41896 0
1459947871667972 131 2156665 40948 126 2114864 42565 0
1459947871669810 135 2160975 41721 131 2117320 41503 0
1459947871671482 131 2159828 39517 127 2114464 40892 0
1459947871673445 136 2165171 41355 133 2119511 42350 0
1459947871675675 137 2171377 43845 134 2125444 44510 0
1459947871677448 130 2168138 43404 125 2119393 46609 0
1459947871679415 134 2170272 41980 133 2124055 47265 0
1459947871681420 133 2170959 39333 130 2124513 43994 0
1459947871683228 128 2165192 41575 127 2121095 43706 0
1459947871685168 135 2168836 41685 132 2124344 43286 0
1459947871686865 135 2172195 41525 133 2128619 43845 0
1459947871688925 142 2184252 49395 140 2141520 52312 0
1459947871690844 131 2181287 48269 127 2136773 52600 0
1459947871692681 135 2183673 46697 132 2138797 50356 0
1459947871694511 133 2183313 43379 131 2139383 46961 0
1459947871696341 133 2182981 40295 131 2139923 43790 0
1459947871698249 128 2176275 43327 128 2136581 43448 0
1459947871700298 135 2179053 42503 131 2137340 40753 0
1459947871702364 137 2184174 43903 133 2140600 40574 0
1459947871704389 136 2187615 43645 134 2144885 41354 0
1459947871706462 138 2193347 45519 134 2148835 41765 0
1459947871708528 139 2199911 48013 136 2155037 44219 0
1459947871710617 137 2203402 47480 135 2159474 44855 0
1459947871712482 135 2204061 44377 133 2161005 42761 0
1459947871714551 137 2207228 43830 135 2164976 43081 0
1459947871716567 135 2207588 40737 133 2166077 40730 0
1459947871718328 131 2202800 41967 128 2160692 42511 0
1459947871720227 129 2195826 45116 128 2155727 43765 0
1459947871721915 127 2186837 49877 125 2147310 48103 0
1459947871723758 136 2190070 48960 135 2152351 48991 0
1459947871725660 132 2187930 47107 129 2149318 47958 0
1459947871727442 134 2188517 43968 131 2149082 44428 0
1459947871729409 129 2182659 45933 126 2142464 47057 0
1459947871731214 129 2177258 47322 126 2136364 49003 0
1459947871733150 134 2178679 44934 131 2137140 45889 0
1459947871734845 126 2169749 49654 122 2126335 52262 0
1459947871736569 127 2162797 52182 126 2121495 52640 0
1459947871738553 131 2161508 49292 131 2123433 50313 0
1459947871740592 137 2168000 51426 136 2131619 53929 0
1459947871742499 132 2167585 47790 129 2130206 51017 0
1459947871744095 127 2160802 50308 126 2125063 51771 0
1459947871745801 132 2160949 46512 130 2125442 48075 0
1459947871747519 132 2161084 43003 127 2121951 47536 0
1459947871749599 139 2170169 48018 136 2130253 51475 0
1459947871751465 136 2174704 48447 133 2134066 50969 0
1459947871753278 137 2180165 49696 134 2138862 51408 0
1459947871755290 134 2181359 46914 130 2138163 48034 0
1459947871757000 130 2177340 46952 126 2132399 49594 0
1459947871758648 132 2176195 44338 130 2132205 45897 0
1459947871760255 126 2167459 48926 123 2123066 50735 0
1459947871762044 130 2164526 47806 129 2122321 47457 0
1459947871763920 133 2165662 45118 131 2124194 45476 0
1459947871766163 143 2179509 54358 140 2137441 54135 0
1459947871768027 135 2182034 52439 133 2140693 52903 0
1459947871770062 138 2188202 54028 133 2143691 51533 0
1459947871771924 134 2188768 50329 127 2138775 52037 0
1459947871773825 137 2193130 50418 136 2145763 54413 0
1459947871775255 121 2176671 61651 119 2130445 64282 0
1459947871777104 131 2174298 59021 129 2129123 60476 0
1459947871778722 129 2169550 58785 129 2127905 56873 0
1459947871780520 129 2165173 58226 127 2124222 55823 0
1459947871782472 132 2164978 53855 131 2125947 53051 0
1459947871784422 136 2169919 54202 134 2131377 53912 0
1459947871786556 136 2174474 54166 133 2135103 53135 0
1459947871788511 135 2177393 52625 132 2137258 50969 0
1459947871790427 136 2181364 52173 132 2139244 48818 0
1459947871792399 137 2186304 52651 134 2143635 49052 0
1459947871794415 136 2189579 51556 133 2146403 47771 0
1459947871796612 136 2192598 50311 130 2145115 45225 0
1459947871798588 131 2188981 49714 129 2142647 43965 0
1459947871800664 138 2194606 51016 137 2150612 47873 0
1459947871802599 133 2193392 48148 130 2148995 45622 0
1459947871804443 134 2193553 44534 132 2150064 43043 0
1459947871806243 128 2186021 47996 129 2147210 42310 0
1459947871807822 126 2176518 53006 123 2136899 48509 0
1459947871809705 133 2176717 49047 130 2136353 45221 0
1459947871811693 139 2184580 52464 133 2139690 44764 0
1459947871813491 136 2187989 51508 133 2142766 44102 0
1459947871815412 137 2192412 51560 133 2145602 43270 0
1459947871817194 132 2190089 49671 130 2144376 41018 0
1459947871819029 134 2190508 46176 131 2144526 37951 0
1459947871821179 134 2190894 42924 132 2145944 36294 0
1459947871823323 140 2198930 46978 137 2153652 40563 0
1459947871825165 137 2202498 46596 133 2155637 39224 0
1459947871827021 134 2201947 43462 131 2154907 36831 0
1459947871828871 130 2196319 45253 127 2149114 39292 0
1459947871830888 134 2196251 41779 130 2147614 37604 0
1459947871832525 129 2189788 44472 127 2142391 39480 0
1459947871834300 132 2187670 42948 128 2138856 39653 0
1459947871836034 131 2184438 42571 130 2138157 37198 0
1459947871837920 135 2186578 41218 133 2141353 37237 0
1459947871839663 130 2182151 42077 129 2139179 36330 0
1459947871841476 130 2178070 42550 126 2133335 38877 0
1459947871843305 133 2178148 39297 132 2135628 37953 0
1459947871845402 134 2179500 37472 132 2137742 36935 0
1459947871847386 134 2180746 35693 130 2137130 34612 0
1459947871849022 126 2171655 41284 120 2123766 44226 0
1459947871850801 129 2167114 42243 127 2120406 43866 0
1459947871852545 129 2162928 42800 127 2117309 43292 0
1459947871854242 133 2164189 40618 127 2114454 42540 0
1459947871856001 135 2167911 40875 128 2113102 40462 0
1459947871857807 136 2167911 40875 126 2113102 40462 1
1459947871859746 140 2167911 40875 132 2113102 40462 1
1459947871861528 141 2167911 40875 131 2113102 40462 1
1459947871863604 143 2167911 40875 136 2113102 40462 1
1459947871865333 132 2167502 38057 126 2109295 40808 0
1459947871867062 136 2167502 38057 127 2109295 40808 1
1459947871868965 137 2167502 38057 128 2109295 40808 1
1459947871870494 129 2167502 38057 122 2109295 40808 1
1459947871872162 133 2167502 38057 124 2109295 40808 1
1459947871874127 140 2167502 38057 132 2109295 40808 1
1459947871876009 140 2167502 38057 131 2109295 40808 1
1459947871877917 135 2170965 38276 128 2108346 38493 0
1459947871879697 134 2172878 37048 126 2104911 38651 0
1459947871881022 111 2172878 37048 102 2104911 38651 1
1459947871882584 138 2172878 37048 130 2104911 38651 1
1459947871884238 135 2175921 36959 128 2104304 36189 0
1459947871886080 137 2175921 36959 129 2104304 36189 1
1459947871887896 136 2175921 36959 130 2104304 36189 1
1459947871889373 126 2175921 36959 119 2104304 36189 1
1459947871891064 130 2175921 36959 124 2104304 36189 1
1459947871892589 128 2175921 36959 120 2104304 36189 1
1459947871894376 134 2177447 35477 127 2102465 35056 0
1459947871896141 135 2180133 35182 128 2102049 32699 0
1459947871897853 134 2181330 33536 126 2099106 32856 0
1459947871899797 138 2181330 33536 131 2099106 32856 1
1459947871901609 133 2181153 31078 126 2096393 32789 0
1459947871903130 128 2181153 31078 122 2096393 32789 1
1459947871904585 127 2181153 31078 122 2096393 32789 1
1459947871906391 135 2183550 30860 128 2096452 30281 0
1459947871908211 135 2185760 30486 128 2096506 27965 0
1459947871909946 131 2185760 30486 124 2096506 27965 1
1459947871911805 136 2185760 30486 129 2096506 27965 1
1459947871913877 139 2185760 30486 131 2096506 27965 1
1459947871915908 138 2185760 30486 130 2096506 27965 1
1459947871917802 135 2187797 29982 127 2095276 26913 0
1459947871919671 138 2187797 29982 131 2095276 26913 1
1459947871921591 141 2187797 29982 133 2095276 26913 1
1459947871923264 129 2187797 29982 120 2095276 26913 1
1459947871925005 133 2187797 29982 125 2095276 26913 1
1459947871926686 125 2187797 29982 118 2095276 26913 1
1459947871928375 131 2187797 29982 124 2095276 26913 1
1459947871930536 140 2187797 29982 131 2095276 26913 1
1459947871932662 139 2187797 29982 133 2095276 26913 1
1459947871934333 130 2187797 29982 121 2095276 26913 1
1459947871936163 136 2187797 29982 129 2095276 26913 1
1459947871938032 136 2187797 29982 131 2095276 26913 1
1459947871940053 143 2187797 29982 136 2095276 26913 1
1459947871941874 137 2187797 29982 131 2095276 26913 1
1459947871943714 137 2187797 29982 131 2095276 26913 1
1459947871945550 138 2187797 29982 131 2095276 26913 1
1459947871947299 136 2187797 29982 129 2095276 26913 1
1459947871948905 133 2187797 29982 125 2095276 26913 1
1459947871950887 140 2187797 29982 133 2095276 26913 1
1459947871952622 131 2187797 29982 124 2095276 26913 1
1459947871954460 138 2187797 29982 132 2095276 26913 1
1459947871956246 135 2189675 29370 127 2094142 25854 0
1459947871958290 144 2189675 29370 135 2094142 25854 1
1459947871960253 142 2189675 29370 134 2094142 25854 1
1459947871961946 133 2189675 29370 125 2094142 25854 1
1459947871963610 132 2187566 29018 127 2093097 24797 0
1459947871965275 133 2187566 29018 125 2093097 24797 1
1459947871967315 140 2187566 29018 131 2093097 24797 1
1459947871968920 130 2187566 29018 122 2093097 24797 1
1459947871970788 136 2187566 29018 129 2093097 24797 1
1459947871972424 133 2186902 27361 127 2092133 23746 0
1459947871974361 137 2186902 27361 131 2092133 23746 1
1459947871976270 141 2186902 27361 133 2092133 23746 1
1459947871978133 139 2186902 27361 130 2092133 23746 1
1459947871979930 138 2186902 27361 131 2092133 23746 1
1459947871981483 130 2186902 27361 123 2092133 23746 1
1459947871983321 134 2187570 25839 128 2092525 22251 0
1459947871985121 135 2189466 25567 128 2092886 20845 0
1459947871986797 136 2189466 25567 128 2092886 20845 1
1459947871988485 131 2189466 25567 123 2092886 20845 1
1459947871990089 133 2189466 25567 124 2092886 20845 1
1459947871991632 133 2189466 25567 125 2092886 20845 1
1459947871993374 137 2189466 25567 130 2092886 20845 1
1459947871995014 132 2189466 25567 124 2092886 20845 1
1459947871996914 141 2189466 25567 134 2092886 20845 1
1459947871998933 138 2189466 25567 132 2092886 20845 1
1459947872000643 132 2189466 25567 125 2092886 20845 1
1459947872002242 131 2189466 25567 123 2092886 20845 1
1459947872004089 134 2189933 24000 128 2093219 19523 0
1459947872005894 133 2189933 24000 126 2093219 19523 1
1459947872007529 133 2189933 24000 125 2093219 19523 1
1459947872009229 131 2189933 24000 125 2093219 19523 1
1459947872010790 132 2189933 24000 125 2093219 19523 1
1459947872012431 130 2189933 24000 125 2093219 19523 1
1459947872014281 131 2189933 24000 125 2093219 19523 1
1459947872016014 135 2191644 23702 129 2094806 19460 0
1459947872017805 136 2191644 23702 130 2094806 19460 1
1459947872019438 131 2191644 23702 125 2094806 19460 1
1459947872021304 135 2191644 23702 125 2094806 19460 1
1459947872023174 135 2193221 23304 128 2094989 18107 0
1459947872024867 134 2193395 21644 127 2093877 17716 0
1459947872026736 137 2193395 21644 131 2093877 17716 1
1459947872028646 134 2193556 20101 127 2092852 17275 0
1459947872030385 137 2193556 20101 128 2092852 17275 1
1459947872032134 137 2193556 20101 128 2092852 17275 1
1459947872033758 131 2193556 20101 123 2092852 17275 1
1459947872035428 136 2193556 20101 126 2092852 17275 1
1459947872037243 139 2193556 20101 131 2092852 17275 1
1459947872039061 137 2193556 20101 131 2092852 17275 1
1459947872040770 135 2194984 19846 130 2095747 18594 0
1459947872042571 138 2194984 19846 129 2095747 18594 1
1459947872044190 132 2192460 20620 127 2094576 18219 0
1459947872045905 134 2192460 20620 126 2094576 18219 1
1459947872047597 133 2192460 20620 124 2094576 18219 1
1459947872049344 135 2193974 20404 127 2093497 17789 0
1459947872051464 143 2193974 20404 135 2093497 17789 1
1459947872053475 136 2193974 20404 129 2093497 17789 1
1459947872055387 139 2193974 20404 134 2093497 17789 1
1459947872057281 139 2193974 20404 132 2093497 17789 1
1459947872059175 135 2195369 20095 129 2095062 17842 0
1459947872060846 131 2195369 20095 124 2095062 17842 1
1459947872062457 132 2195369 20095 126 2095062 17842 1
1459947872064273 131 2195369 20095 125 2095062 17842 1
1459947872066341 140 2195369 20095 131 2095062 17842 1
1459947872068093 138 2195369 20095 131 2095062 17842 1
1459947872070083 138 2195369 20095 132 2095062 17842 1
1459947872071880 135 2196655 19711 127 2093945 17477 0
1459947872073754 136 2196655 19711 129 2093945 17477 1
1459947872075608 140 2196655 19711 130 2093945 17477 1
1459947872077393 139 2196655 19711 130 2093945 17477 1
1459947872079159 136 2196655 19711 127 2093945 17477 1
1459947872080866 133 2196655 19711 126 2093945 17477 1
1459947872082633 139 2196655 19711 130 2093945 17477 1
1459947872084566 136 2196655 19711 127 2093945 17477 1
1459947872086412 139 2196655 19711 132 2093945 17477 1
1459947872088160 135 2197841 19264 127 2092915 17059 0
1459947872089943 134 2197841 19264 123 2092915 17059 1
1459947872091711 135 2197841 19264 126 2092915 17059 1
1459947872093630 139 2197841 19264 132 2092915 17059 1
1459947872095415 141 2197841 19264 135 2092915 17059 1
1459947872097355 139 2197841 19264 132 2092915 17059 1
1459947872099407 140 2197841 19264 133 2092915 17059 1
1459947872101322 135 2198934 18767 129 2094526 17211 0
1459947872103098 134 2198934 18767 126 2094526 17211 1
1459947872105207 139 2198934 18767 133 2094526 17211 1
1459947872107119 136 2198934 18767 128 2094526 17211 1
1459947872109014 137 2198934 18767 130 2094526 17211 1
1459947872111038 139 2198934 18767 132 2094526 17211 1
1459947872112846 141 2198934 18767 134 2094526 17211 1
1459947872114953 143 2198934 18767 133 2094526 17211 1
1459947872116748 135 2199942 18229 128 2094731 16055 0
1459947872118542 135 2200871 17660 127 2093640 15805 0
1459947872120327 133 2200871 17660 126 2093640 15805 1
1459947872121933 133 2200871 17660 125 2093640 15805 1
1459947872123520 134 2200871 17660 125 2093640 15805 1
1459947872125449 139 2200871 17660 132 2093640 15805 1
1459947872127376 138 2200871 17660 130 2093640 15805 1
1459947872129265 140 2200871 17660 133 2093640 15805 1
1459947872131350 140 2200871 17660 132 2093640 15805 1
1459947872133223 140 2200871 17660 131 2093640 15805 1
1459947872134997 139 2200871 17660 132 2093640 15805 1
1459947872136741 134 2200447 16669 127 2092634 15497 0
1459947872138895 140 2200447 16669 131 2092634 15497 1
1459947872140731 137 2200447 16669 132 2092634 15497 1
1459947872142388 136 2200447 16669 128 2092634 15497 1
1459947872144205 136 2200447 16669 129 2092634 15497 1
1459947872146098 141 2200447 16669 132 2092634 15497 1
1459947872147779 135 2201337 16186 128 2092986 14611 0
1459947872149319 131 2201337 16186 124 2092986 14611 1
1459947872151012 135 2202157 15677 127 2092031 14348 0
1459947872152855 136 2202157 15677 128 2092031 14348 1
1459947872154650 136 2202157 15677 130 2092031 14348 1
1459947872156363 136 2202157 15677 127 2092031 14348 1
1459947872158232 135 2202913 15149 128 2092431 13595 0
1459947872160187 136 2202913 15149 131 2092431 13595 1
1459947872162135 136 2202913 15149 130 2092431 13595 1
1459947872164099 139 2202913 15149 132 2092431 13595 1
1459947872165835 134 2202330 14502 128 2092799 12872 0
1459947872167638 132 2202330 14502 121 2092799 12872 1
1459947872169743 143 2202330 14502 136 2092799 12872 1
1459947872171867 143 2202330 14502 136 2092799 12872 1
1459947872173852 142 2202330 14502 134 2092799 12872 1
1459947872175846 137 2202330 14502 130 2092799 12872 1
1459947872177716 136 2202330 14502 130 2092799 12872 1
1459947872179363 134 2201792 13864 127 2091859 12732 0
1459947872181214 135 2202577 13503 128 2092272 12118 0
1459947872182909 137 2202577 13503 128 2092272 12118 1
1459947872184680 136 2202577 13503 129 2092272 12118 1
1459947872186441 135 2202577 13503 126 2092272 12118 1
1459947872188313 137 2202577 13503 131 2092272 12118 1
1459947872190048 136 2202577 13503 128 2092272 12118 1
1459947872191720 137 2202577 13503 127 2092272 12118 1
1459947872193515 138 2202577 13503 130 2092272 12118 1
1459947872195042 128 2202577 13503 121 2092272 12118 1
1459947872196967 137 2202577 13503 130 2092272 12118 1
1459947872198916 140 2202577 13503 134 2092272 12118 1
1459947872200988 140 2202577 13503 132 2092272 12118 1
1459947872202851 139 2202577 13503 131 2092272 12118 1
1459947872204763 138 2202577 13503 131 2092272 12118 1
1459947872206680 137 2202577 13503 128 2092272 12118 1
1459947872208327 129 2202577 13503 123 2092272 12118 1
1459947872210075 139 2202577 13503 131 2092272 12118 1
1459947872211911 139 2202577 13503 130 2092272 12118 1
1459947872213667 137 2202577 13503 132 2092272 12118 1
1459947872215474 135 2203300 13115 129 2093933 12702 0
1459947872217343 138 2203300 13115 131 2093933 12702 1
1459947872219054 132 2203300 13115 124 2093933 12702 1
1459947872220909 137 2203300 13115 130 2093933 12702 1
1459947872222661 137 2203300 13115 129 2093933 12702 1
1459947872224586 140 2203300 13115 132 2093933 12702 1
1459947872226489 137 2203300 13115 127 2093933 12702 1
1459947872228121 130 2203300 13115 123 2093933 12702 1
1459947872230145 140 2203300 13115 131 2093933 12702 1
1459947872232116 141 2203300 13115 133 2093933 12702 1
1459947872233954 137 2203300 13115 130 2093933 12702 1
1459947872235860 139 2203300 13115 131 2093933 12702 1
1459947872237608 138 2203300 13115 127 2093933 12702 1
1459947872239527 136 2203300 13115 130 2093933 12702 1
1459947872241515 136 2203300 13115 130 2093933 12702 1
1459947872243144 135 2203967 12705 127 2092904 12657 0
1459947872244754 135 2204582 12279 127 2091955 12541 0
1459947872246387 131 2204582 12279 123 2091955 12541 1
1459947872248258 139 2204582 12279 132 2091955 12541 1
1459947872250106 142 2204582 12279 134 2091955 12541 1
1459947872251723 130 2204582 12279 120 2091955 12541 1
1459947872253386 132 2204582 12279 124 2091955 12541 1
1459947872255354 139 2204582 12279 129 2091955 12541 1
1459947872257110 137 2204582 12279 128 2091955 12541 1
1459947872258769 133 2204582 12279 125 2091955 12541 1
1459947872260308 130 2204582 12279 123 2091955 12541 1
1459947872262153 136 2204582 12279 128 2091955 12541 1
1459947872263907 131 2204582 12279 124 2091955 12541 1
1459947872265559 132 2204582 12279 125 2091955 12541 1
1459947872266950 124 2204582 12279 115 2091955 12541 1
1459947872268660 135 2205149 11841 127 2091081 12366 0
1459947872270282 130 2205149 11841 122 2091081 12366 1
1459947872272027 136 2205149 11841 127 2091081 12366 1
1459947872273803 136 2205149 11841 126 2091081 12366 1
1459947872275663 134 2204391 11613 127 2090275 12141 0
1459947872277544 137 2204391 11613 131 2090275 12141 1
1459947872279256 135 2204972 11241 128 2090812 11687 0
1459947872280954 135 2205508 10856 128 2091307 11229 0
1459947872282763 135 2206002 10463 130 2094323 13132 0
1459947872284377 138 2206002 10463 130 2094323 13132 1
1459947872286272 138 2206002 10463 130 2094323 13132 1
1459947872288181 142 2206002 10463 133 2094323 13132 1
1459947872290028 136 2206002 10463 124 2094323 13132 1
1459947872291634 131 2206002 10463 123 2094323 13132 1
1459947872293132 133 2206002 10463 126 2094323 13132 1
1459947872295053 138 2206002 10463 131 2094323 13132 1
1459947872296821 137 2206002 10463 127 2094323 13132 1
1459947872298531 135 2206458 10065 128 2094544 12309 0
1459947872300251 137 2206458 10065 130 2094544 12309 1
1459947872301833 132 2206458 10065 124 2094544 12309 1
1459947872303707 137 2206458 10065 129 2094544 12309 1
1459947872305371 132 2206458 10065 125 2094544 12309 1
1459947872307312 141 2206458 10065 131 2094544 12309 1
1459947872309052 137 2206458 10065 130 2094544 12309 1
1459947872311064 137 2206458 10065 128 2094544 12309 1
1459947872312676 135 2206458 10065 126 2094544 12309 1
1459947872314307 132 2206458 10065 123 2094544 12309 1
1459947872316023 136 2206458 10065 130 2094544 12309 1
1459947872317645 135 2206878 9665 128 2094747 11534 0
1459947872319372 136 2206878 9665 129 2094747 11534 1
1459947872321308 137 2206878 9665 129 2094747 11534 1
1459947872322904 131 2206878 9665 122 2094747 11534 1
1459947872324446 126 2206878 9665 121 2094747 11534 1
1459947872326112 129 2206878 9665 121 2094747 11534 1
1459947872327996 139 2206878 9665 130 2094747 11534 1
1459947872329450 129 2206878 9665 120 2094747 11534 1
1459947872330771 122 2206878 9665 114 2094747 11534 1
1459947872332465 134 2206878 9665 125 2094747 11534 1
1459947872334243 135 2207265 9266 127 2093654 11638 0
1459947872335997 132 2207265 9266 125 2093654 11638 1
1459947872337626 132 2207265 9266 123 2093654 11638 1
1459947872339429 134 2206342 9392 128 2093927 10979 0
1459947872341370 139 2206342 9392 131 2093927 10979 1
1459947872343173 137 2206342 9392 131 2093927 10979 1
1459947872345127 142 2206342 9392 134 2093927 10979 1
1459947872346843 138 2206342 9392 130 2093927 10979 1
1459947872348525 131 2206342 9392 122 2093927 10979 1
1459947872350292 138 2206342 9392 128 2093927 10979 1
1459947872351829 131 2206342 9392 125 2093927 10979 1
1459947872353498 135 2206771 9054 128 2094178 10353 0
1459947872355035 130 2206771 9054 121 2094178 10353 1
1459947872356776 136 2206771 9054 128 2094178 10353 1
1459947872358716 136 2206771 9054 128 2094178 10353 1
1459947872360487 135 2207167 8711 128 2094410 9758 0
1459947872362308 138 2207167 8711 128 2094410 9758 1
1459947872364152 140 2207167 8711 133 2094410 9758 1
1459947872365826 132 2207167 8711 123 2094410 9758 1
1459947872367627 136 2207167 8711 126 2094410 9758 1
1459947872369471 140 2207167 8711 131 2094410 9758 1
1459947872371169 136 2207167 8711 129 2094410 9758 1
1459947872372734 133 2207167 8711 125 2094410 9758 1
1459947872374360 134 2207167 8711 125 2094410 9758 1
1459947872376106 131 2207167 8711 125 2094410 9758 1
1459947872377741 129 2207167 8711 124 2094410 9758 1
1459947872379481 135 2207532 8366 128 2094624 9192 0
1459947872381207 138 2207532 8366 130 2094624 9192 1
1459947872382849 127 2207532 8366 121 2094624 9192 1
1459947872384883 141 2207532 8366 134 2094624 9192 1
1459947872386728 136 2207532 8366 129 2094624 9192 1
1459947872388412 129 2207532 8366 124 2094624 9192 1
1459947872390062 134 2207532 8366 125 2094624 9192 1
1459947872391760 131 2207532 8366 122 2094624 9192 1
1459947872393369 135 2207868 8022 128 2094821 8655 0
1459947872395095 135 2208178 7681 129 2096283 9325 0
1459947872396753 134 2208178 7681 126 2096283 9325 1
1459947872398684 131 2208178 7681 125 2096283 9325 1
1459947872400761 136 2208178 7681 126 2096283 9325 1
1459947872402900 139 2208178 7681 131 2096283 9325 1
1459947872404745 136 2208178 7681 128 2096283 9325 1
1459947872406640 134 2208178 7681 126 2096283 9325 1
1459947872408461 137 2208178 7681 129 2096283 9325 1
1459947872410453 140 2208178 7681 133 2096283 9325 1
1459947872412426 138 2208178 7681 129 2096283 9325 1
1459947872414139 133 2208178 7681 126 2096283 9325 1
1459947872415946 128 2208178 7681 120 2096283 9325 1
1459947872417873 136 2208178 7681 129 2096283 9325 1
1459947872419574 134 2208178 7681 126 2096283 9325 1
1459947872421415 136 2208178 7681 130 2096283 9325 1
1459947872423192 141 2208178 7681 133 2096283 9325 1
1459947872424881 137 2208178 7681 131 2096283 9325 1
1459947872426822 136 2208178 7681 129 2096283 9325 1
1459947872428792 136 2208178 7681 131 2096283 9325 1
1459947872430780 139 2208178 7681 130 2096283 9325 1
1459947872432650 137 2208178 7681 131 2096283 9325 1
1459947872434038 120 2208178 7681 112 2096283 9325 1
1459947872435746 132 2208178 7681 125 2096283 9325 1
1459947872437674 137 2208178 7681 129 2096283 9325 1
1459947872439687 142 2208178 7681 132 2096283 9325 1
1459947872441615 143 2208178 7681 135 2096283 9325 1
1459947872443462 139 2208178 7681 132 2096283 9325 1
1459947872445204 134 2208178 7681 126 2096283 9325 1
1459947872447073 135 2208178 7681 126 2096283 9325 1
1459947872448711 135 2208464 7343 129 2097630 9838 0
1459947872450280 130 2208464 7343 123 2097630 9838 1
1459947872452089 138 2208464 7343 129 2097630 9838 1
1459947872453880 135 2208727 7012 128 2097592 9103 0
1459947872455902 138 2208727 7012 130 2097592 9103 1
1459947872457691 137 2208727 7012 129 2097592 9103 1
1459947872459452 137 2208727 7012 127 2097592 9103 1
1459947872461533 146 2208727 7012 137 2097592 9103 1
1459947872463186 132 2208727 7012 122 2097592 9103 1
1459947872464764 133 2208727 7012 125 2097592 9103 1
1459947872466270 126 2208727 7012 120 2097592 9103 1
1459947872467847 133 2208727 7012 124 2097592 9103 1
1459947872469781 140 2208727 7012 129 2097592 9103 1
1459947872471489 136 2208727 7012 129 2097592 9103 1
1459947872473119 131 2208727 7012 121 2097592 9103 1
1459947872474776 132 2208727 7012 124 2097592 9103 1
1459947872476454 131 2208727 7012 125 2097592 9103 1
1459947872478536 138 2208727 7012 130 2097592 9103 1
1459947872480419 140 2208727 7012 131 2097592 9103 1
1459947872482028 135 2208727 7012 126 2097592 9103 1
1459947872483643 135 2208970 6688 128 2097557 8422 0
1459947872485419 136 2208970 6688 129 2097557 8422 1
1459947872487162 137 2208970 6688 128 2097557 8422 1
1459947872488942 137 2208970 6688 131 2097557 8422 1
1459947872490687 133 2208970 6688 127 2097557 8422 1
1459947872492540 140 2208970 6688 131 2097557 8422 1
1459947872494390 139 2208970 6688 132 2097557 8422 1
1459947872496188 135 2209194 6371 128 2097525 7793 0
1459947872498006 135 2209194 6371 127 2097525 7793 1
1459947872499927 141 2209194 6371 135 2097525 7793 1
1459947872501876 141 2209194 6371 131 2097525 7793 1
1459947872503721 139 2209194 6371 132 2097525 7793 1
1459947872505660 140 2209194 6371 133 2097525 7793 1
1459947872507637 137 2209194 6371 129 2097525 7793 1
1459947872509610 136 2209194 6371 129 2097525 7793 1
1459947872511130 129 2209194 6371 120 2097525 7793 1
1459947872512529 127 2209194 6371 119 2097525 7793 1
1459947872513910 122 2209194 6371 116 2097525 7793 1
1459947872515577 130 2209194 6371 122 2097525 7793 1
1459947872517414 137 2209194 6371 130 2097525 7793 1
1459947872519236 137 2209194 6371 130 2097525 7793 1
1459947872521031 136 2209194 6371 130 2097525 7793 1
1459947872522467 134 2209194 6371 125 2097525 7793 1
1459947872524190 134 2209194 6371 125 2097525 7793 1
1459947872525782 134 2209194 6371 126 2097525 7793 1
1459947872527426 132 2209194 6371 124 2097525 7793 1
1459947872528911 128 2209194 6371 121 2097525 7793 1
1459947872530550 131 2209194 6371 123 2097525 7793 1
1459947872532008 121 2209194 6371 116 2097525 7793 1
1459947872533632 127 2209194 6371 122 2097525 7793 1
1459947872535511 137 2209194 6371 132 2097525 7793 1
1459947872537419 139 2209194 6371 132 2097525 7793 1
1459947872539510 140 2209194 6371 133 2097525 7793 1
1459947872541285 133 2209194 6371 125 2097525 7793 1
1459947872543162 137 2209194 6371 132 2097525 7793 1
1459947872544951 137 2209194 6371 131 2097525 7793 1
1459947872546737 135 2209400 6063 128 2097495 7210 0
1459947872548436 136 2209400 6063 127 2097495 7210 1
1459947872550249 140 2209400 6063 132 2097495 7210 1
1459947872552270 141 2209400 6063 133 2097495 7210 1
1459947872553784 123 2209400 6063 116 2097495 7210 1
1459947872555559 137 2209400 6063 129 2097495 7210 1
1459947872557074 128 2209400 6063 120 2097495 7210 1
1459947872558892 136 2209400 6063 129 2097495 7210 1
1459947872560451 135 2209400 6063 126 2097495 7210 1
1459947872562246 136 2209400 6063 126 2097495 7210 1
1459947872563922 133 2209400 6063 126 2097495 7210 1
1459947872565878 138 2209400 6063 130 2097495 7210 1
1459947872567664 135 2209590 5764 128 2097468 6670 0
1459947872569391 132 2209590 5764 123 2097468 6670 1
1459947872570972 135 2209590 5764 124 2097468 6670 1
1459947872572768 138 2209590 5764 129 2097468 6670 1
1459947872574373 131 2209590 5764 122 2097468 6670 1
1459947872576074 136 2209590 5764 128 2097468 6670 1
1459947872577852 134 2209590 5764 124 2097468 6670 1
1459947872579659 137 2209590 5764 128 2097468 6670 1
1459947872581507 132 2209590 5764 124 2097468 6670 1
1459947872583159 135 2209765 5475 128 2097443 6170 0
1459947872584782 132 2209765 5475 123 2097443 6170 1
1459947872586441 133 2207367 7257 128 2097420 5707 0
1459947872588561 139 2207367 7257 133 2097420 5707 1
1459947872590363 136 2207367 7257 128 2097420 5707 1
1459947872592199 138 2207367 7257 132 2097420 5707 1
1459947872593747 132 2207367 7257 125 2097420 5707 1
1459947872595471 135 2207716 7012 128 2097399 5280 0
1459947872597138 128 2207716 7012 121 2097399 5280 1
1459947872599049 142 2207716 7012 134 2097399 5280 1
1459947872600892 135 2208038 6761 130 2099939 7209 0
1459947872602605 130 2208038 6761 119 2099939 7209 1
1459947872604353 134 2208038 6761 127 2099939 7209 1
1459947872606058 130 2208038 6761 123 2099939 7209 1
1459947872607835 134 2207055 7138 129 2101001 7624 0
1459947872609795 137 2207055 7138 129 2101001 7624 1
1459947872611790 138 2207055 7138 132 2101001 7624 1
1459947872613733 139 2207055 7138 131 2101001 7624 1
1459947872615138 125 2207055 7138 118 2101001 7624 1
1459947872616640 124 2207055 7138 118 2101001 7624 1
1459947872618399 139 2207055 7138 132 2101001 7624 1
1459947872620175 134 2207055 7138 126 2101001 7624 1
1459947872622035 135 2207055 7138 127 2101001 7624 1
1459947872624030 138 2207055 7138 132 2101001 7624 1
1459947872626014 135 2207055 7138 127 2101001 7624 1
1459947872628037 135 2207428 6924 129 2101980 7930 0
1459947872629727 133 2207428 6924 126 2101980 7930 1
1459947872631270 129 2207428 6924 120 2101980 7930 1
1459947872633218 140 2207428 6924 131 2101980 7930 1
1459947872635174 138 2207428 6924 129 2101980 7930 1
1459947872637398 147 2207428 6924 141 2101980 7930 1
1459947872639269 139 2207428 6924 131 2101980 7930 1
1459947872641157 137 2207428 6924 128 2101980 7930 1
1459947872642873 132 2207428 6924 123 2101980 7930 1
1459947872644564 133 2207428 6924 125 2101980 7930 1
1459947872646269 135 2207772 6700 129 2102882 8142 0
1459947872647845 131 2207772 6700 123 2102882 8142 1
1459947872649680 138 2207772 6700 130 2102882 8142 1
1459947872651237 133 2207772 6700 125 2102882 8142 1
1459947872652903 135 2208089 6469 128 2102434 7917 0
1459947872654600 133 2208089 6469 124 2102434 7917 1
1459947872656570 142 2208089 6469 135 2102434 7917 1
1459947872658354 134 2208089 6469 126 2102434 7917 1
1459947872660275 139 2208089 6469 131 2102434 7917 1
1459947872662013 130 2208089 6469 124 2102434 7917 1
1459947872663713 133 2208089 6469 124 2102434 7917 1
1459947872665382 132 2208089 6469 127 2102434 7917 1
1459947872667102 137 2208089 6469 129 2102434 7917 1
1459947872668952 131 2208089 6469 124 2102434 7917 1
1459947872670908 136 2208089 6469 128 2102434 7917 1
1459947872672841 138 2208089 6469 132 2102434 7917 1
1459947872674900 145 2208089 6469 138 2102434 7917 1
1459947872677062 141 2208089 6469 132 2102434 7917 1
1459947872678920 134 2208089 6469 127 2102434 7917 1
1459947872680805 132 2208089 6469 121 2102434 7917 1
1459947872682641 137 2208089 6469 129 2102434 7917 1
1459947872684450 135 2208382 6233 128 2102021 7678 0
1459947872686282 136 2208382 6233 129 2102021 7678 1
1459947872687666 122 2208382 6233 116 2102021 7678 1
1459947872689220 127 2208382 6233 119 2102021 7678 1
1459947872690727 125 2208382 6233 117 2102021 7678 1
1459947872692352 135 2208652 5995 129 2102920 7907 0
1459947872694085 141 2208652 5995 133 2102920 7907 1
1459947872695985 141 2208652 5995 136 2102920 7907 1
1459947872697673 136 2208652 5995 128 2102920 7907 1
1459947872699251 133 2208652 5995 126 2102920 7907 1
1459947872700949 132 2208652 5995 123 2102920 7907 1
1459947872702577 129 2208652 5995 122 2102920 7907 1
1459947872704388 135 2208901 5755 128 2102469 7704 0
1459947872706148 138 2208901 5755 130 2102469 7704 1
1459947872707679 132 2208901 5755 125 2102469 7704 1
1459947872709304 135 2208901 5755 127 2102469 7704 1
1459947872711282 137 2208901 5755 130 2102469 7704 1
1459947872712943 133 2208901 5755 127 2102469 7704 1
1459947872714899 139 2208901 5755 132 2102469 7704 1
1459947872716761 136 2208901 5755 126 2102469 7704 1
1459947872718689 139 2208901 5755 132 2102469 7704 1
1459947872720395 138 2208901 5755 130 2102469 7704 1
1459947872722037 132 2205290 8633 128 2102053 7484 0
1459947872723769 131 2205290 8633 123 2102053 7484 1
1459947872725472 129 2205290 8633 122 2102053 7484 1
1459947872727096 130 2205290 8633 123 2102053 7484 1
1459947872728764 132 2205290 8633 125 2102053 7484 1
1459947872730491 137 2205290 8633 128 2102053 7484 1
1459947872732246 141 2205290 8633 132 2102053 7484 1
1459947872734014 138 2205290 8633 130 2102053 7484 1
1459947872735979 138 2205290 8633 129 2102053 7484 1
1459947872737927 138 2205290 8633 128 2102053 7484 1
1459947872739459 118 2205290 8633 113 2102053 7484 1
1459947872740790 96 2205290 8633 92 2102053 7484 1
1459947872742072 94 2205290 8633 88 2102053 7484 1
1459947872743275 105 2205290 8633 99 2102053 7484 1
1459947872744952 138 2205290 8633 130 2102053 7484 1
1459947872746538 137 2205290 8633 128 2102053 7484 1
1459947872748116 133 2205290 8633 125 2102053 7484 1
1459947872749836 136 2205290 8633 129 2102053 7484 1
1459947872751585 136 2205290 8633 124 2102053 7484 1
1459947872753385 138 2205290 8633 128 2102053 7484 1
1459947872755236 135 2205290 8633 127 2102053 7484 1
1459947872757136 134 2204521 8666 128 2101670 7251 0
1459947872758770 129 2204521 8666 123 2101670 7251 1
1459947872760516 131 2204521 8666 123 2101670 7251 1
1459947872762188 132 2204521 8666 122 2101670 7251 1
1459947872763932 137 2204521 8666 131 2101670 7251 1
1459947872765641 133 2204521 8666 124 2101670 7251 1
1459947872767380 133 2204521 8666 126 2101670 7251 1
1459947872769179 137 2204521 8666 129 2101670 7251 1
1459947872770770 129 2204521 8666 121 2101670 7251 1
1459947872772486 138 2204521 8666 131 2101670 7251 1
1459947872774123 136 2204521 8666 128 2101670 7251 1
1459947872776035 139 2204521 8666 128 2101670 7251 1
1459947872777696 132 2204521 8666 124 2101670 7251 1
1459947872779469 134 2204521 8666 127 2101670 7251 1
1459947872781192 135 2204521 8666 126 2101670 7251 1
1459947872783025 138 2204521 8666 130 2101670 7251 1
1459947872784907 138 2204521 8666 131 2101670 7251 1
1459947872786737 136 2204521 8666 129 2101670 7251 1
1459947872788527 134 2204521 8666 127 2101670 7251 1
1459947872790652 143 2204521 8666 134 2101670 7251 1
1459947872792446 139 2204521 8666 131 2101670 7251 1
1459947872794261 137 2204521 8666 128 2101670 7251 1
1459947872795995 134 2204521 8666 124 2101670 7251 1
1459947872797990 135 2205092 8515 128 2101317 7009 0
1459947872799832 140 2205092 8515 129 2101317 7009 1
1459947872801604 133 2205092 8515 126 2101317 7009 1
1459947872803313 132 2205092 8515 126 2101317 7009 1
1459947872805029 137 2205092 8515 129 2101317 7009 1
1459947872806957 139 2205092 8515 131 2101317 7009 1
1459947872808591 137 2205092 8515 131 2101317 7009 1
1459947872810641 143 2205092 8515 134 2101317 7009 1
1459947872812458 138 2205092 8515 129 2101317 7009 1
1459947872814175 133 2205092 8515 126 2101317 7009 1
1459947872815769 128 2205092 8515 119 2101317 7009 1
1459947872817530 135 2205092 8515 126 2101317 7009 1
1459947872819349 137 2205092 8515 128 2101317 7009 1
1459947872820997 136 2205092 8515 126 2101317 7009 1
1459947872822885 137 2205092 8515 130 2101317 7009 1
1459947872824680 135 2205092 8515 127 2101317 7009 1
1459947872826604 140 2205092 8515 131 2101317 7009 1
1459947872828367 134 2205092 8515 127 2101317 7009 1
1459947872830080 139 2205092 8515 130 2101317 7009 1
1459947872831591 133 2205092 8515 124 2101317 7009 1
1459947872833295 135 2205619 8335 128 2100991 6760 0
1459947872835187 139 2205619 8335 129 2100991 6760 1
1459947872836998 135 2206105 8131 129 2101971 7134 0
1459947872838769 135 2206553 7908 129 2102874 7408 0
1459947872840702 139 2206553 7908 130 2102874 7408 1
1459947872842500 136 2206553 7908 128 2102874 7408 1
1459947872844335 134 2205686 8089 128 2102426 7241 0
1459947872846161 138 2205686 8089 129 2102426 7241 1
1459947872847923 134 2205686 8089 125 2102426 7241 1
1459947872849805 139 2205686 8089 131 2102426 7241 1
1459947872851496 138 2205686 8089 131 2102426 7241 1
1459947872853311 136 2205686 8089 127 2102426 7241 1
1459947872855079 137 2205686 8089 127 2102426 7241 1
1459947872857019 138 2205686 8089 131 2102426 7241 1
1459947872858707 131 2205686 8089 125 2102426 7241 1
1459947872860339 136 2205686 8089 129 2102426 7241 1
1459947872862274 139 2205686 8089 131 2102426 7241 1
1459947872863928 136 2205686 8089 127 2102426 7241 1
1459947872865590 134 2204886 8193 129 2103293 7475 0
1459947872867602 142 2204886 8193 134 2103293 7475 1
1459947872869769 146 2204886 8193 138 2103293 7475 1
1459947872871573 137 2204886 8193 129 2103293 7475 1
1459947872873155 129 2204886 8193 121 2103293 7475 1
1459947872875045 135 2205429 8052 128 2102813 7333 0
1459947872876732 135 2205429 8052 125 2102813 7333 1
1459947872878707 137 2205429 8052 129 2102813 7333 1
1459947872880492 136 2205429 8052 127 2102813 7333 1
1459947872882427 140 2205429 8052 133 2102813 7333 1
1459947872884304 138 2205429 8052 130 2102813 7333 1
1459947872886044 134 2205429 8052 125 2102813 7333 1
1459947872887803 136 2205429 8052 124 2102813 7333 1
1459947872889458 136 2205429 8052 128 2102813 7333 1
1459947872891515 140 2205429 8052 132 2102813 7333 1
1459947872893490 139 2205429 8052 130 2102813 7333 1
1459947872895319 140 2205429 8052 133 2102813 7333 1
1459947872897260 141 2205429 8052 132 2102813 7333 1
1459947872898905 132 2205429 8052 125 2102813 7333 1
1459947872900641 136 2205429 8052 127 2102813 7333 1
1459947872902435 138 2205429 8052 131 2102813 7333 1
1459947872904230 138 2205429 8052 130 2102813 7333 1
1459947872906131 138 2205429 8052 129 2102813 7333 1
1459947872908022 140 2205429 8052 133 2102813 7333 1
1459947872909608 136 2205429 8052 127 2102813 7333 1
1459947872911347 135 2205429 8052 127 2102813 7333 1
1459947872913196 142 2205429 8052 135 2102813 7333 1
1459947872915215 140 2205429 8052 131 2102813 7333 1
1459947872917291 140 2205429 8052 133 2102813 7333 1
1459947872919011 136 2205429 8052 128 2102813 7333 1
1459947872920571 129 2205429 8052 123 2102813 7333 1
1459947872922459 135 2205929 7883 130 2104930 8712 0
1459947872924423 139 2205929 7883 131 2104930 8712 1
1459947872926211 138 2205929 7883 132 2104930 8712 1
1459947872928196 140 2205929 7883 131 2104930 8712 1
1459947872930039 138 2205929 7883 131 2104930 8712 1
1459947872932010 137 2205929 7883 126 2104930 8712 1
1459947872933798 133 2203830 9201 128 2104322 8591 0
1459947872935585 133 2203830 9201 124 2104322 8591 1
1459947872937238 130 2203830 9201 119 2104322 8591 1
1459947872938879 132 2203830 9201 123 2104322 8591 1
1459947872940563 133 2203830 9201 125 2104322 8591 1
1459947872942413 135 2203830 9201 126 2104322 8591 1
1459947872944244 137 2203830 9201 130 2104322 8591 1
1459947872946032 139 2203830 9201 132 2104322 8591 1
1459947872947732 133 2203830 9201 125 2104322 8591 1
1459947872949498 136 2203830 9201 128 2104322 8591 1
1459947872951020 132 2203830 9201 123 2104322 8591 1
1459947872952691 131 2203830 9201 126 2104322 8591 1
1459947872954515 136 2203830 9201 130 2104322 8591 1
1459947872956297 138 2203830 9201 130 2104322 8591 1
1459947872958226 136 2203830 9201 130 2104322 8591 1
1459947872959820 133 2203830 9201 125 2104322 8591 1
1459947872961612 136 2203830 9201 128 2104322 8591 1
1459947872963331 136 2203830 9201 129 2104322 8591 1
1459947872965023 131 2203830 9201 124 2104322 8591 1
1459947872966647 133 2203830 9201 126 2104322 8591 1
1459947872968588 136 2203830 9201 128 2104322 8591 1
1459947872970663 139 2203830 9201 131 2104322 8591 1
1459947872972722 139 2203830 9201 131 2104322 8591 1
1459947872974770 139 2203830 9201 130 2104322 8591 1
1459947872976792 139 2203830 9201 132 2104322 8591 1
1459947872978246 127 2203830 9201 121 2104322 8591 1
1459947872979870 131 2203830 9201 126 2104322 8591 1
1459947872981416 124 2203830 9201 117 2104322 8591 1
1459947872983103 131 2203830 9201 124 2104322 8591 1
1459947872984931 138 2203830 9201 129 2104322 8591 1
1459947872986643 136 2203830 9201 126 2104322 8591 1
1459947872988191 133 2203830 9201 125 2104322 8591 1
1459947872990058 138 2203830 9201 130 2104322 8591 1
1459947872991915 138 2203830 9201 129 2104322 8591 1
1459947872993840 136 2203830 9201 127 2104322 8591 1
1459947872995469 130 2203830 9201 122 2104322 8591 1
1459947872996907 126 2203830 9201 119 2104322 8591 1
1459947872998519 130 2203830 9201 121 2104322 8591 1
1459947873000334 139 2203830 9201 128 2104322 8591 1
1459947873002174 135 2204455 9058 129 2105041 8582 0
1459947873004279 144 2204455 9058 137 2105041 8582 1
1459947873005982 130 2204455 9058 124 2105041 8582 1
1459947873007739 135 2204455 9058 126 2105041 8582 1
1459947873009562 133 2204455 9058 126 2105041 8582 1
1459947873011008 129 2204455 9058 121 2105041 8582 1
1459947873012686 135 2204455 9058 127 2105041 8582 1
1459947873014663 139 2204455 9058 132 2105041 8582 1
1459947873016252 132 2204455 9058 125 2105041 8582 1
1459947873018086 134 2203751 8998 128 2104424 8479 0
1459947873020084 140 2203751 8998 130 2104424 8479 1
1459947873022175 141 2203751 8998 132 2104424 8479 1
1459947873023987 140 2203751 8998 131 2104424 8479 1
1459947873026121 140 2203751 8998 133 2104424 8479 1
1459947873027914 137 2203751 8998 129 2104424 8479 1
1459947873029699 135 2204382 8877 128 2103855 8339 0
1459947873031382 133 2204382 8877 126 2103855 8339 1
1459947873033232 136 2204382 8877 129 2103855 8339 1
1459947873034995 134 2204382 8877 127 2103855 8339 1
1459947873036880 135 2204382 8877 127 2103855 8339 1
1459947873038456 132 2204382 8877 122 2103855 8339 1
1459947873040187 135 2204964 8720 128 2103331 8169 0
1459947873042024 138 2204964 8720 131 2103331 8169 1
1459947873043852 136 2204964 8720 130 2103331 8169 1
1459947873045772 139 2204964 8720 132 2103331 8169 1
1459947873047420 134 2204964 8720 127 2103331 8169 1
1459947873049121 135 2204964 8720 127 2103331 8169 1
1459947873050754 133 2204964 8720 125 2103331 8169 1
1459947873052345 132 2204964 8720 124 2103331 8169 1
1459947873054044 134 2204964 8720 127 2103331 8169 1
1459947873055838 133 2204964 8720 125 2103331 8169 1
1459947873057617 135 2205501 8533 129 2104128 8265 0
1459947873059535 140 2205501 8533 131 2104128 8265 1
1459947873061506 140 2205501 8533 130 2104128 8265 1
1459947873063199 133 2205501 8533 126 2104128 8265 1
1459947873064912 136 2205501 8533 128 2104128 8265 1
1459947873066714 135 2205501 8533 126 2104128 8265 1
1459947873068688 137 2205501 8533 128 2104128 8265 1
1459947873070593 138 2205501 8533 130 2104128 8265 1
1459947873072370 135 2205996 8322 128 2103583 8121 0
1459947873074139 133 2205996 8322 127 2103583 8121 1
1459947873075820 135 2205996 8322 127 2103583 8121 1
1459947873077581 133 2205996 8322 126 2103583 8121 1
1459947873079425 138 2205996 8322 131 2103583 8121 1
1459947873081257 137 2205996 8322 130 2103583 8121 1
1459947873082971 132 2205996 8322 124 2103583 8121 1
1459947873084596 132 2205996 8322 125 2103583 8121 1
1459947873086504 137 2205996 8322 129 2103583 8121 1
1459947873088469 136 2205996 8322 130 2103583 8121 1
1459947873090415 137 2205996 8322 128 2103583 8121 1
1459947873092231 135 2205996 8322 125 2103583 8121 1
1459947873093603 127 2205996 8322 119 2103583 8121 1
1459947873095448 134 2205996 8322 127 2103583 8121 1
1459947873097331 137 2205996 8322 129 2103583 8121 1
1459947873099301 141 2205996 8322 134 2103583 8121 1
1459947873101279 140 2205996 8322 133 2103583 8121 1
1459947873103167 138 2205996 8322 131 2103583 8121 1
1459947873104875 134 2205996 8322 126 2103583 8121 1
1459947873106761 138 2205996 8322 129 2103583 8121 1
1459947873108569 139 2205996 8322 130 2103583 8121 1
1459947873110455 137 2205996 8322 130 2103583 8121 1
1459947873112322 137 2205996 8322 129 2103583 8121 1
1459947873113996 133 2205996 8322 126 2103583 8121 1
1459947873115724 134 2205996 8322 127 2103583 8121 1
1459947873117504 136 2205996 8322 129 2103583 8121 1
1459947873119442 144 2205996 8322 136 2103583 8121 1
1459947873121294 136 2205996 8322 130 2103583 8121 1
1459947873123120 136 2205996 8322 128 2103583 8121 1
1459947873124712 132 2205996 8322 124 2103583 8121 1
1459947873126382 136 2205996 8322 127 2103583 8121 1
1459947873128295 138 2205996 8322 131 2103583 8121 1
1459947873130097 134 2205996 8322 127 2103583 8121 1
1459947873131802 135 2205996 8322 127 2103583 8121 1
1459947873133664 138 2205996 8322 130 2103583 8121 1
1459947873135528 139 2205996 8322 131 2103583 8121 1
1459947873137582 143 2205996 8322 135 2103583 8121 1
1459947873139370 141 2205996 8322 133 2103583 8121 1
1459947873141070 136 2205996 8322 130 2103583 8121 1
1459947873142802 134 2205172 8430 128 2103080 7949 0
1459947873144661 137 2205172 8430 130 2103080 7949 1
1459947873146126 129 2205172 8430 123 2103080 7949 1
1459947873147925 137 2205172 8430 131 2103080 7949 1
1459947873149679 138 2205172 8430 132 2103080 7949 1
1459947873151224 125 2205172 8430 120 2103080 7949 1
1459947873152801 130 2205172 8430 124 2103080 7949 1
1459947873154586 137 2205172 8430 130 2103080 7949 1
1459947873156551 140 2205172 8430 133 2103080 7949 1
1459947873158299 134 2205172 8430 126 2103080 7949 1
1459947873160332 141 2205172 8430 133 2103080 7949 1
1459947873162222 137 2205172 8430 128 2103080 7949 1
1459947873164104 138 2205172 8430 131 2103080 7949 1
1459947873166100 141 2205172 8430 132 2103080 7949 1
1459947873167929 139 2205172 8430 131 2103080 7949 1
1459947873169702 133 2205172 8430 125 2103080 7949 1
1459947873171462 136 2205172 8430 124 2103080 7949 1
1459947873173220 133 2205172 8430 125 2103080 7949 1
1459947873175174 139 2205172 8430 130 2103080 7949 1
1459947873177347 143 2205172 8430 137 2103080 7949 1
1459947873179369 139 2205172 8430 132 2103080 7949 1
1459947873181223 136 2205172 8430 129 2103080 7949 1
1459947873182860 134 2205172 8430 127 2103080 7949 1
1459947873184649 135 2205692 8251 128 2102616 7753 0
1459947873186454 134 2204892 8343 129 2103469 7933 0
1459947873188336 136 2204892 8343 130 2103469 7933 1
1459947873189886 131 2204892 8343 121 2103469 7933 1
1459947873191677 138 2204892 8343 131 2103469 7933 1
1459947873193407 138 2204892 8343 131 2103469 7933 1
1459947873195176 137 2204892 8343 132 2103469 7933 1
1459947873197088 142 2204892 8343 131 2103469 7933 1
1459947873198874 134 2204892 8343 127 2103469 7933 1
1459947873200679 137 2204892 8343 129 2103469 7933 1
1459947873202476 137 2204892 8343 129 2103469 7933 1
1459947873204094 131 2204892 8343 126 2103469 7933 1
1459947873205943 133 2204892 8343 127 2103469 7933 1
1459947873207680 134 2204154 8370 128 2102975 7767 0
1459947873209297 127 2204154 8370 121 2102975 7767 1
1459947873210805 133 2204154 8370 125 2102975 7767 1
1459947873212659 138 2204154 8370 132 2102975 7767 1
1459947873214492 138 2204154 8370 130 2102975 7767 1
1459947873216386 139 2204154 8370 130 2102975 7767 1
1459947873218168 136 2204154 8370 130 2102975 7767 1
1459947873219966 137 2204154 8370 128 2102975 7767 1
1459947873221729 135 2204754 8269 131 2106360 10280 0
1459947873223645 139 2204754 8269 132 2106360 10280 1
1459947873225506 135 2205307 8132 129 2106920 9992 0
1459947873227293 137 2205307 8132 128 2106920 9992 1
1459947873229218 138 2205307 8132 128 2106920 9992 1
1459947873231147 135 2205817 7966 128 2106156 9914 0
1459947873232869 131 2205817 7966 123 2106156 9914 1
1459947873234968 140 2205817 7966 132 2106156 9914 1
1459947873237109 142 2205817 7966 134 2106156 9914 1
1459947873239056 135 2206287 7776 128 2105452 9787 0
1459947873240510 132 2206287 7776 126 2105452 9787 1
1459947873241974 129 2206287 7776 121 2105452 9787 1
1459947873243638 136 2206287 7776 129 2105452 9787 1
1459947873245305 135 2206287 7776 126 2105452 9787 1
1459947873247188 136 2206287 7776 128 2105452 9787 1
1459947873248880 135 2206720 7568 128 2104803 9619 0
1459947873250804 136 2206720 7568 129 2104803 9619 1
1459947873252753 143 2206720 7568 137 2104803 9619 1
1459947873254465 139 2206720 7568 132 2104803 9619 1
1459947873256408 141 2206720 7568 133 2104803 9619 1
1459947873258313 135 2207120 7344 129 2105485 9495 0
1459947873260139 137 2207120 7344 131 2105485 9495 1
1459947873261903 132 2207120 7344 126 2105485 9495 1
1459947873263840 141 2207120 7344 133 2105485 9495 1
1459947873265762 136 2207120 7344 128 2105485 9495 1
1459947873267471 134 2207120 7344 126 2105485 9495 1
1459947873269090 133 2207120 7344 124 2105485 9495 1
1459947873270857 137 2207120 7344 130 2105485 9495 1
1459947873272630 139 2207120 7344 132 2105485 9495 1
1459947873274489 138 2207120 7344 131 2105485 9495 1
1459947873276250 137 2207120 7344 128 2105485 9495 1
1459947873278131 137 2207120 7344 127 2105485 9495 1
1459947873279990 139 2207120 7344 130 2105485 9495 1
1459947873281673 128 2207120 7344 123 2105485 9495 1
1459947873283477 137 2207120 7344 131 2105485 9495 1
1459947873285266 136 2207120 7344 129 2105485 9495 1
1459947873287299 142 2207120 7344 132 2105485 9495 1
1459947873288941 132 2207120 7344 124 2105485 9495 1
1459947873290658 139 2207120 7344 129 2105485 9495 1
1459947873292366 137 2207120 7344 130 2105485 9495 1
1459947873294319 137 2207120 7344 128 2105485 9495 1
1459947873296123 132 2207120 7344 126 2105485 9495 1
1459947873297959 133 2207120 7344 127 2105485 9495 1
1459947873299526 133 2207120 7344 124 2105485 9495 1
1459947873301345 137 2207120 7344 131 2105485 9495 1
1459947873303132 136 2207120 7344 129 2105485 9495 1
1459947873304852 129 2207120 7344 122 2105485 9495 1
1459947873306433 132 2207120 7344 126 2105485 9495 1
1459947873308037 129 2207120 7344 123 2105485 9495 1
1459947873309845 137 2207120 7344 130 2105485 9495 1
1459947873311325 133 2207120 7344 125 2105485 9495 1
1459947873313210 142 2207120 7344 134 2105485 9495 1
1459947873315111 138 2207120 7344 133 2105485 9495 1
1459947873317093 139 2207120 7344 132 2105485 9495 1
1459947873318907 137 2207120 7344 129 2105485 9495 1
1459947873320657 134 2207120 7344 127 2105485 9495 1
1459947873322348 128 2207120 7344 122 2105485 9495 1
1459947873324264 133 2207120 7344 126 2105485 9495 1
1459947873325719 126 2207120 7344 119 2105485 9495 1
1459947873327359 132 2207120 7344 126 2105485 9495 1
1459947873329027 134 2207120 7344 125 2105485 9495 1
1459947873330996 139 2207120 7344 131 2105485 9495 1
1459947873333049 142 2207120 7344 134 2105485 9495 1
1459947873334888 129 2207120 7344 123 2105485 9495 1
1459947873336681 133 2207120 7344 126 2105485 9495 1
1459947873338346 135 2207488 7110 128 2104833 9353 0
1459947873340264 139 2207488 7110 131 2104833 9353 1
1459947873342316 141 2207488 7110 132 2104833 9353 1
1459947873344117 136 2207488 7110 129 2104833 9353 1
1459947873345971 133 2207488 7110 125 2104833 9353 1
1459947873347551 129 2207488 7110 123 2104833 9353 1
1459947873349029 125 2207488 7110 120 2104833 9353 1
1459947873350986 139 2207488 7110 131 2104833 9353 1
1459947873352764 134 2207488 7110 126 2104833 9353 1
1459947873354650 135 2207488 7110 127 2104833 9353 1
1459947873356313 135 2207488 7110 124 2104833 9353 1
1459947873357912 129 2207488 7110 122 2104833 9353 1
1459947873359594 133 2207488 7110 124 2104833 9353 1
1459947873361314 131 2207488 7110 123 2104833 9353 1
1459947873363035 129 2207488 7110 122 2104833 9353 1
1459947873365016 134 2206548 7420 128 2104232 9175 0
1459947873366645 135 2206548 7420 127 2104232 9175 1
1459947873368592 135 2206961 7221 129 2104958 9128 0
1459947873370473 140 2206961 7221 132 2104958 9128 1
1459947873372303 137 2206961 7221 131 2104958 9128 1
1459947873373965 133 2206961 7221 127 2104958 9128 1
1459947873375826 138 2206961 7221 130 2104958 9128 1
1459947873377641 135 2207342 7007 128 2104348 8976 0
1459947873379602 139 2207342 7007 131 2104348 8976 1
1459947873381594 137 2207342 7007 129 2104348 8976 1
1459947873383438 137 2207342 7007 130 2104348 8976 1
1459947873385022 128 2207342 7007 123 2104348 8976 1
1459947873386838 136 2207342 7007 128 2104348 8976 1
1459947873388690 135 2207693 6782 128 2103785 8792 0
1459947873390547 140 2207693 6782 132 2103785 8792 1
1459947873392482 140 2207693 6782 132 2103785 8792 1
1459947873394404 139 2207693 6782 131 2103785 8792 1
1459947873396329 137 2207693 6782 130 2103785 8792 1
1459947873398160 136 2207693 6782 130 2103785 8792 1
1459947873399704 128 2207693 6782 122 2103785 8792 1
1459947873401457 133 2207693 6782 126 2103785 8792 1
1459947873402968 131 2207693 6782 123 2103785 8792 1
1459947873404622 132 2207693 6782 125 2103785 8792 1
1459947873406426 137 2207693 6782 129 2103785 8792 1
1459947873408323 139 2207693 6782 133 2103785 8792 1
1459947873410255 141 2207693 6782 134 2103785 8792 1
1459947873411844 133 2207693 6782 127 2103785 8792 1
1459947873413555 136 2207693 6782 128 2103785 8792 1
1459947873415337 138 2207693 6782 129 2103785 8792 1
1459947873417205 136 2207693 6782 127 2103785 8792 1
1459947873418913 136 2207693 6782 128 2103785 8792 1
1459947873420695 136 2207693 6782 128 2103785 8792 1
1459947873422616 138 2207693 6782 131 2103785 8792 1
1459947873424539 136 2207693 6782 129 2103785 8792 1
1459947873426446 137 2207693 6782 129 2103785 8792 1
1459947873428373 139 2207693 6782 130 2103785 8792 1
1459947873430135 136 2207693 6782 128 2103785 8792 1
1459947873431900 135 2207693 6782 126 2103785 8792 1
1459947873433615 134 2207693 6782 127 2103785 8792 1
1459947873435380 133 2207693 6782 127 2103785 8792 1
1459947873437093 131 2207693 6782 125 2103785 8792 1
1459947873438670 130 2207693 6782 124 2103785 8792 1
1459947873440388 135 2207693 6782 127 2103785 8792 1
1459947873442366 136 2207693 6782 130 2103785 8792 1
1459947873443914 126 2207693 6782 120 2103785 8792 1
1459947873445779 130 2207693 6782 124 2103785 8792 1
1459947873447702 138 2207693 6782 132 2103785 8792 1
1459947873449288 132 2207693 6782 126 2103785 8792 1
1459947873451173 135 2207693 6782 127 2103785 8792 1
1459947873452979 137 2207693 6782 129 2103785 8792 1
1459947873454760 128 2207693 6782 121 2103785 8792 1
1459947873456329 131 2207693 6782 125 2103785 8792 1
1459947873458219 133 2207693 6782 125 2103785 8792 1
1459947873460044 137 2207693 6782 131 2103785 8792 1
1459947873461692 133 2207693 6782 126 2103785 8792 1
1459947873463484 136 2207693 6782 129 2103785 8792 1
1459947873465099 130 2207693 6782 121 2103785 8792 1
1459947873466591 133 2207693 6782 126 2103785 8792 1
1459947873468455 137 2207693 6782 127 2103785 8792 1
1459947873469923 126 2207693 6782 119 2103785 8792 1
1459947873471293 122 2207693 6782 114 2103785 8792 1
1459947873472688 121 2207693 6782 115 2103785 8792 1
1459947873474207 126 2207693 6782 120 2103785 8792 1
1459947873476155 136 2207693 6782 130 2103785 8792 1
1459947873478068 134 2207693 6782 126 2103785 8792 1
1459947873479803 134 2206736 7133 128 2103266 8582 0
1459947873481433 129 2206736 7133 121 2103266 8582 1
1459947873482899 129 2206736 7133 121 2103266 8582 1
1459947873484388 132 2206736 7133 123 2103266 8582 1
1459947873486398 139 2206736 7133 128 2103266 8582 1
1459947873488331 137 2206736 7133 131 2103266 8582 1
1459947873490188 138 2206736 7133 131 2103266 8582 1
1459947873492078 137 2206736 7133 128 2103266 8582 1
1459947873493823 134 2206736 7133 126 2103266 8582 1
1459947873495707 137 2206736 7133 129 2103266 8582 1
1459947873497547 134 2206736 7133 127 2103266 8582 1
1459947873499421 137 2206736 7133 130 2103266 8582 1
1459947873501181 133 2206736 7133 126 2103266 8582 1
1459947873503050 137 2206736 7133 130 2103266 8582 1
1459947873504998 138 2206736 7133 130 2103266 8582 1
1459947873506858 141 2206736 7133 131 2103266 8582 1
1459947873508707 138 2206736 7133 131 2103266 8582 1
1459947873510076 127 2206736 7133 121 2103266 8582 1
1459947873511629 129 2206736 7133 124 2103266 8582 1
1459947873513236 131 2206736 7133 123 2103266 8582 1
1459947873514833 126 2206736 7133 119 2103266 8582 1
1459947873516791 138 2206736 7133 131 2103266 8582 1
1459947873518828 139 2206736 7133 133 2103266 8582 1
1459947873520370 129 2206736 7133 125 2103266 8582 1
1459947873521896 125 2206736 7133 118 2103266 8582 1
1459947873523502 128 2206736 7133 122 2103266 8582 1
1459947873525354 140 2206736 7133 134 2103266 8582 1
1459947873527134 135 2206736 7133 127 2103266 8582 1
1459947873528822 132 2206736 7133 124 2103266 8582 1
1459947873530494 133 2206736 7133 125 2103266 8582 1
1459947873532121 135 2206736 7133 127 2103266 8582 1
1459947873533716 135 2206736 7133 127 2103266 8582 1
1459947873535477 133 2206736 7133 127 2103266 8582 1
1459947873537549 139 2206736 7133 132 2103266 8582 1
1459947873539129 126 2206736 7133 120 2103266 8582 1
1459947873540573 129 2206736 7133 122 2103266 8582 1
1459947873542068 131 2206736 7133 124 2103266 8582 1
1459947873543968 137 2206736 7133 129 2103266 8582 1
1459947873545908 145 2206736 7133 135 2103266 8582 1
1459947873547812 137 2206736 7133 129 2103266 8582 1
1459947873549241 129 2206736 7133 122 2103266 8582 1
1459947873550867 133 2206736 7133 126 2103266 8582 1
1459947873552671 137 2206736 7133 130 2103266 8582 1
1459947873554469 135 2207134 6942 128 2102788 8351 0
1459947873556227 135 2207501 6737 128 2102347 8103 0
1459947873557900 131 2207501 6737 124 2102347 8103 1
1459947873559570 129 2207501 6737 124 2102347 8103 1
1459947873561404 133 2205279 8257 128 2101941 7843 0
1459947873563293 137 2205279 8257 129 2101941 7843 1
1459947873565255 140 2205279 8257 132 2101941 7843 1
1459947873566840 128 2205279 8257 123 2101941 7843 1
1459947873568599 131 2205279 8257 125 2101941 7843 1
1459947873570218 131 2205279 8257 125 2101941 7843 1
1459947873571876 133 2205279 8257 125 2101941 7843 1
1459947873573579 135 2205279 8257 127 2101941 7843 1
1459947873575485 135 2205791 8083 129 2102846 8065 0
1459947873577762 139 2205791 8083 132 2102846 8065 1
1459947873579721 136 2205791 8083 128 2102846 8065 1
1459947873581613 137 2205791 8083 129 2102846 8065 1
1459947873583438 139 2205791 8083 133 2102846 8065 1
1459947873585173 134 2205791 8083 127 2102846 8065 1
1459947873586873 132 2205791 8083 125 2102846 8065 1
1459947873588423 129 2205791 8083 121 2102846 8065 1
1459947873590022 129 2205791 8083 122 2102846 8065 1
1459947873591924 138 2205791 8083 132 2102846 8065 1
1459947873593804 139 2205791 8083 131 2102846 8065 1
1459947873595457 133 2205791 8083 127 2102846 8065 1
1459947873597338 132 2205791 8083 127 2102846 8065 1
1459947873599033 132 2205791 8083 124 2102846 8065 1
1459947873600904 134 2204983 8195 128 2102401 7844 0
1459947873602305 129 2204983 8195 123 2102401 7844 1
1459947873603992 134 2204238 8240 128 2101990 7608 0
1459947873605686 130 2204238 8240 122 2101990 7608 1
1459947873607324 134 2203551 8228 128 2101612 7361 0
1459947873609332 135 2204198 8182 129 2102543 7643 0
1459947873611147 139 2204198 8182 132 2102543 7643 1
1459947873612723 133 2204198 8182 127 2102543 7643 1
1459947873614487 135 2204795 8092 129 2103401 7836 0
1459947873616276 135 2204795 8092 126 2103401 7836 1
1459947873618019 134 2204065 8131 128 2102912 7673 0
1459947873619703 135 2204672 8055 129 2103742 7838 0
1459947873621572 136 2204672 8055 130 2103742 7838 1
1459947873623161 131 2204672 8055 123 2103742 7838 1
1459947873624852 136 2204672 8055 129 2103742 7838 1
1459947873626615 136 2204672 8055 129 2103742 7838 1
1459947873628091 129 2204672 8055 122 2103742 7838 1
1459947873630039 135 2205232 7941 129 2104507 7930 0
1459947873631808 137 2205232 7941 131 2104507 7930 1
1459947873633464 131 2205232 7941 126 2104507 7930 1
1459947873635205 133 2203188 9204 128 2103932 7839 0
1459947873637071 135 2203863 9107 130 2105962 9097 0
1459947873638767 133 2203863 9107 127 2105962 9097 1
1459947873640365 134 2203206 9000 128 2105273 9020 0
1459947873642200 135 2203880 8917 131 2108478 11270 0
1459947873644258 141 2203880 8917 135 2108478 11270 1
1459947873646091 137 2203880 8917 131 2108478 11270 1
1459947873648162 137 2203880 8917 131 2108478 11270 1
1459947873650087 137 2203880 8917 129 2108478 11270 1
1459947873651979 137 2203880 8917 130 2108478 11270 1
1459947873653701 137 2203880 8917 129 2108478 11270 1
1459947873655431 132 2203880 8917 127 2108478 11270 1
1459947873656979 131 2203880 8917 126 2108478 11270 1
1459947873658698 132 2203880 8917 126 2108478 11270 1
1459947873660684 139 2203880 8917 134 2108478 11270 1
1459947873662549 141 2203880 8917 134 2108478 11270 1
1459947873664248 135 2204501 8793 129 2108873 10753 0
1459947873665981 132 2201234 11117 128 2107957 10756 0
1459947873668004 138 2201234 11117 132 2107957 10756 1
1459947873669783 134 2200782 10664 128 2107112 10693 0
1459947873671474 134 2200365 10213 129 2107613 10319 0
1459947873673233 135 2201261 10241 130 2109355 11118 0
1459947873675125 136 2201261 10241 129 2109355 11118 1
