1459947871376344 133 2179072 0 132 2162688 0 0
1459947871378266 133 2179072 0 131 2161408 1180 0
1459947871380294 137 2184192 4720 134 2164068 3539 0
1459947871382352 138 2190192 9882 134 2166520 5522 0
1459947871384172 132 2188043 11089 127 2159820 11265 0
1459947871386051 130 2183502 14408 127 2153644 16077 0
1459947871387992 132 2181875 14780 129 2150510 17708 0
1459947871390001 136 2185496 16963 134 2154021 19561 0
1459947871391982 138 2191394 21074 136 2159818 23376 0
1459947871393558 123 2177631 32114 123 2148522 31962 0
1459947871395245 127 2170063 36581 125 2140668 36703 0
1459947871396780 125 2160526 42514 123 2130868 42869 0
1459947871398420 128 2155574 43756 126 2125673 44307 0
1459947871400355 133 2157409 42029 130 2126004 41150 0
1459947871402320 132 2157821 39125 131 2127589 39397 0
1459947871404166 131 2156921 36897 129 2126491 37331 0
1459947871405887 124 2147131 43038 121 2115238 44786 0
1459947871407975 136 2153466 45515 133 2120225 45884 0
1459947871409901 132 2154186 42623 130 2120982 42997 0
1459947871411812 137 2161250 45805 131 2122960 41460 0
1459947871413551 135 2165202 45869 131 2124783 39901 0
1459947871415172 129 2161165 46006 125 2118784 42313 0
1459947871417012 131 2160003 43481 128 2117094 40564 0
1459947871418876 133 2161492 41457 131 2119376 39497 0
1459947871421156 146 2179505 54824 141 2134279 50150 0
1459947871423138 135 2182031 52868 134 2139058 50638 0
1459947871425176 136 2185639 52063 134 2143464 50742 0
1459947871427157 135 2187685 49882 131 2143685 46981 0
1459947871428607 108 2155012 76104 106 2111889 72621 0
1459947871430296 134 2158171 73070 131 2114577 69425 0
1459947871431910 129 2154683 70575 124 2108095 69975 0
1459947871433688 133 2156588 66817 129 2108520 64899 0
1459947871435711 136 2162184 66755 134 2115311 66089 0
1459947871437517 134 2164783 63935 131 2117732 63157 0
1459947871439396 140 2174859 68229 137 2127644 67359 0
1459947871441128 132 2173908 63774 128 2125261 64292 0
1459947871442747 127 2166631 65499 124 2117944 66013 0
1459947871444403 130 2163762 63024 129 2117599 61172 0
1459947871446366 134 2166238 60382 132 2121121 59639 0
1459947871448603 137 2172360 61308 133 2125648 59152 0
1459947871450471 131 2170324 58394 129 2124701 55402 0
1459947871452274 132 2169727 54380 130 2125108 51448 0
1459947871454055 129 2165337 54177 131 2126763 48954 0
1459947871455666 129 2161290 53674 127 2123169 48441 0
1459947871457601 137 2167799 55480 134 2128816 49862 0
1459947871459276 133 2168679 51956 132 2131462 48405 0
1459947871460760 128 2163090 53047 124 2123661 51814 0
1459947871462294 126 2155378 56010 121 2112629 57935 0
1459947871463956 130 2153389 53467 129 2112699 53473 0
1459947871465542 129 2150275 52159 126 2108924 52774 0
1459947871467393 133 2152524 50158 128 2108004 49498 0
1459947871469327 138 2160998 54051 136 2117396 54288 0
1459947871471359 137 2167530 55849 134 2123494 55668 0
1459947871473221 134 2169711 53496 132 2126556 54140 0
1459947871475108 134 2171722 51170 129 2125538 50847 0
1459947871477014 132 2171016 47822 129 2124600 47738 0
1459947871479016 134 2172925 45845 132 2127575 46751 0
1459947871480965 130 2169565 45360 128 2125198 45289 0
1459947871482946 135 2172867 44860 133 2129406 45630 0
1459947871484796 132 2172071 42088 130 2129446 42102 0
1459947871486678 131 2170057 40654 128 2126923 41137 0
1459947871488558 135 2173321 40486 135 2133557 44038 0
1459947871490304 132 2172490 38088 131 2134552 41515 0
1459947871492114 134 2174284 36766 133 2138030 41477 0
1459947871494041 135 2177218 36597 131 2138676 38831 0
1459947871496059 138 2183762 39770 136 2145671 42246 0
1459947871497684 129 2178275 41719 126 2139320 44799 0
1459947871499419 134 2179617 39696 131 2139865 41802 0
1459947871501129 128 2173174 42533 125 2132688 45152 0
1459947871502906 133 2173634 39634 130 2132471 41823 0
1459947871504786 133 2174058 36928 131 2133551 39551 0
1459947871506673 133 2174449 34404 129 2131987 37902 0
1459947871508509 131 2172250 33743 131 2133105 35971 0
1459947871510373 133 2172782 31597 131 2134136 34110 0
1459947871512490 137 2178393 34301 134 2138926 35861 0
1459947871514474 132 2177166 32752 125 2131822 39607 0
1459947871516407 131 2174754 32415 131 2132953 37555 0
1459947871518486 133 2175091 30193 131 2133996 35582 0
1459947871520335 132 2174122 28727 127 2129837 36635 0
1459947871522218 133 2174508 26838 130 2129843 33778 0
1459947871524164 135 2177424 27429 131 2131129 32324 0
1459947871525834 125 2167312 34607 125 2124634 35785 0
1459947871527474 132 2166950 32235 130 2125046 33369 0
1459947871529214 131 2165337 31202 128 2122866 32770 0
1459947871531110 132 2165130 28954 130 2123417 30717 0
1459947871532923 132 2164939 26866 130 2123925 28785 0
1459947871534812 139 2173723 32864 135 2130793 32867 0
1459947871536964 140 2183100 38941 137 2139684 38496 0
1459947871538638 128 2176385 42088 126 2133801 40911 0
1459947871540506 130 2172754 42145 131 2134777 38614 0
1459947871542473 134 2174527 40487 131 2135677 36427 0
1459947871544493 135 2177442 40010 133 2139067 36706 0
1459947871546624 137 2182689 41721 134 2143472 37899 0
1459947871548415 129 2177286 43441 125 2136013 41814 0
1459947871550326 133 2177425 40175 132 2138096 40468 0
1459947871552352 135 2180113 39514 134 2142577 41437 0
1459947871554374 138 2186431 42251 135 2147988 43187 0
1459947871556502 137 2190976 43140 134 2151696 43231 0
1459947871558641 137 2195166 43631 134 2155114 43004 0
1459947871560418 128 2187508 47281 125 2146745 47358 0
1459947871562225 129 2181728 48914 125 2139030 50769 0
1459947871564032 130 2177680 48823 127 2134478 50998 0
1459947871565701 127 2170108 51987 125 2127721 53241 0
1459947871567790 134 2172088 49750 133 2131732 52779 0
1459947871569951 135 2175193 48726 134 2136710 53244 0
1459947871571534 128 2169096 50539 126 2131059 54292 0
1459947871573194 129 2164755 50591 127 2127130 53672 0
1459947871574827 124 2154353 56226 123 2118387 57536 0
1459947871576351 127 2148604 57132 121 2107768 62830 0
1459947871578084 130 2147144 54013 124 2101818 63405 0
1459947871580138 135 2152198 54452 132 2106573 62834 0
1459947871582251 134 2155577 53312 129 2107116 58426 0
1459947871584357 137 2162532 55559 135 2115297 61403 0
1459947871586302 134 2165104 53589 131 2117719 58838 0
1459947871588309 136 2170035 53948 133 2122512 58659 0
1459947871590236 135 2173301 52743 132 2125650 56969 0
1459947871592171 138 2180151 54937 136 2133663 59905 0
1459947871594157 138 2186466 56467 137 2142330 63214 0
1459947871596154 135 2188448 53882 134 2146480 62101 0
1459947871598138 133 2187715 50347 129 2143906 59621 0
1459947871599938 131 2184479 49395 130 2142813 55970 0
1459947871601948 135 2186616 47506 131 2143085 51848 0
1459947871603961 132 2184746 45517 129 2140776 49925 0
1459947871605727 129 2179182 47088 126 2134807 51525 0
1459947871607653 132 2177893 44596 130 2134425 47850 0
1459947871609326 130 2174145 44566 127 2130233 47975 0
1459947871611300 138 2180929 47338 133 2134048 47743 0
1459947871613082 131 2178223 46132 131 2135005 44895 0
1459947871615088 134 2179569 43768 133 2138447 44560 0
1459947871617048 135 2182090 42672 134 2142900 45183 0
1459947871618984 137 2186974 43840 135 2148285 46618 0
1459947871620653 124 2186974 43840 121 2148285 46618 1
1459947871622530 131 2183796 43344 127 2143010 47837 0
1459947871624323 133 2183426 40297 131 2143267 44336 0
1459947871626447 139 2190765 43914 137 2151184 48170 0
1459947871628508 137 2194971 44360 135 2155922 48774 0
1459947871630267 129 2188608 46759 125 2147490 52735 0
1459947871632100 134 2189143 43598 131 2147397 48700 0
1459947871634111 135 2190916 41825 133 2149871 47176 0
1459947871636151 132 2188710 40589 131 2149592 43746 0
1459947871638178 137 2193077 41442 135 2154455 44811 0
1459947871639891 132 2190702 40392 129 2151258 44257 0
1459947871641526 130 2185953 41613 128 2147030 44695 0
1459947871643014 126 2185953 41613 123 2147030 44695 1
1459947871644540 129 2180295 43576 127 2141853 45975 0
1459947871646597 133 2180199 40259 130 2140920 43242 0
1459947871648228 127 2172430 44274 125 2133660 46555 0
1459947871650078 136 2176788 44833 132 2135927 45007 0
1459947871651782 129 2171846 45885 126 2130337 46642 0
1459947871653771 134 2173690 44000 133 2134144 46508 0
1459947871655515 129 2168990 44894 128 2131254 45538 0
1459947871657238 131 2167217 43019 129 2129869 43256 0
1459947871659051 133 2168143 40511 131 2131152 41059 0
1459947871660944 135 2171556 40493 131 2132335 38942 0
1459947871662632 129 2167023 41507 128 2129586 38432 0
1459947871664425 133 2167964 39131 131 2130892 36633 0
1459947871666139 128 2162431 41172 125 2124416 39741 0
1459947871667972 131 2161171 39116 126 2119726 40959 0
1459947871669810 135 2165129 39709 131 2121802 39673 0
1459947871671482 131 2163658 37961 127 2118596 39528 0
1459947871673445 136 2168702 39645 133 2123320 40794 0
1459947871675675 137 2174632 42013 134 2128955 42801 0
1459947871677448 130 2171138 41950 125 2122630 45287 0
1459947871679415 134 2173037 40423 133 2127039 45813 0
1459947871681420 133 2173508 37698 130 2127264 42440 0
1459947871683228 128 2167542 40251 127 2123631 42472 0
1459947871685168 135 2171002 40296 132 2126682 41965 0
1459947871686865 135 2174192 40088 133 2130774 42459 0
1459947871688925 142 2174192 40088 140 2130774 42459 1
1459947871690844 131 2172013 38964 127 2126867 42742 0
1459947871692681 135 2175124 38787 132 2129665 41981 0
1459947871694511 133 2175432 36040 131 2130964 39899 0
1459947871696341 133 2175716 33486 131 2132162 37885 0
1459947871698249 128 2169578 36527 128 2129426 37446 0
1459947871700298 135 2172879 36716 131 2130744 35735 0
1459947871702364 137 2178482 39013 133 2134519 36423 0
1459947871704389 136 2182368 39547 134 2139279 37965 0
1459947871706462 138 2188510 42119 134 2143667 39044 0
1459947871708528 139 2195452 45228 136 2150273 42082 0
1459947871710617 137 2199292 45234 135 2155082 43228 0
1459947871712482 135 2200272 42603 133 2156956 41577 0
1459947871714551 137 2203735 42467 135 2161243 42280 0
1459947871716567 135 2204368 39732 133 2162635 40260 0
1459947871718328 131 2199831 40808 128 2157519 41830 0
1459947871720227 129 2193089 43834 128 2152802 42909 0
1459947871721915 127 2184313 48498 125 2144614 47103 0
1459947871723758 136 2187743 47871 135 2149866 48264 0
1459947871725660 132 2185785 45935 129 2147027 47109 0
1459947871727442 134 2186540 43042 131 2146970 43480 0
1459947871729409 129 2180836 44936 126 2140517 46030 0
1459947871731214 129 2175578 46272 126 2134569 47916 0
1459947871733150 134 2177130 44088 131 2135485 45017 0
1459947871734845 126 2177130 44088 122 2135485 45017 1
1459947871736569 127 2169601 47583 126 2129930 46620 0
1459947871738553 131 2167780 45542 131 2131209 44156 0
1459947871740592 137 2173782 47517 136 2138788 47693 0
1459947871742499 132 2172915 44602 129 2136815 45784 0
1459947871744095 127 2165716 47753 126 2131156 47423 0
1459947871745801 132 2165479 44240 130 2131059 43806 0
1459947871747519 132 2165260 40983 127 2127130 44005 0
1459947871749599 139 2174019 45855 136 2135027 47848 0
1459947871751465 136 2178253 46175 133 2138468 47281 0
1459947871753278 137 2183436 47346 134 2142920 47691 0
1459947871755290 134 2184375 44512 130 2141904 44901 0
1459947871757000 130 2180120 44955 126 2135847 46976 0
1459947871758648 132 2178758 42697 130 2135383 43732 0
1459947871760255 126 2169822 47598 123 2125996 48968 0
1459947871762044 130 2166704 46752 129 2125022 46039 0
1459947871763920 133 2167670 43989 131 2126684 43974 0
1459947871766163 143 2167670 43989 140 2126684 43974 1
1459947871768027 135 2171120 43733 133 2130776 44311 0
1459947871770062 138 2178141 46788 133 2134549 44327 0
1459947871771924 134 2179493 44379 127 2130347 44736 0
1459947871773825 137 2184580 45600 136 2137993 48290 0
1459947871775255 121 2184580 45600 119 2137993 48290 1
1459947871777104 131 2181589 44793 129 2136082 46278 0
1459947871778722 129 2176272 46194 129 2134320 44285 0
1459947871780520 129 2171370 47103 127 2130136 44681 0
1459947871782472 132 2170691 44048 131 2131399 42354 0
1459947871784422 136 2175185 44749 134 2136403 43658 0
1459947871786556 136 2179328 45072 133 2139736 43320 0
1459947871788511 135 2181868 43891 132 2141529 41588 0
1459947871790427 136 2185489 43800 132 2143182 39861 0
1459947871792399 137 2190107 44635 134 2147265 40510 0
1459947871794415 136 2193084 43892 133 2149749 39635 0
1459947871796612 136 2195829 42992 130 2148199 37966 0
1459947871798588 131 2191959 43199 129 2145490 37495 0
1459947871800664 138 2197352 44795 137 2153233 41703 0
1459947871802599 133 2195923 42611 130 2151411 40122 0
1459947871804443 134 2195886 39315 132 2152292 37799 0
1459947871806243 128 2188172 43353 129 2149264 37636 0
1459947871807822 126 2188172 43353 123 2149264 37636 1
1459947871809705 133 2187461 40621 130 2147752 36088 0
1459947871811693 139 2194485 43922 133 2150198 35523 0
1459947871813491 136 2197120 42920 133 2152453 34826 0
1459947871815412 137 2200830 42986 133 2154532 34022 0
1459947871817194 132 2197850 42374 130 2152609 33136 0
1459947871819029 134 2197662 39235 131 2152116 31001 0
1459947871821179 134 2197489 36327 132 2152941 29340 0
1459947871823323 140 2205010 40421 137 2160102 33649 0
1459947871825165 137 2208103 40114 133 2161584 32386 0
1459947871827021 134 2207114 37890 131 2160390 30955 0
1459947871828871 130 2201083 40488 127 2154169 34270 0
1459947871830888 134 2200643 37729 130 2152274 33338 0
1459947871832525 129 2193837 41054 127 2146687 35882 0
1459947871834300 132 2191403 40089 128 2142817 36645 0
1459947871836034 131 2187879 40205 130 2141809 34710 0
1459947871837920 135 2189750 38788 133 2144720 34681 0
1459947871839663 130 2185075 40065 129 2142283 34216 0
1459947871841476 130 2180766 40906 126 2136197 37152 0
1459947871843305 133 2180633 37831 132 2138266 36156 0
1459947871845402 134 2181791 35942 132 2140173 35089 0
1459947871847386 134 2182858 34118 130 2139371 33085 0
1459947871849022 126 2182858 34118 120 2139371 33085 1
1459947871850801 129 2177442 36444 127 2134792 34720 0
1459947871852545 129 2172449 38198 127 2130571 35897 0
1459947871854242 133 2172966 35690 127 2126680 36678 0
1459947871856001 135 2176003 35700 128 2124373 35938 0
1459947871857807 136 2180082 36671 126 2119686 37450 0
1459947871859746 140 2180082 36671 132 2119686 37450 1
1459947871861528 141 2180082 36671 131 2119686 37450 1
1459947871863604 143 2180082 36671 136 2119686 37450 1
1459947871865333 132 2178723 35058 126 2115365 38506 0
1459947871867062 136 2182590 35884 127 2112662 37988 0
1459947871868965 137 2187435 37546 128 2111450 36137 0
1459947871870494 129 2187435 37546 122 2111450 36137 1
1459947871872162 133 2186781 35214 124 2105212 39062 0
1459947871874127 140 2186781 35214 132 2105212 39062 1
1459947871876009 140 2186781 35214 131 2105212 39062 1
1459947871877917 135 2188738 34266 128 2104582 36590 0
1459947871879697 134 2189262 32071 126 2101441 36626 0
1459947871881022 111 2189262 32071 102 2101441 36626 1
1459947871882584 138 2194865 34731 130 2103665 35815 0
1459947871884238 135 2196191 33239 128 2103156 33485 0
1459947871886080 137 2199973 34129 129 2103966 31615 0
1459947871887896 136 2202180 33496 130 2105993 31014 0
1459947871889373 126 2202180 33496 119 2105993 31014 1
1459947871891064 130 2196534 36083 124 2100182 33947 0
1459947871892589 128 2196534 36083 120 2100182 33947 1
1459947871894376 134 2196449 33341 127 2098665 32692 0
1459947871896141 135 2197651 31844 128 2098546 30245 0
1459947871897853 134 2197479 29514 126 2095877 30342 0
1459947871899797 138 2202440 31782 131 2099816 31602 0
1459947871901609 133 2200614 30981 126 2097047 31684 0
1459947871903130 128 2200614 30981 122 2097047 31684 1
1459947871904585 127 2200614 30981 122 2097047 31684 1
1459947871906391 135 2201491 29368 128 2097055 29215 0
1459947871908211 135 2202299 27818 128 2097062 26939 0
1459947871909946 131 2197924 29676 124 2091949 29547 0
1459947871911805 136 2200291 29539 129 2093635 28792 0
1459947871913877 139 2206313 32782 131 2097749 30335 0
1459947871915908 138 2210584 34158 130 2100262 30282 0
1459947871917802 135 2210682 31579 127 2098739 29319 0
1459947871919671 138 2214612 32734 131 2102455 30453 0
1459947871921591 141 2214612 32734 133 2102455 30453 1
1459947871923264 129 2214612 32734 120 2102455 30453 1
1459947871925005 133 2211835 32735 125 2098200 31994 0
1459947871926686 125 2211835 32735 118 2098200 31994 1
1459947871928375 131 2206715 34896 124 2092998 34289 0
1459947871930536 140 2213515 38438 131 2097162 35449 0
1459947871932662 139 2218504 40034 133 2103561 38578 0
1459947871934333 130 2218504 40034 121 2103561 38578 1
1459947871936163 136 2219263 37606 129 2104340 36282 0
1459947871938032 136 2219963 35313 131 2107618 36469 0
1459947871940053 143 2219963 35313 136 2107618 36469 1
1459947871941874 137 2221888 34329 131 2110640 36405 0
1459947871943714 137 2223663 33283 131 2113426 36128 0
1459947871945550 138 2226579 33370 131 2115994 35672 0
1459947871947299 136 2226707 30880 129 2115801 33061 0
1459947871948905 133 2222985 31897 125 2110504 35361 0
1459947871950887 140 2228514 34502 133 2115860 37536 0
1459947871952622 131 2222091 37726 124 2109278 40670 0
1459947871954460 138 2225130 37579 132 2113450 41338 0
1459947871956246 135 2224091 35600 127 2110896 40461 0
1459947871958290 144 2224091 35600 135 2110896 40461 1
1459947871960253 142 2224091 35600 134 2110896 40461 1
1459947871961946 133 2220573 36060 125 2105982 41828 0
1459947871963610 132 2216050 37410 127 2104012 40375 0
1459947871965275 133 2213161 37150 125 2099636 41254 0
1459947871967315 140 2219457 40051 131 2103281 41392 0
1459947871968920 130 2212461 43370 122 2095122 45679 0
1459947871970788 136 2213692 41116 129 2096560 43436 0
1459947871972424 133 2210987 40396 127 2095326 41179 0
1459947871974361 137 2213613 39661 131 2099308 41632 0
1459947871976270 141 2221154 43514 133 2105539 44123 0
1459947871978133 139 2225546 44163 130 2107443 42431 0
1459947871979930 138 2228315 43264 131 2110479 41914 0
1459947871981483 130 2220627 46970 123 2103037 45498 0
1459947871983321 134 2218660 45112 128 2102577 42366 0
1459947871985121 135 2218127 42078 128 2102153 39446 0
1459947871986797 136 2218915 39517 128 2101762 36724 0
1459947871988485 131 2213242 41658 123 2095001 40085 0
1459947871990089 133 2210572 40863 124 2090049 41518 0
1459947871991632 133 2208111 39938 125 2086763 41302 0
1459947871993374 137 2210962 39445 130 2090134 41183 0
1459947871995014 132 2207190 39839 124 2085562 42179 0
1459947871996914 141 2215233 44140 134 2094147 46797 0
1459947871998933 138 2218807 43986 132 2099501 48076 0
1459947872000643 132 2214422 44590 125 2095477 48029 0
1459947872002242 131 2209100 46011 123 2089207 50055 0
1459947872004089 134 2208034 43398 128 2089827 46716 0
1459947872005894 133 2205771 42092 126 2087839 44898 0
1459947872007529 133 2203685 40725 125 2084726 44259 0
1459947872009229 131 2199202 41675 125 2081856 43446 0
1459947872010790 132 2196349 41048 125 2079211 42489 0
1459947872012431 130 2191159 42625 125 2076772 41416 0
1459947872014281 131 2187654 42524 125 2074524 40252 0
1459947872016014 135 2189543 40942 129 2077571 39916 0
1459947872017805 136 2192564 40528 130 2081660 40567 0
1459947872019438 131 2188949 40692 125 2079030 39821 0
1459947872021304 135 2190737 39160 125 2076605 38943 0
1459947872023174 135 2192385 37619 128 2078210 37379 0
1459947872024867 134 2192624 34901 127 2078409 34642 0
1459947872026736 137 2196685 35917 131 2083713 36824 0
1459947872028646 134 2196588 33198 127 2083482 34159 0
1459947872030385 137 2200339 34062 128 2084549 32474 0
1459947872032134 137 2203797 34588 128 2085533 30843 0
1459947872033758 131 2199305 36025 123 2080040 33496 0
1459947872035428 136 2201564 35292 126 2078816 32006 0
1459947872037243 139 2207486 37994 131 2084088 34365 0
1459947872039061 137 2210386 37698 131 2088948 36160 0
1459947872040770 135 2210499 34856 130 2092148 36285 0
1459947872042571 138 2214443 35768 129 2093818 34990 0
1459947872044190 132 2210399 36700 127 2092798 33195 0
1459947872045905 134 2209231 34908 126 2090578 32647 0
1459947872047597 133 2206874 34352 124 2085971 34342 0
1459947872049344 135 2207261 32025 127 2085564 32033 0
1459947872051464 143 2207261 32025 135 2085564 32033 1
1459947872053475 136 2208898 31032 129 2087749 31544 0
1459947872055387 139 2214247 33538 134 2096163 36836 0
1459947872057281 139 2219178 35463 132 2101360 38749 0
1459947872059175 135 2218604 33220 129 2102311 36597 0
1459947872060846 131 2212955 35831 124 2096787 38828 0
1459947872062457 132 2209027 36651 126 2094255 38127 0
1459947872064273 131 2204126 38304 125 2090641 38479 0
1459947872066341 140 2211128 41766 131 2094989 39480 0
1459947872068093 138 2215023 42094 131 2098997 40090 0
1459947872070083 138 2218614 42115 132 2103972 41544 0
1459947872071880 135 2218084 39311 127 2102159 39969 0
1459947872073754 136 2218876 36969 129 2103047 37665 0
1459947872075608 140 2224726 39473 130 2105146 36657 0
1459947872077393 139 2228839 40180 130 2107081 35577 0
1459947872079159 136 2228790 37084 127 2105025 34692 0
1459947872080866 133 2224905 37766 126 2101849 34907 0
1459947872082633 139 2229004 38594 130 2104042 34200 0
1459947872084566 136 2228943 35634 127 2102223 33204 0
1459947872086412 139 2232726 36338 132 2106946 34963 0
1459947872088160 135 2231094 35003 127 2104900 34116 0
1459947872089943 134 2228309 34834 123 2097894 37907 0
1459947872091711 135 2227022 33298 126 2095276 37358 0
1459947872093630 139 2230955 34322 132 2100542 39294 0
1459947872095415 141 2237141 37343 135 2109237 44239 0
1459947872097355 139 2240284 37322 132 2113412 44631 0
1459947872099407 140 2244461 38257 133 2118541 45872 0
1459947872101322 135 2241912 37617 129 2118149 42648 0
1459947872103098 134 2238282 38023 126 2113948 43188 0
1459947872105207 139 2241336 37867 133 2119035 44503 0
1459947872107119 136 2240311 35852 128 2117325 42602 0
1459947872109014 137 2240646 33360 130 2118308 40180 0
1459947872111038 139 2243515 33398 132 2121775 40236 0
1459947872112846 141 2248720 35586 134 2127531 42398 0
1459947872114953 143 2256078 39588 133 2131557 42797 0
1459947872116748 135 2252621 39681 128 2128869 41930 0
1459947872118542 135 2249434 39517 127 2125111 42118 0
1459947872120327 133 2243936 41496 126 2120366 43200 0
1459947872121933 133 2238868 42925 125 2114712 45036 0
1459947872123520 134 2235476 42697 125 2109500 46321 0
1459947872125449 139 2238749 42378 132 2113655 46532 0
1459947872127376 138 2240486 40669 130 2114925 44067 0
1459947872129265 140 2244648 41327 133 2119936 45244 0
1459947872131350 140 2248484 41635 132 2123276 44788 0
1459947872133223 140 2252021 41642 131 2125075 42946 0
1459947872134997 139 2254001 40214 132 2128013 42298 0
1459947872136741 134 2249427 41288 127 2124321 42395 0
1459947872138895 140 2252890 41254 131 2126038 40665 0
1459947872140731 137 2252242 38627 132 2128901 40127 0
1459947872142388 136 2250365 37338 128 2126420 39278 0
1459947872144205 136 2248635 36014 129 2125413 37136 0
1459947872146098 141 2253440 37630 132 2128325 36918 0
1459947872147779 135 2250190 37686 128 2125889 36278 0
1459947872149319 131 2242073 42222 124 2118523 40232 0
1459947872151012 135 2239711 41100 127 2115573 39807 0
1459947872152855 136 2238813 38716 128 2114133 38023 0
1459947872154650 136 2237985 36453 130 2115366 36189 0
1459947872156363 136 2237222 34307 127 2112663 35852 0
1459947872158232 135 2235239 33454 128 2111451 34168 0
1459947872160187 136 2234690 31345 131 2114173 34008 0
1459947872162135 136 2234184 29361 130 2115403 32485 0
1459947872164099 139 2237558 30177 132 2119097 33352 0
1459947872165835 134 2234268 30851 128 2117382 32326 0
1459947872167638 132 2234268 30851 121 2117382 32326 1
1459947872169743 143 2234268 30851 136 2117382 32326 1
1459947872171867 143 2234268 30851 136 2117382 32326 1
1459947872173852 142 2234268 30851 134 2117382 32326 1
1459947872175846 137 2235075 29184 130 2118361 30703 0
1459947872177716 136 2234539 27397 130 2119264 29136 0
1459947872179363 134 2231485 28070 127 2116256 29631 0
1459947872181214 135 2229950 27291 128 2114763 28691 0
1459947872182909 137 2231095 26213 128 2113387 27717 0
1459947872184680 136 2230870 24371 129 2113398 25561 0
1459947872186441 135 2229383 23837 126 2109568 27094 0
1459947872188313 137 2230572 23070 131 2112438 27622 0
1459947872190048 136 2230388 21436 128 2111243 26564 0
1459947872191720 137 2231498 20785 127 2108862 26682 0
1459947872193515 138 2233802 21285 130 2110507 26113 0
1459947872195042 128 2233802 21285 121 2110507 26113 1
1459947872196967 137 2234646 20400 130 2112023 25470 0
1459947872198916 140 2234646 20400 134 2112023 25470 1
1459947872200988 140 2234646 20400 132 2112023 25470 1
1459947872202851 139 2237984 21883 131 2114701 25948 0
1459947872204763 138 2239781 21830 131 2117169 26196 0
1459947872206680 137 2240158 20471 128 2115605 25590 0
1459947872208327 129 2240158 20471 123 2115605 25590 1
1459947872210075 139 2243065 21551 131 2118003 25801 0
1459947872211911 139 2245745 22338 130 2118934 24643 0
1459947872213667 137 2245656 20673 132 2122352 25868 0
1459947872215474 135 2243014 21492 129 2121663 24481 0
1459947872217343 138 2244418 21106 131 2123588 24342 0
1459947872219054 132 2244418 21106 124 2123588 24342 1
1459947872220909 137 2244432 19470 130 2124082 22896 0
1459947872222661 137 2244445 17960 129 2123258 21866 0
1459947872224586 140 2248297 20107 132 2126338 22996 0
1459947872226489 137 2248008 18801 127 2122777 24480 0
1459947872228121 130 2248008 18801 123 2122777 24480 1
1459947872230145 140 2251582 20627 131 2124615 24261 0
1459947872232116 141 2256157 23232 133 2128869 26287 0
1459947872233954 137 2255254 22248 130 2128951 24308 0
1459947872235860 139 2256982 22102 131 2130306 23657 0
1459947872237608 138 2257295 20663 127 2126435 25375 0
1459947872239527 136 2255023 21141 130 2126707 23643 0
1459947872241515 136 2252929 21419 130 2126958 22026 0
1459947872243144 135 2249718 22704 127 2123349 23631 0
1459947872244754 135 2246758 23657 127 2120022 24850 0
1459947872246387 131 2246758 23657 123 2120022 24850 1
1459947872248258 139 2249150 24013 132 2123355 25980 0
1459947872250106 142 2249150 24013 134 2123355 25980 1
1459947872251723 130 2249150 24013 120 2123355 25980 1
1459947872253386 132 2249150 24013 124 2123355 25980 1
1459947872255354 139 2251355 24168 129 2122587 24657 0
1459947872257110 137 2250827 22764 128 2120599 24561 0
1459947872258769 133 2250827 22764 125 2120599 24561 1
1459947872260308 130 2250827 22764 123 2120599 24561 1
1459947872262153 136 2249061 22612 128 2118767 24330 0
1459947872263907 131 2249061 22612 124 2118767 24330 1
1459947872265559 132 2249061 22612 125 2118767 24330 1
1459947872266950 124 2249061 22612 115 2118767 24330 1
1459947872268660 135 2246153 23525 127 2115798 25165 0
1459947872270282 130 2246153 23525 122 2115798 25165 1
1459947872272027 136 2244752 22978 127 2113061 25720 0
1459947872273803 136 2243460 22372 126 2109258 27215 0
1459947872275663 134 2239709 24081 127 2107032 27139 0
1459947872277544 137 2240091 22551 131 2110100 27846 0
1459947872279256 135 2237883 22823 128 2109088 26602 0
1459947872280954 135 2235848 22914 128 2108155 25382 0
1459947872282763 135 2233972 22852 130 2109855 24966 0
1459947872284377 138 2236082 23012 130 2111422 24460 0
1459947872286272 138 2238028 23008 130 2112867 23881 0
1459947872288181 142 2238028 23008 133 2112867 23881 1
1459947872290028 136 2238028 23008 124 2112867 23881 1
1459947872291634 131 2238028 23008 123 2112867 23881 1
1459947872293132 133 2233422 25456 126 2109079 25506 0
1459947872295053 138 2235575 25452 131 2111987 26194 0
1459947872296821 137 2236280 24113 127 2109548 26395 0
1459947872298531 135 2234370 23989 128 2108579 25224 0
1459947872300251 137 2235169 22851 130 2110246 24790 0
1459947872301833 132 2235169 22851 124 2110246 24790 1
1459947872303707 137 2235906 21744 129 2110503 23089 0
1459947872305371 132 2230185 25318 125 2105619 25786 0
1459947872307312 141 2230185 25318 131 2105619 25786 1
1459947872309052 137 2231311 24378 130 2107517 25521 0
1459947872311064 137 2232349 23430 128 2106707 24273 0
1459947872312676 135 2230746 23076 126 2103400 25424 0
1459947872314307 132 2230746 23076 123 2103400 25424 1
1459947872316023 136 2230548 21454 130 2105471 25347 0
1459947872317645 135 2229086 21124 128 2104821 23965 0
1459947872319372 136 2229018 19535 129 2105501 22719 0
1459947872321308 137 2230235 19130 129 2106128 21522 0
1459947872322904 131 2230235 19130 122 2106128 21522 1
1459947872324446 126 2230235 19130 121 2106128 21522 1
1459947872326112 129 2230235 19130 121 2106128 21522 1
1459947872327996 139 2233917 21030 130 2107986 21553 0
1459947872329450 129 2233917 21030 120 2107986 21553 1
1459947872330771 122 2233917 21030 114 2107986 21553 1
1459947872332465 134 2230912 22157 125 2103299 24189 0
1459947872334243 135 2229422 21798 127 2101538 23921 0
1459947872335997 132 2224208 24901 125 2097355 25907 0
1459947872337626 132 2224208 24901 123 2097355 25907 1
1459947872339429 134 2221961 25025 128 2097339 23897 0
1459947872341370 139 2226290 27060 131 2101164 25556 0
1459947872343173 137 2227721 26264 131 2104690 26810 0
1459947872345127 142 2227721 26264 134 2104690 26810 1
1459947872346843 138 2230320 26608 130 2106661 26532 0
1459947872348525 131 2230320 26608 122 2106661 26532 1
1459947872350292 138 2232716 26738 128 2105918 25143 0
1459947872351829 131 2225965 30872 125 2101393 27349 0
1459947872353498 135 2224861 29477 128 2101061 25517 0
1459947872355035 130 2224861 29477 121 2101061 25517 1
1459947872356776 136 2225123 27416 128 2100755 23804 0
1459947872358716 136 2225365 25497 128 2100473 22203 0
1459947872360487 135 2224308 24479 128 2100213 20707 0
1459947872362308 138 2227173 25208 128 2099973 19309 0
1459947872364152 140 2232375 28033 133 2106152 23496 0
1459947872365826 132 2232375 28033 123 2106152 23496 1
1459947872367627 136 2232050 26140 126 2102888 24668 0
1459947872369471 140 2236871 28541 131 2106279 25866 0
1459947872371169 136 2236195 26933 129 2106845 24367 0
1459947872372734 133 2231732 28942 125 2102247 26701 0
1459947872374360 134 2228897 29292 125 2098008 28520 0
1459947872376106 131 2222444 32951 125 2094101 29892 0
1459947872377741 129 2213935 38219 124 2089219 32056 0
1459947872379481 135 2213771 35383 128 2089838 30122 0
1459947872381207 138 2217460 36018 130 2092969 30654 0
1459947872382849 127 2217460 36018 121 2092969 30654 1
1459947872384883 141 2224700 39879 134 2100975 35640 0
1459947872386728 136 2224975 37016 129 2101956 33759 0
1459947872388412 129 2216268 42149 124 2096460 36186 0
1459947872390062 134 2214642 40354 125 2092674 36848 0
1459947872391760 131 2209303 42122 122 2085343 40726 0
1459947872393369 135 2209501 39013 128 2086265 38394 0
1459947872395095 135 2209683 36133 129 2088395 37358 0
1459947872396753 134 2208571 34334 126 2086519 36168 0
1459947872398684 131 2203706 36135 125 2083509 36116 0
1459947872400761 136 2205621 35076 126 2082014 34671 0
1459947872402900 139 2211226 37502 131 2087036 36592 0
1459947872404745 136 2212553 35796 128 2087826 34461 0
1459947872406640 134 2211217 34230 126 2085994 33456 0
1459947872408461 137 2213825 33959 129 2088145 32825 0
1459947872410453 140 2220069 37062 133 2095248 36808 0
1459947872412426 138 2223266 37113 129 2096676 35249 0
1459947872414139 133 2219813 37395 126 2094153 34820 0
1459947872415946 128 2219813 37395 120 2094153 34820 1
1459947872417873 136 2220470 35078 129 2095667 33495 0
1459947872419574 134 2218515 34138 126 2093223 33131 0
1459947872421415 136 2219273 32169 130 2096089 33185 0
1459947872423192 141 2226372 36199 133 2102572 36568 0
1459947872424881 137 2227796 34683 131 2105988 36860 0
1459947872426822 136 2227829 32003 129 2106577 34523 0
1459947872428792 136 2227859 29530 131 2109680 34686 0
1459947872430780 139 2231727 30788 130 2111261 33433 0
1459947872432650 137 2232733 29309 131 2113998 33344 0
1459947872434038 120 2232733 29309 112 2113998 33344 1
1459947872435746 132 2227260 32063 125 2108841 35492 0
1459947872437674 137 2228615 30807 129 2109207 33057 0
1459947872439687 142 2228615 30807 132 2109207 33057 1
1459947872441615 143 2228615 30807 135 2109207 33057 1
1459947872443462 139 2232424 31911 132 2113385 34325 0
1459947872445204 134 2229535 32079 126 2109556 35172 0
1459947872447073 135 2228152 30846 126 2106026 35677 0
1459947872448711 135 2226877 29610 129 2106612 33429 0
1459947872450280 130 2219302 34278 123 2099472 37398 0
1459947872452089 138 2222559 34602 129 2100570 35488 0
1459947872453880 135 2221721 32669 128 2100302 32961 0
1459947872455902 138 2224789 32944 130 2102615 32518 0
1459947872457691 137 2226337 31797 129 2103468 30763 0
1459947872459452 137 2227764 30627 127 2101694 29993 0
1459947872461533 146 2227764 30627 137 2101694 29993 1
1459947872463186 132 2227764 30627 122 2101694 29993 1
1459947872464764 133 2223959 31740 125 2097499 31516 0
1459947872466270 126 2223959 31740 120 2097499 31516 1
1459947872467847 133 2220452 32492 124 2092351 33797 0
1459947872469781 140 2226179 35232 129 2094006 32681 0
1459947872471489 136 2226338 32626 129 2095531 31533 0
1459947872473119 131 2226338 32626 121 2095531 31533 1
1459947872474776 132 2221365 34661 124 2090537 33672 0
1459947872476454 131 2215500 37358 125 2087213 34104 0
1459947872478536 138 2219054 37715 130 2090549 34514 0
1459947872480419 140 2224890 40148 131 2094904 35832 0
1459947872482028 135 2223870 37950 126 2092519 35230 0
1459947872483643 135 2222930 35851 128 2092880 32810 0
1459947872485419 136 2223343 33431 129 2094493 31733 0
1459947872487162 137 2225004 32350 128 2094700 29444 0
1459947872488942 137 2226535 31233 131 2098731 30859 0
1459947872490687 133 2222826 32210 127 2097327 29741 0
1459947872492540 140 2228367 34801 131 2101153 30944 0
1459947872494390 139 2232195 35611 132 2105960 32957 0
1459947872496188 135 2230604 34293 128 2105271 31016 0
1459947872498006 135 2229138 32964 127 2103356 30356 0
1459947872499927 141 2235466 36222 135 2111831 35797 0
1459947872501876 141 2241300 38770 131 2114524 35482 0
1459947872503721 139 2244118 38339 132 2118286 36177 0
1459947872505660 140 2247996 38918 133 2123034 37727 0
1459947872507637 137 2247731 36120 129 2122291 35462 0
1459947872509610 136 2246207 34702 129 2121607 33321 0
1459947872511130 129 2246207 34702 120 2121607 33321 1
1459947872512529 127 2246207 34702 119 2121607 33321 1
1459947872513910 122 2246207 34702 116 2121607 33321 1
1459947872515577 130 2246207 34702 122 2121607 33321 1
1459947872517414 137 2246082 32105 130 2122256 31315 0
1459947872519236 137 2245966 29702 130 2122854 29420 0
1459947872521031 136 2244579 28658 130 2123406 27629 0
1459947872522467 134 2240741 29956 125 2117514 30900 0
1459947872524190 134 2237203 30876 125 2112083 33491 0
1459947872525782 134 2233941 31469 126 2108356 34309 0
1459947872527426 132 2228374 34141 124 2102360 37154 0
1459947872528911 128 2228374 34141 121 2102360 37154 1
1459947872530550 131 2221962 37383 123 2095553 40526 0
1459947872532008 121 2221962 37383 116 2095553 40526 1
1459947872533632 127 2210931 44630 122 2087997 44323 0
1459947872535511 137 2213562 43568 132 2093832 46239 0
1459947872537419 139 2218547 44760 132 2099211 47585 0
1459947872539510 140 2224423 46679 133 2105450 49618 0
1459947872541285 133 2220879 46298 125 2100961 49878 0
1459947872543162 137 2222732 44389 132 2105783 50426 0
1459947872544951 137 2224441 42496 131 2108948 49404 0
1459947872546737 135 2223456 40083 128 2108026 46393 0
1459947872548436 136 2223828 37294 127 2105896 44731 0
1459947872550249 140 2229291 39416 132 2110332 45326 0
1459947872552270 141 2235607 42159 133 2115702 46734 0
1459947872553784 123 2235607 42159 116 2115702 46734 1
1459947872555559 137 2236310 39513 129 2115532 43237 0
1459947872557074 128 2236310 39513 120 2115532 43237 1
1459947872558892 136 2235678 37008 129 2115376 40002 0
1459947872560451 135 2233815 35832 126 2111392 40548 0
1459947872562246 136 2233378 33434 126 2107719 40765 0
1459947872563922 133 2229135 34732 126 2104333 40701 0
1459947872565878 138 2231623 34312 130 2106331 39363 0
1459947872567664 135 2230077 33055 128 2105613 36948 0
1459947872569391 132 2224812 35325 123 2098551 40570 0
1459947872570972 135 2223798 33499 124 2093321 42220 0
1459947872572768 138 2226703 33559 129 2094900 40376 0
1459947872574373 131 2220421 36727 122 2087395 44138 0
1459947872576074 136 2221030 34419 128 2088157 41391 0
1459947872577852 134 2219032 33571 124 2083739 42229 0
1459947872579659 137 2221030 32790 128 2084786 39895 0
1459947872581507 132 2216472 34429 124 2080632 40607 0
1459947872583159 135 2216110 32072 128 2081922 38623 0
1459947872584782 132 2211936 33413 123 2076711 40408 0
1459947872586441 133 2209368 33168 128 2078307 38723 0
1459947872588561 139 2214681 35474 133 2086179 42954 0
1459947872590363 136 2215739 33677 128 2087036 40388 0
1459947872592199 138 2219274 34304 132 2092946 42680 0
1459947872593747 132 2214853 35699 125 2089434 42582 0
1459947872595471 135 2214617 33126 128 2090036 39810 0
1459947872597138 128 2205440 38998 121 2081631 44446 0
1459947872599049 142 2205440 38998 134 2081631 44446 1
1459947872600892 135 2205940 36411 130 2085403 44450 0
1459947872602605 130 2205940 36411 119 2085403 44450 1
1459947872604353 134 2205120 34321 127 2085040 41310 0
1459947872606058 130 2199245 37055 123 2079586 43109 0
1459947872607835 134 2198948 34432 129 2082238 42186 0
1459947872609795 137 2202515 35030 129 2084683 41144 0
1459947872611790 138 2207083 36504 132 2090777 43547 0
1459947872613733 139 2212574 38714 131 2095115 44143 0
1459947872615138 125 2212574 38714 118 2095115 44143 1
1459947872616640 124 2212574 38714 118 2095115 44143 1
1459947872618399 139 2217636 40356 132 2100394 45560 0
1459947872620175 134 2215903 38800 126 2097580 44593 0
1459947872622035 135 2215585 36060 127 2096266 42319 0
1459947872624030 138 2219132 36512 132 2101455 43795 0
1459947872626014 135 2218562 34184 127 2099838 41862 0
1459947872628037 135 2218036 31997 129 2100908 39577 0
1459947872629727 133 2214991 32303 126 2098054 39115 0
1459947872631270 129 2214991 32303 120 2098054 39115 1
1459947872633218 140 2221144 35452 131 2101823 39534 0
1459947872635174 138 2224257 35551 129 2102738 37288 0
1459947872637398 147 2224257 35551 141 2102738 37288 1
1459947872639269 139 2228406 36598 131 2106141 37511 0
1459947872641157 137 2229671 34904 128 2105438 35227 0
1459947872642873 132 2224437 37001 123 2098390 38970 0
1459947872644564 133 2220892 37377 125 2094453 39554 0
1459947872646269 135 2220184 35107 129 2095943 37837 0
1459947872647845 131 2214412 37684 123 2089637 40692 0
1459947872649680 138 2218051 38093 130 2092784 40413 0
1459947872651237 133 2215005 37923 125 2089285 40480 0
1459947872652903 135 2214757 35187 128 2089899 37883 0
1459947872654600 133 2211969 35008 124 2085345 39120 0
1459947872656570 142 2211969 35008 135 2085345 39120 1
1459947872658354 134 2210678 33462 126 2083707 37572 0
1459947872660275 139 2215888 35650 131 2088597 39144 0
1459947872662013 130 2209171 39055 124 2084145 40188 0
1459947872663713 133 2206819 38170 124 2080041 40831 0
1459947872665382 132 2203371 38365 127 2080097 37693 0
1459947872667102 137 2206592 38337 129 2082709 37156 0
1459947872668952 131 2201882 39683 124 2078717 37932 0
1459947872670908 136 2203939 38479 128 2080157 36295 0
1459947872672841 138 2208396 39581 132 2086604 39403 0
1459947872674900 145 2208396 39581 138 2086604 39403 1
1459947872677062 141 2216345 43816 132 2092548 41803 0
1459947872678920 134 2214713 41896 127 2091627 39385 0
1459947872680805 132 2210648 42368 121 2083098 44170 0
1459947872682641 137 2213301 41503 129 2085475 42911 0
1459947872684450 135 2213186 38365 128 2086387 40399 0
1459947872686282 136 2214360 36450 129 2088508 39197 0
1459947872687666 122 2214360 36450 116 2088508 39197 1
1459947872689220 127 2214360 36450 119 2088508 39197 1
1459947872690727 125 2214360 36450 117 2088508 39197 1
1459947872692352 135 2214163 33783 129 2090463 37936 0
1459947872694085 141 2221661 38055 133 2097385 41353 0
1459947872695985 141 2228573 41453 136 2107606 47545 0
1459947872697673 136 2228545 38239 128 2106789 44582 0
1459947872699251 133 2224679 38814 126 2103476 44153 0
1459947872700949 132 2219835 40245 123 2096581 47058 0
1459947872702577 129 2211530 44755 122 2088945 50419 0
1459947872704388 135 2211554 41280 128 2089586 47071 0
1459947872706148 138 2215416 41615 130 2092737 46297 0
1459947872707679 132 2211296 42160 125 2089241 45901 0
1459947872709304 135 2211338 38905 127 2088579 42924 0
1459947872711282 137 2213937 38261 130 2091808 42547 0
1459947872712943 133 2211213 37782 127 2090945 40018 0
1459947872714899 139 2216381 39595 132 2096549 42058 0
1459947872716761 136 2217306 37353 126 2094036 41088 0
1459947872718689 139 2221998 38760 132 2099399 42822 0
1459947872720395 138 2225044 38539 130 2101783 41674 0
1459947872722037 132 2220172 40018 128 2101421 38751 0
1459947872723769 131 2214401 42211 123 2094687 41930 0
1459947872725472 129 2206520 46177 122 2087199 45556 0
1459947872727096 130 2200535 48085 123 2081576 47179 0
1459947872728764 132 2197578 47053 125 2078952 45911 0
1459947872730491 137 2201252 46763 128 2080373 43634 0
1459947872732246 141 2209759 50951 132 2086803 46153 0
1459947872734014 138 2213761 50659 130 2090171 45652 0
1459947872735979 138 2217450 50102 129 2091996 43767 0
1459947872737927 138 2220851 49323 128 2092398 40718 0
1459947872739459 118 2220851 49323 113 2092398 40718 1
1459947872740790 96 2220851 49323 92 2092398 40718 1
1459947872742072 94 2220851 49323 88 2092398 40718 1
1459947872743275 105 2220851 49323 99 2092398 40718 1
1459947872744952 138 2223987 48360 130 2095329 40238 0
1459947872746538 137 2225598 46066 128 2095471 37225 0
1459947872748116 133 2221963 45817 125 2091762 37734 0
1459947872749836 136 2222452 42687 129 2093463 36354 0
1459947872751585 136 2222902 39767 124 2088631 37967 0
1459947872753385 138 2225877 39403 128 2089296 35613 0
1459947872755236 135 2224780 37334 127 2088629 33444 0
1459947872757136 134 2222489 36528 128 2089294 31444 0
1459947872758770 129 2213977 41520 123 2083507 34320 0
1459947872760516 131 2208690 43149 123 2078173 36555 0
1459947872762188 132 2205096 43090 122 2071975 39412 0
1459947872763932 137 2208182 42568 131 2077781 41685 0
1459947872765641 133 2205907 41338 124 2074174 41752 0
1459947872767380 133 2203810 40040 126 2073409 39195 0
1459947872769179 137 2206997 39849 129 2076543 39022 0
1459947872770770 129 2199695 43466 121 2069193 42748 0
1459947872772486 138 2204483 44484 131 2075217 44961 0
1459947872774123 136 2206337 42717 128 2076930 43027 0
1459947872776035 139 2211886 44495 128 2078509 41121 0
1459947872777696 132 2208042 44561 124 2074845 41285 0
1459947872779469 134 2207058 41985 127 2075307 38485 0
1459947872781192 135 2207431 39048 126 2074453 36264 0
1459947872783025 138 2211615 39854 130 2078786 37424 0
1459947872784907 138 2215472 40296 131 2084060 39362 0
1459947872786737 136 2216468 38065 129 2086362 38408 0
1459947872788527 134 2214826 36604 127 2085924 35809 0
1459947872790652 143 2214826 36604 134 2085924 35809 1
1459947872792446 139 2219712 38249 131 2090641 37359 0
1459947872794261 137 2221657 37053 128 2091149 34908 0
1459947872795995 134 2219610 36045 124 2086497 36467 0
1459947872797990 135 2219002 33787 128 2087329 34385 0
1459947872799832 140 2224842 36531 129 2089376 33585 0
1459947872801604 133 2221266 36973 126 2087423 32760 0
1459947872803313 132 2216689 38302 126 2085623 31859 0
1459947872805029 137 2218870 37319 129 2087803 31380 0
1459947872806957 139 2223440 38616 131 2092373 33141 0
1459947872808591 137 2225093 37123 131 2096586 34435 0
1459947872810641 143 2225093 37123 134 2096586 34435 1
1459947872812458 138 2227897 36807 129 2097910 32964 0
1459947872814175 133 2224082 37447 126 2095290 32802 0
1459947872815769 128 2224082 37447 119 2095290 32802 1
1459947872817530 135 2223125 35402 126 2092875 32464 0
1459947872819349 137 2224803 34183 128 2093209 30235 0
1459947872820997 136 2225070 31758 126 2090957 29948 0
1459947872822885 137 2226596 30683 130 2094000 30414 0
1459947872824680 135 2225443 29347 127 2092966 28989 0
1459947872826604 140 2230780 31974 131 2097133 30565 0
1459947872828367 134 2228020 32020 127 2095854 29355 0
1459947872830080 139 2231875 33072 130 2098515 29514 0
1459947872831591 133 2227749 34290 124 2093288 32026 0
1459947872833295 135 2226506 32756 128 2093589 29801 0
1459947872835187 139 2230480 33859 129 2095147 28908 0
1459947872836998 135 2229023 32555 129 2096583 27973 0
1459947872838769 135 2227680 31248 129 2097907 27008 0
1459947872840702 139 2231562 32385 130 2100408 27203 0
1459947872842500 136 2231301 30094 128 2100153 25311 0
1459947872844335 134 2228500 30323 128 2099918 23549 0
1459947872846161 138 2231038 30294 129 2100981 22689 0
1459947872847923 134 2228258 30489 125 2096841 24731 0
1459947872849805 139 2232095 31644 131 2100705 26360 0
1459947872851496 138 2234352 31252 131 2104267 27584 0
1459947872853311 136 2233873 29251 127 2102431 27121 0
1459947872855079 137 2234711 27738 127 2100738 26562 0
1459947872857019 138 2236764 27462 131 2104297 27767 0
1459947872858707 131 2229696 31831 125 2099898 29651 0
1459947872860339 136 2229581 29450 129 2100963 28316 0
1459947872862274 139 2233314 30591 131 2104505 29368 0
1459947872863928 136 2232916 28567 127 2102650 28782 0
1459947872865590 134 2229989 29032 129 2103500 27317 0
1459947872867602 142 2229989 29032 134 2103500 27317 1
1459947872869769 146 2229989 29032 138 2103500 27317 1
1459947872871573 137 2231131 27815 129 2104284 25904 0
1459947872873155 129 2231131 27815 121 2104284 25904 1
1459947872875045 135 2229623 27030 128 2103726 24393 0
1459947872876732 135 2228233 26198 125 2099372 26500 0
1459947872878707 137 2229512 25330 129 2100478 25449 0
1459947872880492 136 2229411 23443 127 2098938 24879 0
1459947872882427 140 2234438 26245 133 2105198 28706 0
1459947872884304 138 2236512 26106 130 2107129 28243 0
1459947872886044 134 2233304 27022 125 2102509 30294 0
1459947872887803 136 2232907 25275 124 2096970 33032 0
1459947872889458 136 2232541 23637 128 2096984 30464 0
1459947872891515 140 2237323 26199 132 2102117 32816 0
1459947872893490 139 2240452 27036 130 2104289 32254 0
1459947872895319 140 2244616 28762 133 2110131 35120 0
1459947872897260 141 2249735 31233 132 2114237 36161 0
1459947872898905 132 2242934 35061 125 2109062 38105 0
1459947872900641 136 2241784 33380 127 2106851 37165 0
1459947872902435 138 2243284 32155 131 2109933 37102 0
1459947872904230 138 2244667 30917 130 2111494 35642 0
1459947872906131 138 2245942 29676 129 2111653 33004 0
1459947872908022 140 2249677 30800 133 2116920 35280 0
1459947872909608 136 2248000 29938 127 2114095 35126 0
1459947872911347 135 2245175 30203 127 2111491 34781 0
1459947872913196 142 2251530 33702 135 2119330 39290 0
1459947872915215 140 2254829 34110 131 2121437 38162 0
1459947872917291 140 2257870 34248 133 2125939 39331 0
1459947872919011 136 2255553 33707 128 2123690 38331 0
1459947872920571 129 2244457 41301 123 2115216 43147 0
1459947872922459 135 2241908 40423 130 2116364 40835 0
1459947872924423 139 2244678 39818 131 2118703 39800 0
1459947872926211 138 2245952 37882 132 2122139 39857 0
1459947872928196 140 2249687 38365 131 2124026 38483 0
1459947872930039 138 2250570 36181 131 2125766 37080 0
1459947872932010 137 2250104 33783 126 2120970 38603 0
1459947872933798 133 2244554 36258 128 2119109 37302 0
1459947872935585 133 2239438 38141 124 2112273 40688 0
1459947872937238 130 2239438 38141 119 2112273 40688 1
1459947872938879 132 2233441 40688 123 2104691 44497 0
1459947872940563 133 2229193 41424 125 2100262 45102 0
1459947872942413 135 2227837 39436 126 2097459 44161 0
1459947872944244 137 2229147 37562 130 2099995 43047 0
1459947872946032 139 2232914 38100 132 2104892 44198 0
1459947872947732 133 2228707 39000 125 2100447 44842 0
1459947872949498 136 2228669 35987 128 2100189 41575 0
1459947872951020 132 2223514 37927 123 2093551 44444 0
1459947872952691 131 2217481 40523 126 2091272 43071 0
1459947872954515 136 2218320 38130 130 2094291 42489 0
1459947872956297 138 2221653 38224 130 2097074 41735 0
1459947872958226 136 2222166 35710 130 2099640 40839 0
1459947872959820 133 2218799 36023 125 2095605 41367 0
1459947872961612 136 2219535 33886 128 2095725 38246 0
1459947872963331 136 2220213 31863 129 2097116 36540 0
1459947872965023 131 2214438 34695 124 2091998 38402 0
1459947872966647 133 2211675 34531 126 2089840 37389 0
1459947872968588 136 2212967 33024 128 2090411 34993 0
1459947872970663 139 2217998 35082 131 2094777 36284 0
1459947872972722 139 2222636 36617 131 2098802 37160 0
1459947872974770 139 2226912 37698 130 2101233 36497 0
1459947872976792 139 2230854 38386 132 2106034 38071 0
1459947872978246 127 2230854 38386 121 2106034 38071 1
1459947872979870 131 2224248 41476 126 2102780 38095 0
1459947872981416 124 2224248 41476 117 2102780 38095 1
1459947872983103 131 2218158 43848 124 2097220 40243 0
1459947872984931 138 2221504 43507 129 2098494 38274 0
1459947872986643 136 2222029 40591 126 2095829 37739 0
1459947872988191 133 2218672 40512 125 2092092 38234 0
1459947872990058 138 2221978 40394 130 2095047 37970 0
1459947872991915 138 2225025 40047 129 2096491 36334 0
1459947872993840 136 2225274 37148 127 2095262 34627 0
1459947872995469 130 2217824 41112 122 2087729 38864 0
1459947872996907 126 2217824 41112 119 2087729 38864 1
1459947872998519 130 2210956 44230 121 2079505 43408 0
1459947873000334 139 2216145 45557 128 2080883 41287 0
1459947873002174 135 2215808 42307 129 2083434 40412 0
1459947873004279 144 2215808 42307 137 2083434 40412 1
1459947873005982 130 2209098 45186 124 2079385 40985 0
1459947873007739 135 2209312 41852 126 2078213 38863 0
1459947873009562 133 2206949 40759 126 2077132 36821 0
1459947873011008 129 2199651 44301 121 2069736 40762 0
1459947873012686 135 2200603 41716 127 2070597 38371 0
1459947873014663 139 2206600 43985 132 2077791 42005 0
1459947873016252 132 2203169 43710 125 2075463 40868 0
1459947873018086 134 2202566 40850 128 2077157 39237 0
1459947873020084 140 2209690 44225 130 2081279 39971 0
1459947873022175 141 2217537 48003 132 2087639 42711 0
1459947873023987 140 2223491 49741 131 2092222 43599 0
1459947873026121 140 2228980 50914 133 2099007 46447 0
1459947873027914 137 2230200 48061 129 2100142 43864 0
1459947873029699 135 2228765 45628 128 2099908 40652 0
1459947873031382 133 2224882 45641 126 2097132 40034 0
1459947873033232 136 2225143 42315 129 2098413 38087 0
1459947873034995 134 2222823 41147 127 2097034 36381 0
1459947873036880 135 2221964 38722 127 2095763 34709 0
1459947873038456 132 2217333 39965 122 2088191 38976 0
1459947873040187 135 2216903 37237 128 2088891 36576 0
1459947873042024 138 2220347 37502 131 2093376 37853 0
1459947873043852 136 2220962 35139 130 2096231 37526 0
1459947873045772 139 2225369 36456 132 2101422 39380 0
1459947873047420 134 2223032 35761 127 2099808 37790 0
1459947873049121 135 2222157 33773 127 2098320 36208 0
1459947873050754 133 2218790 34236 125 2094388 37003 0
1459947873052345 132 2214407 35601 124 2089483 38632 0
1459947873054044 134 2212926 34183 127 2088802 36240 0
1459947873055838 133 2210281 33950 125 2085614 36346 0
1459947873057617 135 2210402 31409 129 2087795 35517 0
1459947873059535 140 2216914 34958 131 2092366 36955 0
1459947873061506 140 2222917 37760 130 2095299 36771 0
1459947873063199 133 2219491 37967 126 2092883 36124 0
1459947873064912 136 2220173 35628 128 2093216 33608 0
1459947873066714 135 2219521 33444 126 2090963 33058 0
1459947873068688 137 2221480 32637 128 2091446 30920 0
1459947873070593 138 2224566 32932 130 2094451 31275 0
1459947873072370 135 2223571 31275 128 2094662 29025 0
1459947873074139 133 2220094 32035 127 2093576 27757 0
1459947873075820 135 2219449 30126 127 2092575 26510 0
1459947873077581 133 2216294 30679 126 2090372 26468 0
1459947873079425 138 2219786 31501 131 2094741 28428 0
1459947873081257 137 2221725 30826 130 2097489 28740 0
1459947873082971 132 2217112 32668 124 2092342 31238 0
1459947873084596 132 2212860 34034 125 2088877 31990 0
1459947873086504 137 2215340 33661 129 2090803 31266 0
1459947873088469 136 2216346 31958 130 2093859 31640 0
1459947873090415 137 2218553 31496 128 2094116 29405 0
1459947873092231 135 2218028 29518 125 2090513 30428 0
1459947873093603 127 2218028 29518 119 2090513 30428 1
1459947873095448 134 2216264 28836 127 2089751 28751 0
1459947873097331 137 2218478 28624 129 2091609 28217 0
1459947873099301 141 2218478 28624 134 2091609 28217 1
1459947873101279 140 2224359 31808 133 2098442 32311 0
1459947873103167 138 2227220 31961 131 2102181 33233 0
1459947873104875 134 2224738 31751 126 2099228 33358 0
1459947873106761 138 2227570 31881 129 2100345 31781 0
1459947873108569 139 2231461 32977 130 2102655 31428 0
1459947873110455 137 2232488 31346 130 2104785 30935 0
1459947873112322 137 2233434 29769 129 2105468 29148 0
1459947873113996 133 2229186 31358 126 2102258 29828 0
1459947873115724 134 2226550 31337 127 2100579 29044 0
1459947873117504 136 2226680 29008 129 2101591 27707 0
1459947873119442 144 2226680 29008 136 2101591 27707 1
1459947873121294 136 2226800 26852 130 2103804 27582 0
1459947873123120 136 2226911 24856 128 2103284 25906 0
1459947873124712 132 2221893 27539 124 2097684 29043 0
1459947873126382 136 2222387 25843 127 2096362 27992 0
1459947873128295 138 2225403 26604 131 2100263 29401 0
1459947873130097 134 2223063 26681 127 2098739 28507 0
1459947873131802 135 2222186 25404 127 2097335 27573 0
1459947873133664 138 2225217 26213 130 2099880 27764 0
1459947873135528 139 2229291 27921 131 2103506 28937 0
1459947873137582 143 2229291 27921 135 2103506 28937 1
1459947873139370 141 2229291 27921 133 2103506 28937 1
1459947873141070 136 2229207 25815 130 2105569 28578 0
1459947873142802 134 2226570 26228 128 2104911 26951 0
1459947873144661 137 2227979 25477 130 2106864 26646 0
1459947873146126 129 2227979 25477 123 2106864 26646 1
1459947873147925 137 2229278 24683 131 2109945 27404 0
1459947873149679 138 2231755 25038 132 2114065 29061 0
1459947873151224 125 2231755 25038 120 2114065 29061 1
1459947873152801 130 2223799 30415 124 2107623 32728 0
1459947873154586 137 2225424 29536 130 2109364 31776 0
1459947873156551 140 2230762 32149 133 2114809 34313 0
1459947873158299 134 2228003 32179 126 2110869 35263 0
1459947873160332 141 2234420 35580 133 2116197 37420 0
1459947873162222 137 2235215 33533 128 2114709 35867 0
1459947873164104 138 2237228 32769 131 2117177 35339 0
1459947873166100 141 2242924 35459 132 2120732 35855 0
1459947873167929 139 2245615 35169 131 2122729 34894 0
1459947873169702 133 2240416 37213 125 2116890 37549 0
1459947873171462 136 2239463 35183 124 2110227 40756 0
1459947873173220 133 2234744 36783 125 2105365 42052 0
1459947873175174 139 2238074 36979 130 2107283 40534 0
1459947873177347 143 2246264 41640 137 2118011 47257 0
1459947873179369 139 2248694 40626 132 2121501 46782 0
1459947873181223 136 2247094 38926 129 2120878 43700 0
1459947873182860 134 2243059 39602 127 2117744 43173 0
1459947873184649 135 2240620 38756 128 2116135 41283 0
1459947873186454 134 2237091 38980 129 2115931 38244 0
1459947873188336 136 2236398 36572 130 2117023 36263 0
1459947873189886 131 2236398 36572 121 2117023 36263 1
1459947873191677 138 2238319 35485 131 2119310 35537 0
1459947873193407 138 2240090 34344 131 2121418 34704 0
1459947873195176 137 2240442 31985 132 2124642 34964 0
1459947873197088 142 2247167 35686 131 2126334 33792 0
1459947873198874 134 2243127 36622 127 2122774 34433 0
1459947873200679 137 2243242 33866 129 2122052 32407 0
1459947873202476 137 2243348 31318 129 2121386 30488 0
1459947873204094 131 2235766 35860 126 2116932 32211 0
1459947873205943 133 2231336 37141 127 2114106 32298 0
1459947873207680 134 2228532 36823 128 2112781 30995 0
1459947873209297 127 2228532 36823 121 2112781 30995 1
1459947873210805 133 2224667 37508 125 2107719 33238 0
1459947873212659 138 2227504 37193 132 2112013 34599 0
1459947873214492 138 2230120 36698 130 2113411 33184 0
1459947873216386 139 2233811 37233 130 2114700 31780 0
1459947873218168 136 2233374 34726 130 2115889 30393 0
1459947873219966 137 2234251 32822 128 2114425 29367 0
1459947873221729 135 2232500 31871 131 2116915 29368 0
1459947873223645 139 2236005 32613 132 2120491 30369 0
1459947873225506 135 2234117 31805 129 2119947 28496 0
1459947873227293 137 2234936 30075 128 2118166 27910 0
1459947873229218 138 2236971 29601 128 2116524 27242 0
1459947873231147 135 2235007 29097 128 2115010 26508 0
1459947873232869 131 2235007 29097 123 2115010 26508 1
1459947873234968 140 2239597 31054 132 2118734 27870 0
1459947873237109 142 2246388 34887 134 2124727 31217 0
1459947873239056 135 2243688 34649 128 2122572 30763 0
1459947873240510 132 2237359 37775 126 2118026 32549 0
1459947873241974 129 2237359 37775 121 2118026 32549 1
1459947873243638 136 2236645 35480 129 2117675 30329 0
1459947873245305 135 2234707 34494 126 2113511 31797 0
1459947873247188 136 2234200 32265 128 2112232 30490 0
1459947873248880 135 2232453 31354 128 2111053 29193 0
1459947873250804 136 2232122 29208 129 2111246 27090 0
1459947873252753 143 2232122 29208 137 2111246 27090 1
1459947873254465 139 2235657 30185 132 2115264 28678 0
1459947873256408 141 2241476 33190 133 2120249 31032 0
1459947873258313 135 2239160 32731 129 2119724 29090 0
1459947873260139 137 2239585 30565 131 2121800 28731 0
1459947873261903 132 2233577 33715 126 2117314 30621 0
1459947873263840 141 2239558 36595 133 2122138 32675 0
1459947873265762 136 2238672 34552 128 2120185 31921 0
1459947873267471 134 2235295 34964 126 2115825 33445 0
1459947873269090 133 2230902 36281 124 2109246 36896 0
1459947873270857 137 2231972 34433 130 2110861 35501 0
1459947873272630 139 2235519 35012 132 2114909 36459 0
1459947873274489 138 2237509 34110 131 2117361 35871 0
1459947873276250 137 2238063 31956 128 2115782 34523 0
1459947873278131 137 2238574 29930 127 2113046 34346 0
1459947873279990 139 2241605 30385 130 2114364 32877 0
1459947873281673 128 2241605 30385 123 2114364 32877 1
1459947873283477 137 2241839 28227 131 2116859 32608 0
1459947873285266 136 2240775 27001 129 2116599 30299 0
1459947873287299 142 2240775 27001 132 2116599 30299 1
1459947873288941 132 2234674 30514 124 2109959 34051 0
1459947873290658 139 2238010 31205 129 2110238 31647 0
1459947873292366 137 2238525 29242 130 2111775 30591 0
1459947873294319 137 2239000 27395 128 2110632 29254 0
1459947873296123 132 2233038 30750 126 2107018 30298 0
1459947873297959 133 2228821 32233 127 2104967 29820 0
1459947873299526 133 2224934 33296 124 2099236 32772 0
1459947873301345 137 2226471 32110 131 2102913 33600 0
1459947873303132 136 2226607 29727 129 2103742 31740 0
1459947873304852 129 2226607 29727 122 2103742 31740 1
1459947873306433 132 2221613 32007 126 2100667 32094 0
1459947873308037 129 2213169 37289 123 2093992 35739 0
1459947873309845 137 2215625 36639 130 2096798 35533 0
1459947873311325 133 2212769 36408 125 2092985 36270 0
1459947873313210 142 2212769 36408 134 2092985 36270 1
1459947873315111 138 2216536 37036 133 2099710 39636 0
1459947873317093 139 2221289 38523 132 2104630 41074 0
1459947873318907 137 2223110 37192 129 2105325 38506 0
1459947873320657 134 2220949 36277 127 2103406 37265 0
1459947873322348 128 2211277 42358 122 2095237 41883 0
1459947873324264 133 2208760 41367 126 2092826 40832 0
1459947873325719 126 2208760 41367 119 2092826 40832 1
1459947873327359 132 2205160 41453 126 2090603 39690 0
1459947873329027 134 2204401 38912 125 2087274 39657 0
1459947873330996 139 2210102 41127 131 2091885 40809 0
1459947873333049 142 2219197 46298 134 2099976 45079 0
1459947873334888 129 2210942 50289 123 2093355 47660 0
1459947873336681 133 2208452 48655 126 2091091 46022 0
1459947873338346 135 2208716 45097 128 2091564 42862 0
1459947873340264 139 2214080 46518 131 2095840 43455 0
1459947873342316 141 2221585 49801 132 2101062 44874 0
1459947873344117 136 2222103 46388 129 2102036 42266 0
1459947873345971 133 2218741 45862 125 2097814 42854 0
1459947873347551 129 2210521 49855 123 2091362 45453 0
1459947873349029 125 2197824 57665 120 2081574 50923 0
1459947873350986 139 2204039 58888 131 2086631 51605 0
1459947873352764 134 2203368 54905 126 2084892 49175 0
1459947873354650 135 2204029 51225 127 2084569 45629 0
1459947873356313 135 2204639 47785 124 2080432 45877 0
1459947873357912 129 2197521 50612 122 2074058 48167 0
1459947873359594 133 2196079 47985 124 2070742 47459 0
1459947873361314 131 2192190 47820 123 2066405 47748 0
1459947873363035 129 2186045 49748 122 2061127 48882 0
1459947873365016 134 2186780 46538 128 2063941 47657 0
1459947873366645 135 2188737 44706 127 2065255 45144 0
1459947873368592 135 2190541 42876 129 2069026 45094 0
1459947873370473 140 2198604 46960 132 2076343 48316 0
1459947873372303 137 2202198 46604 131 2081808 49579 0
1459947873373965 133 2200391 44628 127 2081726 45779 0
1459947873375826 138 2205125 45505 130 2085491 45673 0
1459947873377641 135 2205649 42432 128 2086402 42943 0
1459947873379602 139 2211252 44282 131 2091081 43902 0
1459947873381594 137 2213857 43224 129 2092835 42089 0
1459947873383438 137 2216259 42061 130 2095732 41470 0
1459947873385022 128 2206953 47352 123 2089442 44027 0
1459947873386838 136 2208614 45184 128 2090044 41142 0
1459947873388690 135 2208866 41886 128 2090599 38438 0
1459947873390547 140 2215498 44727 132 2096230 40627 0
1459947873392482 140 2221612 46868 132 2101422 42239 0
1459947873394404 139 2225968 47222 131 2104928 42171 0
1459947873396329 137 2227424 44874 130 2106880 40676 0
1459947873398160 136 2227486 41425 130 2108680 39157 0
1459947873399704 128 2217303 47574 122 2100099 44007 0
1459947873401457 133 2214316 46610 126 2097308 43140 0
1459947873402968 131 2209002 47866 123 2090895 45680 0
1459947873404622 132 2205383 47461 125 2087543 45200 0
1459947873406426 137 2208447 46578 129 2089573 43540 0
1459947873408323 139 2213832 47903 133 2096565 46583 0
1459947873410255 141 2221356 51096 134 2104290 50065 0
1459947873411844 133 2218052 50149 127 2102452 47847 0
1459947873413555 136 2218846 46963 128 2102037 44489 0
1459947873415337 138 2222138 46329 129 2102935 41841 0
1459947873417205 136 2222613 43147 127 2101203 40168 0
1459947873418913 136 2223051 40180 128 2100886 37320 0
1459947873420695 136 2223455 37412 128 2100594 34672 0
1459947873422616 138 2226387 37192 131 2104165 35255 0
1459947873424539 136 2226530 34418 129 2104897 33174 0
1459947873426446 137 2227942 33031 129 2105571 31204 0
1459947873428373 139 2231804 34010 130 2107473 30519 0
1459947873430135 136 2231524 31609 128 2106666 28877 0
1459947873431900 135 2229986 30556 126 2103362 29665 0
1459947873433615 134 2227288 30654 127 2101596 28974 0
1459947873435380 133 2223521 31731 127 2099968 28210 0
1459947873437093 131 2217488 34813 125 2095908 29748 0
1459947873438670 130 2210646 38399 124 2090885 32053 0
1459947873440388 135 2210739 35485 127 2090094 30276 0
1459947873442366 136 2212105 33971 130 2093205 30778 0
1459947873443914 126 2212105 33971 120 2093205 30778 1
1459947873445779 130 2205684 37236 124 2088393 32808 0
1459947873447702 138 2210004 38309 132 2094197 35594 0
1459947873449288 132 2206307 38723 126 2091867 34960 0
1459947873451173 135 2206739 36095 127 2090999 33027 0
1459947873452979 137 2209697 36002 129 2092759 32069 0
1459947873454760 128 2209697 36002 121 2092759 32069 1
1459947873456329 131 2204744 37754 125 2089262 32786 0
1459947873458219 133 2202738 36652 125 2086038 33195 0
1459947873460044 137 2206009 36803 131 2090746 34941 0
1459947873461692 133 2203904 35867 126 2088686 34109 0
1459947873463484 136 2205804 34815 129 2090627 33233 0
1459947873465099 130 2205804 34815 121 2090627 33233 1
1459947873466591 133 2203715 34020 126 2088576 32526 0
1459947873468455 137 2206909 34307 127 2087966 30546 0
1459947873469923 126 2206909 34307 119 2087966 30546 1
1459947873471293 122 2206909 34307 114 2087966 30546 1
1459947873472688 121 2206909 34307 115 2087966 30546 1
1459947873474207 126 2206909 34307 120 2087966 30546 1
1459947873476155 136 2208574 33161 130 2091243 31180 0
1459947873478068 134 2207549 31514 126 2089144 30678 0
1459947873479803 134 2206604 29921 128 2089769 28857 0
1459947873481433 129 2206604 29921 121 2089769 28857 1
1459947873482899 129 2206604 29921 121 2089769 28857 1
1459947873484388 132 2203173 30745 123 2083945 31970 0
1459947873486398 139 2208970 33687 128 2084976 30423 0
1459947873488331 137 2211754 33621 131 2089767 32462 0
1459947873490188 138 2215600 34540 131 2094183 33996 0
1459947873492078 137 2217866 33930 128 2094414 31553 0
1459947873493823 134 2216115 32892 126 2092067 31249 0
1459947873495707 137 2218341 32374 129 2093744 30353 0
1459947873497547 134 2216553 31492 127 2092730 28915 0
1459947873499421 137 2218744 31051 130 2095635 29334 0
1459947873501181 133 2215644 31482 126 2093193 29292 0
1459947873503050 137 2217906 31108 130 2096062 29648 0
1459947873504998 138 2221272 31780 130 2098707 29769 0
1459947873506858 141 2228215 35697 131 2102425 30871 0
1459947873508707 138 2230775 35268 131 2105853 31619 0
1459947873510076 127 2230775 35268 121 2105853 31619 1
1459947873511629 129 2221615 40955 124 2100053 34494 0
1459947873513236 131 2215731 43178 123 2093426 37907 0
1459947873514833 126 2215731 43178 119 2093426 37907 1
1459947873516791 138 2219267 43063 131 2097557 38753 0
1459947873518828 139 2223806 43883 133 2103925 41595 0
1459947873520370 129 2215191 48395 125 2099555 42372 0
1459947873521896 125 2215191 48395 118 2099555 42372 1
1459947873523502 128 2205969 53115 122 2091687 46314 0
1459947873525354 140 2212827 55287 134 2099793 50168 0
1459947873527134 135 2212749 51038 127 2098306 47618 0
1459947873528822 132 2208837 50655 124 2093095 48700 0
1459947873530494 133 2206511 48840 125 2089571 48142 0
1459947873532121 135 2206927 45407 127 2088883 45013 0
1459947873533716 135 2207310 42212 127 2088249 42080 0
1459947873535477 133 2205103 40947 127 2087664 39330 0
1459947873537549 139 2210749 42953 132 2093525 41660 0
1459947873539129 126 2210749 42953 120 2093525 41660 1
1459947873540573 129 2203154 46598 122 2086128 45223 0
1459947873542068 131 2198712 47051 124 2081869 45615 0
1459947873543968 137 2202297 46680 129 2084342 44331 0
1459947873545908 145 2202297 46680 135 2084342 44331 1
1459947873547812 137 2205602 46080 129 2086622 42969 0
1459947873549241 129 2198409 49110 122 2079764 45933 0
1459947873550867 133 2196898 46665 126 2078562 43451 0
1459947873552671 137 2200625 46455 130 2082574 43754 0
1459947873554469 135 2201501 43632 128 2083712 41385 0
1459947873556227 135 2202308 40967 128 2084762 39118 0
1459947873557900 131 2197932 41799 124 2080609 39888 0
1459947873559570 129 2191338 44611 124 2076781 40299 0
1459947873561404 133 2190379 42008 128 2078372 38617 0
1459947873563293 137 2194615 42631 129 2081119 38132 0
1459947873565255 140 2202360 46440 132 2087491 41026 0
1459947873566840 128 2194140 50388 123 2081845 43024 0
1459947873568599 131 2190402 49896 125 2079200 42099 0
1459947873570218 131 2186956 49172 125 2076762 41057 0
1459947873571876 133 2186340 45897 125 2074514 39920 0
1459947873573579 135 2188332 44147 127 2075002 37251 0
1459947873575485 135 2190168 42391 129 2078012 37115 0
1459947873577762 139 2196981 45359 132 2084627 40313 0
1459947873579721 136 2199421 44065 128 2085605 38065 0
1459947873581613 137 2202951 43876 129 2087787 37102 0
1459947873583438 139 2208765 45808 133 2094918 40777 0
1459947873585173 134 2207725 43187 127 2093812 38610 0
1459947873586873 132 2204206 43056 125 2090232 38892 0
1459947873588423 129 2197122 46222 121 2081812 43614 0
1459947873590022 129 2190591 48629 122 2075330 46181 0
1459947873591924 138 2196091 49899 132 2082154 48864 0
1459947873593804 139 2202441 51854 131 2087165 49666 0
1459947873595457 133 2200615 49485 127 2086665 46245 0
1459947873597338 132 2197651 48349 127 2086204 43056 0
1459947873599033 132 2194919 47089 124 2081939 43623 0
1459947873600904 134 2194960 43448 128 2083127 41309 0
1459947873602305 129 2188598 45917 123 2077822 42970 0
1459947873603992 134 2189133 42822 128 2079332 41004 0
1459947873605686 130 2184506 43740 122 2073044 43596 0
1459947873607324 134 2185361 41110 128 2074927 41926 0
1459947873609332 135 2187429 39805 129 2077943 41430 0
1459947873611147 139 2194456 43173 132 2084563 44296 0
1459947873612723 133 2193254 40907 127 2084266 41108 0
1459947873614487 135 2194706 39049 129 2086552 40004 0
1459947873616276 135 2196044 37232 126 2084820 38474 0
1459947873618019 134 2195998 34365 128 2085783 36356 0
1459947873619703 135 2197235 32821 129 2087951 35513 0
1459947873621572 136 2199656 32487 130 2091229 35760 0
1459947873623161 131 2195487 33790 123 2085291 38439 0
1459947873624852 136 2198044 33507 129 2087497 37469 0
1459947873626615 136 2200401 33062 129 2089531 36416 0
1459947873628091 129 2193614 36735 122 2082446 40102 0
1459947873630039 135 2195037 35177 129 2084874 39208 0
1459947873631808 137 2198909 35998 131 2089673 40568 0
1459947873633464 131 2194799 36973 126 2087697 39219 0
1459947873635205 133 2193570 35216 128 2088435 36836 0
1459947873637071 135 2194997 33779 130 2091676 36945 0
1459947873638767 133 2193752 32286 127 2090823 34843 0
1459947873640365 134 2193885 29885 128 2091317 32575 0
1459947873642200 135 2195287 28843 131 2095612 33990 0
1459947873644258 141 2195287 28843 135 2095612 33990 1
1459947873646091 137 2199140 30141 131 2099572 34984 0
1459947873648162 137 2202692 31060 131 2103222 35615 0
1459947873650087 137 2205966 31651 129 2104027 33574 0
1459947873651979 137 2208984 31961 130 2106049 32815 0
1459947873653701 137 2211767 32029 129 2106633 30790 0
1459947873655431 132 2207932 33060 127 2104612 30246 0
1459947873656979 131 2203117 34915 126 2101469 30780 0
1459947873658698 132 2199958 35098 126 2098571 31045 0
1459947873660684 139 2206006 37930 134 2106140 35596 0
1459947873662549 141 2214141 42466 134 2113117 39247 0
1459947873664248 135 2213961 39313 129 2113149 36210 0
1459947873665981 132 2209955 39933 128 2111899 34533 0
1459947873668004 138 2213942 40488 132 2115866 35492 0
1459947873669783 134 2212497 38655 128 2114403 34066 0
1459947873671474 134 2211165 36862 129 2114335 31466 0
1459947873673233 135 2211217 34030 130 2115552 30129 0
1459947873675125 136 2212545 32595 129 2115394 27920 0
