1459947871376344 133 2179072 0 132 2162688 0 0
1459947871378266 133 2179072 0 131 2161408 1180 0
1459947871380294 137 2184192 4720 134 2164068 3539 0
1459947871382352 138 2190192 9882 134 2166520 5522 0
1459947871384172 132 2188043 11089 127 2159820 11265 0
1459947871386051 130 2183502 14408 127 2153644 16077 0
1459947871387992 132 2181875 14780 129 2150510 17708 0
1459947871390001 136 2185496 16963 134 2154021 19561 0
1459947871391982 138 2191394 21074 136 2159818 23376 0
1459947871393558 123 2177631 32114 123 2148522 31962 0
1459947871395245 127 2170063 36581 125 2140668 36703 0
1459947871396780 125 2160526 42514 123 2130868 42869 0
1459947871398420 128 2155574 43756 126 2125673 44307 0
1459947871400355 133 2157409 42029 130 2126004 41150 0
1459947871402320 132 2157821 39125 131 2127589 39397 0
1459947871404166 131 2156921 36897 129 2126491 37331 0
1459947871405887 124 2147131 43038 121 2115238 44786 0
1459947871407975 136 2153466 45515 133 2120225 45884 0
1459947871409901 132 2154186 42623 130 2120982 42997 0
1459947871411812 137 2161250 45805 131 2122960 41460 0
1459947871413551 135 2165202 45869 131 2124783 39901 0
1459947871415172 129 2161165 46006 125 2118784 42313 0
1459947871417012 131 2160003 43481 128 2117094 40564 0
1459947871418876 133 2161492 41457 131 2119376 39497 0
1459947871421156 146 2179505 54824 141 2134279 50150 0
1459947871423138 135 2182031 52868 134 2139058 50638 0
1459947871425176 136 2185639 52063 134 2143464 50742 0
1459947871427157 135 2187685 49882 131 2143685 46981 0
1459947871428607 108 2155012 76104 106 2111889 72621 0
1459947871430296 134 2158171 73070 131 2114577 69425 0
1459947871431910 129 2154683 70575 124 2108095 69975 0
1459947871433688 133 2156588 66817 129 2108520 64899 0
1459947871435711 136 2162184 66755 134 2115311 66089 0
1459947871437517 134 2164783 63935 131 2117732 63157 0
1459947871439396 140 2174859 68229 137 2127644 67359 0
1459947871441128 132 2173908 63774 128 2125261 64292 0
1459947871442747 127 2166631 65499 124 2117944 66013 0
1459947871444403 130 2163762 63024 129 2117599 61172 0
1459947871446366 134 2166238 60382 132 2121121 59639 0
1459947871448603 137 2172360 61308 133 2125648 59152 0
1459947871450471 131 2170324 58394 129 2124701 55402 0
1459947871452274 132 2169727 54380 130 2125108 51448 0
1459947871454055 129 2165337 54177 131 2126763 48954 0
1459947871455666 129 2161290 53674 127 2123169 48441 0
1459947871457601 137 2167799 55480 134 2128816 49862 0
1459947871459276 133 2168679 51956 132 2131462 48405 0
1459947871460760 128 2163090 53047 124 2123661 51814 0
1459947871462294 126 2155378 56010 121 2112629 57935 0
1459947871463956 130 2153389 53467 129 2112699 53473 0
1459947871465542 129 2150275 52159 126 2108924 52774 0
1459947871467393 133 2152524 50158 128 2108004 49498 0
1459947871469327 138 2160998 54051 136 2117396 54288 0
1459947871471359 137 2167530 55849 134 2123494 55668 0
1459947871473221 134 2169711 53496 132 2126556 54140 0
1459947871475108 134 2171722 51170 129 2125538 50847 0
1459947871477014 132 2171016 47822 129 2124600 47738 0
1459947871479016 134 2172925 45845 132 2127575 46751 0
1459947871480965 130 2169565 45360 128 2125198 45289 0
1459947871482946 135 2172867 44860 133 2129406 45630 0
1459947871484796 132 2172071 42088 130 2129446 42102 0
1459947871486678 131 2170057 40654 128 2126923 41137 0
1459947871488558 135 2173321 40486 135 2133557 44038 0
1459947871490304 132 2172490 38088 131 2134552 41515 0
1459947871492114 134 2174284 36766 133 2138030 41477 0
1459947871494041 135 2177218 36597 131 2138676 38831 0
1459947871496059 138 2183762 39770 136 2145671 42246 0
1459947871497684 129 2178275 41719 126 2139320 44799 0
1459947871499419 134 2179617 39696 131 2139865 41802 0
1459947871501129 128 2173174 42533 125 2132688 45152 0
1459947871502906 133 2173634 39634 130 2132471 41823 0
1459947871504786 133 2174058 36928 131 2133551 39551 0
1459947871506673 133 2174449 34404 129 2131987 37902 0
1459947871508509 131 2172250 33743 131 2133105 35971 0
1459947871510373 133 2172782 31597 131 2134136 34110 0
1459947871512490 137 2178393 34301 134 2138926 35861 0
1459947871514474 132 2177166 32752 125 2131822 39607 0
1459947871516407 131 2174754 32415 131 2132953 37555 0
1459947871518486 133 2175091 30193 131 2133996 35582 0
1459947871520335 132 2174122 28727 127 2129837 36635 0
1459947871522218 133 2174508 26838 130 2129843 33778 0
1459947871524164 135 2177424 27429 131 2131129 32324 0
1459947871525834 125 2167312 34607 125 2124634 35785 0
1459947871527474 132 2166950 32235 130 2125046 33369 0
1459947871529214 131 2165337 31202 128 2122866 32770 0
1459947871531110 132 2165130 28954 130 2123417 30717 0
1459947871532923 132 2164939 26866 130 2123925 28785 0
1459947871534812 139 2173723 32864 135 2130793 32867 0
1459947871536964 140 2183100 38941 137 2139684 38496 0
1459947871538638 128 2176385 42088 126 2133801 40911 0
1459947871540506 130 2172754 42145 131 2134777 38614 0
1459947871542473 134 2174527 40487 131 2135677 36427 0
1459947871544493 135 2177442 40010 133 2139067 36706 0
1459947871546624 137 2182689 41721 134 2143472 37899 0
1459947871548415 129 2177286 43441 125 2136013 41814 0
1459947871550326 133 2177425 40175 132 2138096 40468 0
1459947871552352 135 2180113 39514 134 2142577 41437 0
1459947871554374 138 2186431 42251 135 2147988 43187 0
1459947871556502 137 2190976 43140 134 2151696 43231 0
1459947871558641 137 2195166 43631 134 2155114 43004 0
1459947871560418 128 2187508 47281 125 2146745 47358 0
1459947871562225 129 2181728 48914 125 2139030 50769 0
1459947871564032 130 2177680 48823 127 2134478 50998 0
1459947871565701 127 2170108 51987 125 2127721 53241 0
1459947871567790 134 2172088 49750 133 2131732 52779 0
1459947871569951 135 2175193 48726 134 2136710 53244 0
1459947871571534 128 2169096 50539 126 2131059 54292 0
1459947871573194 129 2164755 50591 127 2127130 53672 0
1459947871574827 124 2154353 56226 123 2118387 57536 0
1459947871576351 127 2148604 57132 121 2107768 62830 0
1459947871578084 130 2147144 54013 124 2101818 63405 0
1459947871580138 135 2152198 54452 132 2106573 62834 0
1459947871582251 134 2155577 53312 129 2107116 58426 0
1459947871584357 137 2162532 55559 135 2115297 61403 0
1459947871586302 134 2165104 53589 131 2117719 58838 0
1459947871588309 136 2170035 53948 133 2122512 58659 0
1459947871590236 135 2173301 52743 132 2125650 56969 0
1459947871592171 138 2180151 54937 136 2133663 59905 0
1459947871594157 138 2186466 56467 137 2142330 63214 0
1459947871596154 135 2188448 53882 134 2146480 62101 0
1459947871598138 133 2187715 50347 129 2143906 59621 0
1459947871599938 131 2184479 49395 130 2142813 55970 0
1459947871601948 135 2186616 47506 131 2143085 51848 0
1459947871603961 132 2184746 45517 129 2140776 49925 0
1459947871605727 129 2179182 47088 126 2134807 51525 0
1459947871607653 132 2177893 44596 130 2134425 47850 0
1459947871609326 130 2174145 44566 127 2130233 47975 0
1459947871611300 138 2180929 47338 133 2134048 47743 0
1459947871613082 131 2178223 46132 131 2135005 44895 0
1459947871615088 134 2179569 43768 133 2138447 44560 0
1459947871617048 135 2182090 42672 134 2142900 45183 0
1459947871618984 137 2186974 43840 135 2148285 46618 0
1459947871620653 124 2186974 43840 121 2148285 46618 1
1459947871622530 131 2183796 43344 127 2143010 47837 0
1459947871624323 133 2183426 40297 131 2143267 44336 0
1459947871626447 139 2190765 43914 137 2151184 48170 0
1459947871628508 137 2194971 44360 135 2155922 48774 0
1459947871630267 129 2188608 46759 125 2147490 52735 0
1459947871632100 134 2189143 43598 131 2147397 48700 0
1459947871634111 135 2190916 41825 133 2149871 47176 0
1459947871636151 132 2188710 40589 131 2149592 43746 0
1459947871638178 137 2193077 41442 135 2154455 44811 0
1459947871639891 132 2190702 40392 129 2151258 44257 0
1459947871641526 130 2185953 41613 128 2147030 44695 0
1459947871643014 126 2176455 47116 123 2136733 50695 0
1459947871644540 129 2171539 47966 127 2132360 50764 0
1459947871646597 133 2172127 44760 130 2132169 46973 0
1459947871648228 127 2164989 47842 125 2125593 49364 0
1459947871650078 136 2169929 48658 132 2128491 48178 0
1459947871651782 129 2165523 48917 126 2123482 49031 0
1459947871653771 134 2167861 47250 133 2127824 49203 0
1459947871655515 129 2163616 47470 128 2125427 47567 0
1459947871657238 131 2162263 45007 129 2124498 44706 0
1459947871659051 133 2163576 42700 131 2126201 42783 0
1459947871660944 135 2167346 42840 131 2127771 40887 0
1459947871662632 129 2163142 43368 128 2125378 39897 0
1459947871664425 133 2164386 41126 131 2127012 38287 0
1459947871666139 128 2159133 42755 125 2120839 40985 0
1459947871667972 131 2158130 40337 126 2116428 41848 0
1459947871669810 135 2162326 41053 131 2118762 40729 0
1459947871671482 131 2161074 38998 127 2115793 40283 0
1459947871673445 136 2166320 40787 133 2120736 41692 0
1459947871675675 137 2172436 43238 134 2126573 43815 0
1459947871677448 130 2169114 42922 125 2120434 46049 0
1459947871679415 134 2171171 41465 133 2125015 46674 0
1459947871681420 133 2171788 38794 130 2125398 43380 0
1459947871683228 128 2165957 41138 127 2121911 43204 0
1459947871685168 135 2169541 41228 132 2125096 42764 0
1459947871686865 135 2172845 41053 133 2129312 43310 0
1459947871688925 142 2172845 41053 140 2129312 43310 1
1459947871690844 131 2170771 39756 127 2125519 43422 0
1459947871692681 135 2173979 39607 132 2128422 42706 0
1459947871694511 133 2174376 36878 131 2129819 40656 0
1459947871696341 133 2174742 34334 131 2131106 38666 0
1459947871698249 128 2168680 37239 128 2128453 38090 0
1459947871700298 135 2172051 37437 131 2129847 36399 0
1459947871702364 137 2177719 39737 133 2133692 37100 0
1459947871704389 136 2181664 40269 134 2138517 38649 0
1459947871706462 138 2187861 42835 134 2142965 39729 0
1459947871708528 139 2194854 45935 136 2149625 42765 0
1459947871710617 137 2198741 45929 135 2154485 43903 0
1459947871712482 135 2199764 43283 133 2156405 42243 0
1459947871714551 137 2203267 43130 135 2160735 42934 0
1459947871716567 135 2203936 40377 133 2162167 40899 0
1459947871718328 131 2199433 41372 128 2157087 42385 0
1459947871720227 129 2192722 44325 128 2152404 43389 0
1459947871721915 127 2183975 48925 125 2144247 47518 0
1459947871723758 136 2187431 48288 135 2149527 48673 0
1459947871725660 132 2185497 46296 129 2146715 47462 0
1459947871727442 134 2186275 43396 131 2146682 43783 0
1459947871729409 129 2180592 45243 126 2140252 46289 0
1459947871731214 129 2175353 46537 126 2134324 48136 0
1459947871733150 134 2176923 44348 131 2135259 45237 0
1459947871734845 126 2168130 48988 122 2124601 51526 0
1459947871736569 127 2161304 51451 126 2119896 51836 0
1459947871738553 131 2160132 48511 131 2121959 49687 0
1459947871740592 137 2166731 50805 136 2130260 53458 0
1459947871742499 132 2166415 47126 129 2128953 50485 0
1459947871744095 127 2159723 49612 126 2123908 51190 0
1459947871745801 132 2159954 45949 130 2124377 47623 0
1459947871747519 132 2160167 42555 127 2120970 47042 0
1459947871749599 139 2169323 47671 136 2129349 51090 0
1459947871751465 136 2173924 48188 133 2133233 50679 0
1459947871753278 137 2179446 49513 134 2138094 51200 0
1459947871755290 134 2180696 46797 130 2137455 47788 0
1459947871757000 130 2176729 46796 126 2131746 49316 0
1459947871758648 132 2175632 44151 130 2131603 45594 0
1459947871760255 126 2166940 48713 123 2122511 50412 0
1459947871762044 130 2164047 47573 129 2121809 47119 0
1459947871763920 133 2165220 44938 131 2123722 45201 0
1459947871766163 143 2165220 44938 140 2123722 45201 1
1459947871768027 135 2168862 44784 133 2128046 45655 0
1459947871770062 138 2176059 47920 133 2132032 45763 0
1459947871771924 134 2177574 45573 127 2128027 45879 0
1459947871773825 137 2182811 46839 136 2135854 49510 0
1459947871775255 121 2182811 46839 119 2135854 49510 1
1459947871777104 131 2179958 45808 129 2134110 47249 0
1459947871778722 129 2174768 47012 129 2132502 45038 0
1459947871780520 129 2169984 47749 127 2128460 45244 0
1459947871782472 132 2169414 44543 131 2129854 42994 0
1459947871784422 136 2174008 45298 134 2134979 44359 0
1459947871786556 136 2178243 45663 133 2138423 44068 0
1459947871788511 135 2180867 44514 132 2140318 42372 0
1459947871790427 136 2184566 44446 132 2142065 40672 0
1459947871792399 137 2189256 45297 134 2146236 41339 0
1459947871794415 136 2192300 44564 133 2148801 40473 0
1459947871796612 136 2195106 43669 130 2147325 38670 0
1459947871798588 131 2191293 43771 129 2144685 38081 0
1459947871800664 138 2196738 45370 137 2152491 42301 0
1459947871802599 133 2195357 43097 130 2150727 40621 0
1459947871804443 134 2195364 39737 132 2151661 38308 0
1459947871806243 128 2187691 43705 129 2148682 38060 0
1459947871807822 126 2187691 43705 123 2148682 38060 1
1459947871809705 133 2187017 40910 130 2147216 36437 0
1459947871811693 139 2194076 44220 133 2149704 35884 0
1459947871813491 136 2196743 43224 133 2151998 35195 0
1459947871815412 137 2200482 43294 133 2154113 34394 0
1459947871817194 132 2197529 42632 130 2152222 33448 0
1459947871819029 134 2197367 39450 131 2151759 31260 0
1459947871821179 134 2197217 36504 132 2152612 29604 0
1459947871823323 140 2204759 40605 137 2159799 33916 0
1459947871825165 137 2207872 40302 133 2161304 32654 0
1459947871827021 134 2206902 38047 131 2160132 31182 0
1459947871828871 130 2200887 40618 127 2153931 34460 0
1459947871830888 134 2200462 37835 130 2152055 33496 0
1459947871832525 129 2193670 41139 127 2146485 36013 0
1459947871834300 132 2191249 40156 128 2142630 36751 0
1459947871836034 131 2187737 40254 130 2141637 34794 0
1459947871837920 135 2189620 38844 133 2144561 34771 0
1459947871839663 130 2184955 40108 129 2142137 34288 0
1459947871841476 130 2180655 40937 126 2136062 37208 0
1459947871843305 133 2180531 37851 132 2138142 36218 0
1459947871845402 134 2181697 35967 132 2140059 35155 0
1459947871847386 134 2182771 34148 130 2139266 33138 0
1459947871849022 126 2182771 34148 120 2139266 33138 1
1459947871850801 129 2177362 36466 127 2134695 34762 0
1459947871852545 129 2172375 38213 127 2130481 35929 0
1459947871854242 133 2172898 35709 127 2126597 36702 0
1459947871856001 135 2175940 35723 128 2124296 35954 0
1459947871857807 136 2180024 36697 126 2119615 37459 0
1459947871859746 140 2188909 42021 132 2122980 37634 0
1459947871861528 141 2198380 47469 131 2124802 36372 0
1459947871863604 143 2209671 54169 136 2132881 40978 0
1459947871865333 132 2206000 53320 126 2127529 42709 0
1459947871867062 136 2207736 50754 127 2123875 42739 0
1459947871868965 137 2210616 49443 128 2121787 41324 0
1459947871870494 129 2203031 52571 122 2112182 46949 0
1459947871872162 133 2201159 50188 124 2105887 49083 0
1459947871874127 140 2208393 52936 132 2110324 49338 0
1459947871876009 140 2215062 54948 131 2113134 48074 0
1459947871877917 135 2214810 50887 128 2111885 45469 0
1459947871879697 134 2213297 48304 126 2108173 45337 0
1459947871881022 111 2213297 48304 102 2108173 45337 1
1459947871882584 138 2217023 47965 130 2109871 43361 0
1459947871884238 135 2216618 44590 128 2108877 40889 0
1459947871886080 137 2218804 43121 129 2109240 38029 0
1459947871887896 136 2219539 40430 130 2110855 36546 0
1459947871889373 126 2219539 40430 119 2110855 36546 1
1459947871891064 130 2212537 43725 124 2104664 39396 0
1459947871892589 128 2212537 43725 120 2104664 39396 1
1459947871894376 134 2211202 41538 127 2102797 38039 0
1459947871896141 135 2211251 38338 128 2102355 35473 0
1459947871897853 134 2210017 36479 126 2099388 35435 0
1459947871899797 138 2213999 37300 131 2103053 36044 0
1459947871901609 133 2211270 36900 126 2100031 36012 0
1459947871903130 128 2202354 42235 122 2092126 40485 0
1459947871904585 127 2192855 47691 122 2084838 44039 0
1459947871906391 135 2194338 45332 128 2085800 41484 0
1459947871908211 135 2195705 43050 128 2086686 39060 0
1459947871909946 131 2191845 43243 124 2082383 39974 0
1459947871911805 136 2194687 42484 129 2084816 39094 0
1459947871913877 139 2201147 45119 131 2089619 40467 0
1459947871915908 138 2205822 45904 130 2092767 40207 0
1459947871917802 135 2206292 42750 127 2091829 37929 0
1459947871919671 138 2210565 43349 131 2096084 38888 0
1459947871921591 141 2218344 47133 133 2102567 41825 0
1459947871923264 129 2218344 47133 120 2102567 41825 1
1459947871925005 133 2215275 46278 125 2098303 42486 0
1459947871926686 125 2215275 46278 118 2098303 42486 1
1459947871928375 131 2209886 47629 124 2093093 43968 0
1459947871930536 140 2216438 49947 131 2097250 44365 0
1459947871932662 139 2221198 50432 133 2103642 46790 0
1459947871934333 130 2214066 53065 121 2094174 51861 0
1459947871936163 136 2215172 49938 129 2095686 49203 0
1459947871938032 136 2216191 46976 131 2099640 49004 0
1459947871940053 143 2226091 52432 136 2109685 54435 0
1459947871941874 137 2227537 49668 131 2112545 52819 0
1459947871943714 137 2228870 47016 131 2115182 51123 0
1459947871945550 138 2231379 45655 131 2117613 49370 0
1459947871947299 136 2231132 42315 129 2117294 45805 0
1459947871948905 133 2227064 42758 125 2111880 47216 0
1459947871950887 140 2232274 44220 133 2117129 48366 0
1459947871952622 131 2225557 46956 124 2110448 50745 0
1459947871954460 138 2228325 45839 132 2114529 50542 0
1459947871956246 135 2227037 43444 127 2111891 49024 0
1459947871958290 144 2237369 49574 135 2119699 52392 0
1459947871960253 142 2244334 52122 134 2125617 53754 0
1459947871961946 133 2239235 52749 125 2119553 55144 0
1459947871963610 132 2233254 54139 127 2116522 53628 0
1459947871965275 133 2229021 53811 125 2111168 54373 0
1459947871967315 140 2234078 54269 131 2113913 52655 0
1459947871968920 130 2225940 57530 122 2104923 56828 0
1459947871970788 136 2226118 53199 129 2105595 53008 0
1459947871972424 133 2222442 52430 127 2103655 50654 0
1459947871974361 137 2224173 49929 131 2106986 49767 0
1459947871976270 141 2230889 52219 133 2112617 51069 0
1459947871978133 139 2234520 51487 130 2113968 48325 0
1459947871979930 138 2236588 49370 131 2116494 46877 0
1459947871981483 130 2228254 53194 123 2108582 50506 0
1459947871983321 134 2225691 51400 128 2107689 47383 0
1459947871985121 135 2224608 48381 128 2106865 44439 0
1459947871986797 136 2224890 44861 128 2106106 41666 0
1459947871988485 131 2218750 47015 123 2099006 44954 0
1459947871990089 133 2215650 46198 124 2093741 46294 0
1459947871991632 133 2212792 45222 125 2090167 45971 0
1459947871993374 137 2215277 43980 130 2093272 45242 0
1459947871995014 132 2211168 44331 124 2088455 46147 0
1459947871996914 141 2218900 47995 134 2096814 50247 0
1459947871998933 138 2222188 47276 132 2101960 51065 0
1459947872000643 132 2217539 47867 125 2097744 50961 0
1459947872002242 131 2211973 49257 123 2091297 52921 0
1459947872004089 134 2210682 46597 128 2091754 49207 0
1459947872005894 133 2208212 45232 126 2089615 47333 0
1459947872007529 133 2205935 43796 125 2086363 46632 0
1459947872009229 131 2201276 44668 125 2083365 45750 0
1459947872010790 132 2198261 43957 125 2080602 44722 0
1459947872012431 130 2192921 45443 125 2078054 43575 0
1459947872014281 131 2189279 45249 125 2075706 42334 0
1459947872016014 135 2191041 43337 129 2078661 41750 0
1459947872017805 136 2193945 42629 130 2082665 42179 0
1459947872019438 131 2190223 42729 125 2079956 41379 0
1459947872021304 135 2191911 40946 125 2077459 40447 0
1459947872023174 135 2193467 39182 128 2078997 38705 0
1459947872024867 134 2193622 36263 127 2079135 35808 0
1459947872026736 137 2197605 37101 131 2084382 37847 0
1459947872028646 134 2197437 34356 127 2084099 35150 0
1459947872030385 137 2201122 35068 128 2085118 33343 0
1459947872032134 137 2204519 35459 128 2086058 31604 0
1459947872033758 131 2199970 36880 123 2080524 34234 0
1459947872035428 136 2202177 36032 126 2079263 32721 0
1459947872037243 139 2208051 38633 131 2084500 34992 0
1459947872039061 137 2210907 38246 131 2089328 36709 0
1459947872040770 135 2210979 35325 130 2092499 36764 0
1459947872042571 138 2214886 36167 129 2094142 35406 0
1459947872044190 132 2210808 37100 127 2093097 33602 0
1459947872045905 134 2209608 35306 126 2090853 33043 0
1459947872047597 133 2207222 34746 124 2086225 34727 0
1459947872049344 135 2207582 32363 127 2085798 32405 0
1459947872051464 143 2207582 32363 135 2085798 32405 1
1459947872053475 136 2209194 31320 129 2087965 31870 0
1459947872055387 139 2214520 33783 134 2096362 37121 0
1459947872057281 139 2219430 35670 132 2101543 38996 0
1459947872059175 135 2218837 33429 129 2102479 36812 0
1459947872060846 131 2213170 36040 124 2096942 39039 0
1459947872062457 132 2209226 36859 126 2094398 38333 0
1459947872064273 131 2204310 38510 125 2090773 38679 0
1459947872066341 140 2211298 41943 131 2095111 39656 0
1459947872068093 138 2215180 42245 131 2099110 40244 0
1459947872070083 138 2218759 42243 132 2104077 41677 0
1459947872071880 135 2218218 39440 127 2102255 40098 0
1459947872073754 136 2218999 37078 129 2103136 37777 0
1459947872075608 140 2224839 39565 130 2105228 36754 0
1459947872077393 139 2228943 40256 130 2107157 35660 0
1459947872079159 136 2228886 37162 127 2105095 34774 0
1459947872080866 133 2224994 37845 126 2101914 34989 0
1459947872082633 139 2229086 38660 130 2104101 34272 0
1459947872084566 136 2229018 35701 127 2102278 33274 0
1459947872086412 139 2232795 36393 132 2106997 35024 0
1459947872088160 135 2231157 35058 127 2104947 34175 0
1459947872089943 134 2228367 34890 123 2097938 37966 0
1459947872091711 135 2227075 33354 126 2095316 37415 0
1459947872093630 139 2231004 34370 132 2100579 39343 0
1459947872095415 141 2237186 37383 135 2109271 44282 0
1459947872097355 139 2240325 37356 132 2113444 44669 0
1459947872099407 140 2244499 38285 133 2118571 45905 0
1459947872101322 135 2241947 37645 129 2118177 42680 0
1459947872103098 134 2238314 38051 126 2113974 43219 0
1459947872105207 139 2241365 37891 133 2119059 44530 0
1459947872107119 136 2240338 35876 128 2117347 42628 0
1459947872109014 137 2240671 33380 130 2118329 40202 0
1459947872111038 139 2243538 33415 132 2121794 40255 0
1459947872112846 141 2248741 35601 134 2127548 42415 0
1459947872114953 143 2256098 39601 133 2131573 42811 0
1459947872116748 135 2252640 39694 128 2128883 41944 0
1459947872118542 135 2249452 39530 127 2125124 42132 0
1459947872120327 133 2243953 41509 126 2120378 43214 0
1459947872121933 133 2238884 42938 125 2114723 45049 0
1459947872123520 134 2235491 42710 125 2109510 46334 0
1459947872125449 139 2238763 42389 132 2113664 46544 0
1459947872127376 138 2240499 40678 130 2114934 44077 0
1459947872129265 140 2244660 41335 133 2119944 45252 0
1459947872131350 140 2248495 41641 132 2123283 44794 0
1459947872133223 140 2252031 41647 131 2125081 42952 0
1459947872134997 139 2254011 40218 132 2128019 42304 0
1459947872136741 134 2249436 41292 127 2124327 42402 0
1459947872138895 140 2252898 41258 131 2126043 40671 0
1459947872140731 137 2252250 38631 132 2128905 40132 0
1459947872142388 136 2250372 37342 128 2126424 39282 0
1459947872144205 136 2248641 36019 129 2125417 37141 0
1459947872146098 141 2253445 37634 132 2128328 36923 0
1459947872147779 135 2250194 37689 128 2125892 36283 0
1459947872149319 131 2242077 42226 124 2118526 40237 0
1459947872151012 135 2239714 41104 127 2115576 39812 0
1459947872152855 136 2238816 38719 128 2114136 38027 0
1459947872154650 136 2237988 36456 130 2115369 36192 0
1459947872156363 136 2237225 34310 127 2112665 35855 0
1459947872158232 135 2235241 33457 128 2111453 34170 0
1459947872160187 136 2234692 31348 131 2114175 34010 0
1459947872162135 136 2234186 29363 130 2115405 32485 0
1459947872164099 139 2237560 30179 132 2119098 33352 0
1459947872165835 134 2234270 30853 128 2117383 32326 0
1459947872167638 132 2234270 30853 121 2117383 32326 1
1459947872169743 143 2234270 30853 136 2117383 32326 1
1459947872171867 143 2234270 30853 136 2117383 32326 1
1459947872173852 142 2241477 35086 134 2123482 35422 0
1459947872175846 137 2241721 32569 130 2123984 33117 0
1459947872177716 136 2240666 30996 130 2124447 30956 0
1459947872179363 134 2237133 31830 127 2121034 31682 0
1459947872181214 135 2235156 31164 128 2119168 30926 0
1459947872182909 137 2235894 29409 128 2117448 30094 0
1459947872184680 136 2235294 27663 129 2117142 28023 0
1459947872186441 135 2233461 27190 126 2113020 29632 0
1459947872188313 137 2234331 25867 131 2115620 29714 0
1459947872190048 136 2233853 24285 128 2114177 28722 0
1459947872191720 137 2234693 23161 127 2111566 28884 0
1459947872193515 138 2236747 23245 130 2112999 27948 0
1459947872195042 128 2236747 23245 121 2112999 27948 1
1459947872196967 137 2237361 21994 130 2114320 26982 0
1459947872198916 140 2241767 24336 134 2120658 30717 0
1459947872200988 140 2245828 26178 132 2123941 31344 0
1459947872202851 139 2248292 26404 131 2125688 30505 0
1459947872204763 138 2249284 25255 131 2127298 29605 0
1459947872206680 137 2248918 23617 128 2124942 29463 0
1459947872208327 129 2248918 23617 123 2124942 29463 1
1459947872210075 139 2251141 23820 131 2126610 28699 0
1459947872211911 139 2253190 23848 130 2126868 26694 0
1459947872213667 137 2252519 22602 132 2129666 27187 0
1459947872215474 135 2249340 23765 129 2128405 26224 0
1459947872217343 138 2250250 22747 131 2129803 25464 0
1459947872219054 132 2250250 22747 124 2129803 25464 1
1459947872220909 137 2249809 21375 130 2129812 23482 0
1459947872222661 137 2249402 20079 129 2128540 22819 0
1459947872224586 140 2252867 21704 132 2131207 23495 0
1459947872226489 137 2252221 20602 127 2127266 25291 0
1459947872228121 130 2252221 20602 123 2127266 25291 1
1459947872230145 140 2255466 21983 131 2128753 24686 0
1459947872232116 141 2259737 24203 133 2132684 26381 0
1459947872233954 137 2258555 23401 130 2132468 24518 0
1459947872235860 139 2260025 22927 131 2133548 23598 0
1459947872237608 138 2260100 21204 127 2129424 25555 0
1459947872239527 136 2257609 21842 130 2129462 23593 0
1459947872241515 136 2255313 22251 130 2129497 21782 0
1459947872243144 135 2251916 23642 127 2125690 23589 0
1459947872244754 135 2248785 24680 127 2122180 24981 0
1459947872246387 131 2248785 24680 123 2122180 24981 1
1459947872248258 139 2251018 24810 132 2125344 25946 0
1459947872250106 142 2256917 28309 134 2130821 28967 0
1459947872251723 130 2256917 28309 120 2130821 28967 1
1459947872253386 132 2256917 28309 124 2130821 28967 1
1459947872255354 139 2258515 27570 129 2129470 27947 0
1459947872257110 137 2257428 26417 128 2126945 28090 0
1459947872258769 133 2251306 29996 125 2120777 31580 0
1459947872260308 130 2251306 29996 123 2120777 31580 1
1459947872262153 136 2249502 29314 128 2118931 30813 0
1459947872263907 131 2241439 34455 124 2112109 34693 0
1459947872265559 132 2235286 37434 125 2107100 36599 0
1459947872266950 124 2235286 37434 115 2107100 36599 1
1459947872268660 135 2233454 36197 127 2105042 35635 0
1459947872270282 130 2225365 40825 122 2096745 40499 0
1459947872272027 136 2225588 37840 127 2095496 38485 0
1459947872273803 136 2225793 35072 126 2093065 37718 0
1459947872275663 134 2223422 34516 127 2092104 35656 0
1459947872277544 137 2225077 33344 131 2096338 36773 0
1459947872279256 135 2224042 31692 128 2096401 33958 0
1459947872280954 135 2223088 30094 128 2096459 31359 0
1459947872282763 135 2222209 28552 130 2099073 31318 0
1459947872284377 138 2225238 29114 130 2101482 31092 0
1459947872286272 138 2228031 29414 130 2103703 30710 0
1459947872288181 142 2228031 29414 133 2103703 30710 1
1459947872290028 136 2228046 27129 124 2098071 33501 0
1459947872291634 131 2221659 30896 123 2091599 36849 0
1459947872293132 133 2218331 31549 126 2089472 35930 0
1459947872295053 138 2221663 32156 131 2093912 37215 0
1459947872296821 137 2223455 31295 127 2092885 35253 0
1459947872298531 135 2222547 29686 128 2093218 32805 0
1459947872300251 137 2224270 28954 130 2096085 32885 0
1459947872301833 132 2219458 31126 124 2091048 34958 0
1459947872303707 137 2221422 30505 129 2092804 33845 0
1459947872305371 132 2216833 32351 125 2089303 34426 0
1459947872307312 141 2224122 36543 131 2093756 35841 0
1459947872309052 137 2225722 35163 130 2096581 35644 0
1459947872311064 137 2227197 33775 128 2096625 32900 0
1459947872312676 135 2225997 32242 126 2094106 32651 0
1459947872314307 132 2221050 34282 123 2087943 35780 0
1459947872316023 136 2221610 32119 130 2091222 36007 0
1459947872317645 135 2220846 30312 128 2091685 33620 0
1459947872319372 136 2221422 28474 129 2093392 32566 0
1459947872321308 137 2223233 27918 129 2094965 31471 0
1459947872322904 131 2217222 31276 122 2087455 35934 0
1459947872324446 126 2205281 39839 121 2079252 40687 0
1459947872326112 129 2198113 43333 121 2071690 44478 0
1459947872327996 139 2204305 45655 130 2076239 45196 0
1459947872329450 129 2197213 48625 120 2067632 49598 0
1459947872330771 122 2197213 48625 114 2067632 49598 1
1459947872332465 134 2197075 44952 125 2066098 47136 0
1459947872334243 135 2198228 42503 127 2067244 44509 0
1459947872335997 132 2195451 41741 125 2065740 42416 0
1459947872337626 132 2192891 40838 123 2061794 42739 0
1459947872339429 134 2193091 37831 128 2064556 41946 0
1459947872341370 139 2199675 40945 131 2070942 44555 0
1459947872343173 137 2203185 40982 131 2076829 46501 0
1459947872345127 142 2212821 46663 134 2086096 51411 0
1459947872346843 138 2216584 46486 130 2089519 50550 0
1459947872348525 131 2211093 47915 122 2082435 53130 0
1459947872350292 138 2214991 47764 128 2083584 50039 0
1459947872351829 131 2209624 48978 125 2080804 48691 0
1459947872353498 135 2209797 45310 128 2082081 46064 0
1459947872355035 130 2203556 47522 121 2074298 49639 0
1459947872356776 136 2205483 45585 128 2076083 47406 0
1459947872358716 136 2207259 43660 128 2077729 45219 0
1459947872360487 135 2207616 40579 128 2079246 43084 0
1459947872362308 138 2211786 41252 128 2080644 41007 0
1459947872364152 140 2218190 43932 133 2088333 44891 0
1459947872365826 132 2213853 44496 123 2082621 46647 0
1459947872367627 136 2214975 42054 126 2081196 44315 0
1459947872369471 140 2221130 44442 131 2086282 45541 0
1459947872371169 136 2221684 41479 129 2088411 43945 0
1459947872372734 133 2218354 41306 125 2085253 43421 0
1459947872374360 134 2216565 39727 125 2082342 42710 0
1459947872376106 131 2211075 41683 125 2079659 41846 0
1459947872377741 129 2203454 45450 124 2075905 42036 0
1459947872379481 135 2204109 42502 128 2077564 40281 0
1459947872381207 138 2208552 43277 130 2081654 40904 0
1459947872382849 127 2198568 49098 121 2073904 44851 0
1459947872384883 141 2207284 53297 134 2083400 50101 0
1459947872386728 136 2208919 50641 129 2085754 48356 0
1459947872388412 129 2201467 53553 124 2081524 48477 0
1459947872390062 134 2200997 49801 125 2078904 47103 0
1459947872391760 131 2196724 49849 122 2072649 49188 0
1459947872393369 135 2197904 47042 128 2074563 47109 0
1459947872395095 135 2198992 44369 129 2077607 46234 0
1459947872396753 134 2198715 41156 126 2076573 43573 0
1459947872398684 131 2194620 41714 125 2074340 42225 0
1459947872400761 136 2197245 40875 126 2073562 39643 0
1459947872402900 139 2203505 43452 131 2079244 41784 0
1459947872404745 136 2205436 41837 128 2080643 39808 0
1459947872406640 134 2204656 39286 126 2079372 37868 0
1459947872408461 137 2207777 39093 129 2082041 37369 0
1459947872410453 140 2214494 42230 133 2089621 41437 0
1459947872412426 138 2218126 42278 129 2091489 39921 0
1459947872414139 133 2215074 41787 126 2089371 38754 0
1459947872415946 128 2205861 47014 120 2079738 44605 0
1459947872417873 136 2207608 44951 129 2082378 43554 0
1459947872419574 134 2206658 42314 126 2080972 41446 0
1459947872421415 136 2208342 40561 130 2084796 41733 0
1459947872423192 141 2216295 44723 133 2092161 45261 0
1459947872424881 137 2218506 43268 131 2096390 45623 0
1459947872426822 136 2219265 40586 129 2097729 43292 0
1459947872428792 136 2219964 38060 131 2101523 43407 0
1459947872430780 139 2224449 39220 130 2103741 42060 0
1459947872432650 137 2226023 37606 131 2107066 41839 0
1459947872434038 120 2226023 37606 112 2107066 41839 1
1459947872435746 132 2221074 39229 125 2102451 42823 0
1459947872437674 137 2222912 37859 129 2103317 40275 0
1459947872439687 142 2231007 42363 132 2107955 41404 0
1459947872441615 143 2239749 47112 135 2116071 45650 0
1459947872443462 139 2242688 46141 132 2119712 45440 0
1459947872445204 134 2238998 45937 126 2115389 45874 0
1459947872447073 135 2236876 44303 126 2111404 45963 0
1459947872448711 135 2234920 42644 129 2111570 42525 0
1459947872450280 130 2226716 46874 123 2104043 46140 0
1459947872452089 138 2229393 45679 129 2104784 43218 0
1459947872453880 135 2228021 43374 128 2104187 40390 0
1459947872455902 138 2230596 42359 130 2106197 39087 0
1459947872457691 137 2231690 40058 129 2106770 36561 0
1459947872459452 137 2232699 37858 127 2104738 35576 0
1459947872461533 146 2232699 37858 137 2104738 35576 1
1459947872463186 132 2227229 39942 122 2096465 40422 0
1459947872464764 133 2223466 40289 125 2092678 40754 0
1459947872466270 126 2211037 48598 120 2082787 46687 0
1459947872467847 133 2208539 47103 124 2078789 46724 0
1459947872469781 140 2215196 49560 129 2081503 45575 0
1459947872471489 136 2216213 46626 129 2084005 44321 0
1459947872473119 131 2210751 48017 121 2076072 48171 0
1459947872474776 132 2206996 47726 124 2072598 47608 0
1459947872476454 131 2202254 48368 125 2070676 45659 0
1459947872478536 138 2206842 48819 130 2075304 46357 0
1459947872480419 140 2213632 51265 131 2080850 47848 0
1459947872482028 135 2213492 47388 126 2079563 45294 0
1459947872483643 135 2213362 43803 128 2080937 43021 0
1459947872485419 136 2214523 41450 129 2083483 42006 0
1459947872487162 137 2216873 40377 128 2084550 39708 0
1459947872488942 137 2219039 39219 131 2089374 41052 0
1459947872490687 133 2215916 39033 127 2088701 38463 0
1459947872492540 140 2221997 41589 131 2093201 39606 0
1459947872494390 139 2226323 42327 132 2098629 41515 0
1459947872496188 135 2225191 40063 128 2098513 38377 0
1459947872498006 135 2224147 37894 127 2097126 36655 0
1459947872499927 141 2230865 41126 135 2106088 42052 0
1459947872501876 141 2237058 43622 131 2109229 41662 0
1459947872503721 139 2240207 43117 132 2113405 42257 0
1459947872505660 140 2244390 43605 133 2118535 43684 0
1459947872507637 137 2244407 40213 129 2118144 40631 0
1459947872509610 136 2243142 38236 129 2117784 37787 0
1459947872511130 129 2243142 38236 120 2117784 37787 1
1459947872512529 127 2243142 38236 119 2117784 37787 1
1459947872513910 122 2243142 38236 116 2117784 37787 1
1459947872515577 130 2234296 43402 122 2108492 43399 0
1459947872517414 137 2235101 40753 130 2110166 41551 0
1459947872519236 137 2235843 38253 130 2111709 39726 0
1459947872521031 136 2235247 35812 130 2113131 37933 0
1459947872522467 134 2232138 35879 125 2108042 39659 0
1459947872524190 134 2229272 35716 125 2103351 40884 0
1459947872525782 134 2226630 35360 126 2100306 40495 0
1459947872527426 132 2221634 37202 124 2094939 42278 0
1459947872528911 128 2211908 43260 121 2086151 47075 0
1459947872530550 131 2206782 44604 123 2080610 48504 0
1459947872532008 121 2206782 44604 116 2080610 48504 1
1459947872533632 127 2196937 50194 122 2074222 50602 0
1459947872535511 137 2200661 49705 132 2081133 53019 0
1459947872537419 139 2206654 51346 132 2087504 54749 0
1459947872539510 140 2213459 53607 133 2094657 57065 0
1459947872541285 133 2210772 51894 125 2091011 55966 0
1459947872543162 137 2213415 50275 132 2096610 56755 0
1459947872544951 137 2215851 48593 131 2100492 55900 0
1459947872546737 135 2215537 45084 128 2100231 51772 0
1459947872548436 136 2216528 42474 127 2098710 49128 0
1459947872550249 140 2222561 44717 132 2103708 49896 0
1459947872552270 141 2229403 47530 133 2109595 51424 0
1459947872553784 123 2229403 47530 116 2109595 51424 1
1459947872555559 137 2230590 44911 129 2109902 47689 0
1459947872557074 128 2220165 51012 120 2098665 54321 0
1459947872558892 136 2220794 47606 129 2099826 51148 0
1459947872560451 135 2220094 44530 126 2097057 49704 0
1459947872562246 136 2220729 41636 126 2094504 48173 0
1459947872563922 133 2217474 41383 126 2092150 46578 0
1459947872565878 138 2220873 41283 130 2095100 45659 0
1459947872567664 135 2220167 38707 128 2095260 42238 0
1459947872569391 132 2215676 39822 123 2089007 44701 0
1459947872570972 135 2215376 36986 124 2084523 45341 0
1459947872572768 138 2218939 37381 129 2086789 43887 0
1459947872574373 131 2213264 39691 122 2079918 46791 0
1459947872576074 136 2214432 37667 128 2081264 44376 0
1459947872577852 134 2212949 36090 124 2077385 44484 0
1459947872579659 137 2215422 35550 128 2078929 42431 0
1459947872581507 132 2211302 36569 124 2075232 42523 0
1459947872583159 135 2211344 33750 128 2076944 40778 0
1459947872584782 132 2207542 34617 123 2072122 42036 0
1459947872586441 133 2205317 33962 128 2074077 40553 0
1459947872588561 139 2210946 36497 133 2082279 44945 0
1459947872590363 136 2212295 34889 128 2083440 42504 0
1459947872592199 138 2216099 35670 132 2089631 44890 0
1459947872593747 132 2211926 36729 125 2086378 44380 0
1459947872595471 135 2211919 33865 128 2087219 41688 0
1459947872597138 128 2202952 39484 121 2079035 45975 0
1459947872599049 142 2212606 45299 134 2088130 50767 0
1459947872600892 135 2212546 41815 130 2091394 49809 0
1459947872602605 130 2206090 44498 119 2080323 56122 0
1459947872604353 134 2205259 41786 127 2080357 51769 0
1459947872606058 130 2199373 43947 123 2075269 52414 0
1459947872607835 134 2199066 40795 129 2078258 51075 0
1459947872609795 137 2202623 40887 129 2081014 49624 0
1459947872611790 138 2207183 41895 132 2087394 51629 0
1459947872613733 139 2212666 43676 131 2091996 51837 0
1459947872615138 125 2199801 52122 118 2079598 59215 0
1459947872616640 124 2186661 60161 118 2068169 65123 0
1459947872618399 139 2193748 61993 132 2075553 66842 0
1459947872620175 134 2193881 57272 126 2074680 62423 0
1459947872622035 135 2195284 54090 127 2075155 57984 0
1459947872624030 138 2200417 54596 132 2081993 59758 0
1459947872626014 135 2201309 51152 127 2081897 55177 0
1459947872628037 135 2202131 47913 129 2084368 53144 0
1459947872629727 133 2200329 45829 126 2082806 50431 0
1459947872631270 129 2193548 48498 120 2073686 54897 0
1459947872633218 140 2201377 51926 131 2079359 55838 0
1459947872635174 138 2206034 52162 129 2082029 53936 0
1459947872637398 147 2206034 52162 141 2082029 53936 1
1459947872639269 139 2211607 53224 131 2087050 54351 0
1459947872641157 137 2214185 51441 128 2087839 50831 0
1459947872642873 132 2210161 51130 123 2082166 52088 0
1459947872644564 133 2207732 49374 125 2079496 50478 0
1459947872646269 135 2208052 45811 129 2082155 48985 0
1459947872647845 131 2203227 46679 123 2076926 49977 0
1459947872649680 138 2207739 47192 130 2081066 49888 0
1459947872651237 133 2205499 45569 125 2078482 48371 0
1459947872652903 135 2205994 42464 128 2079940 45936 0
1459947872654600 133 2203890 41084 124 2076164 45827 0
1459947872656570 142 2213471 46706 135 2086763 52017 0
1459947872658354 134 2212063 44354 126 2085014 49564 0
1459947872660275 139 2217165 45591 131 2089802 50105 0
1459947872662013 130 2210348 48312 124 2085256 50380 0
1459947872663713 133 2207904 46789 124 2081065 50307 0
1459947872665382 132 2204371 46389 127 2081041 46397 0
1459947872667102 137 2207514 45661 129 2083579 45112 0
1459947872668952 131 2202731 46501 124 2079519 45329 0
1459947872670908 136 2204722 44704 128 2080896 43057 0
1459947872672841 138 2209118 45263 132 2087286 45583 0
1459947872674900 145 2209118 45263 138 2087286 45583 1
1459947872677062 141 2217010 49002 132 2093176 47451 0
1459947872678920 134 2215326 46725 127 2092206 44636 0
1459947872680805 132 2211213 46865 121 2083632 49051 0
1459947872682641 137 2213821 45608 129 2085968 47371 0
1459947872684450 135 2213666 42186 128 2086841 44475 0
1459947872686282 136 2214803 39938 129 2088926 42922 0
1459947872687666 122 2214803 39938 116 2088926 42922 1
1459947872689220 127 2204331 46470 119 2078048 49595 0
1459947872690727 125 2192117 54098 117 2065460 57324 0
1459947872692352 135 2193657 51291 129 2069215 56307 0
1459947872694085 141 2202757 55672 133 2077797 59820 0
1459947872695985 141 2211146 59056 136 2089549 65979 0
1459947872697673 136 2212480 55672 128 2090142 61371 0
1459947872699251 133 2209870 53728 126 2088129 58431 0
1459947872700949 132 2206183 52928 123 2082433 59116 0
1459947872702577 129 2198944 55465 122 2075902 60516 0
1459947872704388 135 2199951 52059 128 2077562 57318 0
1459947872706148 138 2204719 52387 130 2081652 56610 0
1459947872707679 132 2201435 51321 125 2079022 54610 0
1459947872709304 135 2202247 48060 127 2079158 50468 0
1459947872711282 137 2205556 47355 130 2083123 50181 0
1459947872712943 133 2203486 45562 127 2082939 46429 0
1459947872714899 139 2209258 47323 132 2089169 48544 0
1459947872716761 136 2210739 44991 126 2087232 46536 0
1459947872718689 139 2215945 46275 132 2093127 48334 0
1459947872720395 138 2219464 45903 130 2096001 47206 0
1459947872722037 132 2215028 46405 128 2096090 43600 0
1459947872723769 131 2209658 47728 123 2089772 46016 0
1459947872725472 129 2202148 50921 122 2082668 48969 0
1459947872727096 130 2196505 52143 123 2077399 49999 0
1459947872728764 132 2193863 50504 125 2075102 48209 0
1459947872730491 137 2197827 50212 128 2076824 46030 0
1459947872732246 141 2206601 54378 132 2083532 48617 0
1459947872734014 138 2210850 54046 130 2087156 48158 0
1459947872735979 138 2214767 53434 129 2089216 46295 0
1459947872737927 138 2218378 52588 128 2089836 43249 0
1459947872739459 118 2218378 52588 113 2089836 43249 1
1459947872740790 96 2218378 52588 92 2089836 43249 1
1459947872742072 94 2218378 52588 88 2089836 43249 1
1459947872743275 105 2218378 52588 99 2089836 43249 1
1459947872744952 138 2221707 51548 130 2092967 42756 0
1459947872746538 137 2223496 49169 128 2093293 39716 0
1459947872748116 133 2220025 48526 125 2089754 39875 0
1459947872749836 136 2220665 45324 129 2091611 38471 0
1459947872751585 136 2221255 42327 124 2086923 39785 0
1459947872753385 138 2224359 41881 128 2087722 37412 0
1459947872755236 135 2223380 39510 127 2087178 34989 0
1459947872757136 134 2221198 38434 128 2087957 32973 0
1459947872758770 129 2212786 43184 123 2082275 35633 0
1459947872760516 131 2207592 44598 123 2077037 37677 0
1459947872762188 132 2204083 44346 122 2070928 40364 0
1459947872763932 137 2207249 43799 131 2076816 42638 0
1459947872765641 133 2205047 42406 124 2073284 42561 0
1459947872767380 133 2203017 40963 126 2072588 39875 0
1459947872769179 137 2206266 40757 129 2075787 39708 0
1459947872770770 129 2199021 44250 121 2068496 43326 0
1459947872772486 138 2203862 45255 131 2074574 45544 0
1459947872774123 136 2205765 43473 128 2076337 43611 0
1459947872776035 139 2211359 45233 128 2077963 41702 0
1459947872777696 132 2207556 45204 124 2074342 41781 0
1459947872779469 134 2206610 42543 127 2074844 38978 0
1459947872781192 135 2207018 39595 126 2074026 36685 0
1459947872783025 138 2211234 40388 130 2078392 37843 0
1459947872784907 138 2215121 40815 131 2083697 39777 0
1459947872786737 136 2216144 38569 129 2086028 38818 0
1459947872788527 134 2214527 37044 127 2085617 36163 0
1459947872790652 143 2214527 37044 134 2085617 36163 1
1459947872792446 139 2219437 38675 131 2090358 37707 0
1459947872794261 137 2221403 37465 128 2090888 35250 0
1459947872795995 134 2219375 36406 124 2086257 36764 0
1459947872797990 135 2218786 34103 128 2087108 34675 0
1459947872799832 140 2224643 36837 129 2089172 33869 0
1459947872801604 133 2221082 37241 126 2087235 33007 0
1459947872803313 132 2216519 38536 126 2085449 32073 0
1459947872805029 137 2218713 37548 129 2087643 31589 0
1459947872806957 139 2223296 38839 131 2092225 33345 0
1459947872808591 137 2224961 37338 131 2096449 34633 0
1459947872810641 143 2234175 42915 134 2104183 39057 0
1459947872812458 138 2236270 41493 129 2104913 36678 0
1459947872814175 133 2231801 42370 126 2101746 36730 0
1459947872815769 128 2231801 42370 119 2101746 36730 1
1459947872817530 135 2230241 40496 126 2098827 36550 0
1459947872819349 137 2231363 38366 128 2098696 33814 0
1459947872820997 136 2231117 35594 126 2096015 33643 0
1459947872822885 137 2232170 33784 130 2098663 33455 0
1459947872824680 135 2230581 32608 127 2097264 32129 0
1459947872826604 140 2235516 34610 131 2101095 33149 0
1459947872828367 134 2232386 34791 127 2099506 32022 0
1459947872830080 139 2235900 35312 130 2101882 31710 0
1459947872831591 133 2231460 36645 124 2096392 34292 0
1459947872833295 135 2229927 35195 128 2096451 31666 0
1459947872835187 139 2233633 35862 129 2097785 30422 0
1459947872836998 135 2231930 34629 129 2099015 29179 0
1459947872838769 135 2230360 33369 129 2100149 27944 0
1459947872840702 139 2234033 34148 130 2102474 27904 0
1459947872842500 136 2233579 31898 128 2102058 26107 0
1459947872844335 134 2230600 32150 128 2101674 24420 0
1459947872846161 138 2232974 31826 129 2102600 23366 0
1459947872847923 134 2230042 32041 125 2098334 25472 0
1459947872849805 139 2233739 32946 131 2102081 26936 0
1459947872851496 138 2235868 32334 131 2105535 28016 0
1459947872853311 136 2235270 30357 127 2103600 27610 0
1459947872855079 137 2235999 28657 127 2101816 27096 0
1459947872857019 138 2237951 28218 131 2105291 28183 0
1459947872858707 131 2230791 32613 125 2100815 30107 0
1459947872860339 136 2230590 30249 129 2101808 28670 0
1459947872862274 139 2234245 31254 131 2105284 29634 0
1459947872863928 136 2233774 29245 127 2103368 29083 0
1459947872865590 134 2230780 29719 129 2104162 27542 0
1459947872867602 142 2238260 34292 134 2111294 31965 0
1459947872869769 146 2238260 34292 138 2111294 31965 1
1459947872871573 137 2238755 32069 129 2111469 29628 0
1459947872873155 129 2238755 32069 121 2111469 29628 1
1459947872875045 135 2236652 31501 128 2110350 28344 0
1459947872876732 135 2234713 30825 125 2105478 30619 0
1459947872878707 137 2235486 29128 129 2106107 28806 0
1459947872880492 136 2234918 27374 127 2104127 28379 0
1459947872882427 140 2239515 29472 133 2109982 31558 0
1459947872884304 138 2241192 28715 130 2111539 30528 0
1459947872886044 134 2237618 29764 125 2106575 32719 0
1459947872887803 136 2236884 28114 124 2100718 35560 0
1459947872889458 136 2236207 26540 128 2100439 33037 0
1459947872891515 140 2240703 28611 132 2105302 34938 0
1459947872893490 139 2243568 29016 130 2107225 33981 0
1459947872895319 140 2247489 30363 133 2112838 36500 0
1459947872897260 141 2252383 32502 132 2116732 37238 0
1459947872898905 132 2245375 36421 125 2111362 39278 0
1459947872900641 136 2244035 34810 127 2108971 38412 0
1459947872902435 138 2245359 33311 131 2111887 38099 0
1459947872904230 138 2246580 31833 130 2113295 36420 0
1459947872906131 138 2247705 30384 129 2113313 33591 0
1459947872908022 140 2251303 31326 133 2118450 35702 0
1459947872909608 136 2249499 30540 127 2115506 35625 0
1459947872911347 135 2246556 30866 127 2112792 35342 0
1459947872913196 142 2252803 34213 135 2120530 39713 0
1459947872915215 140 2256002 34489 131 2122543 38466 0
1459947872917291 140 2258951 34513 133 2126959 39531 0
1459947872919011 136 2256550 34028 128 2124630 38588 0
1459947872920571 129 2245377 41669 123 2116083 43451 0
1459947872922459 135 2242756 40828 130 2117164 41052 0
1459947872924423 139 2245460 40131 131 2119440 39942 0
1459947872926211 138 2246673 38113 132 2122818 39935 0
1459947872928196 140 2250351 38526 131 2124652 38506 0
1459947872930039 138 2251182 36282 131 2126343 37056 0
1459947872932010 137 2250668 33920 126 2121502 38623 0
1459947872933798 133 2245074 36426 128 2119599 37358 0
1459947872935585 133 2239917 38333 124 2112725 40775 0
1459947872937238 130 2239917 38333 119 2112725 40775 1
1459947872938879 132 2233883 40900 123 2105108 44610 0
1459947872940563 133 2229600 41651 125 2100646 45236 0
1459947872942413 135 2228212 39676 126 2097813 44312 0
1459947872944244 137 2229492 37756 130 2100321 43162 0
1459947872946032 139 2233232 38254 132 2105193 44280 0
1459947872947732 133 2229000 39165 125 2100724 44939 0
1459947872949498 136 2228939 36160 128 2100444 41685 0
1459947872951020 132 2223763 38106 123 2093786 44565 0
1459947872952691 131 2217711 40706 126 2091488 43200 0
1459947872954515 136 2218532 38282 130 2094490 42592 0
1459947872956297 138 2221849 38349 130 2097257 41815 0
1459947872958226 136 2222347 35811 130 2099808 40900 0
1459947872959820 133 2218966 36129 125 2095760 41435 0
1459947872961612 136 2219689 33972 128 2095868 38297 0
1459947872963331 136 2220355 31931 129 2097248 36577 0
1459947872965023 131 2214569 34769 124 2092120 38445 0
1459947872966647 133 2211795 34608 126 2089953 37438 0
1459947872968588 136 2213078 33087 128 2090515 35031 0
1459947872970663 139 2218101 35132 131 2094873 36312 0
1459947872972722 139 2222731 36656 131 2098891 37179 0
1459947872974770 139 2227000 37727 130 2101315 36508 0
1459947872976792 139 2230935 38407 132 2106109 38075 0
1459947872978246 127 2219203 46221 121 2096449 44005 0
1459947872979870 131 2213507 47859 126 2093943 42876 0
1459947872981416 124 2213507 47859 117 2093943 42876 1
1459947872983103 131 2208256 48960 124 2089073 44014 0
1459947872984931 138 2212376 48933 129 2090984 42336 0
1459947872986643 136 2213614 46251 126 2088905 40943 0
1459947872988191 133 2210915 45124 125 2085709 40690 0
1459947872990058 138 2214827 45204 130 2089162 40695 0
1459947872991915 138 2218433 44996 129 2091066 39270 0
1459947872993840 136 2219197 42185 127 2090261 36943 0
1459947872995469 130 2212222 45318 122 2083119 40639 0
1459947872996907 126 2212222 45318 119 2083119 40639 1
1459947872998519 130 2205792 47704 121 2075255 44713 0
1459947873000334 139 2211384 49132 128 2076965 42796 0
1459947873002174 135 2211419 45325 129 2079822 42085 0
1459947873004279 144 2211419 45325 137 2079822 42085 1
1459947873005982 130 2205051 47652 124 2076055 42268 0
1459947873007739 135 2205581 44417 126 2075143 39805 0
1459947873009562 133 2203509 42855 126 2074302 37469 0
1459947873011008 129 2196479 45985 121 2067127 41155 0
1459947873012686 135 2197679 43498 127 2068192 38921 0
1459947873014663 139 2203905 45838 132 2075574 42685 0
1459947873016252 132 2200684 45224 125 2073419 41335 0
1459947873018086 134 2200275 42066 128 2075273 39814 0
1459947873020084 140 2207578 45511 130 2079542 40638 0
1459947873022175 141 2215590 49342 132 2086037 43451 0
1459947873023987 140 2221697 51116 131 2090745 44396 0
1459947873026121 140 2227326 52312 133 2097645 47288 0
1459947873027914 137 2228676 49469 129 2098886 44737 0
1459947873029699 135 2227360 46816 128 2098750 41365 0
1459947873031382 133 2223587 46635 126 2096065 40608 0
1459947873033232 136 2223949 43324 129 2097429 38693 0
1459947873034995 134 2221722 41991 127 2096127 36869 0
1459947873036880 135 2220949 39421 127 2094927 35094 0
1459947873038456 132 2216397 40537 122 2087420 39271 0
1459947873040187 135 2216040 37698 128 2088180 36902 0
1459947873042024 138 2219551 37989 131 2092720 38205 0
1459947873043852 136 2220228 35645 130 2095626 37899 0
1459947873045772 139 2224692 36975 132 2100865 39767 0
1459947873047420 134 2222407 36191 127 2099294 38107 0
1459947873049121 135 2221581 34124 127 2097846 36463 0
1459947873050754 133 2218259 34519 125 2093951 37203 0
1459947873052345 132 2213917 35824 124 2089081 38785 0
1459947873054044 134 2212474 34354 127 2088431 36352 0
1459947873055838 133 2209864 34075 125 2085272 36423 0
1459947873057617 135 2210018 31554 129 2087480 35612 0
1459947873059535 140 2216560 35119 131 2092075 37065 0
1459947873061506 140 2222591 37935 130 2095031 36894 0
1459947873063199 133 2219191 38105 126 2092636 36218 0
1459947873064912 136 2219896 35778 128 2092988 33713 0
1459947873066714 135 2219266 33562 126 2090753 33139 0
1459947873068688 137 2221245 32764 128 2091252 31010 0
1459947873070593 138 2224350 33066 130 2094272 31372 0
1459947873072370 135 2223372 31382 128 2094497 29128 0
1459947873074139 133 2219911 32120 127 2093424 27840 0
1459947873075820 135 2219280 30191 127 2092435 26576 0
1459947873077581 133 2216138 30727 126 2090243 26519 0
1459947873079425 138 2219642 31556 131 2094622 28484 0
1459947873081257 137 2221592 30888 130 2097379 28800 0
1459947873082971 132 2216990 32716 124 2092241 31286 0
1459947873084596 132 2212747 34070 125 2088784 32027 0
1459947873086504 137 2215236 33702 129 2090717 31306 0
1459947873088469 136 2216250 32004 130 2093779 31683 0
1459947873090415 137 2218465 31545 128 2094042 29449 0
1459947873092231 135 2217947 29557 125 2090444 30463 0
1459947873093603 127 2217947 29557 119 2090444 30463 1
1459947873095448 134 2216189 28866 127 2089688 28779 0
1459947873097331 137 2218409 28656 129 2091551 28247 0
1459947873099301 141 2225575 33023 134 2099668 33523 0
1459947873101279 140 2230901 35353 133 2105871 36622 0
1459947873103167 138 2233251 34758 131 2109029 36672 0
1459947873104875 134 2230298 34764 126 2105541 37022 0
1459947873106761 138 2232695 34258 129 2106165 34704 0
1459947873108569 139 2236185 34799 130 2108020 33702 0
1459947873110455 137 2236843 32686 130 2109730 32646 0
1459947873112322 137 2237449 30691 129 2110027 30369 0
1459947873113996 133 2232888 32497 126 2106461 31283 0
1459947873115724 134 2229963 32653 127 2104453 30689 0
1459947873117504 136 2229827 30226 129 2105162 28945 0
1459947873119442 144 2229827 30226 136 2105162 28945 1
1459947873121294 136 2229701 27979 130 2107096 28466 0
1459947873123120 136 2229585 25899 128 2106319 26958 0
1459947873124712 132 2224358 28692 124 2100482 30231 0
1459947873126382 136 2224660 26728 127 2098941 29288 0
1459947873128295 138 2227498 27255 131 2102641 30410 0
1459947873130097 134 2224994 27432 127 2100932 29609 0
1459947873131802 135 2223966 26235 127 2099356 28747 0
1459947873133664 138 2226858 26851 130 2101743 28702 0
1459947873135528 139 2230804 28391 131 2105224 29668 0
1459947873137582 143 2230804 28391 135 2105224 29668 1
1459947873139370 141 2237002 31886 133 2110993 32668 0
1459947873141070 136 2236316 30026 130 2112471 31478 0
1459947873142802 134 2233123 30622 128 2111274 30121 0
1459947873144661 137 2234020 29056 130 2112730 29109 0
1459947873146126 129 2234020 29056 123 2112730 29109 1
1459947873147925 137 2234847 27548 131 2115352 29252 0
1459947873149679 138 2236889 27278 132 2119050 30375 0
1459947873151224 125 2236889 27278 120 2119050 30375 1
1459947873152801 130 2228532 32850 124 2112219 34298 0
1459947873154586 137 2229787 31440 130 2113601 32892 0
1459947873156551 140 2234784 33590 133 2118715 35037 0
1459947873158299 134 2231711 33797 126 2114470 36211 0
1459947873160332 141 2237838 36804 133 2119517 38034 0
1459947873162222 137 2238366 34415 128 2117769 36672 0
1459947873164104 138 2240133 33355 131 2119998 35862 0
1459947873166100 141 2245602 35791 132 2123333 36134 0
1459947873167929 139 2248084 35282 131 2125127 34965 0
1459947873169702 133 2242692 37495 125 2119101 37787 0
1459947873171462 136 2241561 35606 124 2112266 41134 0
1459947873173220 133 2236679 37324 125 2107245 42548 0
1459947873175174 139 2239858 37339 130 2109016 40856 0
1459947873177347 143 2247909 41843 137 2119609 47429 0
1459947873179369 139 2250211 40696 132 2122974 46825 0
1459947873181223 136 2248493 39099 129 2122236 43845 0
1459947873182860 134 2244349 39863 127 2118996 43405 0
1459947873184649 135 2241809 39089 128 2117289 41586 0
1459947873186454 134 2238187 39373 129 2116995 38607 0
1459947873188336 136 2237408 37013 130 2118004 36520 0
1459947873189886 131 2237408 37013 121 2118004 36520 1
1459947873191677 138 2239250 35819 131 2120214 35704 0
1459947873193407 138 2240948 34585 131 2122252 34793 0
1459947873195176 137 2241233 32146 132 2125411 34986 0
1459947873197088 142 2247896 35777 131 2127043 33756 0
1459947873198874 134 2243799 36757 127 2123427 34450 0
1459947873200679 137 2243862 33943 129 2122654 32470 0
1459947873202476 137 2243920 31344 129 2121941 30589 0
1459947873204094 131 2236293 35925 126 2117444 32344 0
1459947873205943 133 2231822 37239 127 2114578 32458 0
1459947873207680 134 2228980 36948 128 2113216 31177 0
1459947873209297 127 2228980 36948 121 2113216 31177 1
1459947873210805 133 2225080 37655 125 2108121 33437 0
1459947873212659 138 2227885 37299 132 2112384 34754 0
1459947873214492 138 2230471 36769 130 2113754 33300 0
1459947873216386 139 2234135 37274 130 2115016 31862 0
1459947873218168 136 2233673 34786 130 2116180 30445 0
1459947873219966 137 2234527 32855 128 2114693 29436 0
1459947873221729 135 2232754 31921 131 2117162 29412 0
1459947873223645 139 2236240 32640 132 2120718 30392 0
1459947873225506 135 2234333 31847 129 2120156 28534 0
1459947873227293 137 2235135 30098 128 2118358 27960 0
1459947873229218 138 2237155 29608 128 2116701 27302 0
1459947873231147 135 2235177 29117 128 2115173 26576 0
1459947873232869 131 2235177 29117 123 2115173 26576 1
1459947873234968 140 2239753 31061 132 2118885 27921 0
1459947873237109 142 2246532 34883 134 2124867 31253 0
1459947873239056 135 2243821 34655 128 2122701 30807 0
1459947873240510 132 2237482 37790 126 2118144 32600 0
1459947873241974 129 2237482 37790 121 2118144 32600 1
1459947873243638 136 2236758 35503 129 2117784 30384 0
1459947873245305 135 2234811 34523 126 2113612 31855 0
1459947873247188 136 2234296 32299 128 2112326 30551 0
1459947873248880 135 2232541 31392 128 2111140 29256 0
1459947873250804 136 2232203 29249 129 2111327 27142 0
1459947873252753 143 2232203 29249 137 2111327 27142 1
1459947873254465 139 2235732 30216 132 2115339 28720 0
1459947873256408 141 2241545 33214 133 2120318 31066 0
1459947873258313 135 2239224 32758 129 2119788 29126 0
1459947873260139 137 2239644 30585 131 2121859 28759 0
1459947873261903 132 2233631 33737 126 2117368 30651 0
1459947873263840 141 2239608 36611 133 2122188 32700 0
1459947873265762 136 2238718 34569 128 2120232 31948 0
1459947873267471 134 2235338 34983 126 2115868 33474 0
1459947873269090 133 2230942 36301 124 2109285 36925 0
1459947873270857 137 2232009 34448 130 2110897 35526 0
1459947873272630 139 2235553 35023 132 2114943 36480 0
1459947873274489 138 2237540 34118 131 2117393 35888 0
1459947873276250 137 2238092 31961 128 2115811 34541 0
1459947873278131 137 2238601 29933 127 2113073 34365 0
1459947873279990 139 2241630 30386 130 2114389 32893 0
1459947873281673 128 2230342 38417 123 2106642 37464 0
1459947873283477 137 2231456 36442 131 2109740 37393 0
1459947873285266 136 2231203 33826 129 2110036 34744 0
1459947873287299 142 2238650 38048 132 2114149 35821 0
1459947873288941 132 2232715 40545 124 2107701 38966 0
1459947873290658 139 2236204 40593 129 2108156 36341 0
1459947873292366 137 2236860 38026 130 2109856 35068 0
1459947873294319 137 2237465 35613 128 2108863 33242 0
1459947873296123 132 2231623 38215 126 2105388 33847 0
1459947873297959 133 2227517 39013 127 2103464 32975 0
1459947873299526 133 2223732 39454 124 2097850 35572 0
1459947873301345 137 2225362 37874 131 2101635 36281 0
1459947873303132 136 2225585 35121 129 2102564 34303 0
1459947873304852 129 2216831 40446 122 2094461 39092 0
1459947873306433 132 2212601 41185 126 2092111 38203 0
1459947873308037 129 2204861 45101 123 2086104 40754 0
1459947873309845 137 2207966 44439 130 2089527 40725 0
1459947873311325 133 2205708 43047 125 2086282 40533 0
1459947873313210 142 2215147 48384 134 2094811 45228 0
1459947873315111 138 2218728 47905 133 2101393 47762 0
1459947873317093 139 2223309 48385 132 2106181 48444 0
1459947873318907 137 2224972 46138 129 2106755 45188 0
1459947873320657 134 2222666 44658 127 2104724 43528 0
1459947873322348 128 2212860 50208 122 2096452 47752 0
1459947873324264 133 2210220 48718 126 2093946 46330 0
1459947873325719 126 2198826 55414 119 2082676 53099 0
1459947873327359 132 2196002 53686 126 2081246 50267 0
1459947873329027 134 2195959 49530 125 2078648 48733 0
1459947873330996 139 2202319 51523 131 2083933 49797 0
1459947873333049 142 2212022 56442 134 2092645 53938 0
1459947873334888 129 2204327 59125 123 2086597 55299 0
1459947873336681 133 2202353 56323 126 2084861 52577 0
1459947873338346 135 2203094 52605 128 2085821 49354 0
1459947873340264 139 2208897 53844 131 2090546 49854 0
1459947873342316 141 2216806 56929 132 2096182 51154 0
1459947873344117 136 2217698 53303 129 2097537 48406 0
1459947873345971 133 2214680 51919 125 2093666 48191 0
1459947873347551 129 2206778 55146 123 2087538 50074 0
1459947873349029 125 2194373 62272 120 2078049 54908 0
1459947873350986 139 2200857 63385 131 2083381 55533 0
1459947873352764 134 2200435 58821 126 2081896 52562 0
1459947873354650 135 2201326 55046 127 2081807 48536 0
1459947873356313 135 2202147 51502 124 2077885 48358 0
1459947873357912 129 2195224 53859 122 2071710 50272 0
1459947873359594 133 2193962 50814 124 2068577 49231 0
1459947873361314 131 2190238 50276 123 2064409 49225 0
1459947873363035 129 2184245 51872 122 2059287 50100 0
1459947873365016 134 2185120 48626 128 2062245 48912 0
1459947873366645 135 2187207 46751 127 2063692 46424 0
1459947873368592 135 2189131 44872 129 2067586 46386 0
1459947873370473 140 2197305 48901 132 2075015 49611 0
1459947873372303 137 2201000 48486 131 2080584 50869 0
1459947873373965 133 2199286 46277 127 2080598 46907 0
1459947873375826 138 2204106 47105 130 2084451 46794 0
1459947873377641 135 2204710 43981 128 2085443 44052 0
1459947873379602 139 2210387 45777 131 2090197 44993 0
1459947873381594 137 2213060 44664 129 2092020 43157 0
1459947873383438 137 2215524 43446 130 2094980 42514 0
1459947873385022 128 2206276 48576 123 2088749 44935 0
1459947873386838 136 2207990 46361 128 2089405 42029 0
1459947873388690 135 2208290 43016 128 2090010 39302 0
1459947873390547 140 2214967 45810 132 2095687 41465 0
1459947873392482 140 2221122 47905 132 2100921 43050 0
1459947873394404 139 2225516 48213 131 2104466 42954 0
1459947873396329 137 2227007 45821 130 2106454 41431 0
1459947873398160 136 2227102 42328 130 2108287 39884 0
1459947873399704 128 2216949 48380 122 2099737 44649 0
1459947873401457 133 2213989 47327 126 2096975 43706 0
1459947873402968 131 2208701 48503 123 2090588 46178 0
1459947873404622 132 2205106 48026 125 2087260 45637 0
1459947873406426 137 2208192 47118 129 2089312 43963 0
1459947873408323 139 2213597 48418 133 2096324 46992 0
1459947873410255 141 2221139 51588 134 2104068 50459 0
1459947873411844 133 2217852 50586 127 2102247 48194 0
1459947873413555 136 2218662 47380 128 2101848 44794 0
1459947873415337 138 2221969 46726 129 2102761 42135 0
1459947873417205 136 2222457 43525 127 2101042 40426 0
1459947873418913 136 2222907 40539 128 2100738 37547 0
1459947873420695 136 2223322 37753 128 2100457 34871 0
1459947873422616 138 2226264 37516 131 2104038 35448 0
1459947873424539 136 2226417 34726 129 2104780 33362 0
1459947873426446 137 2227838 33323 129 2105464 31385 0
1459947873428373 139 2231708 34286 130 2107374 30694 0
1459947873430135 136 2231435 31857 128 2106575 29032 0
1459947873431900 135 2229904 30779 126 2103278 29801 0
1459947873433615 134 2227212 30854 127 2101519 29093 0
1459947873435380 133 2223451 31910 127 2099897 28314 0
1459947873437093 131 2217423 34973 125 2095842 29838 0
1459947873438670 130 2210586 38542 124 2090824 32131 0
1459947873440388 135 2210683 35620 127 2090038 30344 0
1459947873442366 136 2212053 34100 130 2093153 30845 0
1459947873443914 126 2212053 34100 120 2093153 30845 1
1459947873445779 130 2205636 37350 124 2088345 32866 0
1459947873447702 138 2209960 38418 132 2094153 35652 0
1459947873449288 132 2206266 38820 126 2091827 35009 0
1459947873451173 135 2206701 36188 127 2090963 33069 0
1459947873452979 137 2209662 36090 129 2092726 32110 0
1459947873454760 128 2209662 36090 121 2092726 32110 1
1459947873456329 131 2204712 37833 125 2089231 32822 0
1459947873458219 133 2202708 36723 125 2086009 33226 0
1459947873460044 137 2205981 36871 131 2090719 34972 0
1459947873461692 133 2203878 35927 126 2088661 34135 0
1459947873463484 136 2205780 34873 129 2090604 33259 0
1459947873465099 130 2205780 34873 121 2090604 33259 1
1459947873466591 133 2203693 34071 126 2088555 32548 0
1459947873468455 137 2206889 34355 127 2087946 30565 0
1459947873469923 126 2206889 34355 119 2087946 30565 1
1459947873471293 122 2206889 34355 114 2087946 30565 1
1459947873472688 121 2206889 34355 115 2087946 30565 1
1459947873474207 126 2206889 34355 120 2087946 30565 1
1459947873476155 136 2208555 33207 130 2091225 31200 0
1459947873478068 134 2207531 31555 126 2089128 30695 0
1459947873479803 134 2206587 29958 128 2089754 28873 0
1459947873481433 129 2206587 29958 121 2089754 28873 1
1459947873482899 129 2206587 29958 121 2089754 28873 1
1459947873484388 132 2203157 30778 123 2083931 31984 0
1459947873486398 139 2208955 33718 128 2084963 30437 0
1459947873488331 137 2211740 33650 131 2089755 32476 0
1459947873490188 138 2215587 34568 131 2094172 34010 0
1459947873492078 137 2217854 33957 128 2094404 31566 0
1459947873493823 134 2216104 32917 126 2092058 31261 0
1459947873495707 137 2218330 32397 129 2093735 30364 0
1459947873497547 134 2216542 31512 127 2092721 28924 0
1459947873499421 137 2218734 31071 130 2095627 29343 0
1459947873501181 133 2215635 31499 126 2093186 29300 0
1459947873503050 137 2217898 31124 130 2096055 29655 0
1459947873504998 138 2221264 31795 130 2098700 29777 0
1459947873506858 141 2228207 35712 131 2102419 30878 0
1459947873508707 138 2230768 35283 131 2105847 31625 0
1459947873510076 127 2230768 35283 121 2105847 31625 1
1459947873511629 129 2221609 40969 124 2100047 34500 0
1459947873513236 131 2215725 43191 123 2093420 37912 0
1459947873514833 126 2215725 43191 119 2093420 37912 1
1459947873516791 138 2219261 43076 131 2097551 38758 0
1459947873518828 139 2223801 43895 133 2103919 41601 0
1459947873520370 129 2215186 48406 125 2099550 42377 0
1459947873521896 125 2215186 48406 118 2099550 42377 1
1459947873523502 128 2205964 53124 122 2091682 46318 0
1459947873525354 140 2212823 55296 134 2099789 50172 0
1459947873527134 135 2212746 51046 127 2098302 47621 0
1459947873528822 132 2208835 50663 124 2093092 48702 0
1459947873530494 133 2206509 48847 125 2089569 48144 0
1459947873532121 135 2206925 45413 127 2088881 45015 0
1459947873533716 135 2207308 42219 127 2088247 42082 0
1459947873535477 133 2205102 40953 127 2087662 39332 0
1459947873537549 139 2210748 42958 132 2093523 41662 0
1459947873539129 126 2199313 50142 120 2083566 47585 0
1459947873540573 129 2192611 52401 122 2076947 49968 0
1459947873542068 131 2188993 51642 124 2073405 49328 0
1459947873543968 137 2193337 51612 129 2076540 48364 0
1459947873545908 145 2193337 51612 135 2076540 48364 1
1459947873547812 137 2197342 51271 129 2079430 47249 0
1459947873549241 129 2190794 53300 122 2073134 49360 0
1459947873550867 133 2189878 49979 126 2072450 46133 0
1459947873552671 137 2194153 50015 130 2076939 46667 0
1459947873554469 135 2195534 47380 128 2078518 44476 0
1459947873556227 135 2196807 44852 128 2079973 42343 0
1459947873557900 131 2192861 44984 124 2076195 42516 0
1459947873559570 129 2186663 47182 124 2072712 42404 0
1459947873561404 133 2186069 44041 128 2074621 40851 0
1459947873563293 137 2190642 44816 129 2077661 40461 0
1459947873565255 140 2198698 48740 132 2084303 43422 0
1459947873566840 128 2190764 52245 123 2078906 45003 0
1459947873568599 131 2187290 51365 125 2076491 43712 0
1459947873570218 131 2184087 50303 125 2074265 42348 0
1459947873571876 133 2183695 46734 125 2072213 40930 0
1459947873573579 135 2185893 45109 127 2072881 38348 0
1459947873575485 135 2187920 43452 129 2076057 38280 0
1459947873577762 139 2194908 46499 132 2082825 41528 0
1459947873579721 136 2197510 45265 128 2083944 39314 0
1459947873581613 137 2201189 45120 129 2086255 38373 0
1459947873583438 139 2207141 47082 133 2093506 42059 0
1459947873585173 134 2206228 44244 127 2092510 39690 0
1459947873586873 132 2202826 43922 125 2089032 39794 0
1459947873588423 129 2195850 46920 121 2080706 44360 0
1459947873590022 129 2189419 49182 122 2074310 46789 0
1459947873591924 138 2195010 50493 132 2081214 49498 0
1459947873593804 139 2201444 52480 131 2086299 50317 0
1459947873595457 133 2199696 49991 127 2085866 46783 0
1459947873597338 132 2196804 48750 127 2085467 43495 0
1459947873599033 132 2194138 47398 124 2081259 43974 0
1459947873600904 134 2194240 43790 128 2082500 41682 0
1459947873602305 129 2187935 46180 123 2077244 43269 0
1459947873603992 134 2188522 43113 128 2078799 41321 0
1459947873605686 130 2183943 43964 122 2072552 43850 0
1459947873607324 134 2184842 41358 128 2074473 42195 0
1459947873609332 135 2186951 40070 129 2077524 41711 0
1459947873611147 139 2194015 43451 132 2084177 44585 0
1459947873612723 133 2192847 41132 127 2083910 41346 0
1459947873614487 135 2194330 39285 129 2086224 40248 0
1459947873616276 135 2195697 37476 126 2084517 38675 0
1459947873618019 134 2195678 34565 128 2085504 36563 0
1459947873619703 135 2196940 33028 129 2087694 35724 0
1459947873621572 136 2199384 32700 130 2090992 35974 0
1459947873623161 131 2195237 33967 123 2085073 38619 0
1459947873624852 136 2197814 33688 129 2087296 37651 0
1459947873626615 136 2200189 33246 129 2089346 36598 0
1459947873628091 129 2193419 36888 122 2082275 40255 0
1459947873630039 135 2194858 35332 129 2084717 39361 0
1459947873631808 137 2198744 36154 131 2089528 40720 0
1459947873633464 131 2194647 37105 126 2087563 39348 0
1459947873635205 133 2193430 35327 128 2088312 36963 0
1459947873637071 135 2194868 33892 130 2091562 37071 0
1459947873638767 133 2193633 32381 127 2090718 34951 0
1459947873640365 134 2193775 29982 128 2091220 32683 0
1459947873642200 135 2195186 28940 131 2095523 34096 0
1459947873644258 141 2195186 28940 135 2095523 34096 1
1459947873646091 137 2199047 30238 131 2099490 35089 0
1459947873648162 137 2202606 31156 131 2103147 35718 0
1459947873650087 137 2205887 31746 129 2103958 33675 0
1459947873651979 137 2208912 32053 130 2105986 32913 0
1459947873653701 137 2211700 32118 129 2106575 30884 0
1459947873655431 132 2207870 33137 127 2104558 30329 0
1459947873656979 131 2203060 34982 126 2101419 30852 0
1459947873658698 132 2199905 35156 126 2098525 31108 0
1459947873660684 139 2205957 37988 134 2106097 35658 0
1459947873662549 141 2214096 42523 134 2113078 39307 0
1459947873664248 135 2213919 39362 129 2113113 36269 0
1459947873665981 132 2209916 39975 128 2111866 34584 0
1459947873668004 138 2213906 40529 132 2115836 35542 0
1459947873669783 134 2212464 38690 128 2114376 34110 0
1459947873671474 134 2211135 36891 129 2114310 31505 0
1459947873673233 135 2211190 34058 130 2115529 30167 0
1459947873675125 136 2212520 32623 129 2115373 27953 0
