1459947871376344 133 2179072 0 132 2162688 0 0
1459947871378266 133 2179072 0 131 2161408 1180 0
1459947871380294 137 2184192 4720 134 2164068 3539 0
1459947871382352 138 2190192 9882 134 2166520 5522 0
1459947871384172 132 2188043 11089 127 2159820 11265 0
1459947871386051 130 2183502 14408 127 2153644 16077 0
1459947871387992 132 2181875 14780 129 2150510 17708 0
1459947871390001 136 2185496 16963 134 2154021 19561 0
1459947871391982 138 2191394 21074 136 2159818 23376 0
1459947871393558 123 2177631 32114 123 2148522 31962 0
1459947871395245 127 2170063 36581 125 2140668 36703 0
1459947871396780 125 2160526 42514 123 2130868 42869 0
1459947871398420 128 2155574 43756 126 2125673 44307 0
1459947871400355 133 2157409 42029 130 2126004 41150 0
1459947871402320 132 2157821 39125 131 2127589 39397 0
1459947871404166 131 2156921 36897 129 2126491 37331 0
1459947871405887 124 2147131 43038 121 2115238 44786 0
1459947871407975 136 2153466 45515 133 2120225 45884 0
1459947871409901 132 2154186 42623 130 2120982 42997 0
1459947871411812 137 2161250 45805 131 2122960 41460 0
1459947871413551 135 2165202 45869 131 2124783 39901 0
1459947871415172 129 2161165 46006 125 2118784 42313 0
1459947871417012 131 2160003 43481 128 2117094 40564 0
1459947871418876 133 2161492 41457 131 2119376 39497 0
1459947871421156 146 2179505 54824 141 2134279 50150 0
1459947871423138 135 2182031 52868 134 2139058 50638 0
1459947871425176 136 2185639 52063 134 2143464 50742 0
1459947871427157 135 2187685 49882 131 2143685 46981 0
1459947871428607 108 2155012 76104 106 2111889 72621 0
1459947871430296 134 2158171 73070 131 2114577 69425 0
1459947871431910 129 2154683 70575 124 2108095 69975 0
1459947871433688 133 2156588 66817 129 2108520 64899 0
1459947871435711 136 2162184 66755 134 2115311 66089 0
1459947871437517 134 2164783 63935 131 2117732 63157 0
1459947871439396 140 2174859 68229 137 2127644 67359 0
1459947871441128 132 2173908 63774 128 2125261 64292 0
1459947871442747 127 2166631 65499 124 2117944 66013 0
1459947871444403 130 2163762 63024 129 2117599 61172 0
1459947871446366 134 2166238 60382 132 2121121 59639 0
1459947871448603 137 2172360 61308 133 2125648 59152 0
1459947871450471 131 2170324 58394 129 2124701 55402 0
1459947871452274 132 2169727 54380 130 2125108 51448 0
1459947871454055 129 2165337 54177 131 2126763 48954 0
1459947871455666 129 2161290 53674 127 2123169 48441 0
1459947871457601 137 2167799 55480 134 2128816 49862 0
1459947871459276 133 2168679 51956 132 2131462 48405 0
1459947871460760 128 2163090 53047 124 2123661 51814 0
1459947871462294 126 2155378 56010 121 2112629 57935 0
1459947871463956 130 2153389 53467 129 2112699 53473 0
1459947871465542 129 2150275 52159 126 2108924 52774 0
1459947871467393 133 2152524 50158 128 2108004 49498 0
1459947871469327 138 2160998 54051 136 2117396 54288 0
1459947871471359 137 2167530 55849 134 2123494 55668 0
1459947871473221 134 2169711 53496 132 2126556 54140 0
1459947871475108 134 2171722 51170 129 2125538 50847 0
1459947871477014 132 2171016 47822 129 2124600 47738 0
1459947871479016 134 2172925 45845 132 2127575 46751 0
1459947871480965 130 2169565 45360 128 2125198 45289 0
1459947871482946 135 2172867 44860 133 2129406 45630 0
1459947871484796 132 2172071 42088 130 2129446 42102 0
1459947871486678 131 2170057 40654 128 2126923 41137 0
1459947871488558 135 2173321 40486 135 2133557 44038 0
1459947871490304 132 2172490 38088 131 2134552 41515 0
1459947871492114 134 2174284 36766 133 2138030 41477 0
1459947871494041 135 2177218 36597 131 2138676 38831 0
1459947871496059 138 2183762 39770 136 2145671 42246 0
1459947871497684 129 2178275 41719 126 2139320 44799 0
1459947871499419 134 2179617 39696 131 2139865 41802 0
1459947871501129 128 2173174 42533 125 2132688 45152 0
1459947871502906 133 2173634 39634 130 2132471 41823 0
1459947871504786 133 2174058 36928 131 2133551 39551 0
1459947871506673 133 2174449 34404 129 2131987 37902 0
1459947871508509 131 2172250 33743 131 2133105 35971 0
1459947871510373 133 2172782 31597 131 2134136 34110 0
1459947871512490 137 2178393 34301 134 2138926 35861 0
1459947871514474 132 2177166 32752 125 2131822 39607 0
1459947871516407 131 2174754 32415 131 2132953 37555 0
1459947871518486 133 2175091 30193 131 2133996 35582 0
1459947871520335 132 2174122 28727 127 2129837 36635 0
1459947871522218 133 2174508 26838 130 2129843 33778 0
1459947871524164 135 2177424 27429 131 2131129 32324 0
1459947871525834 125 2167312 34607 125 2124634 35785 0
1459947871527474 132 2166950 32235 130 2125046 33369 0
1459947871529214 131 2165337 31202 128 2122866 32770 0
1459947871531110 132 2165130 28954 130 2123417 30717 0
1459947871532923 132 2164939 26866 130 2123925 28785 0
1459947871534812 139 2173723 32864 135 2130793 32867 0
1459947871536964 140 2183100 38941 137 2139684 38496 0
1459947871538638 128 2176385 42088 126 2133801 40911 0
1459947871540506 130 2172754 42145 131 2134777 38614 0
1459947871542473 134 2174527 40487 131 2135677 36427 0
1459947871544493 135 2177442 40010 133 2139067 36706 0
1459947871546624 137 2182689 41721 134 2143472 37899 0
1459947871548415 129 2177286 43441 125 2136013 41814 0
1459947871550326 133 2177425 40175 132 2138096 40468 0
1459947871552352 135 2180113 39514 134 2142577 41437 0
1459947871554374 138 2186431 42251 135 2147988 43187 0
1459947871556502 137 2190976 43140 134 2151696 43231 0
1459947871558641 137 2195166 43631 134 2155114 43004 0
1459947871560418 128 2187508 47281 125 2146745 47358 0
1459947871562225 129 2181728 48914 125 2139030 50769 0
1459947871564032 130 2177680 48823 127 2134478 50998 0
1459947871565701 127 2170108 51987 125 2127721 53241 0
1459947871567790 134 2172088 49750 133 2131732 52779 0
1459947871569951 135 2175193 48726 134 2136710 53244 0
1459947871571534 128 2169096 50539 126 2131059 54292 0
1459947871573194 129 2164755 50591 127 2127130 53672 0
1459947871574827 124 2154353 56226 123 2118387 57536 0
1459947871576351 127 2148604 57132 121 2107768 62830 0
1459947871578084 130 2147144 54013 124 2101818 63405 0
1459947871580138 135 2152198 54452 132 2106573 62834 0
1459947871582251 134 2155577 53312 129 2107116 58426 0
1459947871584357 137 2162532 55559 135 2115297 61403 0
1459947871586302 134 2165104 53589 131 2117719 58838 0
1459947871588309 136 2170035 53948 133 2122512 58659 0
1459947871590236 135 2173301 52743 132 2125650 56969 0
1459947871592171 138 2180151 54937 136 2133663 59905 0
1459947871594157 138 2186466 56467 137 2142330 63214 0
1459947871596154 135 2188448 53882 134 2146480 62101 0
1459947871598138 133 2187715 50347 129 2143906 59621 0
1459947871599938 131 2184479 49395 130 2142813 55970 0
1459947871601948 135 2186616 47506 131 2143085 51848 0
1459947871603961 132 2184746 45517 129 2140776 49925 0
1459947871605727 129 2179182 47088 126 2134807 51525 0
1459947871607653 132 2177893 44596 130 2134425 47850 0
1459947871609326 130 2174145 44566 127 2130233 47975 0
1459947871611300 138 2180929 47338 133 2134048 47743 0
1459947871613082 131 2178223 46132 131 2135005 44895 0
1459947871615088 134 2179569 43768 133 2138447 44560 0
1459947871617048 135 2182090 42672 134 2142900 45183 0
1459947871618984 137 2186974 43840 135 2148285 46618 0
1459947871620653 124 2186974 43840 121 2148285 46618 1
1459947871622530 131 2183796 43344 127 2143010 47837 0
1459947871624323 133 2183426 40297 131 2143267 44336 0
1459947871626447 139 2183426 40297 137 2143267 44336 1
1459947871628508 137 2188205 41554 135 2148624 45810 0
1459947871630267 129 2188205 41554 125 2148624 45810 1
1459947871632100 134 2188771 38829 131 2148442 42398 0
1459947871634111 135 2190573 37456 133 2150834 41291 0
1459947871636151 132 2188394 36537 131 2150480 38391 0
1459947871638178 137 2192785 37730 135 2155273 39810 0
1459947871639891 132 2190433 36949 129 2152012 39704 0
1459947871641526 130 2185705 38420 128 2147726 40553 0
1459947871643014 126 2185705 38420 123 2147726 40553 1
1459947871644540 129 2180066 40615 127 2142494 42206 0
1459947871646597 133 2179988 37512 130 2141511 39813 0
1459947871648228 127 2179988 37512 125 2141511 39813 1
1459947871650078 136 2183756 38055 132 2143165 38227 0
1459947871651782 129 2178270 40138 126 2137010 40913 0
1459947871653771 134 2179612 38239 133 2140296 40745 0
1459947871655515 129 2174449 40009 128 2136925 40668 0
1459947871657238 131 2172250 38910 129 2135097 39174 0
1459947871659051 133 2172782 36361 131 2135972 36920 0
1459947871660944 135 2175833 36333 131 2136779 34779 0
1459947871662632 129 2170966 37980 128 2133683 34914 0
1459947871664425 133 2171599 35595 131 2134669 33094 0
1459947871666139 128 2171599 35595 125 2134669 33094 1
1459947871667972 131 2169622 34635 126 2129177 35569 0
1459947871669810 135 2172920 34969 131 2130515 34023 0
1459947871671482 131 2170840 34153 127 2126628 34946 0
1459947871673445 136 2175323 35616 133 2130725 35992 0
1459947871675675 137 2180735 37823 134 2135782 37842 0
1459947871677448 130 2180735 37823 125 2135782 37842 1
1459947871679415 134 2181885 35928 133 2139164 38002 0
1459947871681420 133 2181665 33323 130 2138441 35698 0
1459947871683228 128 2175062 36805 127 2133935 37062 0
1459947871685168 135 2177935 36577 132 2136181 36236 0
1459947871686865 135 2180583 36160 133 2139531 36494 0
1459947871688925 142 2180583 36160 140 2139531 36494 1
1459947871690844 131 2177904 35803 127 2134940 37874 0
1459947871692681 135 2180555 35449 132 2137107 36913 0
1459947871694511 133 2180439 32785 131 2137825 34691 0
1459947871696341 133 2180332 30321 131 2138487 32590 0
1459947871698249 128 2173833 33942 128 2135257 33019 0
1459947871700298 135 2176802 34027 131 2136120 31234 0
1459947871702364 137 2182099 36251 133 2139475 31886 0
1459947871704389 136 2185702 36740 134 2143848 33425 0
1459947871706462 138 2191584 39291 134 2147879 34529 0
1459947871708528 139 2191584 39291 136 2147879 34529 1
1459947871710617 137 2195726 40039 135 2152875 36437 0
1459947871712482 135 2196984 38070 133 2154921 35476 0
1459947871714551 137 2200704 38525 135 2159367 36803 0
1459947871716567 135 2201574 36317 133 2160906 35346 0
1459947871718328 131 2197256 37459 128 2155925 37175 0
1459947871720227 129 2190715 40561 128 2151333 38502 0
1459947871721915 127 2190715 40561 125 2151333 38502 1
1459947871723758 136 2193645 40093 135 2156060 39851 0
1459947871725660 132 2191226 39189 129 2152737 39799 0
1459947871727442 134 2191556 36431 131 2152234 37152 0
1459947871729409 129 2191556 36431 126 2152234 37152 1
1459947871731214 129 2191556 36431 126 2152234 37152 1
1459947871733150 134 2191860 33864 131 2151770 34676 0
1459947871734845 126 2191860 33864 122 2151770 34676 1
1459947871736569 127 2191860 33864 126 2151770 34676 1
1459947871738553 131 2188300 34498 131 2151342 32359 0
1459947871740592 137 2192699 35857 136 2157348 35367 0
1459947871742499 132 2190354 35216 129 2153925 35758 0
1459947871744095 127 2190354 35216 126 2153925 35758 1
1459947871745801 132 2188192 34456 130 2152049 34692 0
1459947871747519 132 2186199 33600 127 2146480 37114 0
1459947871749599 139 2186199 33600 136 2146480 37114 1
1459947871751465 136 2189482 34001 133 2149026 36561 0
1459947871753278 137 2193788 35314 134 2152653 37047 0
1459947871755290 134 2193918 32675 130 2150876 35789 0
1459947871757000 130 2193918 32675 126 2150876 35789 1
1459947871758648 132 2191478 32371 130 2149238 34501 0
1459947871760255 126 2191478 32371 123 2149238 34501 1
1459947871762044 130 2186668 34275 129 2146448 34376 0
1459947871763920 133 2186074 32144 131 2146436 31700 0
1459947871766163 143 2186074 32144 140 2146436 31700 1
1459947871768027 135 2188086 31487 133 2148985 31573 0
1459947871770062 138 2188086 31487 133 2148985 31573 1
1459947871771924 134 2188086 31487 127 2148985 31573 1
1459947871773825 137 2192501 33097 136 2155175 34812 0
1459947871775255 121 2192501 33097 119 2155175 34812 1
1459947871777104 131 2188891 33838 129 2151921 35090 0
1459947871778722 129 2183003 36621 129 2148922 35112 0
1459947871780520 129 2177575 38762 127 2143597 37276 0
1459947871782472 132 2176411 36805 131 2143808 34558 0
1459947871784422 136 2180458 37660 134 2147843 35577 0
1459947871786556 136 2184189 38157 133 2150282 35046 0
1459947871788511 135 2186349 37166 132 2151251 33201 0
1459947871790427 136 2189620 37277 132 2152144 31430 0
1459947871792399 137 2193915 38324 134 2155527 32093 0
1459947871794415 136 2196595 37800 133 2157366 31280 0
1459947871796612 136 2199066 37123 130 2155221 30812 0
1459947871798588 131 2194943 38021 129 2151964 31406 0
1459947871800664 138 2200103 39806 137 2159201 35624 0
1459947871802599 133 2198459 38210 130 2156913 34948 0
1459947871804443 134 2198224 35440 132 2157364 32632 0
1459947871806243 128 2190327 39950 129 2153939 33238 0
1459947871807822 126 2190327 39950 123 2153939 33238 1
1459947871809705 133 2189447 37638 130 2152062 32370 0
1459947871811693 139 2189447 37638 133 2152062 32370 1
1459947871813491 136 2192476 37489 133 2154172 31786 0
1459947871815412 137 2196548 38314 133 2156117 31095 0
1459947871817194 132 2193902 37758 130 2154070 30551 0
1459947871819029 134 2194023 34919 131 2153463 28723 0
1459947871821179 134 2194134 32293 132 2154183 27143 0
1459947871823323 140 2194134 32293 137 2154183 27143 1
1459947871825165 137 2198077 33405 133 2156127 26814 0
1459947871827021 134 2197872 30983 131 2155359 25426 0
1459947871828871 130 2197872 30983 127 2155359 25426 1
1459947871830888 134 2197683 28735 130 2153371 25271 0
1459947871832525 129 2197683 28735 127 2153371 25271 1
1459947871834300 132 2197683 28735 128 2153371 25271 1
1459947871836034 131 2193669 30190 130 2151538 24984 0
1459947871837920 135 2195088 29139 133 2153689 25015 0
1459947871839663 130 2189996 31555 129 2150552 25951 0
1459947871841476 130 2189996 31555 126 2150552 25951 1
1459947871843305 133 2189142 29875 132 2151500 24797 0
1459947871845402 134 2189635 27995 132 2152374 23664 0
1459947871847386 134 2190089 26226 130 2150619 23432 0
1459947871849022 126 2190089 26226 120 2150619 23432 1
1459947871850801 129 2190089 26226 127 2150619 23432 1
1459947871852545 129 2190089 26226 127 2150619 23432 1
1459947871854242 133 2190089 26226 127 2150619 23432 1
1459947871856001 135 2190089 26226 128 2150619 23432 1
1459947871857807 136 2190089 26226 126 2150619 23432 1
1459947871859746 140 2190089 26226 132 2150619 23432 1
1459947871861528 141 2190089 26226 131 2150619 23432 1
1459947871863604 143 2190089 26226 136 2150619 23432 1
1459947871865333 132 2190089 26226 126 2150619 23432 1
1459947871867062 136 2190089 26226 127 2150619 23432 1
1459947871868965 137 2190089 26226 128 2150619 23432 1
1459947871870494 129 2190089 26226 122 2150619 23432 1
1459947871872162 133 2190089 26226 124 2150619 23432 1
1459947871874127 140 2190089 26226 132 2150619 23432 1
1459947871876009 140 2190089 26226 131 2150619 23432 1
1459947871877917 135 2190089 26226 128 2150619 23432 1
1459947871879697 134 2190089 26226 126 2150619 23432 1
1459947871881022 111 2190089 26226 102 2150619 23432 1
1459947871882584 138 2190089 26226 130 2150619 23432 1
1459947871884238 135 2190089 26226 128 2150619 23432 1
1459947871886080 137 2194348 28103 129 2147721 24271 0
1459947871887896 136 2196994 28346 130 2146330 23656 0
1459947871889373 126 2196994 28346 119 2146330 23656 1
1459947871891064 130 2196994 28346 124 2146330 23656 1
1459947871892589 128 2196994 28346 120 2146330 23656 1
1459947871894376 134 2196994 28346 127 2146330 23656 1
1459947871896141 135 2198153 27200 128 2142487 25348 0
1459947871897853 134 2198153 27200 126 2142487 25348 1
1459947871899797 138 2198153 27200 131 2142487 25348 1
1459947871901609 133 2198153 27200 126 2142487 25348 1
1459947871903130 128 2198153 27200 122 2142487 25348 1
1459947871904585 127 2198153 27200 122 2142487 25348 1
1459947871906391 135 2199222 26060 128 2138945 26632 0
1459947871908211 135 2200207 24932 128 2135679 27560 0
1459947871909946 131 2200207 24932 124 2135679 27560 1
1459947871911805 136 2202395 25001 129 2133949 27000 0
1459947871913877 139 2202395 25001 131 2133949 27000 1
1459947871915908 138 2202395 25001 130 2133949 27000 1
1459947871917802 135 2203132 23727 127 2129794 28720 0
1459947871919671 138 2203132 23727 131 2129794 28720 1
1459947871921591 141 2203132 23727 133 2129794 28720 1
1459947871923264 129 2203132 23727 120 2129794 28720 1
1459947871925005 133 2203132 23727 125 2129794 28720 1
1459947871926686 125 2203132 23727 118 2129794 28720 1
1459947871928375 131 2203132 23727 124 2129794 28720 1
1459947871930536 140 2203132 23727 131 2129794 28720 1
1459947871932662 139 2203132 23727 133 2129794 28720 1
1459947871934333 130 2203132 23727 121 2129794 28720 1
1459947871936163 136 2205092 23680 129 2128523 27646 0
1459947871938032 136 2206899 23496 131 2129912 26766 0
1459947871940053 143 2206899 23496 136 2129912 26766 1
1459947871941874 137 2209845 24375 131 2131192 25854 0
1459947871943714 137 2212560 24973 131 2132372 24922 0
1459947871945550 138 2216343 26509 131 2133460 23977 0
1459947871947299 136 2217271 25292 129 2131903 23537 0
1459947871948905 133 2217271 25292 125 2131903 23537 1
1459947871950887 140 2217271 25292 133 2131903 23537 1
1459947871952622 131 2217271 25292 124 2131903 23537 1
1459947871954460 138 2220686 26464 132 2134308 23915 0
1459947871956246 135 2220686 26464 127 2134308 23915 1
1459947871958290 144 2220686 26464 135 2134308 23915 1
1459947871960253 142 2220686 26464 134 2134308 23915 1
1459947871961946 133 2220686 26464 125 2134308 23915 1
1459947871963610 132 2220686 26464 127 2134308 23915 1
1459947871965275 133 2220686 26464 125 2134308 23915 1
1459947871967315 140 2220686 26464 131 2134308 23915 1
1459947871968920 130 2220686 26464 122 2134308 23915 1
1459947871970788 136 2221274 24938 129 2132685 23542 0
1459947871972424 133 2221274 24938 127 2132685 23542 1
1459947871974361 137 2223096 24669 131 2133748 22682 0
1459947871976270 141 2223096 24669 133 2133748 22682 1
1459947871978133 139 2223096 24669 130 2133748 22682 1
1459947871979930 138 2226056 25470 131 2134728 21813 0
1459947871981483 130 2226056 25470 123 2134728 21813 1
1459947871983321 134 2223665 25683 128 2131792 22814 0
1459947871985121 135 2222741 24527 128 2129085 23525 0
1459947871986797 136 2223169 23004 128 2126590 23986 0
1459947871988485 131 2223169 23004 123 2126590 23986 1
1459947871990089 133 2223169 23004 124 2126590 23986 1
1459947871991632 133 2223169 23004 125 2126590 23986 1
1459947871993374 137 2224843 22750 130 2126850 22351 0
1459947871995014 132 2224843 22750 124 2126850 22351 1
1459947871996914 141 2224843 22750 134 2126850 22351 1
1459947871998933 138 2227667 23575 132 2129649 23185 0
1459947872000643 132 2227667 23575 125 2129649 23185 1
1459947872002242 131 2227667 23575 123 2129649 23185 1
1459947872004089 134 2225150 24052 128 2127110 23713 0
1459947872005894 133 2225150 24052 126 2127110 23713 1
1459947872007529 133 2225150 24052 125 2127110 23713 1
1459947872009229 131 2225150 24052 125 2127110 23713 1
1459947872010790 132 2225150 24052 125 2127110 23713 1
1459947872012431 130 2225150 24052 125 2127110 23713 1
1459947872014281 131 2225150 24052 125 2127110 23713 1
1459947872016014 135 2224110 23130 129 2126049 22837 0
1459947872017805 136 2224431 21618 130 2126351 21330 0
1459947872019438 131 2224431 21618 125 2126351 21330 1
1459947872021304 135 2224431 21618 125 2126351 21330 1
1459947872023174 135 2223447 20835 128 2124069 21765 0
1459947872024867 134 2221260 21222 127 2120686 23182 0
1459947872026736 137 2223084 21245 131 2122687 23215 0
1459947872028646 134 2220925 21574 127 2119412 24420 0
1459947872030385 137 2222775 21593 128 2117672 24115 0
1459947872032134 137 2224480 21478 128 2116068 23708 0
1459947872033758 131 2224480 21478 123 2116068 23708 1
1459947872035428 136 2224480 21478 126 2116068 23708 1
1459947872037243 139 2224480 21478 131 2116068 23708 1
1459947872039061 137 2226052 21249 131 2118430 24032 0
1459947872040770 135 2224941 20611 130 2119327 22981 0
1459947872042571 138 2227757 21596 129 2118874 21602 0
1459947872044190 132 2222673 24594 127 2115896 22658 0
1459947872045905 134 2222673 24594 126 2115896 22658 1
1459947872047597 133 2222673 24594 124 2115896 22658 1
1459947872049344 135 2221826 23452 127 2113151 23416 0
1459947872051464 143 2221826 23452 135 2113151 23416 1
1459947872053475 136 2222325 22079 129 2113181 21613 0
1459947872055387 139 2222325 22079 134 2113181 21613 1
1459947872057281 139 2222325 22079 132 2113181 21613 1
1459947872059175 135 2221505 21109 129 2113208 19949 0
1459947872060846 131 2221505 21109 124 2113208 19949 1
1459947872062457 132 2221505 21109 126 2113208 19949 1
1459947872064273 131 2221505 21109 125 2113208 19949 1
1459947872066341 140 2221505 21109 131 2113208 19949 1
1459947872068093 138 2224589 22302 131 2115793 20773 0
1459947872070083 138 2227432 23180 132 2119456 22527 0
1459947872071880 135 2226213 22491 127 2116433 23553 0
1459947872073754 136 2226370 20877 129 2116206 21920 0
1459947872075608 140 2226370 20877 130 2116206 21920 1
1459947872077393 139 2226370 20877 130 2116206 21920 1
1459947872079159 136 2226514 19378 127 2113437 22759 0
1459947872080866 133 2226514 19378 126 2113437 22759 1
1459947872082633 139 2226514 19378 130 2113437 22759 1
1459947872084566 136 2226647 17987 127 2110884 23332 0
1459947872086412 139 2226647 17987 132 2110884 23332 1
1459947872088160 135 2225490 17647 127 2108531 23677 0
1459947872089943 134 2225490 17647 123 2108531 23677 1
1459947872091711 135 2224423 17251 126 2105082 25006 0
1459947872093630 139 2224423 17251 132 2105082 25006 1
1459947872095415 141 2224423 17251 135 2105082 25006 1
1459947872097355 139 2224423 17251 132 2105082 25006 1
1459947872099407 140 2224423 17251 133 2105082 25006 1
1459947872101322 135 2223439 16809 129 2105742 23660 0
1459947872103098 134 2221252 17510 126 2102510 24789 0
1459947872105207 139 2221252 17510 133 2102510 24789 1
1459947872107119 136 2221796 16644 128 2102091 23237 0
1459947872109014 137 2223578 16985 130 2104265 23425 0
1459947872111038 139 2223578 16985 132 2104265 23425 1
1459947872112846 141 2223578 16985 134 2104265 23425 1
1459947872114953 143 2223578 16985 133 2104265 23425 1
1459947872116748 135 2222660 16503 128 2103709 22106 0
1459947872118542 135 2221814 15992 127 2101916 22030 0
1459947872120327 133 2218474 17820 126 2098983 23011 0
1459947872121933 133 2218474 17820 125 2098983 23011 1
1459947872123520 134 2218474 17820 125 2098983 23011 1
1459947872125449 139 2218474 17820 132 2098983 23011 1
1459947872127376 138 2218474 17820 130 2098983 23011 1
1459947872129265 140 2218474 17820 133 2098983 23011 1
1459947872131350 140 2218474 17820 132 2098983 23011 1
1459947872133223 140 2218474 17820 131 2098983 23011 1
1459947872134997 139 2218474 17820 132 2098983 23011 1
1459947872136741 134 2216675 18084 127 2097559 22524 0
1459947872138895 140 2216675 18084 131 2097559 22524 1
1459947872140731 137 2218857 18682 132 2102647 25454 0
1459947872142388 136 2219588 17896 128 2102217 23860 0
1459947872144205 136 2220262 17119 129 2103101 22810 0
1459947872146098 141 2220262 17119 132 2103101 22810 1
1459947872147779 135 2219604 16387 128 2102636 21455 0
1459947872149319 131 2219604 16387 124 2102636 21455 1
1459947872151012 135 2218997 15665 127 2100927 21352 0
1459947872152855 136 2219717 15105 128 2100632 19954 0
1459947872154650 136 2220381 14536 130 2102920 20504 0
1459947872156363 136 2220993 13964 127 2101189 20497 0
1459947872158232 135 2220277 13532 128 2100873 19185 0
1459947872160187 136 2220897 13046 131 2104422 20958 0
1459947872162135 136 2221469 12553 130 2106414 21156 0
1459947872164099 139 2221469 12553 132 2106414 21156 1
1459947872165835 134 2219436 13445 128 2105690 20170 0
1459947872167638 132 2219436 13445 121 2105690 20170 1
1459947872169743 143 2219436 13445 136 2105690 20170 1
1459947872171867 143 2219436 13445 136 2105690 20170 1
1459947872173852 142 2219436 13445 134 2105690 20170 1
1459947872175846 137 2221402 14206 130 2107582 20339 0
1459947872177716 136 2221934 13587 130 2109327 20358 0
1459947872179363 134 2219865 14431 127 2107095 20823 0
1459947872181214 135 2219238 13880 128 2106318 19912 0
1459947872182909 137 2221220 14622 128 2105601 19016 0
1459947872184680 136 2221767 13983 129 2106220 18101 0
1459947872186441 135 2221767 13983 126 2106220 18101 1
1459947872188313 137 2223551 14535 131 2109351 19572 0
1459947872190048 136 2223916 13735 128 2108397 18920 0
1459947872191720 137 2225532 14151 127 2106238 19430 0
1459947872193515 138 2225532 14151 130 2106238 19430 1
1459947872195042 128 2225532 14151 121 2106238 19430 1
1459947872196967 137 2227022 14418 130 2108088 19617 0
1459947872198916 140 2227022 14418 134 2108088 19617 1
1459947872200988 140 2227022 14418 132 2108088 19617 1
1459947872202851 139 2227022 14418 131 2108088 19617 1
1459947872204763 138 2227022 14418 131 2108088 19617 1
1459947872206680 137 2228395 14557 128 2107233 18871 0
1459947872208327 129 2228395 14557 123 2107233 18871 1
1459947872210075 139 2228395 14557 131 2107233 18871 1
1459947872211911 139 2228395 14557 130 2107233 18871 1
1459947872213667 137 2229661 14586 132 2111565 21389 0
1459947872215474 135 2228268 14729 129 2111718 19859 0
1459947872217343 138 2228268 14729 131 2111718 19859 1
1459947872219054 132 2228268 14729 124 2111718 19859 1
1459947872220909 137 2229544 14754 130 2113140 19617 0
1459947872222661 137 2230720 14686 129 2113170 18112 0
1459947872224586 140 2230720 14686 132 2113170 18112 1
1459947872226489 137 2231805 14538 127 2110638 19030 0
1459947872228121 130 2231805 14538 123 2110638 19030 1
1459947872230145 140 2231805 14538 131 2110638 19030 1
1459947872232116 141 2231805 14538 133 2110638 19030 1
1459947872233954 137 2232805 14324 130 2112144 18931 0
1459947872235860 139 2232805 14324 131 2112144 18931 1
1459947872237608 138 2235007 15234 127 2109692 19711 0
1459947872239527 136 2234477 14531 130 2111272 19627 0
1459947872241515 136 2233988 13845 130 2112728 19436 0
1459947872243144 135 2232257 14358 127 2110231 20218 0
1459947872244754 135 2230661 14706 127 2107929 20759 0
1459947872246387 131 2230661 14706 123 2107929 20759 1
1459947872248258 139 2230661 14706 132 2107929 20759 1
1459947872250106 142 2230661 14706 134 2107929 20759 1
1459947872251723 130 2230661 14706 120 2107929 20759 1
1459947872253386 132 2230661 14706 124 2107929 20759 1
1459947872255354 139 2230661 14706 129 2107929 20759 1
1459947872257110 137 2231750 14561 128 2107087 19913 0
1459947872258769 133 2231750 14561 125 2107087 19913 1
1459947872260308 130 2231750 14561 123 2107087 19913 1
1459947872262153 136 2231474 13676 128 2106310 19072 0
1459947872263907 131 2231474 13676 124 2106310 19072 1
1459947872265559 132 2231474 13676 125 2106310 19072 1
1459947872266950 124 2231474 13676 115 2106310 19072 1
1459947872268660 135 2229940 14021 127 2104314 19421 0
1459947872270282 130 2229940 14021 122 2104314 19421 1
1459947872272027 136 2229805 13048 127 2102474 19598 0
1459947872273803 136 2229681 12141 126 2099498 20809 0
1459947872275663 134 2227007 13656 127 2098034 20531 0
1459947872277544 137 2228382 13856 131 2101805 22403 0
1459947872279256 135 2227089 13964 128 2101441 20987 0
1459947872280954 135 2225897 13971 128 2101105 19655 0
1459947872282763 135 2224798 13891 130 2103356 20194 0
1459947872284377 138 2224798 13891 130 2103356 20194 1
1459947872286272 138 2224798 13891 130 2103356 20194 1
1459947872288181 142 2224798 13891 133 2103356 20194 1
1459947872290028 136 2224798 13891 124 2103356 20194 1
1459947872291634 131 2224798 13891 123 2103356 20194 1
1459947872293132 133 2221225 16098 126 2100311 21422 0
1459947872295053 138 2221225 16098 131 2100311 21422 1
1459947872296821 137 2223051 16524 127 2098784 21155 0
1459947872298531 135 2222175 16040 128 2098656 19619 0
1459947872300251 137 2223927 16401 130 2101098 20337 0
1459947872301833 132 2223927 16401 124 2101098 20337 1
1459947872303707 137 2225542 16608 129 2102069 19643 0
1459947872305371 132 2225542 16608 125 2102069 19643 1
1459947872307312 141 2225542 16608 131 2102069 19643 1
1459947872309052 137 2227031 16683 130 2104244 20113 0
1459947872311064 137 2228404 16644 128 2103689 19051 0
1459947872312676 135 2227109 16535 126 2100618 20392 0
1459947872314307 132 2227109 16535 123 2100618 20392 1
1459947872316023 136 2227196 15323 130 2102907 20908 0
1459947872317645 135 2225996 15230 128 2102457 19688 0
1459947872319372 136 2226170 14200 129 2103322 18946 0
1459947872321308 137 2227610 14417 129 2104119 18200 0
1459947872322904 131 2227610 14417 122 2104119 18200 1
1459947872324446 126 2227610 14417 121 2104119 18200 1
1459947872326112 129 2227610 14417 121 2104119 18200 1
1459947872327996 139 2227610 14417 130 2104119 18200 1
1459947872329450 129 2227610 14417 120 2104119 18200 1
1459947872330771 122 2227610 14417 114 2104119 18200 1
1459947872332465 134 2227610 14417 125 2104119 18200 1
1459947872334243 135 2226377 14425 127 2102294 18459 0
1459947872335997 132 2226377 14425 125 2102294 18459 1
1459947872337626 132 2226377 14425 123 2102294 18459 1
1459947872339429 134 2223961 15524 128 2101892 17386 0
1459947872341370 139 2223961 15524 131 2101892 17386 1
1459947872343173 137 2225574 15798 131 2105361 19225 0
1459947872345127 142 2225574 15798 134 2105361 19225 1
1459947872346843 138 2225574 15798 130 2105361 19225 1
1459947872348525 131 2225574 15798 122 2105361 19225 1
1459947872350292 138 2225574 15798 128 2105361 19225 1
1459947872351829 131 2225574 15798 125 2105361 19225 1
1459947872353498 135 2224501 15552 128 2104719 18314 0
1459947872355035 130 2224501 15552 121 2104719 18314 1
1459947872356776 136 2224791 14605 128 2104127 17427 0
1459947872358716 136 2225059 13710 128 2103582 16567 0
1459947872360487 135 2224026 13590 128 2103079 15735 0
1459947872362308 138 2224026 13590 128 2103079 15735 1
1459947872364152 140 2224026 13590 133 2103079 15735 1
1459947872365826 132 2224026 13590 123 2103079 15735 1
1459947872367627 136 2224026 13590 126 2103079 15735 1
1459947872369471 140 2224026 13590 131 2103079 15735 1
1459947872371169 136 2224353 12830 129 2103895 15258 0
1459947872372734 133 2224353 12830 125 2103895 15258 1
1459947872374360 134 2224353 12830 125 2103895 15258 1
1459947872376106 131 2224353 12830 125 2103895 15258 1
1459947872377741 129 2224353 12830 124 2103895 15258 1
1459947872379481 135 2223375 12728 128 2103368 14550 0
1459947872381207 138 2223375 12728 130 2103368 14550 1
1459947872382849 127 2223375 12728 121 2103368 14550 1
1459947872384883 141 2223375 12728 134 2103368 14550 1
1459947872386728 136 2223753 12082 129 2104162 14145 0
1459947872388412 129 2223753 12082 124 2104162 14145 1
1459947872390062 134 2223753 12082 125 2104162 14145 1
1459947872391760 131 2223753 12082 122 2104162 14145 1
1459947872393369 135 2222822 11995 128 2103614 13543 0
1459947872395095 135 2221964 11847 129 2104389 13198 0
1459947872396753 134 2221964 11847 126 2104389 13198 1
1459947872398684 131 2221964 11847 125 2104389 13198 1
1459947872400761 136 2221964 11847 126 2104389 13198 1
1459947872402900 139 2221964 11847 131 2104389 13198 1
1459947872404745 136 2222453 11371 128 2103823 12687 0
1459947872406640 134 2222453 11371 126 2103823 12687 1
1459947872408461 137 2224183 12077 129 2104581 12394 0
1459947872410453 140 2224183 12077 133 2104581 12394 1
1459947872412426 138 2224183 12077 129 2104581 12394 1
1459947872414139 133 2224183 12077 126 2104581 12394 1
1459947872415946 128 2224183 12077 120 2104581 12394 1
1459947872417873 136 2224498 11424 129 2105280 12070 0
1459947872419574 134 2224498 11424 126 2105280 12070 1
1459947872421415 136 2224789 10799 130 2107205 12901 0
1459947872423192 141 2224789 10799 133 2107205 12901 1
1459947872424881 137 2226337 11382 131 2110259 14709 0
1459947872426822 136 2226484 10627 129 2110515 13795 0
1459947872428792 136 2226619 9921 131 2113311 15294 0
1459947872430780 139 2226619 9921 130 2113311 15294 1
1459947872432650 137 2228024 10440 131 2115888 16475 0
1459947872434038 120 2228024 10440 112 2115888 16475 1
1459947872435746 132 2228024 10440 125 2115888 16475 1
1459947872437674 137 2229319 10818 129 2115704 15356 0
1459947872439687 142 2229319 10818 132 2115704 15356 1
1459947872441615 143 2229319 10818 135 2115704 15356 1
1459947872443462 139 2229319 10818 132 2115704 15356 1
1459947872445204 134 2229319 10818 126 2115704 15356 1
1459947872447073 135 2229319 10818 126 2115704 15356 1
1459947872448711 135 2227953 11230 129 2115534 14312 0
1459947872450280 130 2227953 11230 123 2115534 14312 1
1459947872452089 138 2227953 11230 129 2115534 14312 1
1459947872453880 135 2226694 11512 128 2114097 14516 0
1459947872455902 138 2226694 11512 130 2114097 14516 1
1459947872457691 137 2228093 11902 129 2114053 13421 0
1459947872459452 137 2228093 11902 127 2114053 13421 1
1459947872461533 146 2228093 11902 137 2114053 13421 1
1459947872463186 132 2228093 11902 122 2114053 13421 1
1459947872464764 133 2228093 11902 125 2114053 13421 1
1459947872466270 126 2228093 11902 120 2114053 13421 1
1459947872467847 133 2228093 11902 124 2114053 13421 1
1459947872469781 140 2228093 11902 129 2114053 13421 1
1459947872471489 136 2228103 10981 129 2114012 12409 0
1459947872473119 131 2228103 10981 121 2114012 12409 1
1459947872474776 132 2228103 10981 124 2114012 12409 1
1459947872476454 131 2228103 10981 125 2114012 12409 1
1459947872478536 138 2228103 10981 130 2114012 12409 1
1459947872480419 140 2228103 10981 131 2114012 12409 1
1459947872482028 135 2228103 10981 126 2114012 12409 1
1459947872483643 135 2226832 11294 128 2112694 12653 0
1459947872485419 136 2226940 10511 129 2112759 11724 0
1459947872487162 137 2228320 10961 128 2111539 11931 0
1459947872488942 137 2229592 11277 131 2114255 13501 0
1459947872490687 133 2229592 11277 127 2114255 13501 1
1459947872492540 140 2229592 11277 131 2114255 13501 1
1459947872494390 139 2229592 11277 132 2114255 13501 1
1459947872496188 135 2228205 11673 128 2112918 13677 0
1459947872498006 135 2228205 11673 127 2112918 13677 1
1459947872499927 141 2228205 11673 135 2112918 13677 1
1459947872501876 141 2228205 11673 131 2112918 13677 1
1459947872503721 139 2228205 11673 132 2112918 13677 1
1459947872505660 140 2228205 11673 133 2112918 13677 1
1459947872507637 137 2229486 11942 129 2112966 12652 0
1459947872509610 136 2229387 11099 129 2113010 11704 0
1459947872511130 129 2229387 11099 120 2113010 11704 1
1459947872512529 127 2229387 11099 119 2113010 11704 1
1459947872513910 122 2229387 11099 116 2113010 11704 1
1459947872515577 130 2229387 11099 122 2113010 11704 1
1459947872517414 137 2230576 11327 130 2114331 12006 0
1459947872519236 137 2231672 11452 130 2115548 12190 0
1459947872521031 136 2231402 10805 130 2116670 12272 0
1459947872522467 134 2231402 10805 125 2116670 12272 1
1459947872524190 134 2231402 10805 125 2116670 12272 1
1459947872525782 134 2231402 10805 126 2116670 12272 1
1459947872527426 132 2231402 10805 124 2116670 12272 1
1459947872528911 128 2231402 10805 121 2116670 12272 1
1459947872530550 131 2231402 10805 123 2116670 12272 1
1459947872532008 121 2231402 10805 116 2116670 12272 1
1459947872533632 127 2231402 10805 122 2116670 12272 1
1459947872535511 137 2232433 10911 132 2120265 14627 0
1459947872537419 139 2232433 10911 132 2120265 14627 1
1459947872539510 140 2232433 10911 133 2120265 14627 1
1459947872541285 133 2232433 10911 125 2120265 14627 1
1459947872543162 137 2233384 10934 132 2123579 16539 0
1459947872544951 137 2234260 10887 131 2125354 16882 0
1459947872546737 135 2232508 11650 128 2123150 17594 0
1459947872548436 136 2232508 11650 127 2123150 17594 1
1459947872550249 140 2232508 11650 132 2123150 17594 1
1459947872552270 141 2232508 11650 133 2123150 17594 1
1459947872553784 123 2232508 11650 116 2123150 17594 1
1459947872555559 137 2233453 11610 129 2122398 16911 0
1459947872557074 128 2233453 11610 120 2122398 16911 1
1459947872558892 136 2233044 11078 129 2121705 16227 0
1459947872560451 135 2233044 11078 126 2121705 16227 1
1459947872562246 136 2233044 11078 126 2121705 16227 1
1459947872563922 133 2233044 11078 126 2121705 16227 1
1459947872565878 138 2233044 11078 130 2121705 16227 1
1459947872567664 135 2231387 11739 128 2119786 16727 0
1459947872569391 132 2231387 11739 123 2119786 16727 1
1459947872570972 135 2231387 11739 124 2119786 16727 1
1459947872572768 138 2231387 11739 129 2119786 16727 1
1459947872574373 131 2231387 11739 122 2119786 16727 1
1459947872576074 136 2231139 11048 128 2118017 17050 0
1459947872577852 134 2231139 11048 124 2118017 17050 1
1459947872579659 137 2232191 11154 128 2116386 17219 0
1459947872581507 132 2232191 11154 124 2116386 17219 1
1459947872583159 135 2230601 11747 128 2114883 17258 0
1459947872584782 132 2230601 11747 123 2114883 17258 1
1459947872586441 133 2226575 14540 128 2113497 17185 0
1459947872588561 139 2226575 14540 133 2113497 17185 1
1459947872590363 136 2226703 13522 128 2112220 17019 0
1459947872592199 138 2226703 13522 132 2112220 17019 1
1459947872593747 132 2226703 13522 125 2112220 17019 1
1459947872595471 135 2225541 13535 128 2111042 16774 0
1459947872597138 128 2225541 13535 121 2111042 16774 1
1459947872599049 142 2225541 13535 134 2111042 16774 1
1459947872600892 135 2224470 13463 130 2112516 16822 0
1459947872602605 130 2224470 13463 119 2112516 16822 1
1459947872604353 134 2222203 14500 127 2110035 17793 0
1459947872606058 130 2222203 14500 123 2110035 17793 1
1459947872607835 134 2220113 15293 129 2110308 16654 0
1459947872609795 137 2222026 15862 129 2110560 15584 0
1459947872611790 138 2222026 15862 132 2110560 15584 1
1459947872613733 139 2222026 15862 131 2110560 15584 1
1459947872615138 125 2222026 15862 118 2110560 15584 1
1459947872616640 124 2222026 15862 118 2110560 15584 1
1459947872618399 139 2222026 15862 132 2110560 15584 1
1459947872620175 134 2222026 15862 126 2110560 15584 1
1459947872622035 135 2221230 15355 127 2108232 16511 0
1459947872624030 138 2221230 15355 132 2108232 16511 1
1459947872626014 135 2220496 14831 127 2106086 17198 0
1459947872628037 135 2219819 14295 129 2106668 16390 0
1459947872629727 133 2219819 14295 126 2106668 16390 1
1459947872631270 129 2219819 14295 120 2106668 16390 1
1459947872633218 140 2219819 14295 131 2106668 16390 1
1459947872635174 138 2219819 14295 129 2106668 16390 1
1459947872637398 147 2219819 14295 141 2106668 16390 1
1459947872639269 139 2219819 14295 131 2106668 16390 1
1459947872641157 137 2221755 14963 128 2105924 15794 0
1459947872642873 132 2221755 14963 123 2105924 15794 1
1459947872644564 133 2221755 14963 125 2105924 15794 1
1459947872646269 135 2220980 14508 129 2106518 15108 0
1459947872647845 131 2220980 14508 123 2106518 15108 1
1459947872649680 138 2220980 14508 130 2106518 15108 1
1459947872651237 133 2220980 14508 125 2106518 15108 1
1459947872652903 135 2220265 14032 128 2105786 14601 0
1459947872654600 133 2220265 14032 124 2105786 14601 1
1459947872656570 142 2220265 14032 135 2105786 14601 1
1459947872658354 134 2220265 14032 126 2105786 14601 1
1459947872660275 139 2220265 14032 131 2105786 14601 1
1459947872662013 130 2220265 14032 124 2105786 14601 1
1459947872663713 133 2220265 14032 124 2105786 14601 1
1459947872665382 132 2215766 17081 127 2103831 15261 0
1459947872667102 137 2218019 17823 129 2104589 14766 0
1459947872668952 131 2218019 17823 124 2104589 14766 1
1459947872670908 136 2218816 17165 128 2104007 14147 0
1459947872672841 138 2218816 17165 132 2104007 14147 1
1459947872674900 145 2218816 17165 138 2104007 14147 1
1459947872677062 141 2218816 17165 132 2104007 14147 1
1459947872678920 134 2216991 17505 127 2102191 14714 0
1459947872680805 132 2216991 17505 121 2102191 14714 1
1459947872682641 137 2219148 18126 129 2103077 14381 0
1459947872684450 135 2218577 17235 128 2102614 13683 0
1459947872686282 136 2219330 16582 129 2103467 13400 0
1459947872687666 122 2219330 16582 116 2103467 13400 1
1459947872689220 127 2219330 16582 119 2103467 13400 1
1459947872690727 125 2219330 16582 117 2103467 13400 1
1459947872692352 135 2218744 15825 129 2104253 13078 0
1459947872694085 141 2218744 15825 133 2104253 13078 1
1459947872695985 141 2218744 15825 136 2104253 13078 1
1459947872697673 136 2219484 15270 128 2103698 12567 0
1459947872699251 133 2219484 15270 126 2103698 12567 1
1459947872700949 132 2219484 15270 123 2103698 12567 1
1459947872702577 129 2219484 15270 122 2103698 12567 1
1459947872704388 135 2218886 14627 128 2103186 12056 0
1459947872706148 138 2218886 14627 130 2103186 12056 1
1459947872707679 132 2218886 14627 125 2103186 12056 1
1459947872709304 135 2218335 13991 127 2101434 12728 0
1459947872711282 137 2220387 14789 130 2103659 13784 0
1459947872712943 133 2217159 16608 127 2101870 14355 0
1459947872714899 139 2217159 16608 132 2101870 14355 1
1459947872716761 136 2217159 16608 126 2101870 14355 1
1459947872718689 139 2217159 16608 132 2101870 14355 1
1459947872720395 138 2217159 16608 130 2101870 14355 1
1459947872722037 132 2212903 19233 128 2101501 13572 0
1459947872723769 131 2212903 19233 123 2101501 13572 1
1459947872725472 129 2212903 19233 122 2101501 13572 1
1459947872727096 130 2212903 19233 123 2101501 13572 1
1459947872728764 132 2212903 19233 125 2101501 13572 1
1459947872730491 137 2215379 20013 128 2101161 12824 0
1459947872732246 141 2215379 20013 132 2101161 12824 1
1459947872734014 138 2215379 20013 130 2101161 12824 1
1459947872735979 138 2215379 20013 129 2101161 12824 1
1459947872737927 138 2215379 20013 128 2101161 12824 1
1459947872739459 118 2215379 20013 113 2101161 12824 1
1459947872740790 96 2215379 20013 92 2101161 12824 1
1459947872742072 94 2215379 20013 88 2101161 12824 1
1459947872743275 105 2215379 20013 99 2101161 12824 1
1459947872744952 138 2215379 20013 130 2101161 12824 1
1459947872746538 137 2217662 20554 128 2100847 12110 0
1459947872748116 133 2217662 20554 125 2100847 12110 1
1459947872749836 136 2218487 19708 129 2101838 12076 0
1459947872751585 136 2218487 19708 124 2101838 12076 1
1459947872753385 138 2218487 19708 128 2101838 12076 1
1459947872755236 135 2217967 18646 127 2100191 12649 0
1459947872757136 134 2216208 18810 128 2099953 11878 0
1459947872758770 129 2216208 18810 123 2099953 11878 1
1459947872760516 131 2216208 18810 123 2099953 11878 1
1459947872762188 132 2216208 18810 122 2099953 11878 1
1459947872763932 137 2218426 19385 131 2103574 14288 0
1459947872765641 133 2218426 19385 124 2103574 14288 1
1459947872767380 133 2218426 19385 126 2103574 14288 1
1459947872769179 137 2220471 19755 129 2104352 13888 0
1459947872770770 129 2220471 19755 121 2104352 13888 1
1459947872772486 138 2223636 21129 131 2107629 15824 0
1459947872774123 136 2223994 19808 128 2106810 15341 0
1459947872776035 139 2223994 19808 128 2106810 15341 1
1459947872777696 132 2223994 19808 124 2106810 15341 1
1459947872779469 134 2221764 20315 127 2104775 16017 0
1459947872781192 135 2221764 20315 126 2104775 16017 1
1459947872783025 138 2224828 21552 130 2106739 16576 0
1459947872784907 138 2227653 22472 131 2109830 18130 0
1459947872786737 136 2227697 20757 129 2110119 16979 0
1459947872788527 134 2225178 21457 127 2107825 17765 0
1459947872790652 143 2225178 21457 134 2107825 17765 1
1459947872792446 139 2225178 21457 131 2107825 17765 1
1459947872794261 137 2226695 21179 128 2106991 17145 0
1459947872795995 134 2226695 21179 124 2106991 17145 1
1459947872797990 135 2225534 20593 128 2106222 16513 0
1459947872799832 140 2225534 20593 129 2106222 16513 1
1459947872801604 133 2225534 20593 126 2106222 16513 1
1459947872803313 132 2225534 20593 126 2106222 16513 1
1459947872805029 137 2227024 20357 129 2106793 15748 0
1459947872806957 139 2227024 20357 131 2106793 15748 1
1459947872808591 137 2228397 20032 131 2109879 17362 0
1459947872810641 143 2228397 20032 134 2109879 17362 1
1459947872812458 138 2230943 20814 129 2110164 16268 0
1459947872814175 133 2230943 20814 126 2110164 16268 1
1459947872815769 128 2230943 20814 119 2110164 16268 1
1459947872817530 135 2230943 20814 126 2110164 16268 1
1459947872819349 137 2232010 20171 128 2109147 15934 0
1459947872820997 136 2232010 20171 126 2109147 15934 1
1459947872822885 137 2232994 19502 130 2110769 16185 0
1459947872824680 135 2231341 19501 127 2108425 17080 0
1459947872826604 140 2231341 19501 131 2108425 17080 1
1459947872828367 134 2228537 20561 127 2106264 17736 0
1459947872830080 139 2228537 20561 130 2106264 17736 1
1459947872831591 133 2228537 20561 124 2106264 17736 1
1459947872833295 135 2227232 20156 128 2105552 17006 0
1459947872835187 139 2227232 20156 129 2105552 17006 1
1459947872836998 135 2226029 19689 129 2106175 16252 0
1459947872838769 135 2224920 19171 129 2106750 15512 0
1459947872840702 139 2224920 19171 130 2106750 15512 1
1459947872842500 136 2225178 17910 128 2106000 14991 0
1459947872844335 134 2222855 18650 128 2105308 14456 0
1459947872846161 138 2225834 19938 129 2105950 13918 0
1459947872847923 134 2225834 19938 125 2105950 13918 1
1459947872849805 139 2225834 19938 131 2105950 13918 1
1459947872851496 138 2228580 20912 131 2109102 15736 0
1459947872853311 136 2228552 19303 127 2106888 16546 0
1459947872855079 137 2229806 18950 127 2104847 17134 0
1459947872857019 138 2232242 19715 131 2108085 18780 0
1459947872858707 131 2232242 19715 125 2108085 18780 1
1459947872860339 136 2231928 18463 129 2108510 17704 0
1459947872862274 139 2231928 18463 131 2108510 17704 1
1459947872863928 136 2231638 17286 127 2106342 18317 0
1459947872865590 134 2228811 18540 129 2106904 17403 0
1459947872867602 142 2228811 18540 134 2106904 17403 1
1459947872869769 146 2228811 18540 138 2106904 17403 1
1459947872871573 137 2230045 18228 129 2107422 16520 0
1459947872873155 129 2230045 18228 121 2107422 16520 1
1459947872875045 135 2228622 18114 128 2106619 15968 0
1459947872876732 135 2228622 18114 125 2106619 15968 1
1459947872878707 137 2229870 17849 129 2107159 15218 0
1459947872880492 136 2229741 16572 127 2105097 15929 0
1459947872882427 140 2229741 16572 133 2105097 15929 1
1459947872884304 138 2232182 17527 130 2107036 16471 0
1459947872886044 134 2232182 17527 125 2107036 16471 1
1459947872887803 136 2232182 17527 124 2107036 16471 1
1459947872889458 136 2231872 16442 128 2106263 15895 0
1459947872891515 140 2231872 16442 132 2106263 15895 1
1459947872893490 139 2231872 16442 130 2106263 15895 1
1459947872895319 140 2231872 16442 133 2106263 15895 1
1459947872897260 141 2231872 16442 132 2106263 15895 1
1459947872898905 132 2231872 16442 125 2106263 15895 1
1459947872900641 136 2231587 15419 127 2104271 16489 0
1459947872902435 138 2233884 16331 131 2107554 18227 0
1459947872904230 138 2236001 17007 130 2109301 18413 0
1459947872906131 138 2237953 17477 129 2109631 17279 0
1459947872908022 140 2237953 17477 133 2109631 17279 1
1459947872909608 136 2237192 16811 127 2107376 18007 0
1459947872911347 135 2235211 17322 127 2105297 18516 0
1459947872913196 142 2235211 17322 135 2105297 18516 1
1459947872915215 140 2235211 17322 131 2105297 18516 1
1459947872917291 140 2235211 17322 133 2105297 18516 1
1459947872919011 136 2234665 16471 128 2104660 17655 0
1459947872920571 129 2234665 16471 123 2104660 17655 1
1459947872922459 135 2232881 16827 130 2106633 18094 0
1459947872924423 139 2232881 16827 131 2106633 18094 1
1459947872926211 138 2235077 17536 132 2111012 20717 0
1459947872928196 140 2235077 17536 131 2111012 20717 1
1459947872930039 138 2237101 18032 131 2113769 21639 0
1459947872932010 137 2237101 18032 126 2113769 21639 1
1459947872933798 133 2232567 20802 128 2112470 21144 0
1459947872935585 133 2232567 20802 124 2112470 21144 1
1459947872937238 130 2232567 20802 119 2112470 21144 1
1459947872938879 132 2232567 20802 123 2112470 21144 1
1459947872940563 133 2232567 20802 125 2112470 21144 1
1459947872942413 135 2232567 20802 126 2112470 21144 1
1459947872944244 137 2233507 20043 130 2113833 20748 0
1459947872946032 139 2233507 20043 132 2113833 20748 1
1459947872947732 133 2233507 20043 125 2113833 20748 1
1459947872949498 136 2233094 18857 128 2112529 20328 0
1459947872951020 132 2233094 18857 123 2112529 20328 1
1459947872952691 131 2233094 18857 126 2112529 20328 1
1459947872954515 136 2232713 17733 130 2113887 19991 0
1459947872956297 138 2234922 18383 130 2115139 19583 0
1459947872958226 136 2234398 17428 130 2116293 19117 0
1459947872959820 133 2234398 17428 125 2116293 19117 1
1459947872961612 136 2233915 16510 128 2114797 19001 0
1459947872963331 136 2233470 15629 129 2114698 17606 0
1459947872965023 131 2233470 15629 124 2114698 17606 1
1459947872966647 133 2233470 15629 126 2114698 17606 1
1459947872968588 136 2233060 14784 128 2113327 17493 0
1459947872970663 139 2233060 14784 131 2113327 17493 1
1459947872972722 139 2233060 14784 131 2113327 17493 1
1459947872974770 139 2233060 14784 130 2113327 17493 1
1459947872976792 139 2233060 14784 132 2113327 17493 1
1459947872978246 127 2233060 14784 121 2113327 17493 1
1459947872979870 131 2233060 14784 126 2113327 17493 1
1459947872981416 124 2233060 14784 117 2113327 17493 1
1459947872983103 131 2233060 14784 124 2113327 17493 1
1459947872984931 138 2235242 15640 129 2113343 16141 0
1459947872986643 136 2235242 15640 126 2113343 16141 1
1459947872988191 133 2235242 15640 125 2113343 16141 1
1459947872990058 138 2237253 16272 130 2114638 16072 0
1459947872991915 138 2239107 16709 129 2114551 14895 0
1459947872993840 136 2239107 16709 127 2114551 14895 1
1459947872995469 130 2239107 16709 122 2114551 14895 1
1459947872996907 126 2239107 16709 119 2114551 14895 1
1459947872998519 130 2239107 16709 121 2114551 14895 1
1459947873000334 139 2239107 16709 128 2114551 14895 1
1459947873002174 135 2236976 17366 129 2114471 13804 0
1459947873004279 144 2236976 17366 137 2114471 13804 1
1459947873005982 130 2236976 17366 124 2114471 13804 1
1459947873007739 135 2236976 17366 126 2114471 13804 1
1459947873009562 133 2236976 17366 126 2114471 13804 1
1459947873011008 129 2236976 17366 121 2114471 13804 1
1459947873012686 135 2236976 17366 127 2114471 13804 1
1459947873014663 139 2236976 17366 132 2114471 13804 1
1459947873016252 132 2236976 17366 125 2114471 13804 1
1459947873018086 134 2233732 18999 128 2113117 13972 0
1459947873020084 140 2233732 18999 130 2113117 13972 1
1459947873022175 141 2233732 18999 132 2113117 13972 1
1459947873023987 140 2233732 18999 131 2113117 13972 1
1459947873026121 140 2233732 18999 133 2113117 13972 1
1459947873027914 137 2234581 18297 129 2113149 12910 0
1459947873029699 135 2232804 18504 128 2111899 13053 0
1459947873031382 133 2232804 18504 126 2111899 13053 1
1459947873033232 136 2232446 17387 129 2112026 12150 0
1459947873034995 134 2232446 17387 127 2112026 12150 1
1459947873036880 135 2232446 17387 127 2112026 12150 1
1459947873038456 132 2232446 17387 122 2112026 12150 1
1459947873040187 135 2230836 17512 128 2110863 12271 0
1459947873042024 138 2233191 18314 131 2113631 13864 0
1459947873043852 136 2232802 17240 130 2114903 13953 0
1459947873045772 139 2232802 17240 132 2114903 13953 1
1459947873047420 134 2232802 17240 127 2114903 13953 1
1459947873049121 135 2232802 17240 127 2114903 13953 1
1459947873050754 133 2232802 17240 125 2114903 13953 1
1459947873052345 132 2232802 17240 124 2114903 13953 1
1459947873054044 134 2232802 17240 127 2114903 13953 1
1459947873055838 133 2232802 17240 125 2114903 13953 1
1459947873057617 135 2231164 17402 129 2114796 12960 0
1459947873059535 140 2231164 17402 131 2114796 12960 1
1459947873061506 140 2231164 17402 130 2114796 12960 1
1459947873063199 133 2231164 17402 126 2114796 12960 1
1459947873064912 136 2230934 16253 128 2113417 13217 0
1459947873066714 135 2230934 16253 126 2113417 13217 1
1459947873068688 137 2232002 15967 128 2112146 13355 0
1459947873070593 138 2234266 16806 130 2113534 13591 0
1459947873072370 135 2232513 17108 128 2112254 13708 0
1459947873074139 133 2232513 17108 127 2112254 13708 1
1459947873075820 135 2232513 17108 127 2112254 13708 1
1459947873077581 133 2232513 17108 126 2112254 13708 1
1459947873079425 138 2234737 17822 131 2114914 15089 0
1459947873081257 137 2235508 17139 130 2116086 14990 0
1459947873082971 132 2235508 17139 124 2116086 14990 1
1459947873084596 132 2235508 17139 125 2116086 14990 1
1459947873086504 137 2236218 16455 129 2115886 14001 0
1459947873088469 136 2235593 15744 130 2116982 13917 0
1459947873090415 137 2236297 15163 128 2115432 14257 0
1459947873092231 135 2236297 15163 125 2115432 14257 1
1459947873093603 127 2236297 15163 119 2115432 14257 1
1459947873095448 134 2236297 15163 127 2115432 14257 1
1459947873097331 137 2236946 14576 129 2115283 13279 0
1459947873099301 141 2236946 14576 134 2115283 13279 1
1459947873101279 140 2236946 14576 133 2115283 13279 1
1459947873103167 138 2238824 15168 131 2117706 14475 0
1459947873104875 134 2238824 15168 126 2117706 14475 1
1459947873106761 138 2240555 15579 129 2117380 13644 0
1459947873108569 139 2240555 15579 130 2117380 13644 1
1459947873110455 137 2240871 14652 130 2118359 13481 0
1459947873112322 137 2241162 13776 129 2117982 12774 0
1459947873113996 133 2241162 13776 126 2117982 12774 1
1459947873115724 134 2241162 13776 127 2117982 12774 1
1459947873117504 136 2240151 13630 129 2117634 12096 0
1459947873119442 144 2240151 13630 136 2117634 12096 1
1459947873121294 136 2239219 13423 130 2118593 12035 0
1459947873123120 136 2238360 13165 128 2116917 12638 0
1459947873124712 132 2238360 13165 124 2116917 12638 1
1459947873126382 136 2238360 13165 127 2116917 12638 1
1459947873128295 138 2240128 13766 131 2119212 13766 0
1459947873130097 134 2240128 13766 127 2119212 13766 1
1459947873131802 135 2240128 13766 127 2119212 13766 1
1459947873133664 138 2241758 14192 130 2120048 13461 0
1459947873135528 139 2241758 14192 131 2120048 13461 1
1459947873137582 143 2241758 14192 135 2120048 13461 1
1459947873139370 141 2241758 14192 133 2120048 13461 1
1459947873141070 136 2240700 14057 130 2120819 13120 0
1459947873142802 134 2237165 16216 128 2118970 13799 0
1459947873144661 137 2237746 15485 130 2119825 13508 0
1459947873146126 129 2237746 15485 123 2119825 13508 1
1459947873147925 137 2238282 14769 131 2121893 14359 0
1459947873149679 138 2240056 15250 132 2125080 16175 0
1459947873151224 125 2240056 15250 120 2125080 16175 1
1459947873152801 130 2240056 15250 124 2125080 16175 1
1459947873154586 137 2240411 14385 130 2125458 15259 0
1459947873156551 140 2240411 14385 133 2125458 15259 1
1459947873158299 134 2240411 14385 126 2125458 15259 1
1459947873160332 141 2240411 14385 133 2125458 15259 1
1459947873162222 137 2240738 13563 128 2123246 16104 0
1459947873164104 138 2242320 13961 131 2125047 16505 0
1459947873166100 141 2242320 13961 132 2125047 16505 1
1459947873167929 139 2242320 13961 131 2125047 16505 1
1459947873169702 133 2242320 13961 125 2125047 16505 1
1459947873171462 136 2242320 13961 124 2125047 16505 1
1459947873173220 133 2242320 13961 125 2125047 16505 1
1459947873175174 139 2242320 13961 130 2125047 16505 1
1459947873177347 143 2242320 13961 137 2125047 16505 1
1459947873179369 139 2242320 13961 132 2125047 16505 1
1459947873181223 136 2241218 13885 129 2124147 16043 0
1459947873182860 134 2241218 13885 127 2124147 16043 1
1459947873184649 135 2238922 14915 128 2122038 16733 0
1459947873186454 134 2235526 16879 129 2121373 16037 0
1459947873188336 136 2234955 16085 130 2122040 15399 0
1459947873189886 131 2234955 16085 121 2122040 15399 1
1459947873191677 138 2236989 16703 131 2123935 15942 0
1459947873193407 138 2238864 17126 131 2125682 16307 0
1459947873195176 137 2239312 16201 132 2128573 17698 0
1459947873197088 142 2239312 16201 131 2128573 17698 1
1459947873198874 134 2239312 16201 127 2128573 17698 1
1459947873200679 137 2239725 15316 129 2127398 17397 0
1459947873202476 137 2240106 14470 129 2126315 17035 0
1459947873204094 131 2240106 14470 126 2126315 17035 1
1459947873205943 133 2240106 14470 127 2126315 17035 1
1459947873207680 134 2236617 16554 128 2124036 17804 0
1459947873209297 127 2236617 16554 121 2124036 17804 1
1459947873210805 133 2236617 16554 125 2124036 17804 1
1459947873212659 138 2238521 17015 132 2127055 19196 0
1459947873214492 138 2240276 17303 130 2127278 17902 0
1459947873216386 139 2240276 17303 130 2127278 17902 1
1459947873218168 136 2239334 16818 130 2127484 16693 0
1459947873219966 137 2239746 15883 128 2125114 17572 0
1459947873221729 135 2237565 16651 131 2126769 17725 0
1459947873223645 139 2237565 16651 132 2126769 17725 1
1459947873225506 135 2235555 17202 129 2125735 17293 0
1459947873227293 137 2236262 16510 128 2123501 17999 0
1459947873229218 138 2238194 17001 128 2121442 18489 0
1459947873231147 135 2236135 17570 128 2119544 18793 0
1459947873232869 131 2236135 17570 123 2119544 18793 1
1459947873234968 140 2236135 17570 132 2119544 18793 1
1459947873237109 142 2236135 17570 134 2119544 18793 1
1459947873239056 135 2234236 17946 128 2117794 18936 0
1459947873240510 132 2234236 17946 126 2117794 18936 1
1459947873241974 129 2234236 17946 121 2117794 18936 1
1459947873243638 136 2233766 16975 129 2117461 17762 0
1459947873245305 135 2233766 16975 126 2117461 17762 1
1459947873247188 136 2233333 16047 128 2115874 17836 0
1459947873248880 135 2231653 16340 128 2114411 17790 0
1459947873250804 136 2231385 15309 129 2114342 16462 0
1459947873252753 143 2231385 15309 137 2114342 16462 1
1459947873254465 139 2231385 15309 132 2114342 16462 1
1459947873256408 141 2231385 15309 133 2114342 16462 1
1459947873258313 135 2229858 15519 129 2114279 15233 0
1459947873260139 137 2231010 15368 131 2116780 16348 0
1459947873261903 132 2231010 15368 126 2116780 16348 1
1459947873263840 141 2231010 15368 133 2116780 16348 1
1459947873265762 136 2230792 14367 128 2115246 16483 0
1459947873267471 134 2230792 14367 126 2115246 16483 1
1459947873269090 133 2230792 14367 124 2115246 16483 1
1459947873270857 137 2231871 14239 130 2116392 16251 0
1459947873272630 139 2231871 14239 132 2116392 16251 1
1459947873274489 138 2234146 15223 131 2118728 17135 0
1459947873276250 137 2234963 14786 128 2117042 17349 0
1459947873278131 137 2235716 14324 127 2114208 18605 0
1459947873279990 139 2235716 14324 130 2114208 18605 1
1459947873281673 128 2235716 14324 123 2114208 18605 1
1459947873283477 137 2236410 13844 131 2116715 19462 0
1459947873285266 136 2235770 13351 129 2116466 18169 0
1459947873287299 142 2235770 13351 132 2116466 18169 1
1459947873288941 132 2235770 13351 124 2116466 18169 1
1459947873290658 139 2235770 13351 129 2116466 18169 1
1459947873292366 137 2236460 12943 130 2117517 17717 0
1459947873294319 137 2237096 12517 128 2115925 17798 0
1459947873296123 132 2237096 12517 126 2115925 17798 1
1459947873297959 133 2232562 15717 127 2113178 18939 0
1459947873299526 133 2232562 15717 124 2113178 18939 1
1459947873301345 137 2233503 15356 131 2115765 19844 0
1459947873303132 136 2233090 14536 129 2115590 18453 0
1459947873304852 129 2233090 14536 122 2115590 18453 1
1459947873306433 132 2233090 14536 126 2115590 18453 1
1459947873308037 129 2233090 14536 123 2115590 18453 1
1459947873309845 137 2233989 14229 130 2116709 18043 0
1459947873311325 133 2233989 14229 125 2116709 18043 1
1459947873313210 142 2233989 14229 134 2116709 18043 1
1459947873315111 138 2236098 15061 133 2121581 21124 0
1459947873317093 139 2236098 15061 132 2121581 21124 1
1459947873318907 137 2236762 14496 129 2120952 20052 0
1459947873320657 134 2233534 16337 127 2117812 21379 0
1459947873322348 128 2233534 16337 122 2117812 21379 1
1459947873324264 133 2233534 16337 126 2117812 21379 1
1459947873325719 126 2233534 16337 119 2117812 21379 1
1459947873327359 132 2233534 16337 126 2117812 21379 1
1459947873329027 134 2233534 16337 125 2117812 21379 1
1459947873330996 139 2233534 16337 131 2117812 21379 1
1459947873333049 142 2233534 16337 134 2117812 21379 1
1459947873334888 129 2233534 16337 123 2117812 21379 1
1459947873336681 133 2233534 16337 126 2117812 21379 1
1459947873338346 135 2231839 16622 128 2116197 21195 0
1459947873340264 139 2231839 16622 131 2116197 21195 1
1459947873342316 141 2231839 16622 132 2116197 21195 1
1459947873344117 136 2231556 15583 129 2115989 19730 0
1459947873345971 133 2231556 15583 125 2115989 19730 1
1459947873347551 129 2231556 15583 123 2115989 19730 1
1459947873349029 125 2231556 15583 120 2115989 19730 1
1459947873350986 139 2231556 15583 131 2115989 19730 1
1459947873352764 134 2231556 15583 126 2115989 19730 1
1459947873354650 135 2230015 15784 127 2113237 20724 0
1459947873356313 135 2230015 15784 124 2113237 20724 1
1459947873357912 129 2230015 15784 122 2113237 20724 1
1459947873359594 133 2230015 15784 124 2113237 20724 1
1459947873361314 131 2230015 15784 123 2113237 20724 1
1459947873363035 129 2230015 15784 122 2113237 20724 1
1459947873365016 134 2227315 17038 128 2111980 20262 0
1459947873366645 135 2226106 16820 127 2109541 20926 0
1459947873368592 135 2224991 16532 129 2109853 19578 0
1459947873370473 140 2224991 16532 132 2109853 19578 1
1459947873372303 137 2226523 16652 131 2112700 20673 0
1459947873373965 133 2222815 18768 127 2110205 21356 0
1459947873375826 138 2225797 20050 130 2111745 21106 0
1459947873377641 135 2224706 19488 128 2110604 20507 0
1459947873379602 139 2224706 19488 131 2110604 20507 1
1459947873381594 137 2226260 19398 129 2110833 19115 0
1459947873383438 137 2227693 19203 130 2112324 18995 0
1459947873385022 128 2227693 19203 123 2112324 18995 1
1459947873386838 136 2227734 17740 128 2111138 18603 0
1459947873388690 135 2226492 17498 128 2110045 18156 0
1459947873390547 140 2226492 17498 132 2110045 18156 1
1459947873392482 140 2226492 17498 132 2110045 18156 1
1459947873394404 139 2226492 17498 131 2110045 18156 1
1459947873396329 137 2227907 17434 130 2111597 18168 0
1459947873398160 136 2227931 16093 130 2113028 18067 0
1459947873399704 128 2227931 16093 122 2113028 18067 1
1459947873401457 133 2227931 16093 126 2113028 18067 1
1459947873402968 131 2227931 16093 123 2113028 18067 1
1459947873404622 132 2227931 16093 125 2113028 18067 1
1459947873406426 137 2229233 16036 129 2113067 16691 0
1459947873408323 139 2229233 16036 133 2113067 16691 1
1459947873410255 141 2229233 16036 134 2113067 16691 1
1459947873411844 133 2225314 18395 127 2110543 17713 0
1459947873413555 136 2225541 17166 128 2109496 17293 0
1459947873415337 138 2228310 18377 129 2109811 16232 0
1459947873417205 136 2228303 16947 127 2107542 17054 0
1459947873418913 136 2228296 15628 128 2106730 16469 0
1459947873420695 136 2228290 14412 128 2105981 15871 0
1459947873422616 138 2228290 14412 131 2105981 15871 1
1459947873424539 136 2228284 13290 129 2106571 15175 0
1459947873426446 137 2229559 13426 129 2107115 14490 0
1459947873428373 139 2229559 13426 130 2107115 14490 1
1459947873430135 136 2229454 12473 128 2106336 14074 0
1459947873431900 135 2229454 12473 126 2106336 14074 1
1459947873433615 134 2226797 13946 127 2104338 14815 0
1459947873435380 133 2223068 16293 127 2102496 15354 0
1459947873437093 131 2223068 16293 125 2102496 15354 1
1459947873438670 130 2223068 16293 124 2102496 15354 1
1459947873440388 135 2222190 15828 127 2100798 15718 0
1459947873442366 136 2222661 15025 130 2103073 16587 0
1459947873443914 126 2222661 15025 120 2103073 16587 1
1459947873445779 130 2222661 15025 124 2103073 16587 1
1459947873447702 138 2222661 15025 132 2103073 16587 1
1459947873449288 132 2222661 15025 126 2103073 16587 1
1459947873451173 135 2221815 14630 127 2101330 16897 0
1459947873452979 137 2223595 15128 129 2102283 16455 0
1459947873454760 128 2223595 15128 121 2102283 16455 1
1459947873456329 131 2223595 15128 125 2102283 16455 1
1459947873458219 133 2223595 15128 125 2102283 16455 1
1459947873460044 137 2225236 15459 131 2105722 18339 0
1459947873461692 133 2225236 15459 126 2105722 18339 1
1459947873463484 136 2225469 14466 129 2106332 17468 0
1459947873465099 130 2225469 14466 121 2106332 17468 1
1459947873466591 133 2225469 14466 126 2106332 17468 1
1459947873468455 137 2226964 14713 127 2104334 17944 0
1459947873469923 126 2226964 14713 119 2104334 17944 1
1459947873471293 122 2226964 14713 114 2104334 17944 1
1459947873472688 121 2226964 14713 115 2104334 17944 1
1459947873474207 126 2226964 14713 120 2104334 17944 1
1459947873476155 136 2227062 13653 130 2106332 18384 0
1459947873478068 134 2227062 13653 126 2106332 18384 1
1459947873479803 134 2224592 14862 128 2105614 17608 0
1459947873481433 129 2224592 14862 121 2105614 17608 1
1459947873482899 129 2224592 14862 121 2105614 17608 1
1459947873484388 132 2224592 14862 123 2105614 17608 1
1459947873486398 139 2224592 14862 128 2105614 17608 1
1459947873488331 137 2226155 15141 131 2108792 19162 0
1459947873490188 138 2226155 15141 131 2108792 19162 1
1459947873492078 137 2227596 15287 128 2107882 18502 0
1459947873493823 134 2227596 15287 126 2107882 18502 1
1459947873495707 137 2228925 15317 129 2108323 17463 0
1459947873497547 134 2226310 16530 127 2106170 18082 0
1459947873499421 137 2227739 16555 130 2108025 18379 0
1459947873501181 133 2227739 16555 126 2108025 18379 1
1459947873503050 137 2229056 16476 130 2109735 18519 0
1459947873504998 138 2231551 17488 130 2111311 18525 0
1459947873506858 141 2231551 17488 131 2111311 18525 1
1459947873508707 138 2233851 18241 131 2114044 19597 0
1459947873510076 127 2233851 18241 121 2114044 19597 1
1459947873511629 129 2233851 18241 124 2114044 19597 1
1459947873513236 131 2233851 18241 123 2114044 19597 1
1459947873514833 126 2233851 18241 119 2114044 19597 1
1459947873516791 138 2235971 18769 131 2116564 20388 0
1459947873518828 139 2235971 18769 133 2116564 20388 1
1459947873520370 129 2235971 18769 125 2116564 20388 1
1459947873521896 125 2235971 18769 118 2116564 20388 1
1459947873523502 128 2235971 18769 122 2116564 20388 1
1459947873525354 140 2235971 18769 134 2116564 20388 1
1459947873527134 135 2234085 19039 127 2113767 21373 0
1459947873528822 132 2234085 19039 124 2113767 21373 1
1459947873530494 133 2234085 19039 125 2113767 21373 1
1459947873532121 135 2232347 19153 127 2111188 22079 0
1459947873533716 135 2230744 19132 127 2108811 22544 0
1459947873535477 133 2226707 21358 127 2106620 22801 0
1459947873537549 139 2226707 21358 132 2106620 22801 1
1459947873539129 126 2226707 21358 120 2106620 22801 1
1459947873540573 129 2226707 21358 122 2106620 22801 1
1459947873542068 131 2226707 21358 124 2106620 22801 1
1459947873543968 137 2228105 20978 129 2107160 21517 0
1459947873545908 145 2228105 20978 135 2107160 21517 1
1459947873547812 137 2229394 20527 129 2107658 20294 0
1459947873549241 129 2229394 20527 122 2107658 20294 1
1459947873550867 133 2229394 20527 126 2107658 20294 1
1459947873552671 137 2230582 20018 130 2109397 20311 0
1459947873554469 135 2229117 19803 128 2108440 19605 0
1459947873556227 135 2227767 19499 128 2107558 18885 0
1459947873557900 131 2227767 19499 124 2107558 18885 1
1459947873559570 129 2227767 19499 124 2107558 18885 1
1459947873561404 133 2223962 21482 128 2106745 18158 0
1459947873563293 137 2225574 21290 129 2107275 17228 0
1459947873565255 140 2225574 21290 132 2107275 17228 1
1459947873566840 128 2225574 21290 123 2107275 17228 1
1459947873568599 131 2225574 21290 125 2107275 17228 1
1459947873570218 131 2225574 21290 125 2107275 17228 1
1459947873571876 133 2225574 21290 125 2107275 17228 1
1459947873573579 135 2224501 20615 127 2105204 17791 0
1459947873575485 135 2223511 19915 129 2105854 17001 0
1459947873577762 139 2223511 19915 132 2105854 17001 1
1459947873579721 136 2223879 18698 128 2105174 16298 0
1459947873581613 137 2225498 18729 129 2105827 15626 0
1459947873583438 139 2225498 18729 133 2105827 15626 1
1459947873585173 134 2223150 19428 127 2103869 16209 0
1459947873586873 132 2223150 19428 125 2103869 16209 1
1459947873588423 129 2223150 19428 121 2103869 16209 1
1459947873590022 129 2223150 19428 122 2103869 16209 1
1459947873591924 138 2226106 20635 132 2108464 19178 0
1459947873593804 139 2226106 20635 131 2108464 19178 1
1459947873595457 133 2222431 22409 127 2106300 19673 0
1459947873597338 132 2217763 24960 127 2104305 19974 0
1459947873599033 132 2217763 24960 124 2104305 19974 1
1459947873600904 134 2216020 24616 128 2103746 18928 0
1459947873602305 129 2216020 24616 123 2103746 18928 1
1459947873603992 134 2214413 24173 128 2103230 17923 0
1459947873605686 130 2214413 24173 122 2103230 17923 1
1459947873607324 134 2212931 23649 128 2102755 16959 0
1459947873609332 135 2212845 21879 129 2103597 16410 0
1459947873611147 139 2212845 21879 132 2103597 16410 1
1459947873612723 133 2210206 22601 127 2101813 16771 0
1459947873614487 135 2210333 20952 129 2102728 16304 0
1459947873616276 135 2210333 20952 126 2102728 16304 1
1459947873618019 134 2209170 20386 128 2102292 15431 0
1459947873619703 135 2209378 18985 129 2103170 15034 0
1459947873621572 136 2210850 18858 130 2105259 15785 0
1459947873623161 131 2210850 18858 123 2105259 15785 1
1459947873624852 136 2212207 18635 129 2105905 15147 0
1459947873626615 136 2213458 18332 129 2106501 14512 0
1459947873628091 129 2213458 18332 122 2106501 14512 1
1459947873630039 135 2213331 17015 129 2107050 13884 0
1459947873631808 137 2215774 17937 131 2110116 15626 0
1459947873633464 131 2215774 17937 126 2110116 15626 1
1459947873635205 133 2212906 19178 128 2109103 15338 0
1459947873637071 135 2212822 17755 130 2110729 15638 0
1459947873638767 133 2210185 18797 127 2108388 16573 0
1459947873640365 134 2209034 18388 128 2107510 16087 0
1459947873642200 135 2209253 17153 131 2110540 17624 0
1459947873644258 141 2209253 17153 135 2110540 17624 1
1459947873646091 137 2212015 18358 131 2113334 18822 0
1459947873648162 137 2214561 19270 131 2115909 19725 0
1459947873650087 137 2216908 19928 129 2115723 18353 0
1459947873651979 137 2219072 20366 130 2116832 17941 0
1459947873653701 137 2221067 20613 129 2116574 16776 0
1459947873655431 132 2221067 20613 127 2116574 16776 1
1459947873656979 131 2221067 20613 126 2116574 16776 1
1459947873658698 132 2221067 20613 126 2116574 16776 1
1459947873660684 139 2221067 20613 134 2116574 16776 1
1459947873662549 141 2221067 20613 134 2116574 16776 1
1459947873664248 135 2220346 19666 129 2116336 15683 0
1459947873665981 132 2215841 22281 128 2114837 15838 0
1459947873668004 138 2219368 23791 132 2118575 18046 0
1459947873669783 134 2217499 23654 128 2116901 18178 0
1459947873671474 134 2215776 23393 129 2116638 16999 0
1459947873673233 135 2215468 21848 130 2117675 16626 0
1459947873675125 136 2216464 21059 129 2117351 15625 0
