1459947871376344 133 2179072 0 132 2162688 0 0
1459947871378266 133 2179072 0 131 2161408 1180 0
1459947871380294 137 2184192 4720 134 2164068 3539 0
1459947871382352 138 2190192 9882 134 2166520 5522 0
1459947871384172 132 2188043 11089 127 2159820 11265 0
1459947871386051 130 2183502 14408 127 2153644 16077 0
1459947871387992 132 2181875 14780 129 2150510 17708 0
1459947871390001 136 2185496 16963 134 2154021 19561 0
1459947871391982 138 2191394 21074 136 2159818 23376 0
1459947871393558 123 2177631 32114 123 2148522 31962 0
1459947871395245 127 2170063 36581 125 2140668 36703 0
1459947871396780 125 2160526 42514 123 2130868 42869 0
1459947871398420 128 2155574 43756 126 2125673 44307 0
1459947871400355 133 2157409 42029 130 2126004 41150 0
1459947871402320 132 2157821 39125 131 2127589 39397 0
1459947871404166 131 2156921 36897 129 2126491 37331 0
1459947871405887 124 2147131 43038 121 2115238 44786 0
1459947871407975 136 2153466 45515 133 2120225 45884 0
1459947871409901 132 2154186 42623 130 2120982 42997 0
1459947871411812 137 2161250 45805 131 2122960 41460 0
1459947871413551 135 2165202 45869 131 2124783 39901 0
1459947871415172 129 2161165 46006 125 2118784 42313 0
1459947871417012 131 2160003 43481 128 2117094 40564 0
1459947871418876 133 2161492 41457 131 2119376 39497 0
1459947871421156 146 2179505 54824 141 2134279 50150 0
1459947871423138 135 2182031 52868 134 2139058 50638 0
1459947871425176 136 2185639 52063 134 2143464 50742 0
1459947871427157 135 2187685 49882 131 2143685 46981 0
1459947871428607 108 2155012 76104 106 2111889 72621 0
1459947871430296 134 2158171 73070 131 2114577 69425 0
1459947871431910 129 2154683 70575 124 2108095 69975 0
1459947871433688 133 2156588 66817 129 2108520 64899 0
1459947871435711 136 2162184 66755 134 2115311 66089 0
1459947871437517 134 2164783 63935 131 2117732 63157 0
1459947871439396 140 2174859 68229 137 2127644 67359 0
1459947871441128 132 2173908 63774 128 2125261 64292 0
1459947871442747 127 2166631 65499 124 2117944 66013 0
1459947871444403 130 2163762 63024 129 2117599 61172 0
1459947871446366 134 2166238 60382 132 2121121 59639 0
1459947871448603 137 2172360 61308 133 2125648 59152 0
1459947871450471 131 2170324 58394 129 2124701 55402 0
1459947871452274 132 2169727 54380 130 2125108 51448 0
1459947871454055 129 2165337 54177 131 2126763 48954 0
1459947871455666 129 2161290 53674 127 2123169 48441 0
1459947871457601 137 2167799 55480 134 2128816 49862 0
1459947871459276 133 2168679 51956 132 2131462 48405 0
1459947871460760 128 2163090 53047 124 2123661 51814 0
1459947871462294 126 2155378 56010 121 2112629 57935 0
1459947871463956 130 2153389 53467 129 2112699 53473 0
1459947871465542 129 2150275 52159 126 2108924 52774 0
1459947871467393 133 2152524 50158 128 2108004 49498 0
1459947871469327 138 2160998 54051 136 2117396 54288 0
1459947871471359 137 2167530 55849 134 2123494 55668 0
1459947871473221 134 2169711 53496 132 2126556 54140 0
1459947871475108 134 2171722 51170 129 2125538 50847 0
1459947871477014 132 2171016 47822 129 2124600 47738 0
1459947871479016 134 2172925 45845 132 2127575 46751 0
1459947871480965 130 2169565 45360 128 2125198 45289 0
1459947871482946 135 2172867 44860 133 2129406 45630 0
1459947871484796 132 2172071 42088 130 2129446 42102 0
1459947871486678 131 2170057 40654 128 2126923 41137 0
1459947871488558 135 2173321 40486 135 2133557 44038 0
1459947871490304 132 2172490 38088 131 2134552 41515 0
1459947871492114 134 2174284 36766 133 2138030 41477 0
1459947871494041 135 2177218 36597 131 2138676 38831 0
1459947871496059 138 2183762 39770 136 2145671 42246 0
1459947871497684 129 2178275 41719 126 2139320 44799 0
1459947871499419 134 2179617 39696 131 2139865 41802 0
1459947871501129 128 2173174 42533 125 2132688 45152 0
1459947871502906 133 2173634 39634 130 2132471 41823 0
1459947871504786 133 2174058 36928 131 2133551 39551 0
1459947871506673 133 2174449 34404 129 2131987 37902 0
1459947871508509 131 2172250 33743 131 2133105 35971 0
1459947871510373 133 2172782 31597 131 2134136 34110 0
1459947871512490 137 2178393 34301 134 2138926 35861 0
1459947871514474 132 2177166 32752 125 2131822 39607 0
1459947871516407 131 2174754 32415 131 2132953 37555 0
1459947871518486 133 2175091 30193 131 2133996 35582 0
1459947871520335 132 2174122 28727 127 2129837 36635 0
1459947871522218 133 2174508 26838 130 2129843 33778 0
1459947871524164 135 2177424 27429 131 2131129 32324 0
1459947871525834 125 2167312 34607 125 2124634 35785 0
1459947871527474 132 2166950 32235 130 2125046 33369 0
1459947871529214 131 2165337 31202 128 2122866 32770 0
1459947871531110 132 2165130 28954 130 2123417 30717 0
1459947871532923 132 2164939 26866 130 2123925 28785 0
1459947871534812 139 2173723 32864 135 2130793 32867 0
1459947871536964 140 2183100 38941 137 2139684 38496 0
1459947871538638 128 2176385 42088 126 2133801 40911 0
1459947871540506 130 2172754 42145 131 2134777 38614 0
1459947871542473 134 2174527 40487 131 2135677 36427 0
1459947871544493 135 2177442 40010 133 2139067 36706 0
1459947871546624 137 2182689 41721 134 2143472 37899 0
1459947871548415 129 2177286 43441 125 2136013 41814 0
1459947871550326 133 2177425 40175 132 2138096 40468 0
1459947871552352 135 2180113 39514 134 2142577 41437 0
1459947871554374 138 2186431 42251 135 2147988 43187 0
1459947871556502 137 2190976 43140 134 2151696 43231 0
1459947871558641 137 2195166 43631 134 2155114 43004 0
1459947871560418 128 2187508 47281 125 2146745 47358 0
1459947871562225 129 2181728 48914 125 2139030 50769 0
1459947871564032 130 2177680 48823 127 2134478 50998 0
1459947871565701 127 2170108 51987 125 2127721 53241 0
1459947871567790 134 2172088 49750 133 2131732 52779 0
1459947871569951 135 2175193 48726 134 2136710 53244 0
1459947871571534 128 2169096 50539 126 2131059 54292 0
1459947871573194 129 2164755 50591 127 2127130 53672 0
1459947871574827 124 2154353 56226 123 2118387 57536 0
1459947871576351 127 2148604 57132 121 2107768 62830 0
1459947871578084 130 2147144 54013 124 2101818 63405 0
1459947871580138 135 2152198 54452 132 2106573 62834 0
1459947871582251 134 2155577 53312 129 2107116 58426 0
1459947871584357 137 2162532 55559 135 2115297 61403 0
1459947871586302 134 2165104 53589 131 2117719 58838 0
1459947871588309 136 2170035 53948 133 2122512 58659 0
1459947871590236 135 2173301 52743 132 2125650 56969 0
1459947871592171 138 2180151 54937 136 2133663 59905 0
1459947871594157 138 2186466 56467 137 2142330 63214 0
1459947871596154 135 2188448 53882 134 2146480 62101 0
1459947871598138 133 2187715 50347 129 2143906 59621 0
1459947871599938 131 2184479 49395 130 2142813 55970 0
1459947871601948 135 2186616 47506 131 2143085 51848 0
1459947871603961 132 2184746 45517 129 2140776 49925 0
1459947871605727 129 2179182 47088 126 2134807 51525 0
1459947871607653 132 2177893 44596 130 2134425 47850 0
1459947871609326 130 2174145 44566 127 2130233 47975 0
1459947871611300 138 2180929 47338 133 2134048 47743 0
1459947871613082 131 2178223 46132 131 2135005 44895 0
1459947871615088 134 2179569 43768 133 2138447 44560 0
1459947871617048 135 2182090 42672 134 2142900 45183 0
1459947871618984 137 2186974 43840 135 2148285 46618 0
1459947871620653 124 2174836 51604 121 2135330 54917 0
1459947871622530 131 2172606 49626 127 2131067 54555 0
1459947871624323 133 2173111 46213 131 2132257 51389 0
1459947871626447 139 2181256 50111 137 2141034 55465 0
1459947871628508 137 2186205 50758 135 2146565 56230 0
1459947871630267 129 2180527 52025 125 2138864 58935 0
1459947871632100 134 2181693 49035 131 2139445 54865 0
1459947871634111 135 2184048 47375 133 2142540 53432 0
1459947871636151 132 2182379 45211 131 2142834 49528 0
1459947871638178 137 2187240 46159 135 2148225 50627 0
1459947871639891 132 2185321 44320 129 2145514 49169 0
1459947871641526 130 2180992 44847 128 2141735 48810 0
1459947871643014 126 2171882 49741 123 2131851 54106 0
1459947871644540 129 2167323 50056 127 2127860 53557 0
1459947871646597 133 2168240 46991 130 2128020 49520 0
1459947871648228 127 2161406 49618 125 2121768 51414 0
1459947871650078 136 2166626 50553 132 2124964 50344 0
1459947871651782 129 2162478 50426 126 2120231 50773 0
1459947871653771 134 2165054 48861 133 2124827 51043 0
1459947871655515 129 2161029 48753 128 2122664 49048 0
1459947871657238 131 2159878 46004 129 2121950 45873 0
1459947871659051 133 2161377 43791 131 2123852 44043 0
1459947871660944 135 2165319 44003 131 2125606 42219 0
1459947871662632 129 2161273 44294 128 2123383 40969 0
1459947871664425 133 2162663 42114 131 2125173 39418 0
1459947871666139 128 2157544 43541 125 2119143 41896 0
1459947871667972 131 2156665 40948 126 2114864 42565 0
1459947871669810 135 2160975 41721 131 2117320 41503 0
1459947871671482 131 2159828 39517 127 2114464 40892 0
1459947871673445 136 2165171 41355 133 2119511 42350 0
1459947871675675 137 2171377 43845 134 2125444 44510 0
1459947871677448 130 2168138 43404 125 2119393 46609 0
1459947871679415 134 2170272 41980 133 2124055 47265 0
1459947871681420 133 2170959 39333 130 2124513 43994 0
1459947871683228 128 2165192 41575 127 2121095 43706 0
1459947871685168 135 2168836 41685 132 2124344 43286 0
1459947871686865 135 2172195 41525 133 2128619 43845 0
1459947871688925 142 2184252 49395 140 2141520 52312 0
1459947871690844 131 2181287 48269 127 2136773 52600 0
1459947871692681 135 2183673 46697 132 2138797 50356 0
1459947871694511 133 2183313 43379 131 2139383 46961 0
1459947871696341 133 2182981 40295 131 2139923 43790 0
1459947871698249 128 2176275 43327 128 2136581 43448 0
1459947871700298 135 2179053 42503 131 2137340 40753 0
1459947871702364 137 2184174 43903 133 2140600 40574 0
1459947871704389 136 2187615 43645 134 2144885 41354 0
1459947871706462 138 2193347 45519 134 2148835 41765 0
1459947871708528 139 2199911 48013 136 2155037 44219 0
1459947871710617 137 2203402 47480 135 2159474 44855 0
1459947871712482 135 2204061 44377 133 2161005 42761 0
1459947871714551 137 2207228 43830 135 2164976 43081 0
1459947871716567 135 2207588 40737 133 2166077 40730 0
1459947871718328 131 2202800 41967 128 2160692 42511 0
1459947871720227 129 2195826 45116 128 2155727 43765 0
1459947871721915 127 2186837 49877 125 2147310 48103 0
1459947871723758 136 2190070 48960 135 2152351 48991 0
1459947871725660 132 2187930 47107 129 2149318 47958 0
1459947871727442 134 2188517 43968 131 2149082 44428 0
1459947871729409 129 2182659 45933 126 2142464 47057 0
1459947871731214 129 2177258 47322 126 2136364 49003 0
1459947871733150 134 2178679 44934 131 2137140 45889 0
1459947871734845 126 2169749 49654 122 2126335 52262 0
1459947871736569 127 2162797 52182 126 2121495 52640 0
1459947871738553 131 2161508 49292 131 2123433 50313 0
1459947871740592 137 2168000 51426 136 2131619 53929 0
1459947871742499 132 2167585 47790 129 2130206 51017 0
1459947871744095 127 2160802 50308 126 2125063 51771 0
1459947871745801 132 2160949 46512 130 2125442 48075 0
1459947871747519 132 2161084 43003 127 2121951 47536 0
1459947871749599 139 2170169 48018 136 2130253 51475 0
1459947871751465 136 2174704 48447 133 2134066 50969 0
1459947871753278 137 2180165 49696 134 2138862 51408 0
1459947871755290 134 2181359 46914 130 2138163 48034 0
1459947871757000 130 2177340 46952 126 2132399 49594 0
1459947871758648 132 2176195 44338 130 2132205 45897 0
1459947871760255 126 2167459 48926 123 2123066 50735 0
1459947871762044 130 2164526 47806 129 2122321 47457 0
1459947871763920 133 2165662 45118 131 2124194 45476 0
1459947871766163 143 2179509 54358 140 2137441 54135 0
1459947871768027 135 2182034 52439 133 2140693 52903 0
1459947871770062 138 2188202 54028 133 2143691 51533 0
1459947871771924 134 2188768 50329 127 2138775 52037 0
1459947871773825 137 2193130 50418 136 2145763 54413 0
1459947871775255 121 2176671 61651 119 2130445 64282 0
1459947871777104 131 2174298 59021 129 2129123 60476 0
1459947871778722 129 2169550 58785 129 2127905 56873 0
1459947871780520 129 2165173 58226 127 2124222 55823 0
1459947871782472 132 2164978 53855 131 2125947 53051 0
1459947871784422 136 2169919 54202 134 2131377 53912 0
1459947871786556 136 2174474 54166 133 2135103 53135 0
1459947871788511 135 2177393 52625 132 2137258 50969 0
1459947871790427 136 2181364 52173 132 2139244 48818 0
1459947871792399 137 2186304 52651 134 2143635 49052 0
1459947871794415 136 2189579 51556 133 2146403 47771 0
1459947871796612 136 2192598 50311 130 2145115 45225 0
1459947871798588 131 2188981 49714 129 2142647 43965 0
1459947871800664 138 2194606 51016 137 2150612 47873 0
1459947871802599 133 2193392 48148 130 2148995 45622 0
1459947871804443 134 2193553 44534 132 2150064 43043 0
1459947871806243 128 2186021 47996 129 2147210 42310 0
1459947871807822 126 2176518 53006 123 2136899 48509 0
1459947871809705 133 2176717 49047 130 2136353 45221 0
1459947871811693 139 2184580 52464 133 2139690 44764 0
1459947871813491 136 2187989 51508 133 2142766 44102 0
1459947871815412 137 2192412 51560 133 2145602 43270 0
1459947871817194 132 2190089 49671 130 2144376 41018 0
1459947871819029 134 2190508 46176 131 2144526 37951 0
1459947871821179 134 2190894 42924 132 2145944 36294 0
1459947871823323 140 2198930 46978 137 2153652 40563 0
1459947871825165 137 2202498 46596 133 2155637 39224 0
1459947871827021 134 2201947 43462 131 2154907 36831 0
1459947871828871 130 2196319 45253 127 2149114 39292 0
1459947871830888 134 2196251 41779 130 2147614 37604 0
1459947871832525 129 2189788 44472 127 2142391 39480 0
1459947871834300 132 2187670 42948 128 2138856 39653 0
1459947871836034 131 2184438 42571 130 2138157 37198 0
1459947871837920 135 2186578 41218 133 2141353 37237 0
1459947871839663 130 2182151 42077 129 2139179 36330 0
1459947871841476 130 2178070 42550 126 2133335 38877 0
1459947871843305 133 2178148 39297 132 2135628 37953 0
1459947871845402 134 2179500 37472 132 2137742 36935 0
1459947871847386 134 2180746 35693 130 2137130 34612 0
1459947871849022 126 2171655 41284 120 2123766 44226 0
1459947871850801 129 2167114 42243 127 2120406 43866 0
1459947871852545 129 2162928 42800 127 2117309 43292 0
1459947871854242 133 2164189 40618 127 2114454 42540 0
1459947871856001 135 2167911 40875 128 2113102 40462 0
1459947871857807 136 2172622 42024 126 2109295 40808 0
1459947871859746 140 2182085 47464 132 2113466 41464 0
1459947871861528 141 2192089 52978 131 2116031 40589 0
1459947871863604 143 2203872 59701 136 2124796 45497 0
1459947871865333 132 2200654 58002 126 2120076 46292 0
1459947871867062 136 2202807 55455 127 2117005 45506 0
1459947871868965 137 2206072 54132 128 2115453 43379 0
1459947871870494 129 2198842 56566 122 2106343 48388 0
1459947871872162 133 2197297 53569 124 2100504 49988 0
1459947871874127 140 2204833 56330 132 2105362 50560 0
1459947871876009 140 2211780 58333 131 2108560 49558 0
1459947871877917 135 2211784 53779 128 2107668 46507 0
1459947871879697 134 2210508 50752 126 2104286 45990 0
1459947871881022 111 2210508 50752 102 2104286 45990 1
1459947871882584 138 2214452 50422 130 2106288 44243 0
1459947871884238 135 2214247 46670 128 2105574 41443 0
1459947871886080 137 2216618 45209 129 2106196 38778 0
1459947871887896 136 2217524 42512 130 2108049 37456 0
1459947871889373 126 2217524 42512 119 2108049 37456 1
1459947871891064 130 2210679 45499 124 2102077 40033 0
1459947871892589 128 2201809 50120 120 2091452 46699 0
1459947871894376 134 2201312 46661 127 2090617 43819 0
1459947871896141 135 2202134 43773 128 2091127 40865 0
1459947871897853 134 2201612 40833 126 2089037 39598 0
1459947871899797 138 2206251 41918 131 2093510 40628 0
1459947871901609 133 2204127 40600 126 2091234 39550 0
1459947871903130 128 2195769 45132 122 2084016 43113 0
1459947871904585 127 2186784 49888 122 2077362 45877 0
1459947871906391 135 2188741 47794 128 2078908 43717 0
1459947871908211 135 2190545 45723 128 2080333 41614 0
1459947871909946 131 2187088 45336 124 2076526 41870 0
1459947871911805 136 2190301 44756 129 2079417 41263 0
1459947871913877 139 2197103 47530 131 2084642 42856 0
1459947871915908 138 2202094 48417 130 2088179 42768 0
1459947871917802 135 2202855 45335 127 2087600 39959 0
1459947871919671 138 2207396 45980 131 2092186 41064 0
1459947871921591 141 2215423 49787 133 2098973 44112 0
1459947871923264 129 2207463 53235 120 2088590 50236 0
1459947871925005 133 2205244 51120 125 2085418 49234 0
1459947871926686 125 2192959 58450 118 2073534 56341 0
1459947871928375 131 2189314 57243 124 2070259 54957 0
1459947871930536 140 2197473 60292 131 2076200 56139 0
1459947871932662 139 2203715 61335 133 2084236 59162 0
1459947871934333 130 2197949 61857 121 2076285 61868 0
1459947871936163 136 2200314 59204 129 2079195 59716 0
1459947871938032 136 2202494 56588 131 2084437 59883 0
1459947871940053 143 2213464 62280 136 2095670 65559 0
1459947871941874 137 2215897 59657 131 2099625 64083 0
1459947871943714 137 2218140 57063 131 2103271 62437 0
1459947871945550 138 2221487 55690 131 2106632 60658 0
1459947871947299 136 2222013 51824 129 2107171 56416 0
1459947871948905 133 2218658 50867 125 2102548 56269 0
1459947871950887 140 2224525 52301 133 2108526 57383 0
1459947871952622 131 2218413 53847 124 2102517 58438 0
1459947871954460 138 2221739 52706 132 2107217 58205 0
1459947871956246 135 2220965 49300 127 2105150 55561 0
1459947871958290 144 2231772 55410 135 2113485 58903 0
1459947871960253 142 2239174 57905 134 2119888 60204 0
1459947871961946 133 2234478 57709 125 2114271 60677 0
1459947871963610 132 2228869 58370 127 2111653 58348 0
1459947871965275 133 2224978 57395 125 2106680 58373 0
1459947871967315 140 2230351 57864 131 2109775 56665 0
1459947871968920 130 2222504 60576 122 2101108 60227 0
1459947871970788 136 2222950 56255 129 2102078 56416 0
1459947871972424 133 2219522 55020 127 2100413 53542 0
1459947871974361 137 2221481 52527 131 2103998 52664 0
1459947871976270 141 2228407 54808 133 2109863 53955 0
1459947871978133 139 2232232 54052 130 2111429 51183 0
1459947871979930 138 2234478 51900 131 2114153 49695 0
1459947871981483 130 2226309 55375 123 2106424 52936 0
1459947871983321 134 2223898 53270 128 2105699 49467 0
1459947871985121 135 2222955 49976 128 2105031 46217 0
1459947871986797 136 2223366 46450 128 2104415 43173 0
1459947871988485 131 2217345 48371 123 2097447 46223 0
1459947871990089 133 2214354 47348 124 2092303 47352 0
1459947871991632 133 2211597 46189 125 2088841 46842 0
1459947871993374 137 2214175 44957 130 2092050 46140 0
1459947871995014 132 2210152 45152 124 2087328 46887 0
1459947871996914 141 2217963 48825 134 2095775 51010 0
1459947871998933 138 2221324 48109 132 2101002 51843 0
1459947872000643 132 2216743 48573 125 2096861 51609 0
1459947872002242 131 2211239 49851 123 2090483 53455 0
1459947872004089 134 2210005 47092 128 2091004 49758 0
1459947872005894 133 2207588 45639 126 2088924 47787 0
1459947872007529 133 2205360 44126 125 2085726 47000 0
1459947872009229 131 2200746 44931 125 2082778 46045 0
1459947872010790 132 2197772 44160 125 2080060 44951 0
1459947872012431 130 2192471 45596 125 2077555 43747 0
1459947872014281 131 2188864 45358 125 2075246 42457 0
1459947872016014 135 2190659 43468 129 2078237 41897 0
1459947872017805 136 2193593 42777 130 2082274 42345 0
1459947872019438 131 2189898 42840 125 2079596 41504 0
1459947872021304 135 2191612 41073 125 2077127 40536 0
1459947872023174 135 2193192 39320 128 2078691 38811 0
1459947872024867 134 2193368 36411 127 2078853 35927 0
1459947872026736 137 2197371 37256 131 2084122 37977 0
1459947872028646 134 2197221 34482 127 2083859 35251 0
1459947872030385 137 2200923 35200 128 2084897 33454 0
1459947872032134 137 2204335 35596 128 2085854 31722 0
1459947872033758 131 2199801 36994 123 2080336 34329 0
1459947872035428 136 2202021 36150 126 2079089 32795 0
1459947872037243 139 2207908 38752 131 2084340 35072 0
1459947872039061 137 2210775 38367 131 2089180 36794 0
1459947872040770 135 2210858 35445 130 2092362 36853 0
1459947872042571 138 2214774 36285 129 2094016 35498 0
1459947872044190 132 2210704 37201 127 2092981 33678 0
1459947872045905 134 2209512 35392 126 2090746 33105 0
1459947872047597 133 2207133 34819 124 2086126 34776 0
1459947872049344 135 2207500 32437 127 2085707 32444 0
1459947872051464 143 2207500 32437 135 2085707 32444 1
1459947872053475 136 2209119 31394 129 2087881 31913 0
1459947872055387 139 2214451 33857 134 2096285 37166 0
1459947872057281 139 2219367 35742 132 2101472 39044 0
1459947872059175 135 2218778 33491 129 2102414 36861 0
1459947872060846 131 2213115 36093 124 2096882 39079 0
1459947872062457 132 2209175 36904 126 2094343 38365 0
1459947872064273 131 2204263 38548 125 2090722 38704 0
1459947872066341 140 2211254 41981 131 2095064 39683 0
1459947872068093 138 2215139 42283 131 2099067 40272 0
1459947872070083 138 2218721 42281 132 2104037 41707 0
1459947872071880 135 2218183 39472 127 2102219 40123 0
1459947872073754 136 2218967 37111 129 2103103 37803 0
1459947872075608 140 2224810 39597 130 2105198 36780 0
1459947872077393 139 2228916 40288 130 2107129 35686 0
1459947872079159 136 2228861 37189 127 2105069 34796 0
1459947872080866 133 2224971 37868 126 2101890 35007 0
1459947872082633 139 2229065 38683 130 2104079 34290 0
1459947872084566 136 2228999 35720 127 2102257 33289 0
1459947872086412 139 2232778 36413 132 2106978 35040 0
1459947872088160 135 2231142 35075 127 2104930 34189 0
1459947872089943 134 2228354 34904 123 2097922 37977 0
1459947872091711 135 2227063 33366 126 2095301 37425 0
1459947872093630 139 2230993 34382 132 2100565 39354 0
1459947872095415 141 2237176 37395 135 2109258 44293 0
1459947872097355 139 2240316 37368 132 2113432 44680 0
1459947872099407 140 2244491 38297 133 2118560 45916 0
1459947872101322 135 2241940 37656 129 2118167 42689 0
1459947872103098 134 2238308 38061 126 2113965 43226 0
1459947872105207 139 2241360 37900 133 2119051 44537 0
1459947872107119 136 2240333 35885 128 2117340 42634 0
1459947872109014 137 2240666 33388 130 2118322 40209 0
1459947872111038 139 2243533 33422 132 2121788 40262 0
1459947872112846 141 2248736 35607 134 2127543 42421 0
1459947872114953 143 2256093 39607 133 2131568 42817 0
1459947872116748 135 2252635 39699 128 2128879 41949 0
1459947872118542 135 2249447 39535 127 2125120 42136 0
1459947872120327 133 2243948 41514 126 2120375 43218 0
1459947872121933 133 2238879 42942 125 2114720 45053 0
1459947872123520 134 2235486 42714 125 2109507 46338 0
1459947872125449 139 2238758 42393 132 2113661 46547 0
1459947872127376 138 2240495 40682 130 2114931 44081 0
1459947872129265 140 2244656 41339 133 2119942 45256 0
1459947872131350 140 2248492 41645 132 2123281 44798 0
1459947872133223 140 2252028 41651 131 2125079 42956 0
1459947872134997 139 2254008 40222 132 2128017 42308 0
1459947872136741 134 2249433 41295 127 2124325 42404 0
1459947872138895 140 2252896 41260 131 2126042 40673 0
1459947872140731 137 2252248 38632 132 2128904 40134 0
1459947872142388 136 2250371 37343 128 2126423 39284 0
1459947872144205 136 2248640 36020 129 2125416 37142 0
1459947872146098 141 2253445 37634 132 2128327 36924 0
1459947872147779 135 2250194 37689 128 2125891 36284 0
1459947872149319 131 2242077 42226 124 2118525 40238 0
1459947872151012 135 2239714 41104 127 2115575 39813 0
1459947872152855 136 2238816 38719 128 2114135 38028 0
1459947872154650 136 2237988 36456 130 2115368 36193 0
1459947872156363 136 2237225 34310 127 2112664 35856 0
1459947872158232 135 2235241 33457 128 2111452 34171 0
1459947872160187 136 2234692 31348 131 2114174 34011 0
1459947872162135 136 2234186 29363 130 2115404 32487 0
1459947872164099 139 2237560 30179 132 2119098 33353 0
1459947872165835 134 2234270 30853 128 2117383 32327 0
1459947872167638 132 2234270 30853 121 2117383 32327 1
1459947872169743 143 2242757 36266 136 2126042 37783 0
1459947872171867 143 2250581 40645 136 2134024 42190 0
1459947872173852 142 2256514 42938 134 2138823 43317 0
1459947872175846 137 2255583 40440 130 2138127 40573 0
1459947872177716 136 2253445 39250 130 2137485 37994 0
1459947872179363 134 2248914 40359 127 2133053 39109 0
1459947872181214 135 2246017 39875 128 2130248 38638 0
1459947872182909 137 2245906 36860 128 2127662 38002 0
1459947872184680 136 2244524 35253 129 2126558 36050 0
1459947872186441 135 2241970 34851 126 2121700 37710 0
1459947872188313 137 2242176 32318 131 2123622 36535 0
1459947872190048 136 2241086 30797 128 2121554 35586 0
1459947872191720 137 2241361 28643 127 2118367 35742 0
1459947872193515 138 2242894 27818 130 2119269 33781 0
1459947872195042 128 2242894 27818 121 2119269 33781 1
1459947872196967 137 2243027 25767 130 2120101 31908 0
1459947872198916 140 2246990 27406 134 2125988 34842 0
1459947872200988 140 2250643 28632 132 2128855 34762 0
1459947872202851 139 2252731 28320 131 2130218 33302 0
1459947872204763 138 2253376 26702 131 2131474 31858 0
1459947872206680 137 2252691 25246 128 2128792 31840 0
1459947872208327 129 2241819 33295 123 2119920 37530 0
1459947872210075 139 2244596 33253 131 2121981 36497 0
1459947872211911 139 2247156 33015 130 2122601 34216 0
1459947872213667 137 2246956 30618 132 2125732 34429 0
1459947872215474 135 2244212 30754 129 2124779 32617 0
1459947872217343 138 2245522 29559 131 2126460 31618 0
1459947872219054 132 2239050 33214 124 2119050 35977 0
1459947872220909 137 2239484 31019 130 2119899 33948 0
1459947872222661 137 2239884 28964 129 2119401 31753 0
1459947872224586 140 2244093 30581 132 2122782 32389 0
1459947872226489 137 2244133 28228 127 2119499 32883 0
1459947872228121 130 2235210 34247 123 2111353 37823 0
1459947872230145 140 2239784 35787 131 2114083 37385 0
1459947872232116 141 2245280 38058 133 2119160 39144 0
1459947872233954 137 2245227 35132 130 2120000 36860 0
1459947872235860 139 2247738 34702 131 2122055 35874 0
1459947872237608 138 2248773 32944 127 2118829 36044 0
1459947872239527 136 2247167 31849 130 2119695 34026 0
1459947872241515 136 2245687 30724 130 2120493 32103 0
1459947872243144 135 2243042 30760 127 2117389 32455 0
1459947872244754 135 2240604 30603 127 2114527 32556 0
1459947872246387 131 2233236 35003 123 2106769 37163 0
1459947872248258 139 2236684 35447 132 2111137 38286 0
1459947872250106 142 2243703 39147 134 2117724 41366 0
1459947872251723 130 2243703 39147 120 2117724 41366 1
1459947872253386 132 2237373 41922 124 2110996 44335 0
1459947872255354 139 2240498 41527 129 2111194 41053 0
1459947872257110 137 2240819 38578 128 2110096 38856 0
1459947872258769 133 2235995 40011 125 2105244 40292 0
1459947872260308 130 2227707 44524 123 2098211 43626 0
1459947872262153 136 2227747 41082 128 2098128 40293 0
1459947872263907 131 2221384 43737 124 2092931 41935 0
1459947872265559 132 2216798 44547 125 2089420 41893 0
1459947872266950 124 2216798 44547 115 2089420 41893 1
1459947872268660 135 2216410 41423 127 2088744 39243 0
1459947872270282 130 2209652 44415 122 2081720 42651 0
1459947872272027 136 2211102 42282 127 2081645 39386 0
1459947872273803 136 2212439 40211 126 2080296 37551 0
1459947872275663 134 2211112 38292 127 2080332 34651 0
1459947872277544 137 2213728 37712 131 2085486 36694 0
1459947872279256 135 2213580 34900 128 2086397 34667 0
1459947872280954 135 2213444 32298 128 2087237 32732 0
1459947872282763 135 2213318 29889 130 2090571 33248 0
1459947872284377 138 2217042 30986 130 2093645 33483 0
1459947872286272 138 2220475 31730 130 2096478 33479 0
1459947872288181 142 2228760 36889 133 2102930 36811 0
1459947872290028 136 2228718 34045 124 2097358 39071 0
1459947872291634 131 2222279 37320 123 2090941 41932 0
1459947872293132 133 2218903 37515 126 2088866 40568 0
1459947872295053 138 2222191 37615 131 2093353 41534 0
1459947872296821 137 2223942 36290 127 2092369 39195 0
1459947872298531 135 2222996 34325 128 2092742 36476 0
1459947872300251 137 2224684 33199 130 2095646 36303 0
1459947872301833 132 2219840 35070 124 2090643 38077 0
1459947872303707 137 2221775 34113 129 2092431 36750 0
1459947872305371 132 2217158 35702 125 2088959 37077 0
1459947872307312 141 2224422 39609 131 2093439 38310 0
1459947872309052 137 2225999 37967 130 2096289 37944 0
1459947872311064 137 2227452 36340 128 2096356 35041 0
1459947872312676 135 2226232 34624 126 2093858 34605 0
1459947872314307 132 2221267 36495 123 2087715 37563 0
1459947872316023 136 2221810 34144 130 2091012 37667 0
1459947872317645 135 2221031 32194 128 2091491 35166 0
1459947872319372 136 2221592 30196 129 2093213 34005 0
1459947872321308 137 2223390 29493 129 2094800 32811 0
1459947872322904 131 2217367 32739 122 2087303 37157 0
1459947872324446 126 2205415 41199 121 2079112 41804 0
1459947872326112 129 2198236 44597 121 2071561 45498 0
1459947872327996 139 2204418 46811 130 2076120 46146 0
1459947872329450 129 2197317 49698 120 2067523 50465 0
1459947872330771 122 2197317 49698 114 2067523 50465 1
1459947872332465 134 2197171 45948 125 2065997 47928 0
1459947872334243 135 2198317 43414 127 2067150 45246 0
1459947872335997 132 2195533 42588 125 2065653 43090 0
1459947872337626 132 2192966 41625 123 2061713 43354 0
1459947872339429 134 2193160 38552 128 2064481 42518 0
1459947872341370 139 2199739 41605 131 2070873 45089 0
1459947872343173 137 2203244 41585 131 2076766 46998 0
1459947872345127 142 2212875 47215 134 2086038 51874 0
1459947872346843 138 2216634 46991 130 2089466 50981 0
1459947872348525 131 2211139 48384 122 2082386 53524 0
1459947872350292 138 2215033 48194 128 2083539 50405 0
1459947872351829 131 2209663 49377 125 2080762 49026 0
1459947872353498 135 2209833 45675 128 2082042 46375 0
1459947872355035 130 2203589 47861 121 2074262 49922 0
1459947872356776 136 2205513 45895 128 2076050 47669 0
1459947872358716 136 2207287 43944 128 2077698 45463 0
1459947872360487 135 2207642 40837 128 2079217 43312 0
1459947872362308 138 2211809 41488 128 2080618 41219 0
1459947872364152 140 2218211 44148 133 2088309 45088 0
1459947872365826 132 2213873 44696 123 2082599 46828 0
1459947872367627 136 2214994 42237 126 2081175 44480 0
1459947872369471 140 2221147 44609 131 2086263 45695 0
1459947872371169 136 2221699 41632 129 2088393 44089 0
1459947872372734 133 2218368 41449 125 2085237 43553 0
1459947872374360 134 2216578 39860 125 2082327 42831 0
1459947872376106 131 2211087 41806 125 2079645 41956 0
1459947872377741 129 2203465 45564 124 2075892 42137 0
1459947872379481 135 2204119 42607 128 2077552 40376 0
1459947872381207 138 2208562 43374 130 2081643 40992 0
1459947872382849 127 2198578 49188 121 2073894 44931 0
1459947872384883 141 2207294 53380 134 2083391 50175 0
1459947872386728 136 2208929 50716 129 2085746 48426 0
1459947872388412 129 2201476 53623 124 2081517 48540 0
1459947872390062 134 2201005 49866 125 2078898 47160 0
1459947872391760 131 2196731 49909 122 2072644 49240 0
1459947872393369 135 2197911 47097 128 2074558 47158 0
1459947872395095 135 2198999 44420 129 2077603 46280 0
1459947872396753 134 2198722 41204 126 2076570 43616 0
1459947872398684 131 2194626 41759 125 2074337 42265 0
1459947872400761 136 2197250 40915 126 2073559 39679 0
1459947872402900 139 2203509 43488 131 2079242 41818 0
1459947872404745 136 2205439 41870 128 2080641 39839 0
1459947872406640 134 2204659 39316 126 2079370 37896 0
1459947872408461 137 2207780 39121 129 2082039 37395 0
1459947872410453 140 2214497 42256 133 2089619 41461 0
1459947872412426 138 2218129 42302 129 2091487 39943 0
1459947872414139 133 2215077 41809 126 2089369 38773 0
1459947872415946 128 2205864 47035 120 2079737 44622 0
1459947872417873 136 2207610 44970 129 2082377 43569 0
1459947872419574 134 2206660 42331 126 2080971 41460 0
1459947872421415 136 2208344 40576 130 2084795 41745 0
1459947872423192 141 2216297 44737 133 2092160 45273 0
1459947872424881 137 2218508 43280 131 2096390 45635 0
1459947872426822 136 2219267 40597 129 2097729 43303 0
1459947872428792 136 2219966 38070 131 2101523 43417 0
1459947872430780 139 2224451 39229 130 2103741 42070 0
1459947872432650 137 2226025 37615 131 2107066 41848 0
1459947872434038 120 2226025 37615 112 2107066 41848 1
1459947872435746 132 2221076 39237 125 2102451 42831 0
1459947872437674 137 2222914 37865 129 2103317 40282 0
1459947872439687 142 2231008 42368 132 2107955 41410 0
1459947872441615 143 2239750 47117 135 2116071 45655 0
1459947872443462 139 2242689 46144 132 2119712 45445 0
1459947872445204 134 2238998 45940 126 2115389 45878 0
1459947872447073 135 2236876 44305 126 2111404 45966 0
1459947872448711 135 2234920 42646 129 2111570 42527 0
1459947872450280 130 2226716 46876 123 2104043 46142 0
1459947872452089 138 2229393 45681 129 2104784 43220 0
1459947872453880 135 2228021 43376 128 2104187 40392 0
1459947872455902 138 2230596 42361 130 2106197 39089 0
1459947872457691 137 2231690 40060 129 2106770 36563 0
1459947872459452 137 2232699 37860 127 2104738 35578 0
1459947872461533 146 2232699 37860 137 2104738 35578 1
1459947872463186 132 2227229 39944 122 2096465 40424 0
1459947872464764 133 2223466 40291 125 2092678 40755 0
1459947872466270 126 2211037 48600 120 2082787 46688 0
1459947872467847 133 2208539 47105 124 2078789 46725 0
1459947872469781 140 2215196 49561 129 2081503 45576 0
1459947872471489 136 2216213 46627 129 2084005 44322 0
1459947872473119 131 2210751 48018 121 2076072 48172 0
1459947872474776 132 2206996 47727 124 2072598 47609 0
1459947872476454 131 2202254 48369 125 2070676 45660 0
1459947872478536 138 2206842 48820 130 2075304 46358 0
1459947872480419 140 2213632 51265 131 2080850 47849 0
1459947872482028 135 2213492 47388 126 2079563 45295 0
1459947872483643 135 2213362 43803 128 2080937 43022 0
1459947872485419 136 2214523 41450 129 2083483 42007 0
1459947872487162 137 2216873 40377 128 2084550 39709 0
1459947872488942 137 2219039 39219 131 2089374 41053 0
1459947872490687 133 2215916 39033 127 2088701 38464 0
1459947872492540 140 2221997 41589 131 2093201 39607 0
1459947872494390 139 2226323 42327 132 2098629 41516 0
1459947872496188 135 2225191 40063 128 2098513 38378 0
1459947872498006 135 2224147 37894 127 2097126 36656 0
1459947872499927 141 2230865 41126 135 2106088 42053 0
1459947872501876 141 2237058 43622 131 2109229 41663 0
1459947872503721 139 2240207 43117 132 2113405 42258 0
1459947872505660 140 2244390 43605 133 2118535 43685 0
1459947872507637 137 2244407 40213 129 2118144 40632 0
1459947872509610 136 2243142 38236 129 2117784 37788 0
1459947872511130 129 2243142 38236 120 2117784 37788 1
1459947872512529 127 2243142 38236 119 2117784 37788 1
1459947872513910 122 2243142 38236 116 2117784 37788 1
1459947872515577 130 2234296 43402 122 2108492 43400 0
1459947872517414 137 2235101 40753 130 2110166 41552 0
1459947872519236 137 2235843 38253 130 2111709 39727 0
1459947872521031 136 2235247 35812 130 2113131 37934 0
1459947872522467 134 2232138 35879 125 2108042 39660 0
1459947872524190 134 2229272 35716 125 2103351 40885 0
1459947872525782 134 2226630 35360 126 2100306 40496 0
1459947872527426 132 2221634 37202 124 2094939 42279 0
1459947872528911 128 2211908 43260 121 2086151 47075 0
1459947872530550 131 2206782 44604 123 2080610 48504 0
1459947872532008 121 2206782 44604 116 2080610 48504 1
1459947872533632 127 2196937 50194 122 2074222 50602 0
1459947872535511 137 2200661 49705 132 2081133 53019 0
1459947872537419 139 2206654 51346 132 2087504 54749 0
1459947872539510 140 2213459 53607 133 2094657 57065 0
1459947872541285 133 2210772 51894 125 2091011 55966 0
1459947872543162 137 2213415 50275 132 2096610 56755 0
1459947872544951 137 2215851 48593 131 2100492 55900 0
1459947872546737 135 2215537 45084 128 2100231 51772 0
1459947872548436 136 2216528 42474 127 2098710 49128 0
1459947872550249 140 2222561 44717 132 2103708 49896 0
1459947872552270 141 2229403 47530 133 2109595 51424 0
1459947872553784 123 2229403 47530 116 2109595 51424 1
1459947872555559 137 2230590 44911 129 2109902 47689 0
1459947872557074 128 2220165 51012 120 2098665 54321 0
1459947872558892 136 2220794 47606 129 2099826 51148 0
1459947872560451 135 2220094 44530 126 2097057 49704 0
1459947872562246 136 2220729 41636 126 2094504 48173 0
1459947872563922 133 2217474 41383 126 2092150 46578 0
1459947872565878 138 2220873 41283 130 2095100 45659 0
1459947872567664 135 2220167 38707 128 2095260 42238 0
1459947872569391 132 2215676 39822 123 2089007 44701 0
1459947872570972 135 2215376 36986 124 2084523 45341 0
1459947872572768 138 2218939 37381 129 2086789 43887 0
1459947872574373 131 2213264 39691 122 2079918 46791 0
1459947872576074 136 2214432 37667 128 2081264 44376 0
1459947872577852 134 2212949 36090 124 2077385 44484 0
1459947872579659 137 2215422 35550 128 2078929 42431 0
1459947872581507 132 2211302 36569 124 2075232 42523 0
1459947872583159 135 2211344 33750 128 2076944 40778 0
1459947872584782 132 2207542 34617 123 2072122 42036 0
1459947872586441 133 2205317 33962 128 2074077 40553 0
1459947872588561 139 2210946 36497 133 2082279 44945 0
1459947872590363 136 2212295 34889 128 2083440 42504 0
1459947872592199 138 2216099 35670 132 2089631 44890 0
1459947872593747 132 2211926 36729 125 2086378 44380 0
1459947872595471 135 2211919 33865 128 2087219 41688 0
1459947872597138 128 2202952 39484 121 2079035 45975 0
1459947872599049 142 2212606 45299 134 2088130 50767 0
1459947872600892 135 2212546 41815 130 2091394 49809 0
1459947872602605 130 2206090 44498 119 2080323 56122 0
1459947872604353 134 2205259 41786 127 2080357 51769 0
1459947872606058 130 2199373 43947 123 2075269 52414 0
1459947872607835 134 2199066 40795 129 2078258 51075 0
1459947872609795 137 2202623 40887 129 2081014 49624 0
1459947872611790 138 2207183 41895 132 2087394 51629 0
1459947872613733 139 2212666 43676 131 2091996 51837 0
1459947872615138 125 2199801 52122 118 2079598 59215 0
1459947872616640 124 2186661 60161 118 2068169 65123 0
1459947872618399 139 2193748 61993 132 2075553 66842 0
1459947872620175 134 2193881 57272 126 2074680 62423 0
1459947872622035 135 2195284 54090 127 2075155 57984 0
1459947872624030 138 2200417 54596 132 2081993 59758 0
1459947872626014 135 2201309 51152 127 2081897 55177 0
1459947872628037 135 2202131 47913 129 2084368 53144 0
1459947872629727 133 2200329 45829 126 2082806 50431 0
1459947872631270 129 2193548 48498 120 2073686 54897 0
1459947872633218 140 2201377 51926 131 2079359 55838 0
1459947872635174 138 2206034 52162 129 2082029 53936 0
1459947872637398 147 2206034 52162 141 2082029 53936 1
1459947872639269 139 2211607 53224 131 2087050 54351 0
1459947872641157 137 2214185 51441 128 2087839 50831 0
1459947872642873 132 2210161 51130 123 2082166 52088 0
1459947872644564 133 2207732 49374 125 2079496 50478 0
1459947872646269 135 2208052 45811 129 2082155 48985 0
1459947872647845 131 2203227 46679 123 2076926 49977 0
1459947872649680 138 2207739 47192 130 2081066 49888 0
1459947872651237 133 2205499 45569 125 2078482 48371 0
1459947872652903 135 2205994 42464 128 2079940 45936 0
1459947872654600 133 2203890 41084 124 2076164 45827 0
1459947872656570 142 2213471 46706 135 2086763 52017 0
1459947872658354 134 2212063 44354 126 2085014 49564 0
1459947872660275 139 2217165 45591 131 2089802 50105 0
1459947872662013 130 2210348 48312 124 2085256 50380 0
1459947872663713 133 2207904 46789 124 2081065 50307 0
1459947872665382 132 2204371 46389 127 2081041 46397 0
1459947872667102 137 2207514 45661 129 2083579 45112 0
1459947872668952 131 2202731 46501 124 2079519 45329 0
1459947872670908 136 2204722 44704 128 2080896 43057 0
1459947872672841 138 2209118 45263 132 2087286 45583 0
1459947872674900 145 2209118 45263 138 2087286 45583 1
1459947872677062 141 2217010 49002 132 2093176 47451 0
1459947872678920 134 2215326 46725 127 2092206 44636 0
1459947872680805 132 2211213 46865 121 2083632 49051 0
1459947872682641 137 2213821 45608 129 2085968 47371 0
1459947872684450 135 2213666 42186 128 2086841 44475 0
1459947872686282 136 2214803 39938 129 2088926 42922 0
1459947872687666 122 2214803 39938 116 2088926 42922 1
1459947872689220 127 2204331 46470 119 2078048 49595 0
1459947872690727 125 2192117 54098 117 2065460 57324 0
1459947872692352 135 2193657 51291 129 2069215 56307 0
1459947872694085 141 2202757 55672 133 2077797 59820 0
1459947872695985 141 2211146 59056 136 2089549 65979 0
1459947872697673 136 2212480 55672 128 2090142 61371 0
1459947872699251 133 2209870 53728 126 2088129 58431 0
1459947872700949 132 2206183 52928 123 2082433 59116 0
1459947872702577 129 2198944 55465 122 2075902 60516 0
1459947872704388 135 2199951 52059 128 2077562 57318 0
1459947872706148 138 2204719 52387 130 2081652 56610 0
1459947872707679 132 2201435 51321 125 2079022 54610 0
1459947872709304 135 2202247 48060 127 2079158 50468 0
1459947872711282 137 2205556 47355 130 2083123 50181 0
1459947872712943 133 2203486 45562 127 2082939 46429 0
1459947872714899 139 2209258 47323 132 2089169 48544 0
1459947872716761 136 2210739 44991 126 2087232 46536 0
1459947872718689 139 2215945 46275 132 2093127 48334 0
1459947872720395 138 2219464 45903 130 2096001 47206 0
1459947872722037 132 2215028 46405 128 2096090 43600 0
1459947872723769 131 2209658 47728 123 2089772 46016 0
1459947872725472 129 2202148 50921 122 2082668 48969 0
1459947872727096 130 2196505 52143 123 2077399 49999 0
1459947872728764 132 2193863 50504 125 2075102 48209 0
1459947872730491 137 2197827 50212 128 2076824 46030 0
1459947872732246 141 2206601 54378 132 2083532 48617 0
1459947872734014 138 2210850 54046 130 2087156 48158 0
1459947872735979 138 2214767 53434 129 2089216 46295 0
1459947872737927 138 2218378 52588 128 2089836 43249 0
1459947872739459 118 2218378 52588 113 2089836 43249 1
1459947872740790 96 2218378 52588 92 2089836 43249 1
1459947872742072 94 2218378 52588 88 2089836 43249 1
1459947872743275 105 2218378 52588 99 2089836 43249 1
1459947872744952 138 2221707 51548 130 2092967 42756 0
1459947872746538 137 2223496 49169 128 2093293 39716 0
1459947872748116 133 2220025 48526 125 2089754 39875 0
1459947872749836 136 2220665 45324 129 2091611 38471 0
1459947872751585 136 2221255 42327 124 2086923 39785 0
1459947872753385 138 2224359 41881 128 2087722 37412 0
1459947872755236 135 2223380 39510 127 2087178 34989 0
1459947872757136 134 2221198 38434 128 2087957 32973 0
1459947872758770 129 2212786 43184 123 2082275 35633 0
1459947872760516 131 2207592 44598 123 2077037 37677 0
1459947872762188 132 2204083 44346 122 2070928 40364 0
1459947872763932 137 2207249 43799 131 2076816 42638 0
1459947872765641 133 2205047 42406 124 2073284 42561 0
1459947872767380 133 2203017 40963 126 2072588 39875 0
1459947872769179 137 2206266 40757 129 2075787 39708 0
1459947872770770 129 2199021 44250 121 2068496 43326 0
1459947872772486 138 2203862 45255 131 2074574 45544 0
1459947872774123 136 2205765 43473 128 2076337 43611 0
1459947872776035 139 2211359 45233 128 2077963 41702 0
1459947872777696 132 2207556 45204 124 2074342 41781 0
1459947872779469 134 2206610 42543 127 2074844 38978 0
1459947872781192 135 2207018 39595 126 2074026 36685 0
1459947872783025 138 2211234 40388 130 2078392 37843 0
1459947872784907 138 2215121 40815 131 2083697 39777 0
1459947872786737 136 2216144 38569 129 2086028 38818 0
1459947872788527 134 2214527 37044 127 2085617 36163 0
1459947872790652 143 2224557 43395 134 2094198 41247 0
1459947872792446 139 2228683 43808 131 2098268 41776 0
1459947872794261 137 2229927 41531 128 2098180 38592 0
1459947872795995 134 2227233 40768 124 2092979 40370 0
1459947872797990 135 2226030 38691 128 2093305 37516 0
1459947872799832 140 2231321 40546 129 2094885 36042 0
1459947872801604 133 2227239 41141 126 2092502 35422 0
1459947872803313 132 2222195 42574 126 2090305 34679 0
1459947872805029 137 2223946 40861 129 2092119 33642 0
1459947872806957 139 2228120 41516 131 2096352 34915 0
1459947872808591 137 2229408 39459 131 2100254 35784 0
1459947872810641 143 2238275 44550 134 2107691 39844 0
1459947872812458 138 2240049 42705 129 2108147 37152 0
1459947872814175 133 2235285 43759 126 2104728 37400 0
1459947872815769 128 2235285 43759 119 2104728 37400 1
1459947872817530 135 2233453 42028 126 2101576 37383 0
1459947872819349 137 2234324 39547 128 2101230 34780 0
1459947872820997 136 2233847 36896 126 2098351 34715 0
1459947872822885 137 2234687 34788 130 2100817 34275 0
1459947872824680 135 2232902 33715 127 2099250 33040 0
1459947872826604 140 2237656 35464 131 2102926 33846 0
1459947872828367 134 2234359 35732 127 2101194 32796 0
1459947872830080 139 2237719 36038 130 2103438 32301 0
1459947872831591 133 2233137 37445 124 2097826 34949 0
1459947872833295 135 2231473 36052 128 2097773 32266 0
1459947872835187 139 2235059 36541 129 2099004 30880 0
1459947872836998 135 2233245 35358 129 2100139 29513 0
1459947872838769 135 2231572 34136 129 2101185 28171 0
1459947872840702 139 2235150 34767 130 2103429 28039 0
1459947872842500 136 2234608 32548 128 2102938 26300 0
1459947872844335 134 2231549 32824 128 2102485 24661 0
1459947872846161 138 2233849 32379 129 2103348 23529 0
1459947872847923 134 2230849 32614 125 2099023 25676 0
1459947872849805 139 2234483 33417 131 2102716 27075 0
1459947872851496 138 2236554 32715 131 2106121 28098 0
1459947872853311 136 2235903 30758 127 2104140 27727 0
1459947872855079 137 2236583 28981 127 2102314 27243 0
1459947872857019 138 2238489 28474 131 2105750 28282 0
1459947872858707 131 2231287 32888 125 2101238 30231 0
1459947872860339 136 2231047 30538 129 2102198 28754 0
1459947872862274 139 2234666 31488 131 2105643 29683 0
1459947872863928 136 2234162 29491 127 2103699 29155 0
1459947872865590 134 2231138 29974 129 2104467 27585 0
1459947872867602 142 2238590 34502 134 2111575 31982 0
1459947872869769 146 2238590 34502 138 2111575 31982 1
1459947872871573 137 2239060 32239 129 2111728 29624 0
1459947872873155 129 2239060 32239 121 2111728 29624 1
1459947872875045 135 2236933 31680 128 2110589 28358 0
1459947872876732 135 2234972 31012 125 2105699 30649 0
1459947872878707 137 2235724 29283 129 2106311 28818 0
1459947872880492 136 2235138 27535 127 2104315 28405 0
1459947872882427 140 2239717 29605 133 2110155 31569 0
1459947872884304 138 2241379 28824 130 2111699 30525 0
1459947872886044 134 2237791 29879 125 2106722 32727 0
1459947872887803 136 2237043 28232 124 2100854 35579 0
1459947872889458 136 2236354 26661 128 2100564 33065 0
1459947872891515 140 2240838 28712 132 2105417 34955 0
1459947872893490 139 2243692 29099 130 2107331 33988 0
1459947872895319 140 2247603 30431 133 2112935 36498 0
1459947872897260 141 2252489 32557 132 2116821 37229 0
1459947872898905 132 2245473 36480 125 2111444 39276 0
1459947872900641 136 2244125 34872 127 2109047 38416 0
1459947872902435 138 2245442 33361 131 2111957 38097 0
1459947872904230 138 2246656 31874 130 2113360 36413 0
1459947872906131 138 2247776 30415 129 2113373 33580 0
1459947872908022 140 2251368 31349 133 2118505 35687 0
1459947872909608 136 2249559 30565 127 2115556 35615 0
1459947872911347 135 2246612 30893 127 2112838 35337 0
1459947872913196 142 2252855 34234 135 2120572 39706 0
1459947872915215 140 2256050 34505 131 2122582 38456 0
1459947872917291 140 2258996 34524 133 2126995 39519 0
1459947872919011 136 2256591 34042 128 2124663 38580 0
1459947872920571 129 2245414 41684 123 2116113 43446 0
1459947872922459 135 2242791 40845 130 2117191 41045 0
1459947872924423 139 2245492 40143 131 2119465 39934 0
1459947872926211 138 2246702 38122 132 2122841 39927 0
1459947872928196 140 2250378 38532 131 2124674 38496 0
1459947872930039 138 2251207 36285 131 2126363 37045 0
1459947872932010 137 2250691 33925 126 2121520 38613 0
1459947872933798 133 2245095 36432 128 2119616 37351 0
1459947872935585 133 2239936 38340 124 2112741 40769 0
1459947872937238 130 2239936 38340 119 2112741 40769 1
1459947872938879 132 2233901 40907 123 2105123 44605 0
1459947872940563 133 2229617 41659 125 2100660 45234 0
1459947872942413 135 2228228 39684 126 2097825 44312 0
1459947872944244 137 2229507 37762 130 2100332 43161 0
1459947872946032 139 2233246 38258 132 2105203 44280 0
1459947872947732 133 2229013 39170 125 2100734 44939 0
1459947872949498 136 2228951 36165 128 2100454 41685 0
1459947872951020 132 2223774 38111 123 2093796 44565 0
1459947872952691 131 2217721 40712 126 2091498 43201 0
1459947872954515 136 2218541 38287 130 2094499 42592 0
1459947872956297 138 2221857 38352 130 2097266 41815 0
1459947872958226 136 2222354 35813 130 2099817 40899 0
1459947872959820 133 2218972 36132 125 2095768 41434 0
1459947872961612 136 2219694 33975 128 2095876 38295 0
1459947872963331 136 2220360 31934 129 2097255 36574 0
1459947872965023 131 2214574 34772 124 2092126 38443 0
1459947872966647 133 2211800 34611 126 2089958 37436 0
1459947872968588 136 2213083 33089 128 2090520 35029 0
1459947872970663 139 2218105 35133 131 2094878 36309 0
1459947872972722 139 2222735 36656 131 2098895 37175 0
1459947872974770 139 2227003 37727 130 2101318 36504 0
1459947872976792 139 2230938 38406 132 2106112 38072 0
1459947872978246 127 2219205 46220 121 2096452 44002 0
1459947872979870 131 2213509 47859 126 2093946 42873 0
1459947872981416 124 2213509 47859 117 2093946 42873 1
1459947872983103 131 2208258 48960 124 2089076 44012 0
1459947872984931 138 2212377 48933 129 2090986 42334 0
1459947872986643 136 2213615 46251 126 2088907 40941 0
1459947872988191 133 2210916 45124 125 2085711 40688 0
1459947872990058 138 2214828 45204 130 2089164 40693 0
1459947872991915 138 2218434 44996 129 2091068 39268 0
1459947872993840 136 2219198 42185 127 2090263 36941 0
1459947872995469 130 2212223 45318 122 2083121 40637 0
1459947872996907 126 2200673 52424 119 2072697 47071 0
1459947872998519 130 2195145 53423 121 2065647 49891 0
1459947873000334 139 2201569 55171 128 2068108 48262 0
1459947873002174 135 2202371 51599 129 2071657 47762 0
1459947873004279 144 2214630 58869 137 2085168 56486 0
1459947873005982 130 2208012 60369 124 2080984 55929 0
1459947873007739 135 2208311 55927 126 2079687 52754 0
1459947873009562 133 2206026 53662 126 2078491 49734 0
1459947873011008 129 2198800 56130 121 2070988 52763 0
1459947873012686 135 2199818 52683 127 2071752 49344 0
1459947873014663 139 2205877 54152 132 2078856 52038 0
1459947873016252 132 2202502 53031 125 2076445 50194 0
1459947873018086 134 2201951 49394 128 2078062 47763 0
1459947873020084 140 2209123 52147 130 2082113 47765 0
1459947873022175 141 2217015 55348 132 2088407 49836 0
1459947873023987 140 2223010 56550 131 2092930 50111 0
1459947873026121 140 2228537 57227 133 2099659 52400 0
1459947873027914 137 2229792 53913 129 2100743 49305 0
1459947873029699 135 2228389 50993 128 2100462 45711 0
1459947873031382 133 2224536 50560 126 2097643 44737 0
1459947873033232 136 2224824 46875 129 2098884 42385 0
1459947873034995 134 2222529 45327 127 2097468 40377 0
1459947873036880 135 2221693 42554 127 2096163 38424 0
1459947873038456 132 2217083 43478 122 2088560 42430 0
1459947873040187 135 2216673 40458 128 2089231 39733 0
1459947873042024 138 2220135 40488 131 2093689 40738 0
1459947873043852 136 2220766 37906 130 2096519 40164 0
1459947873045772 139 2225188 39021 132 2101688 41791 0
1459947873047420 134 2222865 38113 127 2100053 40032 0
1459947873049121 135 2222003 35928 127 2098546 38292 0
1459947873050754 133 2218649 36212 125 2094597 38940 0
1459947873052345 132 2214277 37412 124 2089676 40432 0
1459947873054044 134 2212806 35844 127 2088980 37914 0
1459947873055838 133 2210170 35472 125 2085778 37902 0
1459947873057617 135 2210300 32820 129 2087946 36939 0
1459947873059535 140 2216820 36265 131 2092505 38256 0
1459947873061506 140 2222830 38972 130 2095428 37961 0
1459947873063199 133 2219411 39078 126 2093002 37230 0
1459947873064912 136 2220099 36659 128 2093326 34619 0
1459947873066714 135 2219453 34389 126 2091064 33998 0
1459947873068688 137 2221418 33513 128 2091539 31779 0
1459947873070593 138 2224509 33744 130 2094537 32060 0
1459947873072370 135 2223519 32019 128 2094741 29743 0
1459947873074139 133 2220046 32718 127 2093649 28425 0
1459947873075820 135 2219404 30751 127 2092642 27131 0
1459947873077581 133 2216253 31252 126 2090434 27046 0
1459947873079425 138 2219748 32032 131 2094798 28956 0
1459947873081257 137 2221690 31319 130 2097541 29222 0
1459947873082971 132 2217080 33121 124 2092390 31686 0
1459947873084596 132 2212830 34450 125 2088922 32407 0
1459947873086504 137 2215312 34046 129 2090844 31647 0
1459947873088469 136 2216320 32316 130 2093896 31988 0
1459947873090415 137 2218530 31828 128 2094150 29722 0
1459947873092231 135 2218007 29822 125 2090544 30722 0
1459947873093603 127 2218007 29822 119 2090544 30722 1
1459947873095448 134 2216245 29116 127 2089780 29025 0
1459947873097331 137 2218460 28883 129 2091635 28468 0
1459947873099301 141 2225622 33229 134 2099746 33720 0
1459947873101279 140 2230945 35539 133 2105943 36798 0
1459947873103167 138 2233292 34926 131 2109096 36829 0
1459947873104875 134 2230336 34922 126 2105602 37171 0
1459947873106761 138 2232731 34400 129 2106221 34838 0
1459947873108569 139 2236218 34927 130 2108072 33822 0
1459947873110455 137 2236873 32802 130 2109778 32752 0
1459947873112322 137 2237477 30796 129 2110071 30463 0
1459947873113996 133 2232914 32596 126 2106501 31373 0
1459947873115724 134 2229987 32746 127 2104490 30774 0
1459947873117504 136 2229849 30313 129 2105196 29020 0
1459947873119442 144 2229849 30313 136 2105196 29020 1
1459947873121294 136 2229722 28061 130 2107127 28532 0
1459947873123120 136 2229604 25975 128 2106347 27020 0
1459947873124712 132 2224376 28764 124 2100508 30291 0
1459947873126382 136 2224676 26793 127 2098965 29345 0
1459947873128295 138 2227513 27314 131 2102663 30461 0
1459947873130097 134 2225008 27488 127 2100952 29657 0
1459947873131802 135 2223979 26288 127 2099375 28793 0
1459947873133664 138 2226870 26899 130 2101761 28742 0
1459947873135528 139 2230815 28434 131 2105240 29704 0
1459947873137582 143 2230815 28434 135 2105240 29704 1
1459947873139370 141 2237012 31925 133 2111008 32700 0
1459947873141070 136 2236325 30062 130 2112485 31507 0
1459947873142802 134 2233132 30656 128 2111287 30149 0
1459947873144661 137 2234028 29087 130 2112742 29135 0
1459947873146126 129 2224614 35491 123 2105124 33880 0
1459947873147925 137 2226176 34158 131 2108341 34198 0
1459947873149679 138 2228896 33996 132 2112586 35440 0
1459947873151224 125 2228896 33996 120 2112586 35440 1
1459947873152801 130 2221163 38468 124 2106260 38502 0
1459947873154586 137 2222994 37150 130 2108108 37198 0
1459947873156551 140 2228522 39343 133 2113652 39401 0
1459947873158299 134 2225938 38650 126 2109802 39870 0
1459947873160332 141 2232516 41694 133 2115213 41743 0
1459947873162222 137 2233460 39306 128 2113801 39781 0
1459947873164104 138 2235610 38217 131 2116340 39013 0
1459947873166100 141 2241432 40599 132 2119960 39303 0
1459947873167929 139 2244240 40015 131 2122018 38129 0
1459947873169702 133 2239148 41581 125 2116235 40480 0
1459947873171462 136 2238294 39118 124 2109624 43411 0
1459947873173220 133 2233667 40326 125 2104809 44457 0
1459947873175174 139 2237081 40323 130 2106770 42791 0
1459947873177347 143 2245349 44794 137 2117538 49374 0
1459947873179369 139 2247851 43600 132 2121065 48767 0
1459947873181223 136 2246317 41606 129 2120476 45499 0
1459947873182860 134 2242343 42018 127 2117373 44803 0
1459947873184649 135 2239959 40931 128 2115793 42758 0
1459947873186454 134 2236482 40938 129 2115616 39579 0
1459947873188336 136 2235836 38333 130 2116733 37516 0
1459947873189886 131 2228841 41786 121 2106243 44255 0
1459947873191677 138 2231352 40836 131 2109372 43682 0
1459947873193407 138 2233667 39779 131 2112257 42928 0
1459947873195176 137 2234521 37459 132 2116196 43206 0
1459947873197088 142 2241709 41158 131 2118548 41998 0
1459947873198874 134 2238095 41273 127 2115596 41436 0
1459947873200679 137 2238603 38517 129 2115435 38346 0
1459947873202476 137 2239072 35939 129 2115286 35486 0
1459947873204094 131 2231824 39812 126 2111309 36379 0
1459947873205943 133 2227702 40500 127 2108922 35735 0
1459947873207680 134 2225182 39657 128 2108002 33790 0
1459947873209297 127 2225182 39657 121 2108002 33790 1
1459947873210805 133 2221579 39878 125 2103314 35471 0
1459947873212659 138 2224658 39600 132 2107952 36975 0
1459947873214492 138 2227496 39122 130 2109668 35668 0
1459947873216386 139 2231392 39657 130 2111250 34339 0
1459947873218168 136 2231144 36786 130 2112708 33000 0
1459947873219966 137 2232195 34881 128 2111492 31541 0
1459947873221729 135 2230604 33620 131 2114211 31583 0
1459947873223645 139 2234258 34361 132 2117998 32606 0
1459947873225506 135 2232506 33290 129 2117649 30379 0
1459947873227293 137 2233451 31560 128 2116047 29481 0
1459947873229218 138 2235602 31077 128 2114570 28537 0
1459947873231147 135 2233745 30360 128 2113209 27561 0
1459947873232869 131 2226913 34285 123 2105554 32463 0
1459947873234968 140 2232135 36420 132 2110017 34040 0
1459947873237109 142 2239509 40372 134 2116691 37533 0
1459947873239056 135 2237347 39209 128 2115164 36007 0
1459947873240510 132 2231514 41522 126 2111196 36850 0
1459947873241974 129 2222296 46774 121 2101138 43242 0
1459947873243638 136 2222759 43545 129 2102106 40755 0
1459947873245305 135 2221905 40929 126 2099158 40287 0
1459947873247188 136 2222398 38186 128 2099001 37283 0
1459947873248880 135 2221573 35962 128 2098856 34503 0
1459947873250804 136 2222092 33631 129 2100002 32864 0
1459947873252753 143 2231531 39704 137 2111299 40710 0
1459947873254465 139 2235112 39903 132 2115313 41230 0
1459947873256408 141 2240973 42188 133 2120294 42600 0
1459947873258313 135 2238696 40990 129 2119766 39757 0
1459947873260139 137 2239157 38212 131 2121839 38561 0
1459947873261903 132 2233182 40733 126 2117350 39685 0
1459947873263840 141 2239194 43092 133 2122172 41029 0
1459947873265762 136 2238336 40515 128 2120217 39624 0
1459947873267471 134 2234986 40437 126 2115855 40549 0
1459947873269090 133 2230617 41303 124 2109273 43447 0
1459947873270857 137 2231710 39083 130 2110886 41539 0
1459947873272630 139 2235277 39317 132 2114933 42023 0
1459947873274489 138 2237285 38097 131 2117383 40998 0
1459947873276250 137 2237857 35647 128 2115802 39252 0
1459947873278131 137 2238384 33348 127 2113064 38708 0
1459947873279990 139 2241430 33550 130 2114380 36897 0
1459947873281673 128 2230158 41319 123 2106634 41154 0
1459947873283477 137 2231286 39130 131 2109733 40795 0
1459947873285266 136 2231046 36292 129 2110030 37880 0
1459947873287299 142 2238505 40332 132 2114143 38712 0
1459947873288941 132 2232581 42641 124 2107695 41630 0
1459947873290658 139 2236080 42535 129 2108151 38797 0
1459947873292366 137 2236746 39825 130 2109851 37332 0
1459947873294319 137 2237360 37279 128 2108858 35329 0
1459947873296123 132 2231526 39743 126 2105383 35771 0
1459947873297959 133 2227428 40415 127 2103459 34748 0
1459947873299526 133 2223650 40739 124 2097846 37207 0
1459947873301345 137 2225287 39065 131 2101631 37790 0
1459947873303132 136 2225516 36224 129 2102561 35694 0
1459947873304852 129 2216767 41458 122 2094458 40374 0
1459947873306433 132 2212542 42113 126 2092108 39384 0
1459947873308037 129 2204807 45952 123 2086102 41843 0
1459947873309845 137 2207916 45228 130 2089525 41729 0
1459947873311325 133 2205662 43771 125 2086280 41458 0
1459947873313210 142 2215104 49056 134 2094809 46082 0
1459947873315111 138 2218689 48527 133 2101392 48549 0
1459947873317093 139 2223273 48961 132 2106180 49170 0
1459947873318907 137 2224939 46671 129 2106754 45857 0
1459947873320657 134 2222635 45147 127 2104723 44145 0
1459947873322348 128 2212831 50656 122 2096451 48321 0
1459947873324264 133 2210193 49129 126 2093945 46854 0
1459947873325719 126 2198801 55791 119 2082675 53581 0
1459947873327359 132 2195979 54032 126 2081246 50711 0
1459947873329027 134 2195938 49847 125 2078648 49143 0
1459947873330996 139 2202300 51817 131 2083933 50175 0
1459947873333049 142 2212005 56715 134 2092645 54287 0
1459947873334888 129 2204312 59375 123 2086597 55620 0
1459947873336681 133 2202340 56553 126 2084861 52873 0
1459947873338346 135 2203082 52818 128 2085821 49627 0
1459947873340264 139 2208886 54041 131 2090546 50105 0
1459947873342316 141 2216796 57111 132 2096182 51385 0
1459947873344117 136 2217688 53472 129 2097537 48619 0
1459947873345971 133 2214671 52075 125 2093666 48387 0
1459947873347551 129 2206769 55289 123 2087538 50254 0
1459947873349029 125 2194365 62403 120 2078049 55074 0
1459947873350986 139 2200850 63505 131 2083381 55686 0
1459947873352764 134 2200428 58931 126 2081896 52703 0
1459947873354650 135 2201319 55148 127 2081807 48666 0
1459947873356313 135 2202140 51596 124 2077885 48477 0
1459947873357912 129 2195217 53946 122 2071710 50381 0
1459947873359594 133 2193955 50893 124 2068577 49331 0
1459947873361314 131 2190232 50347 123 2064409 49318 0
1459947873363035 129 2184240 51936 122 2059287 50186 0
1459947873365016 134 2185116 48685 128 2062245 48992 0
1459947873366645 135 2187203 46805 127 2063692 46498 0
1459947873368592 135 2189127 44922 129 2067586 46454 0
1459947873370473 140 2197301 48947 132 2075015 49673 0
1459947873372303 137 2200996 48530 131 2080584 50926 0
1459947873373965 133 2199283 46316 127 2080598 46960 0
1459947873375826 138 2204104 47141 130 2084451 46843 0
1459947873377641 135 2204708 44015 128 2085443 44097 0
1459947873379602 139 2210385 45809 131 2090197 45034 0
1459947873381594 137 2213058 44694 129 2092020 43195 0
1459947873383438 137 2215522 43474 130 2094980 42549 0
1459947873385022 128 2206274 48602 123 2088749 44967 0
1459947873386838 136 2207988 46384 128 2089405 42058 0
1459947873388690 135 2208288 43037 128 2090010 39329 0
1459947873390547 140 2214965 45829 132 2095687 41490 0
1459947873392482 140 2221120 47923 132 2100921 43073 0
1459947873394404 139 2225515 48230 131 2104466 42975 0
1459947873396329 137 2227006 45837 130 2106454 41450 0
1459947873398160 136 2227101 42342 130 2108287 39901 0
1459947873399704 128 2216948 48393 122 2099737 44664 0
1459947873401457 133 2213988 47339 126 2096975 43720 0
1459947873402968 131 2208700 48514 123 2090588 46191 0
1459947873404622 132 2205105 48036 125 2087260 45649 0
1459947873406426 137 2208191 47128 129 2089312 43974 0
1459947873408323 139 2213596 48428 133 2096324 47002 0
1459947873410255 141 2221138 51597 134 2104068 50468 0
1459947873411844 133 2217851 50594 127 2102247 48203 0
1459947873413555 136 2218661 47388 128 2101848 44803 0
1459947873415337 138 2221968 46733 129 2102761 42143 0
1459947873417205 136 2222456 43531 127 2101042 40433 0
1459947873418913 136 2222906 40545 128 2100738 37554 0
1459947873420695 136 2223321 37760 128 2100457 34878 0
1459947873422616 138 2226264 37523 131 2104038 35455 0
1459947873424539 136 2226417 34732 129 2104780 33369 0
1459947873426446 137 2227838 33328 129 2105464 31392 0
1459947873428373 139 2231708 34291 130 2107374 30700 0
1459947873430135 136 2231435 31862 128 2106575 29037 0
1459947873431900 135 2229904 30783 126 2103278 29806 0
1459947873433615 134 2227212 30858 127 2101519 29098 0
1459947873435380 133 2223451 31914 127 2099897 28318 0
1459947873437093 131 2217423 34976 125 2095842 29842 0
1459947873438670 130 2210586 38545 124 2090824 32135 0
1459947873440388 135 2210683 35623 127 2090038 30348 0
1459947873442366 136 2212053 34102 130 2093153 30849 0
1459947873443914 126 2212053 34102 120 2093153 30849 1
1459947873445779 130 2205636 37352 124 2088345 32869 0
1459947873447702 138 2209960 38419 132 2094153 35655 0
1459947873449288 132 2206266 38821 126 2091827 35012 0
1459947873451173 135 2206701 36189 127 2090963 33072 0
1459947873452979 137 2209662 36091 129 2092726 32113 0
1459947873454760 128 2200872 41374 121 2084111 37545 0
1459947873456329 131 2196608 42071 125 2081289 37211 0
1459947873458219 133 2195238 40046 125 2078688 36700 0
1459947873460044 137 2199095 40472 131 2083970 38701 0
1459947873461692 133 2197530 38752 126 2082439 37087 0
1459947873463484 136 2199927 37934 129 2084868 36428 0
1459947873465099 130 2194457 40011 121 2076867 40957 0
1459947873466591 133 2193255 37993 126 2075891 38655 0
1459947873468455 137 2197266 38722 127 2076272 35986 0
1459947873469923 126 2186884 45266 119 2066383 42290 0
1459947873471293 122 2186884 45266 114 2066383 42290 1
1459947873472688 121 2186884 45266 115 2066383 42290 1
1459947873474207 126 2177313 50551 120 2058546 46209 0
1459947873476155 136 2181290 50267 130 2064122 47738 0
1459947873478068 134 2182396 47359 126 2064142 44026 0
1459947873479803 134 2183416 44599 128 2066720 42963 0
1459947873481433 129 2177956 46146 121 2060137 45674 0
1459947873482899 129 2172923 47179 121 2054068 47699 0
1459947873484388 132 2172123 44230 123 2051033 46768 0
1459947873486398 139 2180345 48354 128 2054636 46435 0
1459947873488331 137 2185365 49204 131 2061797 49409 0
1459947873490188 138 2191273 50805 131 2068399 51634 0
1459947873492078 137 2195439 50676 128 2070645 49670 0
1459947873493823 134 2195440 46717 126 2070155 46239 0
1459947873495707 137 2199281 46608 129 2073544 45750 0
1459947873497547 134 2198982 43241 127 2074108 42695 0
1459947873499421 137 2202546 43148 130 2078468 43378 0
1459947873501181 133 2200712 41467 126 2077367 41003 0
1459947873503050 137 2204141 41388 130 2081472 41584 0
1459947873504998 138 2208582 42248 130 2085257 41824 0
1459947873506858 141 2216516 46261 131 2090026 42952 0
1459947873508707 138 2219990 45849 131 2094422 43649 0
1459947873510076 127 2209113 52293 121 2085675 48301 0
1459947873511629 129 2201646 55090 124 2081451 48420 0
1459947873513236 131 2197322 54771 123 2076277 49406 0
1459947873514833 126 2186936 60066 119 2066387 54662 0
1459947873516791 138 2192721 60706 131 2072630 56146 0
1459947873518828 139 2199334 62060 133 2080945 59425 0
1459947873520370 129 2192631 63390 125 2078371 57154 0
1459947873521896 125 2181331 68853 118 2067038 63135 0
1459947873523502 128 2174754 69535 122 2061710 63113 0
1459947873525354 140 2184051 72673 134 2072158 67814 0
1459947873527134 135 2186222 68996 127 2072830 63136 0
1459947873528822 132 2184383 65299 124 2069610 61171 0
1459947873530494 133 2183968 60579 125 2067921 57948 0
1459947873532121 135 2186145 57853 127 2068924 54345 0
1459947873533716 135 2188152 55183 127 2069849 50952 0
1459947873535477 133 2187442 51524 127 2070702 47757 0
1459947873537549 139 2194468 53975 132 2077888 50650 0
1459947873539129 126 2184305 59126 120 2069153 54744 0
1459947873540573 129 2178776 59602 122 2063660 55530 0
1459947873542068 131 2176239 57283 124 2061156 53498 0
1459947873543968 137 2181580 57731 129 2065248 53090 0
1459947873545908 145 2196744 67199 135 2076700 59499 0
1459947873547812 137 2200483 65396 129 2079577 57503 0
1459947873549241 129 2193690 66548 122 2073270 58824 0
1459947873550867 133 2192547 62400 126 2072575 54867 0
1459947873552671 137 2196614 61274 130 2077055 54710 0
1459947873554469 135 2197803 57582 128 2078625 51882 0
1459947873556227 135 2198899 54094 128 2080072 49162 0
1459947873557900 131 2194790 53654 124 2076286 48810 0
1459947873559570 129 2188442 55314 124 2072796 48213 0
1459947873561404 133 2187709 51666 128 2074698 46200 0
1459947873563293 137 2192154 51726 129 2077732 45387 0
1459947873565255 140 2200091 55001 132 2084369 47959 0
1459947873566840 128 2192048 58117 123 2078967 49191 0
1459947873568599 131 2188474 56870 125 2076547 47577 0
1459947873570218 131 2185179 55464 125 2074316 45915 0
1459947873571876 133 2184701 51569 125 2072260 44222 0
1459947873573579 135 2186821 49494 127 2072924 41379 0
1459947873575485 135 2188775 47428 129 2076096 41071 0
1459947873577762 139 2195696 50103 132 2082861 44098 0
1459947873579721 136 2198237 48530 128 2083977 41681 0
1459947873581613 137 2201859 48077 129 2086286 40552 0
1459947873583438 139 2207758 49758 133 2093534 44065 0
1459947873585173 134 2206796 46755 127 2092536 41541 0
1459947873586873 132 2203350 46278 125 2089056 41502 0
1459947873588423 129 2196333 49130 121 2080728 45935 0
1459947873590022 129 2189864 51254 122 2074331 48243 0
1459947873591924 138 2195420 52371 132 2081233 50837 0
1459947873593804 139 2201822 54181 131 2086316 51551 0
1459947873595457 133 2200044 51586 127 2085882 47922 0
1459947873597338 132 2197125 50245 127 2085482 44546 0
1459947873599033 132 2194434 48799 124 2081273 44944 0
1459947873600904 134 2194513 45059 128 2082513 42575 0
1459947873602305 129 2188186 47370 123 2077256 44093 0
1459947873603992 134 2188753 44192 128 2078810 42080 0
1459947873605686 130 2184156 44976 122 2072562 44550 0
1459947873607324 134 2185038 42275 128 2074483 42840 0
1459947873609332 135 2187131 40902 129 2077534 42305 0
1459947873611147 139 2194181 44205 132 2084186 45131 0
1459947873612723 133 2193000 41839 127 2083918 41851 0
1459947873614487 135 2194471 39926 129 2086231 40714 0
1459947873616276 135 2195827 38057 126 2084524 39106 0
1459947873618019 134 2195798 35109 128 2085510 36959 0
1459947873619703 135 2197051 33521 129 2087699 36089 0
1459947873621572 136 2199486 33147 130 2090997 36309 0
1459947873623161 131 2195331 34387 123 2085077 38928 0
1459947873624852 136 2197900 34069 129 2087300 37935 0
1459947873626615 136 2200269 33590 129 2089349 36860 0
1459947873628091 129 2193492 37211 122 2082278 40497 0
1459947873630039 135 2194925 35624 129 2084720 39584 0
1459947873631808 137 2198806 36418 131 2089531 40926 0
1459947873633464 131 2194704 37353 126 2087566 39539 0
1459947873635205 133 2193482 35559 128 2088314 37140 0
1459947873637071 135 2194916 34102 130 2091564 37234 0
1459947873638767 133 2193678 32578 127 2090720 35102 0
1459947873640365 134 2193816 30160 128 2091222 32822 0
1459947873642200 135 2195224 29101 131 2095525 34224 0
1459947873644258 141 2195224 29101 135 2095525 34224 1
1459947873646091 137 2199082 30383 131 2099492 35207 0
1459947873648162 137 2202638 31287 131 2103149 35827 0
1459947873650087 137 2205916 31864 129 2103960 33776 0
1459947873651979 137 2208938 32160 130 2105988 33006 0
1459947873653701 137 2211724 32216 129 2106577 30970 0
1459947873655431 132 2207893 33230 127 2104560 30408 0
1459947873656979 131 2203081 35068 126 2101421 30925 0
1459947873658698 132 2199925 35237 126 2098527 31175 0
1459947873660684 139 2205975 38062 134 2106099 35720 0
1459947873662549 141 2214113 42590 134 2113080 39364 0
1459947873664248 135 2213935 39425 129 2113115 36320 0
1459947873665981 132 2209931 40034 128 2111867 34631 0
1459947873668004 138 2213920 40583 132 2115837 35585 0
1459947873669783 134 2212477 38741 128 2114377 34149 0
1459947873671474 134 2211147 36939 129 2114311 31541 0
1459947873673233 135 2211201 34102 130 2115530 30200 0
1459947873675125 136 2212530 32663 129 2115374 27983 0
