1578076708557098 176 2891141 10497 156 2564171 8115 0
1578076728939427 176 2890550 10220 157 2564805 8065 0
1578076749277949 175 2888725 11102 156 2564109 8075 0
1578076770493442 178 2890883 12223 157 2564747 8033 0
1578076790927229 177 2891592 11922 157 2565336 7948 0
1578076811336302 177 2892246 11593 157 2565879 7827 0
1578076831724821 178 2894129 12423 157 2566379 7676 0
1578076852124878 177 2894585 11872 157 2566840 7501 0
1578076872525884 176 2893725 11736 156 2565985 7701 0
1578076893053080 178 2895492 12448 157 2566477 7552 0
1578076913783442 188 2895492 12448 165 2566477 7552 1
1578076955209941 183 2895492 12448 161 2566477 7552 1
1578076996273706 176 2894561 12332 156 2565650 7723 0
1578077016634865 175 2892423 13338 157 2566168 7597 0
1578077036975954 175 2890452 14111 156 2565366 7742 0
1578077057374926 177 2891195 13693 158 2567186 8815 0
1578077077671559 177 2891880 13254 157 2567584 8493 0
1578077098071000 177 2892511 12800 157 2567951 8167 0
1578077118474975 176 2891813 12442 156 2567009 8395 0
1578077139073395 177 2892450 12056 156 2566141 8538 0
1578077159635153 177 2893037 11655 158 2567901 9492 0
1578077180791171 178 2894858 12423 158 2569523 10246 0
1578077201450122 176 2893977 12263 157 2569739 9644 0
1578077221756655 176 2893165 12052 157 2569938 9073 0
1578077242234740 177 2893696 11600 157 2570121 8533 0
1578077262613594 177 2894186 11144 157 2570290 8022 0
1578077282870632 176 2893357 11036 157 2570446 7538 0
1578077303307065 177 2893873 10649 157 2570589 7081 0
1578077323744928 176 2893069 10558 157 2570721 6649 0
1578077344133205 175 2891047 11596 157 2570843 6241 0
1578077364553245 177 2891743 11332 157 2570955 5857 0
1578077385113413 176 2891105 11033 156 2569779 6482 0
1578077405514467 176 2890517 10712 157 2569975 6155 0
1578077425898162 177 2891255 10555 157 2570155 5840 0
1578077446297990 175 2889375 11462 156 2569041 6409 0
1578077466712834 174 2886362 13343 156 2568014 6854 0
1578077487109547 179 2889984 15640 159 2570907 8985 0
1578077507516850 175 2888204 16058 156 2569734 9363 0
1578077527916214 176 2887843 15135 157 2569933 8814 0
1578077548283792 175 2886230 15438 156 2568836 9135 0
1578077568690576 176 2886023 14421 156 2567825 9352 0
1578077589863773 175 2884552 14649 156 2566893 9479 0
1578077610232165 176 2884476 13573 157 2567314 9126 0
1578077630326886 176 2884406 12576 157 2567702 8771 0
1578077650709309 176 2884341 11652 157 2568060 8415 0
1578077671101808 178 2886841 13046 157 2568390 8061 0
1578077691488180 175 2885306 13440 156 2567414 8330 0
1578077711898899 175 2883891 13693 156 2566514 8507 0
1578077732327949 176 2883867 12645 157 2566965 8257 0
1578077752748474 175 2882564 12857 156 2566100 8407 0
1578077773159300 176 2882643 11925 156 2565303 8484 0
1578077793577683 175 2881436 12105 157 2565848 8324 0
1578077813989140 175 2880323 12184 157 2566351 8136 0
1578077834389942 175 2879297 12177 157 2566814 7927 0
1578077854736187 175 2878351 12096 156 2565961 8092 0
1578077875139565 175 2877479 11954 156 2565175 8183 0
1578077895486901 175 2876675 11760 156 2564450 8210 0
1578077915861666 176 2877214 11338 155 2562502 9363 0
1578077936193366 176 2877711 10910 156 2561986 9106 0
1578077956570843 173 2874329 13173 155 2560230 10011 0
1578077976980341 174 2872492 13836 155 2558612 10719 0
1578077997394835 175 2872078 13136 157 2559680 10866 0
1578078017798295 174 2870416 13640 156 2559385 10288 0
1578078038211990 174 2868884 13985 156 2559113 9734 0
1578078058497774 175 2868752 13013 156 2558862 9204 0
1578078080383740 175 2868630 12107 156 2558630 8696 0
1578078105976661 175 2868518 11263 155 2557137 9392 0
1578078126247880 175 2868415 10477 155 2555760 9926 0
1578078146865453 174 2867040 10925 155 2554491 10319 0
1578078168261245 175 2867052 10082 155 2553321 10590 0
1578078189275971 174 2865783 10463 156 2553522 9948 0
1578078212379660 174 2864613 10722 155 2552428 10178 0
1578078232907993 174 2863535 10877 154 2550139 11491 0
1578078253224980 174 2862541 10943 156 2550589 11008 0
1578078274893955 176 2864184 11603 156 2551004 10530 0
1578078296607367 176 2865699 12093 155 2550106 10534 0
1578078317047961 178 2865699 12093 157 2550106 10534 1
1578078358004851 191 2865699 12093 169 2550106 10534 1
1578078400500420 176 2867096 12436 157 2551838 11308 0
1578078421623530 175 2867104 11471 156 2552155 10716 0
1578078441853850 175 2867111 10580 156 2552447 10148 0
1578078464116414 175 2867117 9759 155 2551437 10286 0
1578078485122746 177 2869683 11362 157 2553065 10983 0
1578078506713961 175 2869489 10652 154 2550726 12279 0
1578078528002294 174 2868030 11163 155 2549850 12126 0
1578078549502932 176 2869245 11410 155 2549042 11921 0
1578078571200008 177 2871645 12730 156 2549578 11483 0
1578078594084877 178 2875137 14954 157 2551352 12220 0
1578078614670476 174 2873236 15536 155 2550427 12117 0
1578078636432337 175 2872764 14756 156 2550854 11564 0
1578078659032962 175 2872329 14003 155 2549968 11476 0
1578078680048954 176 2873208 13719 155 2549151 11331 0
1578078700515448 176 2874018 13394 156 2549678 10931 0
1578078720922847 175 2873485 12838 155 2548884 10808 0
1578078741363888 175 2872993 12287 155 2548152 10637 0
1578078761793492 176 2873820 12089 156 2548757 10363 0
1578078782280315 182 2873820 12089 161 2548757 10363 1
1578078822485337 174 2872022 12800 155 2548035 10218 0
1578078842891530 175 2871645 12147 155 2547369 10032 0
1578078863305994 174 2870017 12698 155 2546755 9813 0
1578078884045664 174 2868516 13087 154 2544909 10747 0
1578078904480162 174 2867133 13338 154 2543207 11475 0
1578078924889047 174 2865858 13470 154 2541638 12023 0
1578078946089381 174 2864682 13500 154 2540192 12415 0
1578078966530617 173 2862318 14623 154 2538859 12673 0
1578078986951649 175 2862699 13831 154 2537630 12814 0
1578079007316157 174 2861770 13605 154 2536497 12855 0
1578079028007241 174 2860914 13330 154 2535453 12812 0
1578079048421029 175 2861405 12740 156 2537050 13283 0
1578079068853530 175 2861857 12161 156 2538522 13602 0
1578079090040559 175 2862274 11594 156 2539879 13790 0
1578079110434849 176 2863938 12222 155 2539850 12737 0
1578079130870591 177 2866752 13862 156 2541104 12897 0
1578079151305098 176 2868067 13991 156 2542260 12954 0
1578079171826973 175 2867999 12959 156 2543325 12923 0
1578079192247816 176 2869216 13068 156 2544307 12819 0
1578079212655444 175 2869058 12192 155 2543933 12161 0
1578079233064010 165 2869058 12192 148 2543933 12161 1
1578079273474816 175 2868912 11372 156 2544868 12072 0
1578079293894804 173 2866218 12966 154 2543170 12693 0
1578079314338517 175 2866294 12023 155 2542884 11963 0
1578079334793847 175 2866364 11148 155 2542621 11270 0
1578079355198214 175 2866429 10337 155 2542378 10612 0
1578079375629111 174 2865209 10653 156 2543434 10756 0
1578079396036788 175 2865364 9963 156 2544408 10813 0
1578079416463789 164 2865364 9963 144 2544408 10813 1
1578079456597729 170 2865364 9963 142 2544408 10813 1
1578079496766272 176 2865364 9963 139 2544408 10813 1
1578079536910469 177 2865364 9963 138 2544408 10813 1
1578079577576267 179 2865364 9963 138 2544408 10813 1
1578079617682395 179 2865364 9963 138 2544408 10813 1
1578079658987807 181 2865364 9963 138 2544408 10813 1
1578079700005466 179 2865364 9963 137 2544408 10813 1
1578079740837368 181 2865364 9963 137 2544408 10813 1
1578079781571923 181 2865364 9963 137 2544408 10813 1
1578079822379870 182 2865364 9963 137 2544408 10813 1
1578079862889439 182 2865364 9963 137 2544408 10813 1
1578079903105337 183 2865364 9963 138 2544408 10813 1
1578079943956131 182 2865364 9963 138 2544408 10813 1
1578079984268702 183 2865364 9963 137 2544408 10813 1
1578080024456002 183 2865364 9963 137 2544408 10813 1
1578080064637425 183 2865364 9963 137 2544408 10813 1
1578080105027232 191 2865364 9963 144 2544408 10813 1
1578080146606890 197 2865364 9963 148 2544408 10813 1
1578080187547427 187 2865364 9963 142 2544408 10813 1
1578080228811835 182 2865364 9963 137 2544408 10813 1
1578080269340601 181 2865364 9963 137 2544408 10813 1
1578080310735773 184 2865364 9963 137 2544408 10813 1
1578080351164096 184 2865364 9963 137 2544408 10813 1
1578080392343125 185 2865364 9963 137 2544408 10813 1
1578080434391071 184 2865364 9963 138 2544408 10813 1
1578080475991277 184 2865364 9963 138 2544408 10813 1
1578080516285452 184 2865364 9963 137 2544408 10813 1
1578080556823930 185 2865364 9963 138 2544408 10813 1
1578080597556967 184 2865364 9963 136 2544408 10813 1
1578080642097134 185 2865364 9963 137 2544408 10813 1
1578080683361412 182 2865364 9963 135 2544408 10813 1
1578080723820740 184 2865364 9963 137 2544408 10813 1
1578080765127898 185 2865364 9963 137 2544408 10813 1
1578080806204786 186 2865364 9963 138 2544408 10813 1
1578080847014471 185 2865364 9963 137 2544408 10813 1
1578080885736794 185 2865364 9963 137 2544408 10813 1
1578080924464943 187 2865364 9963 137 2544408 10813 1
1578080964567711 185 2865364 9963 137 2544408 10813 1
1578081003868371 187 2865364 9963 137 2544408 10813 1
1578081044057179 187 2865364 9963 137 2544408 10813 1
1578081084348950 186 2865364 9963 137 2544408 10813 1
1578081124164946 186 2865364 9963 137 2544408 10813 1
1578081166377951 187 2865364 9963 138 2544408 10813 1
1578081211333193 185 2865364 9963 137 2544408 10813 1
1578081253895758 187 2865364 9963 137 2544408 10813 1
1578081301038369 186 2865364 9963 137 2544408 10813 1
1578081351888275 188 2865364 9963 138 2544408 10813 1
1578081403188105 187 2865364 9963 137 2544408 10813 1
1578081455524594 187 2865364 9963 137 2544408 10813 1
1578081507026282 188 2865364 9963 137 2544408 10813 1
1578081558850002 186 2865364 9963 135 2544408 10813 1
1578081612486708 188 2865364 9963 138 2544408 10813 1
1578081663162461 188 2865364 9963 138 2544408 10813 1
1578081715233526 188 2865364 9963 137 2544408 10813 1
1578081755652827 187 2865364 9963 137 2544408 10813 1
1578081795966481 187 2865364 9963 137 2544408 10813 1
1578081837370405 188 2865364 9963 137 2544408 10813 1
1578081877688585 188 2865364 9963 137 2544408 10813 1
1578081917782474 189 2865364 9963 138 2544408 10813 1
1578081958863136 189 2865364 9963 138 2544408 10813 1
1578081999039363 189 2865364 9963 137 2544408 10813 1
1578082039644147 188 2865364 9963 137 2544408 10813 1
1578082079830023 189 2865364 9963 137 2544408 10813 1
1578082120099455 188 2865364 9963 136 2544408 10813 1
1578082160283317 189 2865364 9963 137 2544408 10813 1
1578082201948323 189 2865364 9963 137 2544408 10813 1
1578082242388993 187 2865364 9963 137 2544408 10813 1
1578082283090491 188 2865364 9963 137 2544408 10813 1
1578082323500150 188 2865364 9963 137 2544408 10813 1
1578082364253165 188 2865364 9963 137 2544408 10813 1
1578082404586028 187 2865364 9963 136 2544408 10813 1
1578082446917580 187 2865364 9963 136 2544408 10813 1
1578082488665444 187 2865364 9963 136 2544408 10813 1
1578082529291654 187 2865364 9963 136 2544408 10813 1
1578082570904023 185 2865364 9963 134 2544408 10813 1
1578082611949831 187 2865364 9963 136 2544408 10813 1
1578082651332927 188 2865364 9963 137 2544408 10813 1
1578082690818092 188 2865364 9963 136 2544408 10813 1
1578082732844087 188 2865364 9963 136 2544408 10813 1
1578082772007905 188 2865364 9963 136 2544408 10813 1
1578082812540725 187 2865364 9963 135 2544408 10813 1
1578082852408887 186 2865364 9963 134 2544408 10813 1
1578082892268316 186 2865364 9963 135 2544408 10813 1
1578082932942412 186 2865364 9963 135 2544408 10813 1
1578082973982619 188 2865364 9963 137 2544408 10813 1
1578083014702899 187 2865364 9963 136 2544408 10813 1
1578083053949252 188 2865364 9963 136 2544408 10813 1
1578083094092275 188 2865364 9963 136 2544408 10813 1
1578083134578126 187 2865364 9963 136 2544408 10813 1
1578083174887416 188 2865364 9963 137 2544408 10813 1
1578083214278309 187 2865364 9963 137 2544408 10813 1
1578083254499752 188 2865364 9963 136 2544408 10813 1
1578083297013964 187 2865364 9963 135 2544408 10813 1
1578083337482778 188 2865364 9963 137 2544408 10813 1
1578083378234035 201 2865364 9963 147 2544408 10813 1
1578083418310339 200 2865364 9963 145 2544408 10813 1
1578083459223752 192 2865364 9963 140 2544408 10813 1
1578083498342886 186 2865364 9963 136 2544408 10813 1
1578083539147654 188 2865364 9963 137 2544408 10813 1
1578083577418590 188 2865364 9963 137 2544408 10813 1
1578083618517712 187 2865364 9963 136 2544408 10813 1
1578083659008548 186 2865364 9963 135 2544408 10813 1
1578083699241589 185 2865364 9963 134 2544408 10813 1
1578083739385478 190 2865364 9963 138 2544408 10813 1
1578083779242574 189 2865364 9963 137 2544408 10813 1
1578083820519679 189 2865364 9963 137 2544408 10813 1
1578083861399410 189 2865364 9963 138 2544408 10813 1
1578083900087653 189 2865364 9963 138 2544408 10813 1
1578083939990909 189 2865364 9963 138 2544408 10813 1
1578083979048751 185 2865364 9963 135 2544408 10813 1
1578084018853207 187 2865364 9963 136 2544408 10813 1
1578084058927239 188 2865364 9963 137 2544408 10813 1
1578084099947499 190 2865364 9963 137 2544408 10813 1
1578084140181808 189 2865364 9963 137 2544408 10813 1
1578084180205707 189 2865364 9963 137 2544408 10813 1
1578084221112367 189 2865364 9963 138 2544408 10813 1
1578084260600646 187 2865364 9963 136 2544408 10813 1
1578084300841301 189 2865364 9963 138 2544408 10813 1
1578084340993950 189 2865364 9963 138 2544408 10813 1
1578084381277727 189 2865364 9963 137 2544408 10813 1
1578084422395333 189 2865364 9963 137 2544408 10813 1
1578084463156238 189 2865364 9963 137 2544408 10813 1
1578084503538751 189 2865364 9963 137 2544408 10813 1
1578084543856896 189 2865364 9963 137 2544408 10813 1
1578084582726874 190 2865364 9963 138 2544408 10813 1
1578084623191864 190 2865364 9963 138 2544408 10813 1
1578084663333626 189 2865364 9963 138 2544408 10813 1
1578084703628277 189 2865364 9963 137 2544408 10813 1
1578084743375077 189 2865364 9963 137 2544408 10813 1
1578084784732792 188 2865364 9963 136 2544408 10813 1
1578084825159078 189 2865364 9963 136 2544408 10813 1
1578084865371128 190 2865364 9963 136 2544408 10813 1
1578084905854029 191 2865364 9963 137 2544408 10813 1
1578084946696328 188 2865364 9963 136 2544408 10813 1
1578084986205064 190 2865364 9963 137 2544408 10813 1
1578085027094206 189 2865364 9963 138 2544408 10813 1
1578085068238602 189 2865364 9963 138 2544408 10813 1
1578085108976957 189 2865364 9963 138 2544408 10813 1
1578085149051962 186 2865364 9963 136 2544408 10813 1
1578085188865954 190 2865364 9963 138 2544408 10813 1
1578085229201805 189 2865364 9963 137 2544408 10813 1
1578085269140464 191 2865364 9963 138 2544408 10813 1
1578085309589434 191 2865364 9963 138 2544408 10813 1
1578085350072368 190 2865364 9963 138 2544408 10813 1
1578085390058384 191 2865364 9963 139 2544408 10813 1
1578085428936712 189 2865364 9963 138 2544408 10813 1
1578085468310307 189 2865364 9963 138 2544408 10813 1
1578085507974986 189 2865364 9963 137 2544408 10813 1
1578085548183349 189 2865364 9963 138 2544408 10813 1
1578085587941852 191 2865364 9963 137 2544408 10813 1
1578085627926337 190 2865364 9963 138 2544408 10813 1
1578085667721652 189 2865364 9963 137 2544408 10813 1
1578085707615719 190 2865364 9963 137 2544408 10813 1
1578085747548016 190 2865364 9963 138 2544408 10813 1
1578085788092236 190 2865364 9963 138 2544408 10813 1
1578085828602894 190 2865364 9963 138 2544408 10813 1
1578085867822896 190 2865364 9963 137 2544408 10813 1
1578085908516377 190 2865364 9963 138 2544408 10813 1
1578085948836775 189 2865364 9963 137 2544408 10813 1
1578085989556789 190 2865364 9963 137 2544408 10813 1
1578086029520218 189 2865364 9963 137 2544408 10813 1
1578086069374169 191 2865364 9963 138 2544408 10813 1
1578086109424497 190 2865364 9963 136 2544408 10813 1
1578086150321187 190 2865364 9963 138 2544408 10813 1
1578086193108131 192 2865364 9963 138 2544408 10813 1
1578086233905143 190 2865364 9963 137 2544408 10813 1
1578086275719978 191 2865364 9963 137 2544408 10813 1
1578086317932506 205 2865364 9963 150 2544408 10813 1
1578086358292265 201 2865364 9963 146 2544408 10813 1
1578086398753651 191 2865364 9963 138 2544408 10813 1
1578086442182269 191 2865364 9963 138 2544408 10813 1
1578086482701195 191 2865364 9963 137 2544408 10813 1
1578086523170478 191 2865364 9963 137 2544408 10813 1
1578086563301138 191 2865364 9963 136 2544408 10813 1
1578086603514830 192 2865364 9963 137 2544408 10813 1
1578086643689965 192 2865364 9963 137 2544408 10813 1
1578086684012233 191 2865364 9963 137 2544408 10813 1
1578086724515602 190 2865364 9963 137 2544408 10813 1
1578086764835463 191 2865364 9963 138 2544408 10813 1
1578086805134486 191 2865364 9963 137 2544408 10813 1
1578086845411009 191 2865364 9963 137 2544408 10813 1
1578086885716080 190 2865364 9963 136 2544408 10813 1
1578086926307530 190 2865364 9963 137 2544408 10813 1
1578086966601360 191 2865364 9963 138 2544408 10813 1
1578087005594241 192 2865364 9963 138 2544408 10813 1
1578087045690802 190 2865364 9963 137 2544408 10813 1
1578087086037257 191 2865364 9963 137 2544408 10813 1
1578087127029790 191 2865364 9963 137 2544408 10813 1
1578087168788388 191 2865364 9963 137 2544408 10813 1
1578087208904896 191 2865364 9963 138 2544408 10813 1
1578087249040616 190 2865364 9963 137 2544408 10813 1
1578087289073182 191 2865364 9963 138 2544408 10813 1
1578087330205773 190 2865364 9963 137 2544408 10813 1
1578087373094590 191 2865364 9963 137 2544408 10813 1
1578087414626981 188 2865364 9963 135 2544408 10813 1
1578087454916474 189 2865364 9963 137 2544408 10813 1
1578087496307233 188 2865364 9963 136 2544408 10813 1
1578087536995564 187 2865364 9963 135 2544408 10813 1
1578087577465890 187 2865364 9963 135 2544408 10813 1
1578087617687783 188 2865364 9963 136 2544408 10813 1
1578087657905049 189 2865364 9963 136 2544408 10813 1
1578087698769082 188 2865364 9963 136 2544408 10813 1
1578087738827228 189 2865364 9963 136 2544408 10813 1
1578087779129071 190 2865364 9963 137 2544408 10813 1
1578087819684311 191 2865364 9963 137 2544408 10813 1
1578087860940106 189 2865364 9963 136 2544408 10813 1
1578087902202592 190 2865364 9963 137 2544408 10813 1
1578087942545239 190 2865364 9963 137 2544408 10813 1
1578087983462947 190 2865364 9963 137 2544408 10813 1
1578088023705509 189 2865364 9963 136 2544408 10813 1
1578088064352518 188 2865364 9963 135 2544408 10813 1
1578088104081453 188 2865364 9963 135 2544408 10813 1
1578088143759787 190 2865364 9963 137 2544408 10813 1
1578088184323270 190 2865364 9963 136 2544408 10813 1
1578088224876916 188 2865364 9963 136 2544408 10813 1
1578088264704046 190 2865364 9963 136 2544408 10813 1
1578088305046619 190 2865364 9963 137 2544408 10813 1
1578088344771158 190 2865364 9963 136 2544408 10813 1
1578088384238119 190 2865364 9963 137 2544408 10813 1
1578088424416368 190 2865364 9963 136 2544408 10813 1
1578088464086944 190 2865364 9963 136 2544408 10813 1
1578088504071851 190 2865364 9963 136 2544408 10813 1
1578088544056426 189 2865364 9963 136 2544408 10813 1
1578088584108799 189 2865364 9963 136 2544408 10813 1
1578088624186767 190 2865364 9963 136 2544408 10813 1
1578088664843706 190 2865364 9963 137 2544408 10813 1
1578088704761826 190 2865364 9963 136 2544408 10813 1
1578088745400720 191 2865364 9963 137 2544408 10813 1
1578088785872771 191 2865364 9963 137 2544408 10813 1
1578088827267517 191 2865364 9963 138 2544408 10813 1
1578088868075637 191 2865364 9963 138 2544408 10813 1
1578088908927157 189 2865364 9963 136 2544408 10813 1
1578088948784717 189 2865364 9963 137 2544408 10813 1
1578088989597137 189 2865364 9963 136 2544408 10813 1
1578089030174201 188 2865364 9963 136 2544408 10813 1
1578089069232066 190 2865364 9963 136 2544408 10813 1
1578089109777726 190 2865364 9963 137 2544408 10813 1
1578089150259669 189 2865364 9963 136 2544408 10813 1
1578089189613983 191 2865364 9963 137 2544408 10813 1
1578089230054504 191 2865364 9963 137 2544408 10813 1
1578089269952318 197 2865364 9963 142 2544408 10813 1
1578089310767964 203 2865364 9963 147 2544408 10813 1
1578089351099793 200 2865364 9963 144 2544408 10813 1
1578089391587901 190 2865364 9963 137 2544408 10813 1
1578089431445330 189 2865364 9963 136 2544408 10813 1
1578089470940405 189 2865364 9963 136 2544408 10813 1
1578089510630580 190 2865364 9963 136 2544408 10813 1
1578089551708099 189 2865364 9963 136 2544408 10813 1
1578089591725651 191 2865364 9963 138 2544408 10813 1
1578089632588361 179 2865364 9963 159 2544408 10813 1
1578089672941560 176 2866787 10496 157 2546586 11975 0
1578089693401394 175 2866819 9705 156 2547313 11710 0
1578089713819823 174 2865568 10098 155 2546704 11356 0
1578089734214005 175 2865695 9426 157 2548702 12310 0
1578089754592790 175 2865812 8797 156 2549264 11866 0
1578089774983966 176 2867200 9389 156 2549782 11416 0
1578089795351334 176 2868480 9835 157 2551540 12144 0
1578089816115376 175 2868380 9158 156 2551880 11509 0
1578089836514727 175 2868287 8526 156 2552194 10898 0
1578089856937317 175 2868202 7937 155 2551203 10958 0
1578089877370595 174 2866843 8568 155 2550290 10942 0
1578089897785933 175 2866870 7923 155 2549448 10862 0
1578089918176337 175 2866895 7327 156 2549952 10478 0
1578089938596799 175 2866918 6776 156 2550417 10087 0
1578089958885218 174 2865660 7405 155 2549565 10082 0
1578089979502918 177 2865660 7405 157 2549565 10082 1
1578090020422171 177 2865660 7405 158 2549565 10082 1
1578090060802511 175 2865780 6936 157 2551340 10930 0
1578090081306692 176 2867170 7676 156 2551696 10404 0
1578090101753857 175 2867172 7078 156 2552024 9894 0
1578090122203542 176 2868454 7707 157 2553607 10580 0
1578090142655957 177 2868454 7707 157 2553607 10580 1
1578090183284605 176 2869636 8193 156 2553786 9918 0
1578090203729946 175 2869445 7727 156 2553951 9295 0
1578090224454269 175 2869269 7284 157 2555383 9888 0
1578090245051917 177 2869269 7284 157 2555383 9888 1
1578090285034613 178 2869269 7284 159 2555383 9888 1
1578090325641713 178 2869269 7284 158 2555383 9888 1
1578090364627635 176 2870387 7745 157 2556703 10332 0
1578090385087582 174 2868858 8548 155 2555360 10761 0
1578090405569832 174 2867448 9179 156 2555402 9959 0
1578090425996526 177 2869988 10803 158 2558001 11576 0
1578090446545196 177 2872330 12118 158 2560397 12879 0
1578090466987369 177 2874489 13161 158 2562605 13908 0
1578090487411698 176 2875199 12787 156 2562081 13303 0
1578090507856947 176 2875854 12391 157 2562878 12998 0
1578090528300525 175 2875177 12045 157 2563613 12659 0
1578090548753811 175 2874553 11677 157 2564290 12294 0
1578090569235863 174 2872698 12473 156 2563634 11936 0
1578090589670468 174 2870988 13073 155 2561750 12739 0
1578090610105390 175 2870692 12323 156 2561293 12164 0
1578090630573608 176 2871699 12288 156 2560871 11601 0
1578090651017590 174 2870067 12831 155 2559202 12231 0
1578090671438519 176 2871123 12801 156 2558944 11512 0
1578090691867636 176 2872096 12697 157 2559986 11573 0
1578090712670609 176 2872993 12532 156 2559667 10961 0
1578090733092164 177 2875100 13494 157 2560653 11012 0
1578090753599617 193 2875100 13494 170 2560653 11012 1
1578090794196786 186 2875100 13494 164 2560653 11012 1
1578090834498389 177 2877042 14230 156 2560281 10492 0
1578090854937531 176 2877553 13589 156 2559939 9987 0
1578090875449544 177 2879304 14141 155 2558343 10676 0
1578090895905806 176 2879638 13344 156 2558152 10016 0
1578090916354570 176 2879946 12585 157 2559256 10251 0
1578090936807785 176 2880230 11863 157 2560274 10388 0
1578090957249782 176 2880492 11177 156 2559932 9890 0
1578090977686903 176 2880733 10525 155 2558337 10587 0
1578090998128448 176 2880955 9907 156 2558146 9934 0
1578091018559767 177 2882440 10502 156 2557970 9318 0
1578091038992716 177 2883809 10943 156 2557808 8738 0
1578091059439660 177 2885071 11251 157 2558939 9097 0
1578091079889483 176 2884954 10479 157 2559981 9347 0
1578091100363214 176 2884846 9758 156 2559662 8909 0
1578091120791880 177 2886027 10084 156 2559368 8482 0
1578091141241492 177 2887116 10300 157 2560377 8749 0
1578091161686907 176 2886840 9749 157 2561307 8922 0
1578091182155355 175 2885305 10401 156 2560884 8613 0
1578091203662853 175 2883890 10891 156 2560494 8298 0
1578091224117889 177 2885146 11197 157 2561415 8498 0
1578091244694042 176 2885023 10434 157 2562264 8617 0
1578091265149011 177 2886190 10694 157 2563047 8664 0
1578091285910270 177 2887266 10850 157 2563768 8652 0
1578091306359911 176 2886978 10267 156 2563153 8542 0
1578091326823885 176 2886712 9708 156 2562586 8396 0
1578091347288156 184 2886712 9708 163 2562586 8396 1
1578091388327073 187 2886712 9708 165 2562586 8396 1
1578091427799344 178 2889027 11083 158 2564623 9618 0
1578091448270120 176 2888601 10608 157 2565221 9418 0
1578091468698862 177 2889489 10597 157 2565773 9190 0
1578091489148884 175 2887747 11374 156 2565001 9182 0
1578091509585271 176 2887421 10784 157 2565570 8988 0
1578091530044181 176 2887121 10217 157 2566094 8768 0
1578091550483712 175 2885564 10852 155 2564017 9996 0
1578091570921244 177 2886689 11041 156 2563383 9799 0
1578091591186580 176 2886446 10401 156 2562798 9571 0
1578091612952755 176 2886222 9794 156 2562259 9319 0
1578091633415595 174 2883455 11577 155 2560482 10227 0
1578091653840749 173 2879625 14202 155 2558844 10937 0
1578091674303562 174 2877374 15166 156 2558614 10293 0
1578091694739363 175 2876579 14713 157 2559682 10472 0
1578091715182454 175 2875846 14238 157 2560666 10560 0
1578091735620034 174 2873890 14927 157 2561573 10572 0
1578091756110517 173 2870807 16601 155 2559850 11334 0
1578091776534572 175 2870525 15563 156 2559541 10732 0
1578091796964603 176 2871545 15287 156 2559256 10154 0
1578091817387739 175 2871205 14404 156 2558994 9601 0
1578091837805294 174 2869612 14746 155 2557472 10252 0
1578091858219651 174 2868143 14946 156 2557349 9563 0
1578091878640985 174 2866789 15025 156 2557236 8919 0
1578091899069662 175 2866821 13880 156 2557131 8317 0
1578091919481765 175 2866850 12822 155 2555755 8935 0
1578091939902255 177 2869437 14205 158 2558326 10606 0
1578091960605834 176 2870542 14113 157 2559416 10782 0
1578091981032443 174 2869000 14430 156 2559141 10191 0
1578092001452342 176 2870139 14352 157 2560168 10340 0
1578092021962079 176 2871189 14198 157 2561114 10404 0
1578092042513321 177 2873437 15160 157 2561986 10395 0
1578092062947382 176 2874229 14705 157 2562790 10324 0
1578092084531340 174 2872399 15242 156 2562252 10012 0
1578092105084545 176 2873272 14856 157 2563036 9951 0
1578092125515013 178 2876637 16797 158 2565038 11019 0
1578092145947954 177 2878459 17164 158 2566884 11860 0
1578092166430321 192 2878459 17164 171 2566884 11860 1
1578092206936996 178 2881419 18552 158 2568586 12502 0
1578092227363336 177 2882868 18437 157 2568875 11791 0
1578092247799384 178 2885483 19407 158 2570421 12294 0
1578092268225854 177 2886614 18933 158 2571846 12647 0
1578092288662792 177 2887657 18414 158 2573160 12869 0
1578092309096280 177 2888618 17861 158 2574371 12980 0
1578092329546601 176 2888224 16827 158 2575488 12995 0
1578092350018610 176 2887861 15846 157 2575238 12209 0
1578092370434141 177 2888806 15480 157 2575007 11467 0
1578092390846271 174 2888806 15480 154 2575007 11467 1
1578092430739572 179 2892238 17433 157 2574794 10766 0
