1591011063501112 176 2891141 10497 156 2564171 8115 0
1591011084538822 176 2890550 10220 157 2564805 8065 0
1591011106061489 175 2888725 11102 156 2564109 8075 0
1591011127253818 178 2890883 12223 157 2564747 8033 0
1591011149023876 177 2891592 11922 157 2565336 7948 0
1591011170202270 177 2892246 11593 157 2565879 7827 0
1591011191956622 178 2894129 12423 157 2566379 7676 0
1591011213644827 177 2894585 11872 157 2566840 7501 0
1591011234826046 176 2893725 11736 156 2565985 7701 0
1591011256418688 178 2895492 12448 157 2566477 7552 0
1591011277961212 188 2895492 12448 165 2566477 7552 1
1591011316499059 183 2895492 12448 161 2566477 7552 1
1591011356715172 176 2894561 12332 156 2565650 7723 0
1591011377886890 175 2892423 13338 157 2566168 7597 0
1591011399747405 175 2890452 14111 156 2565366 7742 0
1591011420880321 177 2891195 13693 158 2567186 8815 0
1591011442708408 177 2891880 13254 157 2567584 8493 0
1591011464325016 177 2892511 12800 157 2567951 8167 0
1591011485507215 176 2891813 12442 156 2567009 8395 0
1591011507201982 177 2892450 12056 156 2566141 8538 0
1591011529348027 177 2893037 11655 158 2567901 9492 0
1591011550941174 178 2894858 12423 158 2569523 10246 0
1591011572218372 176 2893977 12263 157 2569739 9644 0
1591011594106554 176 2893165 12052 157 2569938 9073 0
1591011615767968 177 2893696 11600 157 2570121 8533 0
1591011636955104 177 2894186 11144 157 2570290 8022 0
1591011658404958 176 2893357 11036 157 2570446 7538 0
1591011680074631 177 2893873 10649 157 2570589 7081 0
1591011701269014 176 2893069 10558 157 2570721 6649 0
1591011722850452 175 2891047 11596 157 2570843 6241 0
1591011744937287 177 2891743 11332 157 2570955 5857 0
1591011766324154 176 2891105 11033 156 2569779 6482 0
1591011787492587 176 2890517 10712 157 2569975 6155 0
1591011808904829 177 2891255 10555 157 2570155 5840 0
1591011830493439 175 2889375 11462 156 2569041 6409 0
1591011851667598 174 2886362 13343 156 2568014 6854 0
1591011873387066 179 2889984 15640 159 2570907 8985 0
1591011894928787 175 2888204 16058 156 2569734 9363 0
1591011917207504 176 2887843 15135 157 2569933 8814 0
1591011938647324 175 2886230 15438 156 2568836 9135 0
1591011960569994 176 2886023 14421 156 2567825 9352 0
1591011982206835 175 2884552 14649 156 2566893 9479 0
1591012003398388 176 2884476 13573 157 2567314 9126 0
1591012024780731 176 2884406 12576 157 2567702 8771 0
1591012046469265 176 2884341 11652 157 2568060 8415 0
1591012067679163 178 2886841 13046 157 2568390 8061 0
1591012089521323 175 2885306 13440 156 2567414 8330 0
1591012111699553 175 2883891 13693 156 2566514 8507 0
1591012132946524 176 2883867 12645 157 2566965 8257 0
1591012154818277 175 2882564 12857 156 2566100 8407 0
1591012176512436 176 2882643 11925 156 2565303 8484 0
1591012198625503 175 2881436 12105 157 2565848 8324 0
1591012219755266 175 2880323 12184 157 2566351 8136 0
1591012241021440 175 2879297 12177 157 2566814 7927 0
1591012262573823 175 2878351 12096 156 2565961 8092 0
1591012283755973 175 2877479 11954 156 2565175 8183 0
1591012305488032 175 2876675 11760 156 2564450 8210 0
1591012327194850 176 2877214 11338 155 2562502 9363 0
1591012348441228 176 2877711 10910 156 2561986 9106 0
1591012370389415 173 2874329 13173 155 2560230 10011 0
1591012392073983 174 2872492 13836 155 2558612 10719 0
1591012414034315 175 2872078 13136 157 2559680 10866 0
1591012435269940 174 2870416 13640 156 2559385 10288 0
1591012456943893 174 2868884 13985 156 2559113 9734 0
1591012478564967 175 2868752 13013 156 2558862 9204 0
1591012499805156 175 2868630 12107 156 2558630 8696 0
1591012521855735 175 2868518 11263 155 2557137 9392 0
1591012543583670 175 2868415 10477 155 2555760 9926 0
1591012565113008 174 2867040 10925 155 2554491 10319 0
1591012586752534 175 2867052 10082 155 2553321 10590 0
1591012608495152 174 2865783 10463 156 2553522 9948 0
1591012630298892 174 2864613 10722 155 2552428 10178 0
1591012651526632 174 2863535 10877 154 2550139 11491 0
1591012673359282 174 2862541 10943 156 2550589 11008 0
1591012695309064 176 2864184 11603 156 2551004 10530 0
1591012716552589 176 2865699 12093 155 2550106 10534 0
1591012738080238 178 2865699 12093 157 2550106 10534 1
1591012778136518 191 2865699 12093 169 2550106 10534 1
1591012818413400 176 2867096 12436 157 2551838 11308 0
1591012839829018 175 2867104 11471 156 2552155 10716 0
1591012861704799 175 2867111 10580 156 2552447 10148 0
1591012883125777 175 2867117 9759 155 2551437 10286 0
1591012904629055 177 2869683 11362 157 2553065 10983 0
1591012925874771 175 2869489 10652 154 2550726 12279 0
1591012947612417 174 2868030 11163 155 2549850 12126 0
1591012969277940 176 2869245 11410 155 2549042 11921 0
1591012990535846 177 2871645 12730 156 2549578 11483 0
1591013012615292 178 2875137 14954 157 2551352 12220 0
1591013034257435 174 2873236 15536 155 2550427 12117 0
1591013055381895 175 2872764 14756 156 2550854 11564 0
1591013076933627 175 2872329 14003 155 2549968 11476 0
1591013098647106 176 2873208 13719 155 2549151 11331 0
1591013120407686 176 2874018 13394 156 2549678 10931 0
1591013141663918 175 2873485 12838 155 2548884 10808 0
1591013163362751 175 2872993 12287 155 2548152 10637 0
1591013185319059 176 2873820 12089 156 2548757 10363 0
1591013206617039 182 2873820 12089 161 2548757 10363 1
1591013246881163 174 2872022 12800 155 2548035 10218 0
1591013268078809 175 2871645 12147 155 2547369 10032 0
1591013289831346 174 2870017 12698 155 2546755 9813 0
1591013311496857 174 2868516 13087 154 2544909 10747 0
1591013333253628 174 2867133 13338 154 2543207 11475 0
1591013354490819 174 2865858 13470 154 2541638 12023 0
1591013376458744 174 2864682 13500 154 2540192 12415 0
1591013397705631 173 2862318 14623 154 2538859 12673 0
1591013419152849 175 2862699 13831 154 2537630 12814 0
1591013441033876 174 2861770 13605 154 2536497 12855 0
1591013462283272 174 2860914 13330 154 2535453 12812 0
1591013484270803 175 2861405 12740 156 2537050 13283 0
1591013506829258 175 2861857 12161 156 2538522 13602 0
1591013528480026 175 2862274 11594 156 2539879 13790 0
1591013549696712 176 2863938 12222 155 2539850 12737 0
1591013571441213 177 2866752 13862 156 2541104 12897 0
1591013593221824 176 2868067 13991 156 2542260 12954 0
1591013614463569 175 2867999 12959 156 2543325 12923 0
1591013636146607 176 2869216 13068 156 2544307 12819 0
1591013657722782 175 2869058 12192 155 2543933 12161 0
1591013678837288 165 2869058 12192 148 2543933 12161 1
1591013719015829 175 2868912 11372 156 2544868 12072 0
1591013740244849 173 2866218 12966 154 2543170 12693 0
1591013761889149 175 2866294 12023 155 2542884 11963 0
1591013783559065 175 2866364 11148 155 2542621 11270 0
1591013804935836 175 2866429 10337 155 2542378 10612 0
1591013826379316 174 2865209 10653 156 2543434 10756 0
1591013848640930 175 2865364 9963 156 2544408 10813 0
1591013870341452 164 2865364 9963 144 2544408 10813 1
1591013909306313 170 2865364 9963 142 2544408 10813 1
1591013948551572 176 2865364 9963 139 2544408 10813 1
1591013987639489 177 2865364 9963 138 2544408 10813 1
1591014027763606 179 2865364 9963 138 2544408 10813 1
1591014068053633 179 2865364 9963 138 2544408 10813 1
1591014107725931 181 2865364 9963 138 2544408 10813 1
1591014147593223 179 2865364 9963 137 2544408 10813 1
1591014187689815 181 2865364 9963 137 2544408 10813 1
1591014227977842 181 2865364 9963 137 2544408 10813 1
1591014268781023 182 2865364 9963 137 2544408 10813 1
1591014308899827 182 2865364 9963 137 2544408 10813 1
1591014348668092 183 2865364 9963 138 2544408 10813 1
1591014388557356 182 2865364 9963 138 2544408 10813 1
1591014433798325 183 2865364 9963 137 2544408 10813 1
1591014478142444 183 2865364 9963 137 2544408 10813 1
1591014521655103 183 2865364 9963 137 2544408 10813 1
1591014566070223 191 2865364 9963 144 2544408 10813 1
1591014607020027 197 2865364 9963 148 2544408 10813 1
1591014646606354 187 2865364 9963 142 2544408 10813 1
1591014687241305 182 2865364 9963 137 2544408 10813 1
1591014727308716 181 2865364 9963 137 2544408 10813 1
1591014768113923 184 2865364 9963 137 2544408 10813 1
1591014807636099 184 2865364 9963 137 2544408 10813 1
1591014846749849 185 2865364 9963 137 2544408 10813 1
1591014886607559 184 2865364 9963 138 2544408 10813 1
1591014928052993 184 2865364 9963 138 2544408 10813 1
1591014967913437 184 2865364 9963 137 2544408 10813 1
1591015008503892 185 2865364 9963 138 2544408 10813 1
1591015047941394 184 2865364 9963 136 2544408 10813 1
1591015088013843 185 2865364 9963 137 2544408 10813 1
1591015128114189 182 2865364 9963 135 2544408 10813 1
1591015167458244 184 2865364 9963 137 2544408 10813 1
1591015207057427 185 2865364 9963 137 2544408 10813 1
1591015246472774 186 2865364 9963 138 2544408 10813 1
1591015285622784 185 2865364 9963 137 2544408 10813 1
1591015324722225 185 2865364 9963 137 2544408 10813 1
1591015364351467 187 2865364 9963 137 2544408 10813 1
1591015404512448 185 2865364 9963 137 2544408 10813 1
1591015444092464 187 2865364 9963 137 2544408 10813 1
1591015484115784 187 2865364 9963 137 2544408 10813 1
1591015523462533 186 2865364 9963 137 2544408 10813 1
1591015562258134 186 2865364 9963 137 2544408 10813 1
1591015600693284 187 2865364 9963 138 2544408 10813 1
1591015639263775 185 2865364 9963 137 2544408 10813 1
1591015678618725 187 2865364 9963 137 2544408 10813 1
1591015718777771 186 2865364 9963 137 2544408 10813 1
1591015758861506 188 2865364 9963 138 2544408 10813 1
1591015800550823 187 2865364 9963 137 2544408 10813 1
1591015841132683 187 2865364 9963 137 2544408 10813 1
1591015882187805 188 2865364 9963 137 2544408 10813 1
1591015922568407 186 2865364 9963 135 2544408 10813 1
1591015963471206 188 2865364 9963 138 2544408 10813 1
1591016006847943 188 2865364 9963 138 2544408 10813 1
1591016048981008 188 2865364 9963 137 2544408 10813 1
1591016091966005 187 2865364 9963 137 2544408 10813 1
1591016136005558 187 2865364 9963 137 2544408 10813 1
1591016176359383 188 2865364 9963 137 2544408 10813 1
1591016217394384 188 2865364 9963 137 2544408 10813 1
1591016260445458 189 2865364 9963 138 2544408 10813 1
1591016301040862 189 2865364 9963 138 2544408 10813 1
1591016340422381 189 2865364 9963 137 2544408 10813 1
1591016380642321 188 2865364 9963 137 2544408 10813 1
1591016420533923 189 2865364 9963 137 2544408 10813 1
1591016459741522 188 2865364 9963 136 2544408 10813 1
1591016500437283 189 2865364 9963 137 2544408 10813 1
1591016540326740 189 2865364 9963 137 2544408 10813 1
1591016579706260 187 2865364 9963 137 2544408 10813 1
1591016619346313 188 2865364 9963 137 2544408 10813 1
1591016660157125 188 2865364 9963 137 2544408 10813 1
1591016699186802 188 2865364 9963 137 2544408 10813 1
1591016739025566 187 2865364 9963 136 2544408 10813 1
1591016778906462 187 2865364 9963 136 2544408 10813 1
1591016818476649 187 2865364 9963 136 2544408 10813 1
1591016857253255 187 2865364 9963 136 2544408 10813 1
1591016897015832 185 2865364 9963 134 2544408 10813 1
1591016937062613 187 2865364 9963 136 2544408 10813 1
1591016977109134 188 2865364 9963 137 2544408 10813 1
1591017017152217 188 2865364 9963 136 2544408 10813 1
1591017057186564 188 2865364 9963 136 2544408 10813 1
1591017097103977 188 2865364 9963 136 2544408 10813 1
1591017136918624 187 2865364 9963 135 2544408 10813 1
1591017176561859 186 2865364 9963 134 2544408 10813 1
1591017215974400 186 2865364 9963 135 2544408 10813 1
1591017255915439 186 2865364 9963 135 2544408 10813 1
1591017294629701 188 2865364 9963 137 2544408 10813 1
1591017333876864 187 2865364 9963 136 2544408 10813 1
1591017373071398 188 2865364 9963 136 2544408 10813 1
1591017412702225 188 2865364 9963 136 2544408 10813 1
1591017452215593 187 2865364 9963 136 2544408 10813 1
1591017491791554 188 2865364 9963 137 2544408 10813 1
1591017532389929 187 2865364 9963 137 2544408 10813 1
1591017570547670 188 2865364 9963 136 2544408 10813 1
1591017610934126 187 2865364 9963 135 2544408 10813 1
1591017650843504 188 2865364 9963 137 2544408 10813 1
1591017690981718 201 2865364 9963 147 2544408 10813 1
1591017729850523 200 2865364 9963 145 2544408 10813 1
1591017769248646 192 2865364 9963 140 2544408 10813 1
1591017808663485 186 2865364 9963 136 2544408 10813 1
1591017849093902 188 2865364 9963 137 2544408 10813 1
1591017889298200 188 2865364 9963 137 2544408 10813 1
1591017929289066 187 2865364 9963 136 2544408 10813 1
1591017968648413 186 2865364 9963 135 2544408 10813 1
1591018008425833 185 2865364 9963 134 2544408 10813 1
1591018048093267 190 2865364 9963 138 2544408 10813 1
1591018087764470 189 2865364 9963 137 2544408 10813 1
1591018127652996 189 2865364 9963 137 2544408 10813 1
1591018168671254 189 2865364 9963 138 2544408 10813 1
1591018208756460 189 2865364 9963 138 2544408 10813 1
1591018248874759 189 2865364 9963 138 2544408 10813 1
1591018288789954 185 2865364 9963 135 2544408 10813 1
1591018328639744 187 2865364 9963 136 2544408 10813 1
1591018368411248 188 2865364 9963 137 2544408 10813 1
1591018407934860 190 2865364 9963 137 2544408 10813 1
1591018447130149 189 2865364 9963 137 2544408 10813 1
1591018486965594 189 2865364 9963 137 2544408 10813 1
1591018526988185 189 2865364 9963 138 2544408 10813 1
1591018567515086 187 2865364 9963 136 2544408 10813 1
1591018607025232 189 2865364 9963 138 2544408 10813 1
1591018646825213 189 2865364 9963 138 2544408 10813 1
1591018686599597 189 2865364 9963 137 2544408 10813 1
1591018726853340 189 2865364 9963 137 2544408 10813 1
1591018766025583 189 2865364 9963 137 2544408 10813 1
1591018805467452 189 2865364 9963 137 2544408 10813 1
1591018844791095 189 2865364 9963 137 2544408 10813 1
1591018884597472 190 2865364 9963 138 2544408 10813 1
1591018924437010 190 2865364 9963 138 2544408 10813 1
1591018963726311 189 2865364 9963 138 2544408 10813 1
1591019002500579 189 2865364 9963 137 2544408 10813 1
1591019041489533 189 2865364 9963 137 2544408 10813 1
1591019081149749 188 2865364 9963 136 2544408 10813 1
1591019121398730 189 2865364 9963 136 2544408 10813 1
1591019161311315 190 2865364 9963 136 2544408 10813 1
1591019201331276 191 2865364 9963 137 2544408 10813 1
1591019241067421 188 2865364 9963 136 2544408 10813 1
1591019282031181 190 2865364 9963 137 2544408 10813 1
1591019322392992 189 2865364 9963 138 2544408 10813 1
1591019362039886 189 2865364 9963 138 2544408 10813 1
1591019400873598 189 2865364 9963 138 2544408 10813 1
1591019440713676 186 2865364 9963 136 2544408 10813 1
1591019480030704 190 2865364 9963 138 2544408 10813 1
1591019519404454 189 2865364 9963 137 2544408 10813 1
1591019560338776 191 2865364 9963 138 2544408 10813 1
1591019599659108 191 2865364 9963 138 2544408 10813 1
1591019639718049 190 2865364 9963 138 2544408 10813 1
1591019679237862 191 2865364 9963 139 2544408 10813 1
1591019718113668 189 2865364 9963 138 2544408 10813 1
1591019757205144 189 2865364 9963 138 2544408 10813 1
1591019796527756 189 2865364 9963 137 2544408 10813 1
1591019836055684 189 2865364 9963 138 2544408 10813 1
1591019875374474 191 2865364 9963 137 2544408 10813 1
1591019914471411 190 2865364 9963 138 2544408 10813 1
1591019953810935 189 2865364 9963 137 2544408 10813 1
1591019992340243 190 2865364 9963 137 2544408 10813 1
1591020031575595 190 2865364 9963 138 2544408 10813 1
1591020070489125 190 2865364 9963 138 2544408 10813 1
1591020109738881 190 2865364 9963 138 2544408 10813 1
1591020148529852 190 2865364 9963 137 2544408 10813 1
1591020187414391 190 2865364 9963 138 2544408 10813 1
1591020225708573 189 2865364 9963 137 2544408 10813 1
1591020264139183 190 2865364 9963 137 2544408 10813 1
1591020304240454 189 2865364 9963 137 2544408 10813 1
1591020345004686 191 2865364 9963 138 2544408 10813 1
1591020385083628 190 2865364 9963 136 2544408 10813 1
1591020424686290 190 2865364 9963 138 2544408 10813 1
1591020463586725 192 2865364 9963 138 2544408 10813 1
1591020503937462 190 2865364 9963 137 2544408 10813 1
1591020543609694 191 2865364 9963 137 2544408 10813 1
1591020582739330 205 2865364 9963 150 2544408 10813 1
1591020622369353 201 2865364 9963 146 2544408 10813 1
1591020661590849 191 2865364 9963 138 2544408 10813 1
1591020701166593 191 2865364 9963 138 2544408 10813 1
1591020742373430 191 2865364 9963 137 2544408 10813 1
1591020782019103 191 2865364 9963 137 2544408 10813 1
1591020821573141 191 2865364 9963 136 2544408 10813 1
1591020861597146 192 2865364 9963 137 2544408 10813 1
1591020901658445 192 2865364 9963 137 2544408 10813 1
1591020940401999 191 2865364 9963 137 2544408 10813 1
1591020980094915 190 2865364 9963 137 2544408 10813 1
1591021019466370 191 2865364 9963 138 2544408 10813 1
1591021059386739 191 2865364 9963 137 2544408 10813 1
1591021099491021 191 2865364 9963 137 2544408 10813 1
1591021138246256 190 2865364 9963 136 2544408 10813 1
1591021177435633 190 2865364 9963 137 2544408 10813 1
1591021217218288 191 2865364 9963 138 2544408 10813 1
1591021258957746 192 2865364 9963 138 2544408 10813 1
1591021300848695 190 2865364 9963 137 2544408 10813 1
1591021341977351 191 2865364 9963 137 2544408 10813 1
1591021382781102 191 2865364 9963 137 2544408 10813 1
1591021422579518 191 2865364 9963 137 2544408 10813 1
1591021462071693 191 2865364 9963 138 2544408 10813 1
1591021502766967 190 2865364 9963 137 2544408 10813 1
1591021543318454 191 2865364 9963 138 2544408 10813 1
1591021583391349 190 2865364 9963 137 2544408 10813 1
1591021622353473 191 2865364 9963 137 2544408 10813 1
1591021661211278 188 2865364 9963 135 2544408 10813 1
1591021701133741 189 2865364 9963 137 2544408 10813 1
1591021740989337 188 2865364 9963 136 2544408 10813 1
1591021780705816 187 2865364 9963 135 2544408 10813 1
1591021820774419 187 2865364 9963 135 2544408 10813 1
1591021861029732 188 2865364 9963 136 2544408 10813 1
1591021901157805 189 2865364 9963 136 2544408 10813 1
1591021941019833 188 2865364 9963 136 2544408 10813 1
1591021980954131 189 2865364 9963 136 2544408 10813 1
1591022020495395 190 2865364 9963 137 2544408 10813 1
1591022060255101 191 2865364 9963 137 2544408 10813 1
1591022100011700 189 2865364 9963 136 2544408 10813 1
1591022139316728 190 2865364 9963 137 2544408 10813 1
1591022178806493 190 2865364 9963 137 2544408 10813 1
1591022217761924 190 2865364 9963 137 2544408 10813 1
1591022256358192 189 2865364 9963 136 2544408 10813 1
1591022294876653 188 2865364 9963 135 2544408 10813 1
1591022333758489 188 2865364 9963 135 2544408 10813 1
1591022372385943 190 2865364 9963 137 2544408 10813 1
1591022411297494 190 2865364 9963 136 2544408 10813 1
1591022453104711 188 2865364 9963 136 2544408 10813 1
1591022497842646 190 2865364 9963 136 2544408 10813 1
1591022542576839 190 2865364 9963 137 2544408 10813 1
1591022585542522 190 2865364 9963 136 2544408 10813 1
1591022626208548 190 2865364 9963 137 2544408 10813 1
1591022665700169 190 2865364 9963 136 2544408 10813 1
1591022705820259 190 2865364 9963 136 2544408 10813 1
1591022745890536 190 2865364 9963 136 2544408 10813 1
1591022785543160 189 2865364 9963 136 2544408 10813 1
1591022823813704 189 2865364 9963 136 2544408 10813 1
1591022862593499 190 2865364 9963 136 2544408 10813 1
1591022901478569 190 2865364 9963 137 2544408 10813 1
1591022941123380 190 2865364 9963 136 2544408 10813 1
1591022980633171 191 2865364 9963 137 2544408 10813 1
1591023020200413 191 2865364 9963 137 2544408 10813 1
1591023059800596 191 2865364 9963 138 2544408 10813 1
1591023099538536 191 2865364 9963 138 2544408 10813 1
1591023139300798 189 2865364 9963 136 2544408 10813 1
1591023179968260 189 2865364 9963 137 2544408 10813 1
1591023219590442 189 2865364 9963 136 2544408 10813 1
1591023259590067 188 2865364 9963 136 2544408 10813 1
1591023299452985 190 2865364 9963 136 2544408 10813 1
1591023337440522 190 2865364 9963 137 2544408 10813 1
1591023378434885 189 2865364 9963 136 2544408 10813 1
1591023416967481 191 2865364 9963 137 2544408 10813 1
1591023456031932 191 2865364 9963 137 2544408 10813 1
1591023496119933 197 2865364 9963 142 2544408 10813 1
1591023536377521 203 2865364 9963 147 2544408 10813 1
1591023577112554 200 2865364 9963 144 2544408 10813 1
1591023617211734 190 2865364 9963 137 2544408 10813 1
1591023657272302 189 2865364 9963 136 2544408 10813 1
1591023697580463 189 2865364 9963 136 2544408 10813 1
1591023736726533 190 2865364 9963 136 2544408 10813 1
1591023776632741 189 2865364 9963 136 2544408 10813 1
1591023816414613 191 2865364 9963 138 2544408 10813 1
1591023856590285 179 2865364 9963 159 2544408 10813 1
1591023896492343 176 2866787 10496 157 2546586 11975 0
1591023917705475 175 2866819 9705 156 2547313 11710 0
1591023938914061 174 2865568 10098 155 2546704 11356 0
1591023960136474 175 2865695 9426 157 2548702 12310 0
1591023981388806 175 2865812 8797 156 2549264 11866 0
1591024002599496 176 2867200 9389 156 2549782 11416 0
1591024023869486 176 2868480 9835 157 2551540 12144 0
1591024045094871 175 2868380 9158 156 2551880 11509 0
1591024066308500 175 2868287 8526 156 2552194 10898 0
1591024087512869 175 2868202 7937 155 2551203 10958 0
1591024109478118 174 2866843 8568 155 2550290 10942 0
1591024130724877 175 2866870 7923 155 2549448 10862 0
1591024151944502 175 2866895 7327 156 2549952 10478 0
1591024173640727 175 2866918 6776 156 2550417 10087 0
1591024194903583 174 2865660 7405 155 2549565 10082 0
1591024216135061 177 2865660 7405 157 2549565 10082 1
1591024256523604 177 2865660 7405 158 2549565 10082 1
1591024296468301 175 2865780 6936 157 2551340 10930 0
1591024317697183 176 2867170 7676 156 2551696 10404 0
1591024338909228 175 2867172 7078 156 2552024 9894 0
1591024360106514 176 2868454 7707 157 2553607 10580 0
1591024381826015 177 2868454 7707 157 2553607 10580 1
1591024421929897 176 2869636 8193 156 2553786 9918 0
1591024443410122 175 2869445 7727 156 2553951 9295 0
1591024464769691 175 2869269 7284 157 2555383 9888 0
1591024485987977 177 2869269 7284 157 2555383 9888 1
1591024526386859 178 2869269 7284 159 2555383 9888 1
1591024565907970 178 2869269 7284 158 2555383 9888 1
1591024605616070 176 2870387 7745 157 2556703 10332 0
1591024626882118 174 2868858 8548 155 2555360 10761 0
1591024648073067 174 2867448 9179 156 2555402 9959 0
1591024669404578 177 2869988 10803 158 2558001 11576 0
1591024690649434 177 2872330 12118 158 2560397 12879 0
1591024711978092 177 2874489 13161 158 2562605 13908 0
1591024733137087 176 2875199 12787 156 2562081 13303 0
1591024754474510 176 2875854 12391 157 2562878 12998 0
1591024775667716 175 2875177 12045 157 2563613 12659 0
1591024797099250 175 2874553 11677 157 2564290 12294 0
1591024818442736 174 2872698 12473 156 2563634 11936 0
1591024839796190 174 2870988 13073 155 2561750 12739 0
1591024860988835 175 2870692 12323 156 2561293 12164 0
1591024882480835 176 2871699 12288 156 2560871 11601 0
1591024903898605 174 2870067 12831 155 2559202 12231 0
1591024925090646 176 2871123 12801 156 2558944 11512 0
1591024946357328 176 2872096 12697 157 2559986 11573 0
1591024968687941 176 2872993 12532 156 2559667 10961 0
1591024989919663 177 2875100 13494 157 2560653 11012 0
1591025011253526 193 2875100 13494 170 2560653 11012 1
1591025050580516 186 2875100 13494 164 2560653 11012 1
1591025089787377 177 2877042 14230 156 2560281 10492 0
1591025110894548 176 2877553 13589 156 2559939 9987 0
1591025132119762 177 2879304 14141 155 2558343 10676 0
1591025153473634 176 2879638 13344 156 2558152 10016 0
1591025174654977 176 2879946 12585 157 2559256 10251 0
1591025195877590 176 2880230 11863 157 2560274 10388 0
1591025217091732 176 2880492 11177 156 2559932 9890 0
1591025238422004 176 2880733 10525 155 2558337 10587 0
1591025259617638 176 2880955 9907 156 2558146 9934 0
1591025280817226 177 2882440 10502 156 2557970 9318 0
1591025302131718 177 2883809 10943 156 2557808 8738 0
1591025323344977 177 2885071 11251 157 2558939 9097 0
1591025344521613 176 2884954 10479 157 2559981 9347 0
1591025368783765 176 2884846 9758 156 2559662 8909 0
1591025390896845 177 2886027 10084 156 2559368 8482 0
1591025412144831 177 2887116 10300 157 2560377 8749 0
1591025433380014 176 2886840 9749 157 2561307 8922 0
1591025454659809 175 2885305 10401 156 2560884 8613 0
1591025475902231 175 2883890 10891 156 2560494 8298 0
1591025497134931 177 2885146 11197 157 2561415 8498 0
1591025518408017 176 2885023 10434 157 2562264 8617 0
1591025539677481 177 2886190 10694 157 2563047 8664 0
1591025560917428 177 2887266 10850 157 2563768 8652 0
1591025582305232 176 2886978 10267 156 2563153 8542 0
1591025604224079 176 2886712 9708 156 2562586 8396 0
1591025625510138 184 2886712 9708 163 2562586 8396 1
1591025665591539 187 2886712 9708 165 2562586 8396 1
1591025704533463 178 2889027 11083 158 2564623 9618 0
1591025726183724 176 2888601 10608 157 2565221 9418 0
1591025747565909 177 2889489 10597 157 2565773 9190 0
1591025768819447 175 2887747 11374 156 2565001 9182 0
1591025790103710 176 2887421 10784 157 2565570 8988 0
1591025812986957 176 2887121 10217 157 2566094 8768 0
1591025835171792 175 2885564 10852 155 2564017 9996 0
1591025856976968 177 2886689 11041 156 2563383 9799 0
1591025878192392 176 2886446 10401 156 2562798 9571 0
1591025899855881 176 2886222 9794 156 2562259 9319 0
1591025921201931 174 2883455 11577 155 2560482 10227 0
1591025942553032 173 2879625 14202 155 2558844 10937 0
1591025963826659 174 2877374 15166 156 2558614 10293 0
1591025985146081 175 2876579 14713 157 2559682 10472 0
1591026006469122 175 2875846 14238 157 2560666 10560 0
1591026027749417 174 2873890 14927 157 2561573 10572 0
1591026049082711 173 2870807 16601 155 2559850 11334 0
1591026070101928 175 2870525 15563 156 2559541 10732 0
1591026091694067 176 2871545 15287 156 2559256 10154 0
1591026113244669 175 2871205 14404 156 2558994 9601 0
1591026134663406 174 2869612 14746 155 2557472 10252 0
1591026155829167 174 2868143 14946 156 2557349 9563 0
1591026177704837 174 2866789 15025 156 2557236 8919 0
1591026199109921 175 2866821 13880 156 2557131 8317 0
1591026220670821 175 2866850 12822 155 2555755 8935 0
1591026242022371 177 2869437 14205 158 2558326 10606 0
1591026263491064 176 2870542 14113 157 2559416 10782 0
1591026284728255 174 2869000 14430 156 2559141 10191 0
1591026306147694 176 2870139 14352 157 2560168 10340 0
1591026327640448 176 2871189 14198 157 2561114 10404 0
1591026348889282 177 2873437 15160 157 2561986 10395 0
1591026370058617 176 2874229 14705 157 2562790 10324 0
1591026391256775 174 2872399 15242 156 2562252 10012 0
1591026412434377 176 2873272 14856 157 2563036 9951 0
1591026433621836 178 2876637 16797 158 2565038 11019 0
1591026454897408 177 2878459 17164 158 2566884 11860 0
1591026476134536 192 2878459 17164 171 2566884 11860 1
1591026515332105 178 2881419 18552 158 2568586 12502 0
1591026536494335 177 2882868 18437 157 2568875 11791 0
1591026557736217 178 2885483 19407 158 2570421 12294 0
1591026578893846 177 2886614 18933 158 2571846 12647 0
1591026600263624 177 2887657 18414 158 2573160 12869 0
1591026621485070 177 2888618 17861 158 2574371 12980 0
1591026642671167 176 2888224 16827 158 2575488 12995 0
1591026663860305 176 2887861 15846 157 2575238 12209 0
1591026685251974 177 2888806 15480 157 2575007 11467 0
1591026706435024 174 2888806 15480 154 2575007 11467 1
1591026746462356 179 2892238 17433 157 2574794 10766 0
