1590795099862752 177 2884133 14593 174 2823207 11411 0
1590795105135979 175 2882810 14671 172 2822803 10890 0
1590795110464296 176 2882870 13579 172 2822431 10381 0
1590795115796999 174 2880365 14826 170 2819528 12244 0
1590795121199489 176 2880616 13898 172 2819412 11393 0
1590795127674987 177 2882127 14205 173 2820585 11583 0
1590795133826434 176 2882240 13200 172 2820386 10860 0
1590795139715269 174 2879785 14431 170 2817643 12539 0
1590795144605357 175 2878801 14209 170 2815114 13889 0
1590795149757756 175 2877894 13933 170 2812783 14951 0
1590795155477512 175 2877058 13614 171 2811914 14582 0
1590795160821645 176 2877567 13020 171 2811113 14180 0
1590795166415822 174 2875477 13928 170 2809094 14932 0
1590795171669158 175 2874830 13435 171 2808513 14300 0
1590795177185601 176 2875513 13015 171 2807977 13675 0
1590795182450275 176 2876143 12579 172 2808763 13331 0
1590795187121020 174 2874164 13420 169 2805648 15160 0
1590795191991804 175 2873619 12872 173 2807896 16048 0
1590795196970631 174 2871837 13508 171 2807409 15242 0
1590795202160649 176 2872754 13298 172 2808240 14817 0
1590795207137758 176 2873600 13039 171 2807726 14132 0
1590795212461791 175 2873100 12480 171 2807252 13463 0
1590795218933877 176 2873919 12260 172 2808095 13188 0
1590795224829181 173 2870834 14145 169 2805032 14980 0
1590795229530848 176 2871830 13957 171 2804768 14051 0
1590795234201270 176 2872748 13712 171 2804525 13176 0
1590795239498598 176 2873594 13420 171 2804301 12352 0
1590795244424714 175 2873094 12831 172 2805374 12377 0
1590795249315759 177 2875193 13763 173 2807644 13502 0
1590795254181170 174 2873288 14442 170 2805896 14057 0
1590795259453458 174 2871532 14931 170 2804285 14442 0
1590795265286930 173 2868633 16435 170 2802800 14681 0
1590795270588703 176 2869801 16227 172 2803991 14632 0
1590795275681797 171 2864477 19866 168 2799969 17195 0
1590795280302516 175 2864689 18509 171 2800101 15973 0
1590795284880350 176 2866165 18422 170 2798943 15792 0
1590795290130659 177 2868805 19416 172 2800435 15934 0
1590795294826213 176 2869959 18963 172 2801811 15957 0
1590795299879829 175 2869743 17679 170 2800519 15900 0
1590795304812572 176 2870824 17293 172 2801888 15919 0
1590795310370649 174 2869260 17381 170 2800590 15871 0
1590795316134253 174 2867819 17351 170 2799393 15733 0
1590795321420386 177 2870330 18310 172 2800850 15846 0
1590795326021097 174 2868805 18284 171 2800913 14666 0
1590795331085718 175 2868679 16970 173 2803531 15934 0
1590795336158835 175 2868563 15750 171 2803385 14823 0
1590795341616588 175 2868456 14617 171 2803250 13787 0
1590795346518824 175 2868357 13565 171 2803126 12823 0
1590795351603568 175 2868266 12588 172 2804291 12895 0
1590795356678777 175 2868182 11680 171 2804085 12076 0
1590795361972445 177 2870665 13056 173 2806455 13317 0
1590795367842660 176 2871674 12966 174 2809920 15471 0
1590795372790931 175 2871324 12275 172 2810555 14847 0
1590795377914010 175 2871001 11612 171 2809860 14327 0
1590795383188528 176 2871984 11610 173 2811779 14976 0
1590795388425182 174 2870330 12226 171 2810988 14534 0
1590795393895525 175 2870085 11495 172 2811539 13906 0
1590795398571227 174 2868579 11983 170 2809487 14710 0
1590795403197393 177 2871031 13306 174 2812715 16536 0
1590795407952354 177 2873291 14350 173 2814411 16808 0
1590795415544165 175 2872815 13666 172 2814695 15755 0
1590795421489518 175 2872376 13002 171 2813676 15462 0
1590795426758273 174 2870691 13538 171 2812737 15119 0
1590795432353459 174 2869138 13911 171 2811871 14734 0
1590795438439828 161 2869138 13911 150 2811871 14734 1
1590795446560879 164 2869138 13911 157 2811871 14734 1
1590795454847843 164 2869138 13911 156 2811871 14734 1
1590795463449212 163 2869138 13911 156 2811871 14734 1
1590795472343727 163 2869138 13911 156 2811871 14734 1
1590795481189415 168 2869138 13911 154 2811871 14734 1
1590795490506080 172 2869138 13911 152 2811871 14734 1
1590795498194385 174 2869138 13911 151 2811871 14734 1
1590795506708889 175 2869138 13911 150 2811871 14734 1
1590795514867366 173 2869138 13911 149 2811871 14734 1
1590795523254643 176 2869138 13911 149 2811871 14734 1
1590795531932531 177 2869138 13911 150 2811871 14734 1
1590795543170325 176 2869138 13911 149 2811871 14734 1
1590795551587291 174 2869138 13911 147 2811871 14734 1
1590795560628807 176 2869138 13911 148 2811871 14734 1
1590795569339692 177 2869138 13911 148 2811871 14734 1
1590795578036910 177 2869138 13911 149 2811871 14734 1
1590795586671804 177 2869138 13911 148 2811871 14734 1
1590795594539833 177 2869138 13911 149 2811871 14734 1
1590795602064779 176 2869138 13911 148 2811871 14734 1
1590795609577083 177 2869138 13911 148 2811871 14734 1
1590795617999707 177 2869138 13911 147 2811871 14734 1
1590795626419799 177 2869138 13911 148 2811871 14734 1
1590795634839078 178 2869138 13911 150 2811871 14734 1
1590795643240012 179 2869138 13911 149 2811871 14734 1
1590795651783432 180 2869138 13911 149 2811871 14734 1
1590795661736888 180 2869138 13911 149 2811871 14734 1
1590795670352727 177 2869138 13911 148 2811871 14734 1
1590795677622696 178 2869138 13911 149 2811871 14734 1
1590795685824270 177 2869138 13911 147 2811871 14734 1
1590795693253287 180 2869138 13911 148 2811871 14734 1
1590795700368804 176 2869138 13911 144 2811871 14734 1
1590795707836216 180 2869138 13911 148 2811871 14734 1
1590795715563821 179 2869138 13911 148 2811871 14734 1
1590795722765971 179 2869138 13911 147 2811871 14734 1
1590795730791183 178 2869138 13911 148 2811871 14734 1
1590795739964543 180 2869138 13911 149 2811871 14734 1
1590795748405999 179 2869138 13911 148 2811871 14734 1
1590795755551713 178 2869138 13911 146 2811871 14734 1
1590795763050971 179 2869138 13911 148 2811871 14734 1
1590795771418212 178 2869138 13911 147 2811871 14734 1
1590795779532577 179 2869138 13911 145 2811871 14734 1
1590795787057445 179 2869138 13911 147 2811871 14734 1
1590795794988685 180 2869138 13911 149 2811871 14734 1
1590795802664880 179 2869138 13911 146 2811871 14734 1
1590795810662075 181 2869138 13911 149 2811871 14734 1
1590795818669104 181 2869138 13911 149 2811871 14734 1
1590795826653185 182 2869138 13911 148 2811871 14734 1
1590795835153357 180 2869138 13911 148 2811871 14734 1
1590795843950917 180 2869138 13911 148 2811871 14734 1
1590795851193779 181 2869138 13911 147 2811871 14734 1
1590795858851481 180 2869138 13911 147 2811871 14734 1
1590795867116408 180 2869138 13911 147 2811871 14734 1
1590795875397973 181 2869138 13911 148 2811871 14734 1
1590795883668079 182 2869138 13911 149 2811871 14734 1
1590795892153230 181 2869138 13911 147 2811871 14734 1
1590795900895655 182 2869138 13911 149 2811871 14734 1
1590795908776165 182 2869138 13911 149 2811871 14734 1
1590795916970427 179 2869138 13911 146 2811871 14734 1
1590795925238657 181 2869138 13911 148 2811871 14734 1
1590795933702860 182 2869138 13911 149 2811871 14734 1
1590795941939074 181 2869138 13911 148 2811871 14734 1
1590795950103944 180 2869138 13911 148 2811871 14734 1
1590795958401995 179 2869138 13911 148 2811871 14734 1
1590795966730244 182 2869138 13911 149 2811871 14734 1
1590795974832762 180 2869138 13911 147 2811871 14734 1
1590795982357279 181 2869138 13911 148 2811871 14734 1
1590795990825676 182 2869138 13911 148 2811871 14734 1
1590795998762688 182 2869138 13911 149 2811871 14734 1
1590796005942527 182 2869138 13911 149 2811871 14734 1
1590796013912396 182 2869138 13911 149 2811871 14734 1
1590796022021546 182 2869138 13911 148 2811871 14734 1
1590796029784263 182 2869138 13911 150 2811871 14734 1
1590796037839815 182 2869138 13911 148 2811871 14734 1
1590796045947477 182 2869138 13911 148 2811871 14734 1
1590796053335785 182 2869138 13911 148 2811871 14734 1
1590796061777889 182 2869138 13911 148 2811871 14734 1
1590796070266742 181 2869138 13911 148 2811871 14734 1
1590796078617684 181 2869138 13911 148 2811871 14734 1
1590796086667631 182 2869138 13911 148 2811871 14734 1
1590796094538472 182 2869138 13911 149 2811871 14734 1
1590796102988436 182 2869138 13911 150 2811871 14734 1
1590796110854233 183 2869138 13911 149 2811871 14734 1
1590796118483828 182 2869138 13911 149 2811871 14734 1
1590796125837836 180 2869138 13911 148 2811871 14734 1
1590796133800204 182 2869138 13911 150 2811871 14734 1
1590796141845860 181 2869138 13911 149 2811871 14734 1
1590796150179222 182 2869138 13911 149 2811871 14734 1
1590796158501904 183 2869138 13911 149 2811871 14734 1
1590796166912304 181 2869138 13911 148 2811871 14734 1
1590796175385575 182 2869138 13911 149 2811871 14734 1
1590796183452811 184 2869138 13911 150 2811871 14734 1
1590796192173052 184 2869138 13911 150 2811871 14734 1
1590796200740302 183 2869138 13911 149 2811871 14734 1
1590796209118024 183 2869138 13911 150 2811871 14734 1
1590796217316429 184 2869138 13911 150 2811871 14734 1
1590796225138550 183 2869138 13911 149 2811871 14734 1
1590796232871236 182 2869138 13911 148 2811871 14734 1
1590796240695459 182 2869138 13911 149 2811871 14734 1
1590796248617284 184 2869138 13911 151 2811871 14734 1
1590796256853500 183 2869138 13911 148 2811871 14734 1
1590796264867877 183 2869138 13911 149 2811871 14734 1
1590796273107316 182 2869138 13911 148 2811871 14734 1
1590796281019408 182 2869138 13911 148 2811871 14734 1
1590796288414304 183 2869138 13911 149 2811871 14734 1
1590796296170031 180 2869138 13911 146 2811871 14734 1
1590796304538227 179 2869138 13911 145 2811871 14734 1
1590796313273936 181 2869138 13911 147 2811871 14734 1
1590796321709490 181 2869138 13911 147 2811871 14734 1
1590796329758228 182 2869138 13911 148 2811871 14734 1
1590796337594679 181 2869138 13911 148 2811871 14734 1
1590796344887960 180 2869138 13911 146 2811871 14734 1
1590796352835961 181 2869138 13911 147 2811871 14734 1
1590796360814170 177 2869138 13911 144 2811871 14734 1
1590796368639230 181 2869138 13911 147 2811871 14734 1
1590796376677587 181 2869138 13911 147 2811871 14734 1
1590796386032882 183 2869138 13911 150 2811871 14734 1
1590796393822212 181 2869138 13911 147 2811871 14734 1
1590796402213782 183 2869138 13911 149 2811871 14734 1
1590796410618822 181 2869138 13911 148 2811871 14734 1
1590796418969375 182 2869138 13911 147 2811871 14734 1
1590796427302354 182 2869138 13911 147 2811871 14734 1
1590796435576768 183 2869138 13911 148 2811871 14734 1
1590796443167208 181 2869138 13911 146 2811871 14734 1
1590796450873800 180 2869138 13911 145 2811871 14734 1
1590796458980269 181 2869138 13911 148 2811871 14734 1
1590796467067819 182 2869138 13911 147 2811871 14734 1
1590796475169036 182 2869138 13911 147 2811871 14734 1
1590796483140473 174 2867706 14143 170 2809793 15497 0
1590796488458666 174 2866386 14254 171 2809157 14871 0
1590796494042273 173 2863889 15441 169 2806011 16608 0
1590796499105011 173 2861587 16355 169 2803111 17983 0
1590796503760706 174 2860745 15852 170 2801717 17862 0
1590796508335989 173 2858689 16508 170 2800432 17649 0
1590796514076297 172 2855513 18144 170 2799248 17361 0
1590796519411508 172 2852586 19424 169 2796876 18189 0
1590796524958027 173 2851167 19213 169 2794690 18782 0
1590796530406646 177 2854979 21225 173 2797794 20176 0
1590796536051284 175 2855933 20446 170 2796816 19500 0
1590796541537198 176 2858093 20839 172 2798474 19505 0
1590796546849097 175 2858804 19865 172 2800003 19390 0
1590796551842701 176 2860739 20097 171 2800132 17994 0
1590796556973370 175 2861243 18991 171 2800251 16698 0
1590796562389458 175 2861708 17936 171 2800361 15494 0
1590796567712974 173 2859577 18498 170 2799182 15369 0
1590796572691413 173 2857612 18862 170 2798095 15169 0
1590796577353828 175 2858361 18078 171 2798373 14240 0
1590796582346570 175 2859051 17301 171 2798630 13364 0
1590796587715360 175 2859687 16535 171 2798867 12537 0
1590796593484548 176 2861553 16964 171 2799085 11758 0
1590796599469919 175 2861994 16044 172 2800566 12204 0
1590796605392868 174 2861120 15595 171 2800651 11329 0
1590796611194462 174 2860315 15118 172 2802010 11695 0
1590796616926548 174 2859572 14620 171 2801982 10805 0
1590796622744609 172 2859572 14620 168 2801982 10805 1
1590796630558621 175 2860167 14026 171 2801957 9982 0
1590796635845279 176 2861996 14616 172 2803214 10360 0
1590796641079372 174 2861122 14279 170 2801812 10841 0
1590796646135461 173 2859036 15085 170 2800520 11184 0
1590796650746661 172 2855833 16857 168 2796769 13767 0
1590796655409025 175 2856721 16358 171 2797151 13043 0
1590796660067879 174 2856259 15505 170 2796223 12878 0
1590796664791591 174 2855833 14684 170 2795368 12659 0
1590796669454612 174 2855441 13897 169 2793299 13576 0
1590796674321292 174 2855079 13144 170 2792672 13092 0
1590796679681593 173 2853465 13603 169 2790814 13781 0
1590796685166782 173 2851978 13910 169 2789101 14282 0
1590796690379486 174 2851887 12906 169 2787522 14621 0
1590796695591603 174 2851803 11974 170 2787346 13639 0
1590796701015002 173 2850445 12289 169 2785904 13901 0
1590796706283995 174 2850473 11354 169 2784575 14038 0
1590796711552297 174 2850499 10490 169 2783350 14070 0
1590796716744257 173 2849243 10827 168 2780940 15190 0
1590796721921483 173 2848085 11047 169 2779999 14870 0
1590796727130088 174 2848298 10379 169 2779131 14507 0
1590796732335208 176 2851054 12109 172 2782171 16175 0
1590796737913864 174 2851035 11179 171 2783693 16314 0
1590796743910857 174 2851017 10320 170 2783816 15153 0
1590796749857233 176 2853561 11858 172 2786490 16434 0
1590796755664872 174 2853346 11128 171 2787675 16242 0
1590796760477948 173 2851868 11620 169 2786207 16325 0
1590796765073792 173 2850505 11967 170 2786134 15115 0
1590796769531345 176 2853089 13414 172 2788627 16232 0
1590796773975507 175 2854191 13382 171 2789645 15901 0
1590796778439606 175 2855207 13272 170 2789303 14972 0
1590796782882286 174 2854863 12551 170 2788988 14091 0
1590796787335074 175 2855826 12458 171 2789978 13902 0
1590796793249322 176 2857994 13483 171 2790890 13656 0
1590796802339622 175 2858713 13092 171 2791731 13365 0
1590796807801344 174 2858096 12637 170 2791227 12784 0
1590796814487834 174 2857527 12173 170 2790762 12213 0
1590796820501536 178 2857527 12173 172 2790762 12213 1
