1590801170901907 162 2651808 17368 160 2592692 17179 0
1590801172393847 163 2653275 17363 158 2592377 16125 0
1590801173959272 161 2652067 17118 158 2592087 15131 0
1590801175648049 165 2656074 19474 161 2595660 17242 0
1590801176975404 164 2658488 20177 160 2597674 17750 0
1590801178308680 160 2655593 21268 157 2595690 18191 0
1590801179650212 157 2655593 21268 153 2595690 18191 1
1590801181666054 163 2656764 20686 159 2596421 17443 0
1590801183026501 163 2657844 20064 159 2597095 16701 0
1590801184370900 161 2656279 19937 158 2596436 16002 0
1590801185690175 160 2653557 20888 156 2593269 17670 0
1590801187035070 161 2652327 20389 158 2592909 16620 0
1590801188365636 162 2652473 18931 159 2593857 16195 0
1590801189718623 154 2652473 18931 151 2593857 16195 1
1590801193065957 162 2652608 17577 158 2593451 15302 0
1590801194724833 161 2651453 17267 157 2591797 15630 0
1590801196221861 159 2647828 19259 155 2587712 18173 0
1590801197556542 160 2645766 19654 156 2585227 19043 0
1590801198915646 165 2650265 22266 161 2589336 21343 0
1590801200253861 161 2649293 21422 158 2589284 19722 0
1590801201616396 162 2649676 20102 158 2589236 18225 0
1590801203035580 163 2651310 20037 159 2590471 17940 0
1590801204397052 165 2655376 22219 162 2595450 21128 0
1590801205716438 162 2655284 20567 159 2596200 20168 0
1590801207054594 161 2653919 20217 157 2594331 20314 0
1590801208363863 158 2648821 23336 155 2590048 22673 0
1590801209696869 162 2649241 21900 159 2591220 21981 0
1590801211021284 165 2653469 24086 161 2594860 23619 0
1590801212387217 158 2648406 26870 154 2589256 26938 0
1590801213733689 161 2647579 25532 156 2586650 27235 0
1590801215145520 160 2645536 25419 155 2582967 28501 0
1590801216535066 159 2642373 26348 156 2580852 28223 0
1590801217860022 160 2640737 25796 155 2577622 28994 0
1590801219201324 161 2640509 23989 157 2577205 27112 0
1590801220616154 163 2642859 24280 158 2578100 25818 0
1590801222009635 158 2638625 26285 153 2572525 28938 0
1590801223385386 162 2639842 25353 159 2575066 29019 0
1590801224775124 162 2640964 24406 156 2573568 28131 0
1590801227332718 158 2636878 26265 153 2568348 30745 0
1590801229999338 160 2635671 25324 155 2566095 30419 0
1590801232123507 157 2630719 27909 155 2564018 29955 0
1590801234538051 164 2635114 29779 159 2567224 30569 0
1590801237027330 158 2631485 30796 155 2565059 30175 0
1590801239657088 161 2631980 28846 156 2564343 28476 0
1590801242375362 163 2634996 29372 158 2566243 28003 0
1590801244834900 159 2632656 29233 154 2562875 28919 0
1590801247382503 163 2635619 29681 157 2563610 27336 0
1590801249940551 160 2634511 28383 157 2564287 25825 0
1590801252251351 161 2634769 26403 156 2563632 24410 0
1590801254568744 158 2631167 27659 154 2560468 25418 0
1590801256227047 158 2627847 28558 154 2557551 26120 0
1590801257427966 159 2626066 27967 156 2557422 24197 0
1590801258735869 158 2623144 28475 154 2554743 24775 0
1590801260513906 161 2624290 27307 156 2554833 22922 0
1590801262321266 162 2626627 27327 157 2556196 22388 0
1590801263469520 160 2626221 25565 156 2556173 20659 0
1590801264633586 164 2630967 27942 159 2559991 22565 0
1590801265834403 161 2631502 26252 158 2562231 22867 0
1590801267000298 160 2630715 24925 155 2560456 22715 0
1590801268139115 158 2627430 26004 155 2558820 22447 0
1590801269342612 162 2629522 25900 158 2561152 22843 0
1590801270488716 162 2631450 25653 158 2563302 23040 0
1590801271637430 162 2633227 25287 159 2566564 24247 0
1590801272829195 162 2634866 24822 158 2568291 23944 0
1590801273994472 161 2635097 23095 157 2568603 22360 0
1590801275146482 156 2628910 26993 152 2562490 26247 0
1590801276298755 159 2627046 26601 156 2561975 24670 0
1590801277444521 157 2622768 28465 152 2556380 27899 0
1590801278606008 163 2626504 29685 160 2561462 30404 0
1590801279786004 162 2628668 29360 159 2564867 31167 0
1590801280966869 161 2629383 27725 157 2565446 29266 0
1590801282141094 158 2626202 28490 156 2564700 27666 0
1590801283301729 161 2627109 27101 156 2564012 26137 0
1590801284476845 161 2627946 25754 158 2565938 25871 0
1590801285628824 155 2621037 30109 152 2560034 29291 0
1590801286784090 162 2623628 30145 158 2562271 29064 0
1590801287980085 162 2626017 29991 159 2565613 29874 0
1590801289144204 161 2626939 28497 157 2566134 28020 0
1590801290331072 162 2629069 28233 158 2567894 27453 0
1590801291493874 161 2629752 26657 157 2568237 25624 0
1590801292651037 163 2632942 27515 159 2571113 26273 0
1590801293823387 161 2633323 25716 157 2571204 24304 0
1590801295003667 157 2628554 28101 153 2566168 27046 0
1590801296215643 164 2633118 30112 160 2570486 28913 0
1590801297363404 161 2633485 28097 157 2570626 26783 0
1590801298527511 161 2633823 26213 157 2570755 24809 0
1590801299675473 160 2632855 25056 155 2568314 25119 0
1590801300891648 158 2629403 26280 154 2564784 26409 0
1590801302039082 160 2628780 24799 156 2564090 24984 0
1590801303192597 164 2633326 27052 160 2568570 27162 0
1590801304372508 164 2637517 28801 160 2572700 28846 0
1590801305522575 159 2634980 28887 155 2570107 28981 0
1590801306704299 158 2631362 29965 155 2567717 28918 0
1590801307915534 158 2628026 30697 154 2564234 29868 0
1590801309090769 162 2630071 30183 158 2566143 29294 0
1590801310262086 158 2626836 30805 153 2561503 31282 0
1590801311445667 161 2627694 29189 157 2562345 29614 0
1590801312638839 161 2628485 27637 157 2563121 28016 0
1590801313805772 162 2630494 27329 157 2563837 26487 0
1590801314945012 162 2632346 26900 158 2565777 26205 0
1590801316102855 162 2634053 26372 158 2567565 25805 0
1590801317281481 158 2630507 27579 155 2565373 25807 0
1590801318453287 163 2633638 28311 158 2567193 25468 0
1590801319616198 162 2635245 27580 159 2570151 26204 0
1590801320794553 163 2638006 27970 159 2572877 26669 0
1590801321955992 163 2640551 28130 158 2574110 25722 0
1590801323107558 156 2633937 32028 153 2568847 28563 0
1590801324264943 163 2636800 32165 159 2571675 28938 0
1590801325460799 160 2635600 30758 156 2570442 27812 0
1590801326652320 159 2633213 30554 155 2568026 27866 0
1590801327833373 162 2634853 29678 158 2569638 27175 0
1590801329079586 160 2633805 28325 158 2571125 26421 0
1590801330464377 163 2636678 28761 158 2572495 25619 0
1590801331921491 163 2639327 28956 159 2575038 25962 0
1590801333421157 163 2641769 28944 158 2576103 24914 0
1590801334908355 161 2641460 26966 158 2577084 23872 0
1590801336422925 162 2642455 25777 157 2576709 22352 0
1590801337971636 160 2640813 25276 156 2575083 22103 0
1590801339495599 157 2635459 28236 154 2571024 24117 0
1590801340962382 160 2634363 27039 157 2571122 22323 0
1590801342396948 157 2629513 29396 153 2566093 25215 0
1590801343856626 159 2627602 28860 155 2564016 25158 0
1590801345323301 159 2625840 28228 155 2562102 24956 0
1590801346758308 159 2624216 27518 157 2562897 23739 0
1590801348234179 160 2623999 25567 156 2562350 22387 0
1590801349707073 162 2626359 25744 157 2563126 21353 0
1590801351049141 157 2622134 27626 154 2560001 22564 0
1590801352372887 157 2618239 29056 155 2558400 22276 0
1590801353725171 163 2622329 30556 159 2562045 23895 0
1590801355083246 162 2624819 30464 157 2562845 22765 0
1590801356428531 163 2628395 31380 158 2564862 22846 0
1590801357787081 162 2630411 30787 159 2568002 23955 0
1590801359111585 161 2630990 28914 156 2567056 22954 0
1590801360441705 151 2630990 28914 150 2567056 22954 1
1590801362469279 154 2622563 34422 151 2559784 27863 0
1590801363776652 159 2621195 32992 155 2558200 27145 0
1590801365086097 163 2625054 33971 158 2560580 27218 0
1590801366400277 160 2624771 31577 158 2562774 27114 0
1590801367701017 158 2621950 31709 154 2559677 27849 0
1590801369024620 162 2624470 31554 158 2561942 27761 0
1590801370347031 161 2625513 30049 158 2564030 27517 0
1590801371692545 160 2625194 27994 155 2562115 27132 0
1590801373050435 161 2626180 26715 157 2562909 25744 0
1590801374377651 163 2629649 27825 158 2564921 25587 0
1590801375712985 164 2634127 29779 161 2570616 28838 0
1590801377034206 161 2634415 27718 158 2572026 27885 0
1590801378344609 162 2635961 26977 157 2572046 25724 0
1590801379658431 161 2636106 25003 157 2572064 23731 0
1590801381024505 161 2636240 23172 157 2572081 21893 0
1590801382363509 163 2638923 23835 159 2574657 22556 0
1590801383716613 159 2636277 24411 155 2571911 23323 0
1590801385072784 164 2640237 26154 159 2574500 23887 0
1590801386396866 161 2640048 24283 157 2574327 22179 0
1590801387713349 161 2639874 22545 156 2572887 21772 0
1590801389049220 161 2639713 20930 157 2572840 20114 0
1590801390399093 157 2634445 24150 154 2568956 22121 0
1590801391754709 166 2641108 28406 161 2574336 25352 0
1590801393269674 159 2638291 28782 157 2574176 23518 0
1590801395040953 160 2636974 27746 155 2571468 24175 0
1590801396459607 163 2639600 27999 159 2574092 24705 0
1590801397891267 160 2638181 27118 154 2570111 26443 0
1590801399351227 162 2639433 26153 159 2572841 26893 0
1590801400906003 160 2638027 25404 156 2571517 26010 0
1590801402240732 158 2634171 26973 154 2567737 27461 0
1590801403592267 161 2634456 25128 156 2566812 26167 0
1590801405145439 158 2630879 26461 155 2564679 26087 0
1590801406378352 162 2632701 26073 158 2566553 25776 0
1590801407524894 161 2633101 24404 156 2565721 24528 0
1590801408649907 163 2636029 25197 159 2568794 25443 0
1590801409797330 158 2632329 26638 155 2566506 25563 0
1590801411219336 163 2635318 27311 158 2568237 25161 0
1590801412625990 163 2638073 27717 158 2569833 24666 0
1590801414157255 161 2638053 25568 157 2570024 22914 0
1590801415559482 159 2635475 25946 156 2568920 22139 0
1590801416842000 161 2635658 24087 156 2567903 21346 0
1590801418212401 161 2635827 22361 158 2569525 21173 0
1590801419441504 163 2638543 23117 161 2574860 24437 0
1590801420609107 160 2637206 22541 156 2573379 23892 0
1590801421796826 161 2637254 20823 158 2574573 23126 0
1590801422994687 163 2639858 21597 160 2578234 24694 0
1590801424179173 162 2640979 20942 159 2580329 24695 0
1590801425404833 160 2639452 20712 158 2580980 23365 0
1590801426656967 162 2640604 20155 157 2580300 22164 0
1590801427857732 159 2637826 21140 154 2575834 24549 0
1590801429018565 158 2633985 23028 155 2572996 25246 0
1590801430209262 162 2635564 22684 160 2576780 26762 0
1590801431416876 160 2634460 21928 155 2573869 27354 0
1590801432596065 160 2633442 21151 156 2572465 26509 0
1590801433841897 162 2635064 20993 158 2573731 25604 0
1590801435128381 160 2633999 20333 156 2572338 24886 0
1590801436283138 160 2633017 19648 155 2569774 25304 0
1590801437796193 162 2634672 19639 159 2572530 25868 0
1590801439449828 159 2632358 20236 157 2572511 23864 0
1590801440684731 159 2630225 20621 156 2571213 23195 0
1590801442200088 161 2630818 19556 159 2573856 23819 0
1590801443714148 162 2632645 19712 157 2573733 22070 0
1590801445235380 161 2633049 18545 156 2572340 21629 0
1590801446746879 159 2630862 19112 156 2571055 21122 0
1590801448275126 160 2630125 18296 157 2571151 19559 0
1590801449821616 162 2632006 18600 160 2575079 21651 0
1590801451521893 162 2633740 18745 158 2576140 20938 0
1590801453321036 161 2634059 17574 157 2575839 19579 0
1590801454737731 162 2635633 17652 158 2576841 18973 0
1590801456181136 162 2637084 17609 158 2577765 18342 0
1590801457677239 163 2639701 18646 159 2579897 18874 0
1590801459215048 161 2639554 17324 158 2580582 18031 0
1590801460633933 163 2641978 18205 160 2583774 19564 0
1590801462067980 162 2642933 17662 160 2586716 20747 0
1590801463255244 162 2643813 17094 159 2588148 20446 0
1590801464595546 161 2643345 16189 157 2586908 19990 0
1590801465908253 158 2639073 18861 156 2584485 20660 0
1590801467246371 161 2638975 17476 157 2583532 19923 0
1590801468767705 159 2636325 18552 156 2581373 20355 0
1590801470161266 162 2637722 18389 157 2580663 19418 0
1590801471496837 161 2637729 16959 157 2580008 18503 0
1590801472831399 160 2636456 16807 157 2579404 17612 0
1590801474168151 162 2637842 16771 159 2581408 18083 0
1590801475489377 162 2639120 16638 158 2581975 17193 0
1590801476836998 161 2639018 15431 158 2582498 16331 0
1590801478177450 160 2637644 15490 157 2581700 15790 0
1590801479588627 160 2636378 15446 156 2579684 16413 0
1590801480928464 160 2635210 15314 156 2577826 16842 0
1590801482128852 161 2635414 14305 158 2578673 16307 0
1590801483305311 157 2630482 17733 155 2575614 17852 0
1590801484472199 162 2632335 18055 158 2576634 17397 0
1590801485654021 160 2631483 17428 157 2576294 16349 0
1590801486828674 162 2633258 17702 159 2578541 17142 0
1590801487968868 159 2631054 18350 156 2576772 17432 0
1590801489211713 162 2632862 18583 159 2578981 18107 0
1590801490400063 159 2630689 19133 155 2575898 19534 0
1590801491700810 160 2629966 18304 156 2574335 19446 0
1590801493004950 159 2628019 18667 156 2572895 19253 0
1590801494319087 163 2631345 20274 159 2575407 20064 0
1590801495648642 163 2634411 21516 160 2579003 21811 0
1590801496969087 162 2635957 21260 160 2582318 23163 0
1590801498289348 161 2636102 19733 158 2582814 21810 0
1590801499617303 161 2636236 18315 158 2583271 20527 0
1590801500944560 163 2638920 19358 161 2587532 22852 0
1590801502245853 163 2641394 20126 160 2590181 23508 0
1590801503549495 161 2641115 18810 156 2587503 24139 0
1590801504895734 163 2643417 19463 158 2587594 22337 0
1590801506213731 161 2642980 18344 157 2586398 21693 0
1590801507531886 162 2643857 17718 159 2587855 21341 0
1590801508855634 159 2640825 19127 156 2585358 21974 0
1590801510183558 163 2643150 19775 159 2586896 21675 0
1590801511474610 160 2641453 19793 157 2585754 21033 0
1590801512663386 160 2639889 19687 155 2582141 22718 0
1590801513864315 160 2638447 19476 157 2581371 21652 0
1590801515061216 161 2638398 17998 159 2583221 21665 0
1590801516261921 159 2635793 18992 155 2579806 23119 0
1590801517445170 160 2634671 18541 155 2576658 24213 0
1590801518628131 161 2634917 17319 157 2576316 22635 0
1590801519806361 159 2632584 18115 156 2574721 22336 0
1590801520986514 161 2632993 17076 158 2575810 21595 0
1590801522167681 159 2630810 17753 156 2574254 21340 0
1590801523319552 159 2628797 18220 156 2572820 20993 0
1590801524474578 147 2628797 18220 137 2572820 20993 1
1590801526288172 148 2628797 18220 136 2572820 20993 1
1590801528235113 148 2628797 18220 137 2572820 20993 1
1590801530097612 149 2628797 18220 141 2572820 20993 1
1590801531927161 151 2628797 18220 145 2572820 20993 1
1590801533781746 148 2628797 18220 142 2572820 20993 1
1590801535647274 151 2628797 18220 144 2572820 20993 1
1590801537611689 151 2628797 18220 143 2572820 20993 1
1590801539786508 151 2628797 18220 145 2572820 20993 1
1590801541625945 149 2628797 18220 142 2572820 20993 1
1590801543446493 152 2628797 18220 145 2572820 20993 1
1590801545248009 151 2628797 18220 144 2572820 20993 1
1590801547077851 148 2628797 18220 143 2572820 20993 1
1590801549017855 150 2628797 18220 143 2572820 20993 1
1590801550851169 151 2628797 18220 142 2572820 20993 1
1590801552713434 151 2628797 18220 145 2572820 20993 1
1590801554569727 153 2628797 18220 146 2572820 20993 1
1590801556423717 148 2628797 18220 142 2572820 20993 1
1590801558242093 151 2628797 18220 144 2572820 20993 1
1590801560214426 149 2628797 18220 142 2572820 20993 1
1590801562395458 148 2628797 18220 143 2572820 20993 1
1590801564535691 153 2628797 18220 143 2572820 20993 1
1590801566671306 158 2628797 18220 142 2572820 20993 1
1590801568807465 155 2628797 18220 138 2572820 20993 1
1590801570988135 159 2628797 18220 140 2572820 20993 1
1590801573129932 160 2628797 18220 141 2572820 20993 1
1590801575401674 158 2628797 18220 139 2572820 20993 1
1590801577707539 161 2628797 18220 140 2572820 20993 1
1590801579809847 160 2628797 18220 139 2572820 20993 1
1590801581927970 160 2628797 18220 139 2572820 20993 1
1590801584101021 160 2628797 18220 137 2572820 20993 1
1590801586391106 163 2628797 18220 139 2572820 20993 1
1590801588538676 162 2628797 18220 138 2572820 20993 1
1590801590707868 161 2628797 18220 137 2572820 20993 1
1590801592856049 162 2628797 18220 139 2572820 20993 1
1590801594976128 164 2628797 18220 138 2572820 20993 1
1590801597089211 162 2628797 18220 138 2572820 20993 1
1590801599213127 161 2628797 18220 136 2572820 20993 1
1590801601382493 157 2628797 18220 133 2572820 20993 1
1590801603537406 163 2628797 18220 139 2572820 20993 1
1590801605650011 163 2628797 18220 138 2572820 20993 1
1590801607784950 162 2628797 18220 135 2572820 20993 1
1590801609850651 166 2628797 18220 141 2572820 20993 1
1590801611701044 163 2628797 18220 137 2572820 20993 1
1590801613643020 161 2628797 18220 137 2572820 20993 1
1590801616359718 166 2628797 18220 139 2572820 20993 1
1590801618319748 163 2628797 18220 137 2572820 20993 1
1590801620234611 167 2628797 18220 141 2572820 20993 1
1590801622519814 163 2628797 18220 137 2572820 20993 1
1590801624810072 164 2628797 18220 138 2572820 20993 1
1590801626952502 164 2628797 18220 138 2572820 20993 1
1590801629071417 163 2628797 18220 136 2572820 20993 1
1590801631259198 162 2628797 18220 135 2572820 20993 1
1590801633506526 163 2628797 18220 136 2572820 20993 1
1590801635657293 161 2628797 18220 136 2572820 20993 1
1590801637678069 159 2628797 18220 132 2572820 20993 1
1590801639544859 164 2628797 18220 135 2572820 20993 1
1590801641481714 162 2628797 18220 134 2572820 20993 1
1590801643466068 166 2628797 18220 139 2572820 20993 1
1590801645387193 165 2628797 18220 138 2572820 20993 1
1590801647230046 164 2628797 18220 136 2572820 20993 1
1590801649071348 165 2628797 18220 138 2572820 20993 1
1590801650890634 165 2628797 18220 137 2572820 20993 1
1590801652865291 163 2628797 18220 136 2572820 20993 1
1590801654798950 166 2628797 18220 138 2572820 20993 1
1590801657108064 162 2628797 18220 134 2572820 20993 1
1590801659390477 167 2628797 18220 139 2572820 20993 1
1590801661624771 165 2628797 18220 138 2572820 20993 1
1590801664193586 166 2628797 18220 137 2572820 20993 1
1590801666402643 162 2628797 18220 135 2572820 20993 1
1590801668773514 164 2628797 18220 137 2572820 20993 1
1590801671627618 167 2628797 18220 137 2572820 20993 1
1590801673832392 164 2628797 18220 136 2572820 20993 1
1590801675990639 165 2628797 18220 137 2572820 20993 1
1590801678184648 167 2628797 18220 140 2572820 20993 1
1590801680366532 166 2628797 18220 138 2572820 20993 1
1590801682697097 162 2628797 18220 135 2572820 20993 1
1590801684850241 165 2628797 18220 136 2572820 20993 1
1590801687040733 165 2628797 18220 136 2572820 20993 1
1590801689147705 166 2628797 18220 138 2572820 20993 1
1590801691307440 164 2628797 18220 135 2572820 20993 1
1590801693471625 166 2628797 18220 136 2572820 20993 1
1590801695600121 163 2628797 18220 135 2572820 20993 1
1590801697709768 166 2628797 18220 137 2572820 20993 1
1590801700093253 167 2628797 18220 138 2572820 20993 1
1590801702199333 163 2628797 18220 134 2572820 20993 1
1590801704286329 165 2628797 18220 136 2572820 20993 1
1590801706403483 163 2628797 18220 135 2572820 20993 1
1590801708739579 161 2628797 18220 133 2572820 20993 1
1590801710829613 164 2628797 18220 136 2572820 20993 1
1590801712954993 166 2628797 18220 137 2572820 20993 1
1590801715231992 165 2628797 18220 136 2572820 20993 1
1590801717331357 167 2628797 18220 138 2572820 20993 1
1590801719659764 164 2628797 18220 138 2572820 20993 1
1590801721884864 167 2628797 18220 138 2572820 20993 1
1590801723999268 167 2628797 18220 138 2572820 20993 1
1590801726137926 162 2628797 18220 134 2572820 20993 1
1590801728231991 167 2628797 18220 138 2572820 20993 1
1590801730299894 168 2628797 18220 137 2572820 20993 1
1590801732369740 167 2628797 18220 137 2572820 20993 1
1590801734524419 164 2628797 18220 135 2572820 20993 1
1590801736672141 166 2628797 18220 137 2572820 20993 1
1590801738809849 166 2628797 18220 138 2572820 20993 1
1590801740909478 168 2628797 18220 139 2572820 20993 1
1590801743006290 169 2628797 18220 139 2572820 20993 1
1590801745088085 166 2628797 18220 137 2572820 20993 1
1590801747219864 168 2628797 18220 138 2572820 20993 1
1590801749408931 166 2628797 18220 137 2572820 20993 1
1590801751531320 164 2628797 18220 136 2572820 20993 1
1590801753683101 169 2628797 18220 140 2572820 20993 1
1590801755954193 166 2628797 18220 137 2572820 20993 1
1590801758055642 158 2628797 18220 129 2572820 20993 1
1590801760146762 165 2628797 18220 136 2572820 20993 1
1590801762252472 167 2628797 18220 138 2572820 20993 1
1590801764335581 166 2628797 18220 137 2572820 20993 1
1590801766436238 166 2628797 18220 136 2572820 20993 1
1590801768533192 166 2628797 18220 137 2572820 20993 1
1590801770642522 166 2628797 18220 137 2572820 20993 1
1590801772754335 166 2628797 18220 136 2572820 20993 1
1590801774869822 162 2628797 18220 132 2572820 20993 1
1590801776984036 167 2628797 18220 136 2572820 20993 1
1590801779091002 167 2628797 18220 137 2572820 20993 1
1590801781215607 166 2628797 18220 135 2572820 20993 1
1590801783349498 167 2628797 18220 137 2572820 20993 1
1590801785479391 167 2628797 18220 136 2572820 20993 1
1590801787591021 148 2628797 18220 117 2572820 20993 1
1590801789717988 167 2628797 18220 136 2572820 20993 1
1590801791819089 169 2628797 18220 140 2572820 20993 1
1590801793961605 168 2628797 18220 137 2572820 20993 1
1590801796175786 168 2628797 18220 138 2572820 20993 1
1590801798246281 165 2628797 18220 134 2572820 20993 1
1590801800384223 168 2628797 18220 136 2572820 20993 1
1590801802574066 166 2628797 18220 136 2572820 20993 1
1590801804918702 169 2628797 18220 137 2572820 20993 1
1590801808126971 166 2628797 18220 136 2572820 20993 1
1590801814172992 166 2628797 18220 135 2572820 20993 1
1590801821202550 168 2628797 18220 138 2572820 20993 1
1590801828457434 167 2628797 18220 136 2572820 20993 1
1590801831128192 166 2628797 18220 133 2572820 20993 1
1590801834100009 164 2628797 18220 134 2572820 20993 1
1590801837081160 160 2628797 18220 130 2572820 20993 1
1590801839891292 165 2628797 18220 136 2572820 20993 1
1590801842225424 168 2628797 18220 138 2572820 20993 1
1590801845652951 168 2628797 18220 138 2572820 20993 1
1590801850377314 170 2628797 18220 139 2572820 20993 1
1590801853447666 164 2628797 18220 134 2572820 20993 1
1590801856666480 169 2628797 18220 138 2572820 20993 1
1590801859487493 168 2628797 18220 138 2572820 20993 1
1590801862207799 166 2628797 18220 137 2572820 20993 1
1590801864521797 167 2628797 18220 136 2572820 20993 1
1590801867204206 165 2628797 18220 136 2572820 20993 1
1590801869886171 168 2628797 18220 137 2572820 20993 1
1590801872760971 164 2628797 18220 134 2572820 20993 1
1590801875267309 166 2628797 18220 137 2572820 20993 1
1590801877608992 166 2628797 18220 136 2572820 20993 1
1590801881053925 161 2628797 18220 129 2572820 20993 1
1590801884240635 165 2628797 18220 135 2572820 20993 1
1590801887279760 167 2628797 18220 136 2572820 20993 1
1590801890385619 165 2628797 18220 135 2572820 20993 1
1590801893422868 169 2628797 18220 139 2572820 20993 1
1590801896396340 161 2628797 18220 131 2572820 20993 1
1590801899275532 168 2628797 18220 138 2572820 20993 1
1590801902426600 168 2628797 18220 136 2572820 20993 1
1590801905310000 167 2628797 18220 137 2572820 20993 1
1590801908173414 168 2628797 18220 136 2572820 20993 1
1590801911082105 167 2628797 18220 132 2572820 20993 1
1590801914406117 163 2628797 18220 131 2572820 20993 1
1590801917167450 166 2628797 18220 134 2572820 20993 1
1590801919907028 167 2628797 18220 136 2572820 20993 1
1590801922576216 167 2628797 18220 137 2572820 20993 1
1590801925627702 165 2628797 18220 135 2572820 20993 1
1590801928767142 166 2628797 18220 134 2572820 20993 1
1590801931941027 168 2628797 18220 138 2572820 20993 1
1590801934353757 168 2628797 18220 138 2572820 20993 1
1590801936697866 168 2628797 18220 136 2572820 20993 1
1590801939638066 169 2628797 18220 138 2572820 20993 1
1590801942396438 168 2628797 18220 136 2572820 20993 1
1590801944771727 166 2628797 18220 135 2572820 20993 1
1590801947840230 166 2628797 18220 136 2572820 20993 1
1590801950087350 166 2628797 18220 135 2572820 20993 1
1590801952279797 168 2628797 18220 137 2572820 20993 1
1590801954252094 170 2628797 18220 137 2572820 20993 1
1590801956420934 167 2628797 18220 137 2572820 20993 1
1590801958910497 169 2628797 18220 137 2572820 20993 1
1590801961852241 168 2628797 18220 135 2572820 20993 1
1590801964885121 168 2628797 18220 137 2572820 20993 1
1590801967119301 170 2628797 18220 140 2572820 20993 1
1590801969282211 166 2628797 18220 135 2572820 20993 1
1590801971868904 168 2628797 18220 136 2572820 20993 1
1590801973915839 169 2628797 18220 138 2572820 20993 1
1590801976507759 168 2628797 18220 137 2572820 20993 1
1590801978516474 168 2628797 18220 137 2572820 20993 1
1590801980882466 168 2628797 18220 136 2572820 20993 1
1590801983261062 167 2628797 18220 135 2572820 20993 1
1590801985361597 169 2628797 18220 139 2572820 20993 1
1590801987928554 166 2628797 18220 134 2572820 20993 1
1590801990226998 169 2628797 18220 138 2572820 20993 1
1590801992829420 168 2628797 18220 137 2572820 20993 1
1590801995259335 165 2628797 18220 133 2572820 20993 1
1590801997785762 165 2628797 18220 135 2572820 20993 1
1590802000114494 166 2628797 18220 132 2572820 20993 1
1590802002326505 167 2628797 18220 135 2572820 20993 1
1590802004520573 169 2628797 18220 138 2572820 20993 1
1590802006940582 165 2628797 18220 134 2572820 20993 1
1590802009321977 167 2628797 18220 135 2572820 20993 1
1590802011873692 164 2628797 18220 134 2572820 20993 1
1590802014379791 167 2628797 18220 134 2572820 20993 1
1590802016922937 167 2628797 18220 135 2572820 20993 1
1590802019348764 166 2628797 18220 136 2572820 20993 1
1590802021742600 168 2628797 18220 135 2572820 20993 1
1590802024517156 164 2628797 18220 131 2572820 20993 1
1590802027336971 169 2628797 18220 136 2572820 20993 1
1590802029930805 169 2628797 18220 138 2572820 20993 1
1590802032251145 168 2628797 18220 137 2572820 20993 1
1590802034638013 165 2628797 18220 135 2572820 20993 1
1590802036993898 165 2628797 18220 133 2572820 20993 1
1590802039343465 169 2628797 18220 137 2572820 20993 1
1590802041743199 168 2628797 18220 137 2572820 20993 1
1590802044112531 168 2628797 18220 136 2572820 20993 1
1590802046486598 168 2628797 18220 137 2572820 20993 1
1590802048816088 168 2628797 18220 136 2572820 20993 1
1590802050952436 169 2628797 18220 137 2572820 20993 1
1590802053319356 167 2628797 18220 135 2572820 20993 1
1590802055562667 166 2628797 18220 132 2572820 20993 1
1590802057442436 171 2628797 18220 139 2572820 20993 1
1590802059715408 168 2628797 18220 136 2572820 20993 1
1590802061679703 169 2628797 18220 137 2572820 20993 1
1590802063688725 168 2628797 18220 136 2572820 20993 1
1590802065628258 167 2628797 18220 136 2572820 20993 1
1590802067900930 170 2628797 18220 138 2572820 20993 1
1590802070413907 169 2628797 18220 137 2572820 20993 1
1590802073038677 168 2628797 18220 137 2572820 20993 1
1590802075325974 167 2628797 18220 134 2572820 20993 1
1590802077561269 159 2628797 18220 129 2572820 20993 1
1590802079856097 167 2628797 18220 136 2572820 20993 1
1590802082556816 169 2628797 18220 137 2572820 20993 1
1590802084963450 168 2628797 18220 136 2572820 20993 1
1590802086935241 167 2628797 18220 136 2572820 20993 1
1590802089084577 166 2628797 18220 134 2572820 20993 1
1590802091762048 168 2628797 18220 137 2572820 20993 1
1590802094161711 168 2628797 18220 137 2572820 20993 1
1590802096378098 168 2628797 18220 137 2572820 20993 1
1590802098825707 168 2628797 18220 137 2572820 20993 1
1590802101549573 168 2628797 18220 138 2572820 20993 1
1590802103732123 164 2628797 18220 133 2572820 20993 1
1590802106029944 169 2628797 18220 135 2572820 20993 1
1590802108517604 166 2628797 18220 135 2572820 20993 1
1590802110937061 171 2628797 18220 139 2572820 20993 1
1590802113079384 166 2628797 18220 135 2572820 20993 1
1590802115208206 166 2628797 18220 135 2572820 20993 1
1590802117883801 167 2628797 18220 135 2572820 20993 1
1590802120159358 169 2628797 18220 137 2572820 20993 1
1590802122069460 165 2628797 18220 134 2572820 20993 1
1590802124320478 168 2628797 18220 136 2572820 20993 1
1590802126648974 166 2628797 18220 136 2572820 20993 1
1590802128735818 167 2628797 18220 136 2572820 20993 1
1590802130722233 168 2628797 18220 136 2572820 20993 1
1590802133047333 170 2628797 18220 139 2572820 20993 1
1590802135281179 169 2628797 18220 137 2572820 20993 1
1590802137192973 169 2628797 18220 138 2572820 20993 1
1590802139207399 167 2628797 18220 134 2572820 20993 1
1590802141404071 169 2628797 18220 137 2572820 20993 1
1590802143459608 167 2628797 18220 135 2572820 20993 1
1590802145593486 166 2628797 18220 134 2572820 20993 1
1590802147616046 165 2628797 18220 134 2572820 20993 1
1590802149779816 169 2628797 18220 136 2572820 20993 1
1590802151893878 167 2628797 18220 136 2572820 20993 1
1590802154049994 169 2628797 18220 139 2572820 20993 1
1590802156476108 169 2628797 18220 136 2572820 20993 1
1590802158784541 168 2628797 18220 135 2572820 20993 1
1590802160997362 170 2628797 18220 137 2572820 20993 1
1590802163402924 167 2628797 18220 134 2572820 20993 1
1590802165360264 168 2628797 18220 136 2572820 20993 1
1590802167461426 169 2628797 18220 138 2572820 20993 1
1590802169813660 170 2628797 18220 138 2572820 20993 1
1590802172186759 169 2628797 18220 136 2572820 20993 1
1590802175602883 169 2628797 18220 137 2572820 20993 1
1590802178249429 169 2628797 18220 137 2572820 20993 1
1590802180563394 168 2628797 18220 136 2572820 20993 1
1590802183172942 167 2628797 18220 136 2572820 20993 1
1590802185439927 168 2628797 18220 137 2572820 20993 1
1590802187733850 168 2628797 18220 136 2572820 20993 1
1590802190151899 167 2628797 18220 137 2572820 20993 1
1590802192823832 168 2628797 18220 136 2572820 20993 1
1590802195383195 168 2628797 18220 137 2572820 20993 1
1590802197669280 170 2628797 18220 137 2572820 20993 1
1590802200112501 170 2628797 18220 137 2572820 20993 1
1590802202120280 166 2628797 18220 134 2572820 20993 1
1590802204256816 170 2628797 18220 139 2572820 20993 1
1590802206295616 169 2628797 18220 138 2572820 20993 1
1590802208848351 167 2628797 18220 137 2572820 20993 1
1590802211314122 167 2628797 18220 136 2572820 20993 1
1590802213883820 169 2628797 18220 136 2572820 20993 1
1590802215848776 170 2628797 18220 136 2572820 20993 1
1590802217969694 169 2628797 18220 136 2572820 20993 1
1590802219977952 169 2628797 18220 137 2572820 20993 1
1590802221870419 167 2628797 18220 134 2572820 20993 1
1590802224327741 169 2628797 18220 139 2572820 20993 1
1590802226577949 167 2628797 18220 134 2572820 20993 1
1590802230124663 169 2628797 18220 137 2572820 20993 1
1590802233009927 168 2628797 18220 135 2572820 20993 1
1590802236381410 170 2628797 18220 136 2572820 20993 1
1590802240942686 171 2628797 18220 138 2572820 20993 1
1590802244196677 167 2628797 18220 135 2572820 20993 1
1590802246638465 170 2628797 18220 137 2572820 20993 1
1590802250144681 167 2628797 18220 135 2572820 20993 1
1590802253334207 168 2628797 18220 134 2572820 20993 1
1590802256852791 166 2628797 18220 134 2572820 20993 1
1590802259964028 163 2628797 18220 132 2572820 20993 1
1590802262700119 170 2628797 18220 140 2572820 20993 1
1590802265388142 170 2628797 18220 136 2572820 20993 1
1590802267456300 169 2628797 18220 136 2572820 20993 1
1590802269700232 165 2628797 18220 133 2572820 20993 1
1590802272366997 168 2628797 18220 136 2572820 20993 1
1590802274848881 169 2628797 18220 137 2572820 20993 1
1590802277553392 170 2628797 18220 137 2572820 20993 1
1590802281290028 169 2628797 18220 138 2572820 20993 1
1590802283802782 170 2628797 18220 136 2572820 20993 1
1590802286282847 166 2628797 18220 133 2572820 20993 1
1590802289211556 168 2628797 18220 136 2572820 20993 1
1590802292202414 168 2628797 18220 136 2572820 20993 1
1590802294134505 169 2628797 18220 137 2572820 20993 1
1590802296414762 167 2628797 18220 134 2572820 20993 1
1590802298499492 171 2628797 18220 138 2572820 20993 1
1590802300383081 169 2628797 18220 138 2572820 20993 1
1590802302441660 168 2628797 18220 135 2572820 20993 1
1590802304780029 171 2628797 18220 139 2572820 20993 1
1590802307197313 170 2628797 18220 139 2572820 20993 1
1590802309283191 169 2628797 18220 137 2572820 20993 1
1590802311735936 169 2628797 18220 138 2572820 20993 1
1590802313900964 169 2628797 18220 138 2572820 20993 1
1590802316077502 170 2628797 18220 136 2572820 20993 1
1590802318227350 170 2628797 18220 137 2572820 20993 1
1590802320266182 166 2628797 18220 134 2572820 20993 1
1590802322415509 170 2628797 18220 139 2572820 20993 1
1590802324559948 168 2628797 18220 136 2572820 20993 1
1590802326482456 169 2628797 18220 137 2572820 20993 1
1590802328313440 165 2628797 18220 134 2572820 20993 1
1590802330143785 167 2628797 18220 134 2572820 20993 1
1590802332032049 168 2628797 18220 138 2572820 20993 1
1590802333862357 170 2628797 18220 139 2572820 20993 1
1590802335715012 170 2628797 18220 138 2572820 20993 1
1590802337701537 168 2628797 18220 138 2572820 20993 1
1590802339867385 171 2628797 18220 138 2572820 20993 1
1590802342323088 166 2628797 18220 134 2572820 20993 1
1590802345211329 170 2628797 18220 138 2572820 20993 1
1590802347748780 168 2628797 18220 135 2572820 20993 1
1590802350388117 169 2628797 18220 137 2572820 20993 1
1590802352465887 167 2628797 18220 134 2572820 20993 1
1590802354695652 168 2628797 18220 135 2572820 20993 1
1590802356712898 169 2628797 18220 138 2572820 20993 1
1590802358609500 170 2628797 18220 138 2572820 20993 1
1590802360958145 170 2628797 18220 135 2572820 20993 1
1590802363310586 165 2628797 18220 134 2572820 20993 1
1590802365718589 170 2628797 18220 138 2572820 20993 1
1590802368205096 171 2628797 18220 139 2572820 20993 1
1590802370410236 165 2628797 18220 133 2572820 20993 1
1590802372826567 166 2628797 18220 133 2572820 20993 1
1590802375358692 170 2628797 18220 139 2572820 20993 1
1590802377562614 169 2628797 18220 137 2572820 20993 1
1590802379852742 167 2628797 18220 135 2572820 20993 1
1590802381925658 170 2628797 18220 137 2572820 20993 1
1590802383800208 170 2628797 18220 137 2572820 20993 1
1590802386252411 169 2628797 18220 138 2572820 20993 1
1590802388747665 170 2628797 18220 138 2572820 20993 1
1590802391101981 169 2628797 18220 137 2572820 20993 1
1590802393292923 170 2628797 18220 137 2572820 20993 1
1590802396050146 172 2628797 18220 139 2572820 20993 1
1590802398242797 169 2628797 18220 136 2572820 20993 1
1590802400580269 172 2628797 18220 140 2572820 20993 1
1590802402878379 170 2628797 18220 140 2572820 20993 1
1590802405144068 170 2628797 18220 137 2572820 20993 1
1590802407133704 169 2628797 18220 137 2572820 20993 1
1590802409461629 167 2628797 18220 135 2572820 20993 1
1590802411675097 169 2628797 18220 137 2572820 20993 1
1590802413686123 171 2628797 18220 139 2572820 20993 1
1590802415786786 170 2628797 18220 137 2572820 20993 1
1590802418498306 168 2628797 18220 135 2572820 20993 1
1590802420938830 171 2628797 18220 139 2572820 20993 1
1590802423064722 170 2628797 18220 139 2572820 20993 1
1590802426247812 170 2628797 18220 138 2572820 20993 1
1590802428197365 171 2628797 18220 138 2572820 20993 1
1590802430154565 171 2628797 18220 140 2572820 20993 1
1590802432177106 169 2628797 18220 138 2572820 20993 1
1590802434683077 168 2628797 18220 136 2572820 20993 1
1590802437283202 171 2628797 18220 138 2572820 20993 1
1590802440275167 167 2628797 18220 134 2572820 20993 1
1590802443021318 169 2628797 18220 138 2572820 20993 1
1590802446287641 168 2628797 18220 136 2572820 20993 1
1590802448970416 168 2628797 18220 136 2572820 20993 1
1590802450887223 169 2628797 18220 136 2572820 20993 1
1590802452777731 167 2628797 18220 135 2572820 20993 1
1590802455148529 168 2628797 18220 137 2572820 20993 1
1590802457554168 171 2628797 18220 138 2572820 20993 1
1590802460091551 168 2628797 18220 135 2572820 20993 1
1590802462409369 169 2628797 18220 136 2572820 20993 1
1590802464686855 173 2628797 18220 139 2572820 20993 1
1590802466835454 171 2628797 18220 139 2572820 20993 1
1590802469376347 170 2628797 18220 137 2572820 20993 1
1590802472303636 167 2628797 18220 135 2572820 20993 1
1590802475061465 168 2628797 18220 135 2572820 20993 1
1590802477732788 171 2628797 18220 139 2572820 20993 1
1590802480190139 167 2628797 18220 134 2572820 20993 1
1590802482228119 169 2628797 18220 136 2572820 20993 1
1590802484376639 169 2628797 18220 138 2572820 20993 1
1590802486408035 166 2628797 18220 134 2572820 20993 1
1590802488444809 172 2628797 18220 137 2572820 20993 1
1590802490442782 168 2628797 18220 136 2572820 20993 1
1590802492710848 169 2628797 18220 136 2572820 20993 1
1590802495165074 166 2628797 18220 133 2572820 20993 1
1590802497946821 169 2628797 18220 137 2572820 20993 1
1590802500376102 170 2628797 18220 137 2572820 20993 1
1590802502322655 168 2628797 18220 135 2572820 20993 1
1590802504358122 167 2628797 18220 136 2572820 20993 1
1590802507184996 172 2628797 18220 138 2572820 20993 1
1590802510091115 168 2628797 18220 134 2572820 20993 1
1590802513014674 171 2628797 18220 137 2572820 20993 1
1590802515185304 169 2628797 18220 136 2572820 20993 1
1590802517336587 168 2628797 18220 136 2572820 20993 1
1590802519714969 171 2628797 18220 138 2572820 20993 1
1590802522383988 168 2628797 18220 135 2572820 20993 1
1590802524593295 170 2628797 18220 138 2572820 20993 1
1590802526665857 165 2628797 18220 132 2572820 20993 1
1590802528813179 166 2628797 18220 133 2572820 20993 1
1590802531071861 167 2628797 18220 135 2572820 20993 1
1590802533269173 164 2628797 18220 132 2572820 20993 1
1590802535501348 163 2628797 18220 131 2572820 20993 1
1590802537706551 167 2628797 18220 135 2572820 20993 1
1590802540103918 167 2628797 18220 134 2572820 20993 1
1590802543003749 166 2628797 18220 132 2572820 20993 1
1590802545404838 169 2628797 18220 137 2572820 20993 1
1590802547759640 169 2628797 18220 136 2572820 20993 1
1590802550283108 166 2628797 18220 133 2572820 20993 1
1590802552657875 170 2628797 18220 137 2572820 20993 1
1590802554932119 168 2628797 18220 135 2572820 20993 1
1590802557494345 168 2628797 18220 134 2572820 20993 1
1590802559944917 170 2628797 18220 138 2572820 20993 1
1590802562077619 164 2628797 18220 131 2572820 20993 1
1590802564435095 171 2628797 18220 137 2572820 20993 1
1590802566616953 166 2628797 18220 136 2572820 20993 1
1590802568653680 168 2628797 18220 135 2572820 20993 1
1590802570613543 171 2628797 18220 137 2572820 20993 1
1590802572983322 169 2628797 18220 137 2572820 20993 1
1590802575806025 165 2628797 18220 133 2572820 20993 1
1590802578242586 167 2628797 18220 134 2572820 20993 1
1590802580674627 168 2628797 18220 135 2572820 20993 1
1590802583021812 164 2628797 18220 131 2572820 20993 1
1590802585274326 169 2628797 18220 135 2572820 20993 1
1590802587582158 167 2628797 18220 135 2572820 20993 1
1590802590182412 168 2628797 18220 135 2572820 20993 1
1590802592614194 166 2628797 18220 133 2572820 20993 1
1590802595349860 167 2628797 18220 135 2572820 20993 1
1590802599067452 166 2628797 18220 133 2572820 20993 1
1590802601479223 154 2628797 18220 122 2572820 20993 1
1590802603791439 169 2628797 18220 137 2572820 20993 1
1590802606077115 167 2628797 18220 134 2572820 20993 1
1590802608784549 165 2628797 18220 134 2572820 20993 1
1590802610922021 168 2628797 18220 135 2572820 20993 1
1590802612815741 169 2628797 18220 136 2572820 20993 1
1590802614905818 167 2628797 18220 135 2572820 20993 1
1590802617619638 170 2628797 18220 137 2572820 20993 1
1590802619763687 169 2628797 18220 137 2572820 20993 1
1590802621889133 166 2628797 18220 133 2572820 20993 1
1590802623764699 169 2628797 18220 137 2572820 20993 1
1590802625782188 169 2628797 18220 137 2572820 20993 1
1590802627813985 168 2628797 18220 135 2572820 20993 1
1590802630280016 169 2628797 18220 137 2572820 20993 1
1590802632529049 173 2628797 18220 139 2572820 20993 1
1590802634835589 164 2628797 18220 132 2572820 20993 1
1590802637541164 169 2628797 18220 135 2572820 20993 1
1590802639759856 172 2628797 18220 140 2572820 20993 1
1590802642123690 165 2628797 18220 132 2572820 20993 1
1590802644298524 170 2628797 18220 138 2572820 20993 1
1590802646136833 171 2628797 18220 137 2572820 20993 1
1590802648086541 167 2628797 18220 133 2572820 20993 1
1590802650534266 170 2628797 18220 138 2572820 20993 1
1590802653248219 169 2628797 18220 135 2572820 20993 1
1590802655926003 165 2628797 18220 134 2572820 20993 1
1590802658432659 169 2628797 18220 137 2572820 20993 1
1590802660749335 169 2628797 18220 136 2572820 20993 1
1590802663404979 168 2628797 18220 135 2572820 20993 1
1590802665553108 168 2628797 18220 133 2572820 20993 1
1590802668233997 170 2628797 18220 137 2572820 20993 1
1590802670799873 166 2628797 18220 134 2572820 20993 1
1590802673334645 170 2628797 18220 136 2572820 20993 1
1590802675948523 169 2628797 18220 136 2572820 20993 1
1590802679368176 167 2628797 18220 133 2572820 20993 1
1590802682083007 167 2628797 18220 133 2572820 20993 1
1590802684371734 171 2628797 18220 136 2572820 20993 1
1590802687423706 169 2628797 18220 137 2572820 20993 1
1590802689916073 166 2628797 18220 133 2572820 20993 1
1590802692422774 169 2628797 18220 135 2572820 20993 1
1590802694762514 167 2628797 18220 133 2572820 20993 1
1590802698290382 164 2628797 18220 130 2572820 20993 1
1590802700907584 169 2628797 18220 136 2572820 20993 1
1590802703579443 169 2628797 18220 136 2572820 20993 1
1590802707076335 164 2628797 18220 131 2572820 20993 1
1590802709069655 167 2628797 18220 133 2572820 20993 1
1590802711089501 170 2628797 18220 137 2572820 20993 1
1590802713089207 164 2628797 18220 131 2572820 20993 1
1590802715282027 162 2628797 18220 130 2572820 20993 1
1590802717563779 167 2628797 18220 135 2572820 20993 1
1590802719811309 169 2628797 18220 137 2572820 20993 1
1590802722147321 170 2628797 18220 138 2572820 20993 1
1590802724160654 167 2628797 18220 133 2572820 20993 1
1590802726159704 169 2628797 18220 135 2572820 20993 1
1590802728273039 167 2628797 18220 134 2572820 20993 1
1590802730517150 170 2628797 18220 137 2572820 20993 1
1590802732945435 170 2628797 18220 138 2572820 20993 1
1590802735754326 165 2628797 18220 132 2572820 20993 1
1590802738703393 170 2628797 18220 134 2572820 20993 1
1590802741491075 168 2628797 18220 133 2572820 20993 1
1590802744733471 160 2628222 17325 154 2568938 22930 0
1590802746523651 160 2627692 16459 158 2570479 22559 0
1590802748995843 157 2623363 19163 153 2565500 25385 0
1590802751276989 162 2625772 19886 159 2568590 26249 0
1590802753075555 159 2624153 19823 156 2567598 25111 0
1590802754679578 162 2626501 20438 158 2569244 24666 0
1590802756106262 162 2628665 20836 159 2572041 25317 0
1590802757298917 158 2625540 22088 155 2569500 25681 0
1590802758521144 158 2622659 23017 155 2567157 25833 0
1590802759804993 156 2617443 26025 154 2563717 26984 0
1590802761022234 160 2617755 24278 157 2564386 25492 0
1590802762221183 156 2612922 26835 153 2559883 27650 0
1590802763409820 155 2607187 30024 152 2554452 30495 0
1590802764608820 161 2609580 29884 158 2557125 30576 0
1590802765796630 157 2606666 30234 153 2553189 31814 0
1590802766985161 158 2605260 29166 155 2552121 30312 0
1590802768180635 162 2609084 30412 158 2554976 30575 0
1590802769464205 157 2606209 30686 154 2552488 30479 0
1590802770677763 157 2603558 30730 154 2550194 30210 0
1590802771892220 158 2602395 29401 155 2549360 28617 0
1590802773080191 161 2605162 29655 157 2551151 28032 0
1590802774303587 160 2606433 28510 156 2551522 26184 0
1590802775600539 154 2599925 32281 152 2546744 28542 0
1590802777024697 160 2601605 31308 159 2551299 30511 0
1590802778474156 155 2596754 33333 154 2549098 30155 0
1590802779893582 160 2598682 32505 157 2550909 29469 0
1590802781277966 158 2597899 30685 156 2551299 27525 0
1590802782698200 160 2599738 29982 156 2551658 25705 0
1590802784167642 158 2598873 28435 155 2550709 24570 0
1590802786010448 158 2598076 26947 154 2548554 24635 0
1590802787431532 159 2598621 25343 156 2549128 23239 0
1590802788642500 156 2595283 26439 153 2545817 24474 0
1590802789930020 163 2601166 29796 159 2550445 26827 0
1590802791266375 156 2597629 30727 152 2545751 29057 0
1590802792604790 157 2595649 30151 153 2542704 29594 0
1590802793916364 159 2596383 28472 155 2542455 27510 0
1590802795122792 161 2599620 29231 158 2546065 28688 0
1590802796319544 162 2603884 30878 157 2548113 28334 0
1590802797618355 162 2607815 32089 158 2551281 29041 0
1590802798757408 165 2615279 36463 161 2558042 33004 0
1590802800039502 160 2615760 34057 156 2557874 30578 0
1590802801303476 162 2618763 34165 158 2560280 30407 0
1590802802590054 159 2617692 32482 154 2557378 30706 0
1590802804031566 160 2617984 30214 157 2558542 29380 0
1590802805755702 162 2620814 30461 157 2559615 28074 0
1590802807242122 163 2624702 31666 159 2563165 29152 0
1590802808958771 163 2628287 32497 159 2566437 29891 0
1590802810474471 160 2627752 30451 156 2565614 28313 0
1590802812096660 162 2629818 29977 161 2571255 31301 0
1590802813695751 158 2626603 30598 154 2567495 32320 0
1590802815407807 159 2624919 29758 156 2566589 30629 0
1590802816956396 162 2627207 29542 157 2567034 28646 0
1590802818869547 162 2629316 29178 158 2568724 27966 0
1590802820341067 163 2632540 29870 158 2570282 27217 0
1590802822305773 159 2630392 29515 155 2567878 27305 0
1590802823984507 162 2632252 28924 158 2569502 26668 0
1590802825957511 164 2636527 30605 158 2570999 25964 0
1590802828148049 157 2631508 32839 153 2565979 28562 0
1590802830303678 161 2632001 30727 158 2567751 27964 0
1590802832182974 162 2633735 29925 157 2568105 26105 0
1590802834026822 161 2634054 27881 156 2567151 24943 0
1590802835712734 163 2636908 28333 159 2570112 25724 0
1590802837608535 161 2636979 26185 158 2571562 25050 0
1590802839204575 161 2637045 24199 156 2570338 24219 0
1590802841085132 162 2638385 23544 159 2573050 24826 0
1590802842898838 150 2638385 23544 147 2573050 24826 1
1590802845319723 160 2637061 22924 157 2572990 22940 0
1590802846775187 160 2635840 22258 157 2572935 21197 0
1590802848192015 159 2633435 22736 155 2570324 21946 0
1590802849752186 160 2632497 21822 157 2570477 20372 0
1590802851337372 160 2631633 20913 155 2568058 21009 0
1590802852880444 159 2629556 21193 155 2565828 21422 0
1590802854499869 160 2628921 20121 155 2563772 21642 0
1590802855922670 163 2632176 21550 160 2568277 24104 0
1590802857539709 161 2632617 20272 157 2568590 22508 0
1590802859200607 162 2634303 20243 158 2570158 22195 0
1590802861041814 158 2630738 21947 154 2566484 23847 0
1590802863087090 160 2630011 20901 157 2566937 22401 0
1590802865085689 162 2631901 21010 158 2568635 22215 0
1590802867039119 160 2631083 20121 156 2567640 21395 0
1590802868952000 160 2630329 19243 156 2566723 20568 0
1590802870683980 160 2629634 18379 158 2568437 20541 0
1590802872656875 162 2631553 18712 158 2570017 20393 0
1590802873941990 162 2633322 18881 158 2571474 20142 0
1590802875587577 160 2632393 18260 156 2570257 19689 0
1590802877021926 164 2636657 20764 159 2572975 20656 0
1590802878544349 161 2636748 19225 158 2574201 20172 0
1590802879828113 160 2635552 18825 155 2571491 21093 0
1590802881294486 160 2634449 18370 158 2572833 20682 0
1590802882781390 164 2638552 20717 160 2576630 22566 0
1590802884273926 160 2637215 20330 157 2576290 21115 0
1590802885853852 158 2633422 22237 155 2573417 22113 0
1590802887310895 162 2635045 21996 158 2574608 21483 0
1590802888749201 162 2636542 21657 157 2574426 19971 0
1590802890202424 160 2635362 21052 157 2574258 18563 0
1590802891955574 159 2632994 21589 155 2571544 19613 0
1590802893829212 161 2633371 20249 158 2572882 19313 0
1590802895469406 160 2632438 19526 157 2572835 17846 0
1590802897005279 159 2630298 19972 155 2570232 18850 0
1590802898736637 161 2630885 18953 158 2571672 18705 0
1590802900177244 161 2631427 17971 156 2570440 18378 0
1590802901502570 157 2626806 20826 153 2565464 21528 0
1590802903213677 161 2627666 19991 158 2567277 21517 0
1590802904776147 161 2628459 19160 159 2570228 22555 0
1590802906036699 155 2621510 24068 152 2563988 26543 0
1590802907262864 158 2618944 24552 155 2562076 26231 0
1590802908493268 162 2621699 25172 157 2562873 24916 0
1590802909727920 159 2620398 24403 154 2559768 25830 0
1590802911112277 162 2623039 24931 159 2563306 27073 0
1590802912654653 160 2622914 23098 157 2564007 25603 0
1590802913867938 159 2621518 22579 155 2562093 25365 0
1590802915267885 162 2624071 23169 158 2564169 25297 0
1590802916756716 162 2626425 23528 159 2567363 26264 0
1590802918222276 163 2629875 24870 158 2569027 25746 0
1590802919684711 160 2629216 23534 156 2568001 24679 0
1590802921190838 162 2631168 23495 158 2569615 24238 0
1590802922675885 162 2632968 23318 156 2568543 23331 0
1590802924174370 159 2630787 23506 154 2564995 24778 0
1590802925656764 159 2628776 23522 156 2564284 23496 0
1590802927150779 163 2632042 24695 159 2567469 24596 0
1590802928619035 161 2632493 23181 158 2569125 24201 0
1590802930125608 156 2626509 26885 154 2565532 25622 0
1590802931569055 159 2624832 26329 155 2563499 25493 0
1590802933023088 156 2619447 29236 152 2557785 28767 0
1590802934283202 160 2619602 27094 156 2557638 26654 0
1590802935502616 162 2622305 27469 158 2560062 26806 0
1590802936846916 156 2617117 30104 152 2554617 29730 0
1590802938287095 152 2607214 36880 149 2545757 35574 0
1590802940055661 162 2610885 37382 157 2547829 34704 0
1590802941878334 161 2612989 36401 157 2549739 33753 0
1590802943802206 164 2618769 38885 159 2554060 35100 0
1590802945181466 159 2617697 36834 155 2552924 33404 0
1590802946558804 161 2619269 35405 155 2551876 31759 0
1590802948046658 162 2621998 35154 158 2554750 31927 0
1590802949496765 159 2620674 33627 156 2554840 29515 0
1590802951052262 157 2616893 34483 152 2549803 31852 0
1590802952609751 162 2619808 34476 159 2554119 33342 0
1590802954289942 158 2617375 34024 154 2551698 32968 0
1590802955951277 163 2621532 35197 158 2554586 33054 0
1590802957687636 159 2620244 33633 154 2552128 32736 0
1590802959241235 161 2621617 32271 156 2552423 30449 0
1590802960828253 158 2619043 32121 153 2548854 31359 0
1590802962427023 159 2617950 30618 154 2546844 30761 0
1590802964103124 161 2619502 29656 155 2546271 28884 0
1590802969467465 161 2620933 28658 157 2548303 28500 0
1590802971287636 161 2622252 27635 156 2548896 26820 0
1590802973282554 161 2623468 26597 155 2548163 25399 0
1590802975384739 159 2622029 25845 157 2550047 25151 0
1590802977437912 159 2620702 25047 155 2549224 23944 0
1590802979615881 161 2622039 24323 156 2549745 22554 0
1590802981499946 157 2618152 26005 153 2546386 23887 0
1590802983278798 156 2613288 28456 153 2543289 24874 0
1590802985009514 159 2612644 26824 156 2544274 23838 0
1590802986482826 157 2609491 27634 152 2540062 25857 0
1590802987989344 157 2606584 28154 154 2538739 25054 0
1590802989512711 159 2606464 26064 157 2541360 25512 0
1590802990968259 158 2605074 25308 154 2539936 24830 0
1590802992532399 158 2603792 24511 154 2538623 24099 0
1590802994172619 161 2606450 25047 156 2539973 23460 0
1590802995654116 159 2606341 23190 155 2539937 21659 0
1590802997147194 157 2603680 23830 153 2537344 22356 0
1590802998646058 162 2607627 25607 158 2541354 24305 0
1590803000447411 159 2607426 23791 155 2541210 22538 0
1590803002372095 162 2611080 25301 158 2544917 24195 0
1590803004224833 156 2606769 27297 154 2543215 23872 0
1590803005929495 160 2607915 26220 156 2544206 22920 0
1590803007853087 160 2608971 25145 156 2545119 21971 0
1590803009310425 158 2607385 24641 155 2544681 20657 0
1590803010736245 156 2603363 26422 151 2539157 24134 0
1590803012315758 160 2604775 25658 157 2541745 24634 0
1590803013704141 160 2606076 24853 156 2542851 23728 0
1590803015060108 162 2609836 26377 158 2546430 25174 0
1590803016415086 157 2606902 27020 153 2543330 26064 0
1590803017746624 160 2608037 25956 155 2543032 24301 0
1590803019117258 158 2606524 25322 153 2540197 25014 0
1590803020485458 163 2611529 27957 159 2545264 27730 0
1590803021885214 159 2611023 26238 155 2544815 25976 0
1590803023257151 155 2605436 29337 150 2538001 30227 0
1590803024636540 160 2606686 28197 156 2539399 29154 0
1590803026019909 158 2605278 27291 154 2538128 28047 0
1590803027479700 156 2601420 28713 152 2534396 29294 0
1590803028928914 161 2604264 29090 156 2536076 28554 0
1590803030369578 160 2605605 28054 157 2538905 28931 0
1590803031798659 159 2605562 25901 154 2537673 27805 0
1590803033286608 160 2606802 25020 155 2537817 25765 0
1590803034719946 159 2606665 23190 154 2536670 24809 0
1590803036194095 162 2610379 24802 158 2540732 26615 0
1590803037850991 160 2611243 23660 155 2540637 24622 0
1590803039276865 163 2615879 26085 159 2545669 27337 0
1590803040487669 161 2617593 25627 156 2546468 25938 0
1590803041653572 162 2620453 26261 157 2548485 25770 0
1590803042796389 162 2623090 26640 158 2551624 26650 0
1590803043981945 162 2625521 26799 158 2554518 27235 0
1590803045144625 158 2622642 27358 153 2550786 28547 0
1590803046385108 159 2621268 26486 156 2551185 26684 0
1590803047652350 161 2622561 25608 158 2554113 27298 0
1590803049067629 162 2625033 25886 158 2556812 27654 0
1590803050325858 160 2624752 24121 154 2554181 27918 0
1590803051765193 160 2624493 22474 157 2555595 27040 0
1590803053458620 160 2624254 20937 157 2556899 26129 0
1590803055097500 162 2626594 21458 157 2558101 25195 0
1590803056354678 162 2628751 21769 158 2560489 25427 0
1590803057697597 162 2630739 21901 159 2563970 26649 0
1590803059485887 158 2627452 23218 155 2562059 26327 0
1590803061565829 160 2626982 21836 157 2562858 25006 0
1590803063320414 157 2622709 24069 154 2559754 25912 0
1590803064750409 160 2622609 22279 157 2560733 24789 0
1590803066066492 162 2625077 22813 158 2562915 24864 0
1590803067383553 158 2622232 23651 155 2561087 24605 0
1590803068996825 158 2619610 24220 155 2559402 24235 0
1590803070999210 160 2619752 22458 157 2560408 23269 0
1590803072653445 159 2618603 21761 155 2558776 22955 0
1590803074079501 160 2618824 20264 157 2559831 22134 0
1590803075421981 158 2616468 20851 155 2558244 21866 0
1590803076791804 160 2616856 19580 157 2559341 21168 0
1590803078129178 159 2615934 18899 155 2557792 20941 0
1590803079568128 162 2618924 20178 157 2558924 20348 0
1590803081014962 163 2622960 22322 158 2561248 20900 0
1590803082419587 162 2625401 22828 159 2564670 22422 0
1590803083807874 161 2626371 21938 157 2565265 21218 0
1590803085356555 159 2624705 21759 154 2561973 22594 0
1590803086824837 163 2628289 23363 158 2564058 22750 0
1590803088898907 162 2630313 23403 159 2567260 23924 0
1590803090441569 161 2630899 22115 155 2565092 24051 0
1590803091987735 163 2634000 23245 156 2564374 22833 0
1590803093419972 158 2630458 24692 155 2562432 22839 0
1590803095005979 162 2632313 24472 158 2564482 22943 0
1590803096540970 161 2632743 22956 157 2565091 21712 0
1590803098275751 161 2633139 21528 157 2565653 20533 0
1590803100202532 161 2633505 20183 156 2564891 19630 0
1590803101733724 157 2628722 23014 153 2560348 22283 0
1590803103153983 161 2629433 21871 157 2561280 21402 0
1590803104507458 163 2632648 23126 159 2564700 22881 0
1590803106021076 162 2634332 22871 158 2566572 22819 0
1590803107512733 158 2630764 24372 154 2563178 24164 0
1590803108891652 160 2630035 23138 156 2562609 22799 0
1590803110280281 160 2629363 21948 155 2560805 22679 0
1590803111682406 161 2630024 20842 157 2561702 21734 0
1590803113167258 163 2633193 22134 159 2565089 23158 0
1590803114705065 162 2634834 21917 158 2566931 23046 0
1590803116561097 162 2636347 21599 158 2568629 22810 0
1590803118043676 162 2637742 21197 157 2568914 21290 0
1590803119366106 159 2635188 21894 155 2566617 21742 0
1590803120590614 163 2637953 22732 159 2569620 22811 0
1590803122107651 161 2637942 20965 157 2569828 21220 0
1590803124060911 161 2637932 19335 157 2570020 19739 0
1590803125560341 159 2635363 20191 154 2566357 21572 0
1590803126763035 162 2636835 19970 159 2569380 22673 0
1590803128048222 161 2636912 18480 157 2569607 21110 0
1590803129307737 161 2636983 17101 156 2568536 20446 0
1590803130500985 160 2635768 16883 155 2566269 20937 0
1590803131792001 159 2633368 17775 155 2564179 21227 0
1590803133018460 161 2633716 16706 157 2564812 20152 0
1590803134207255 159 2631476 17464 154 2561556 21578 0
1590803135409617 164 2635811 20096 159 2564954 23024 0
1590803136658901 166 2635811 20096 161 2564954 23024 1
