1578074402514993 187 3061869 13179 183 3008080 16492 0
1578074423421006 187 3062020 12288 183 3007313 15909 0
1578074444288280 186 3060879 12379 181 3004046 17677 0
1578074465177030 186 3059827 12379 182 3002314 17890 0
1578074486242153 186 3058858 12304 182 3000718 17963 0
1578074507128411 187 3059244 11698 182 2999246 17915 0
1578074528012737 186 3058320 11635 182 2997889 17765 0
1578074548904783 185 3056188 12690 182 2996638 17529 0
1578074569764008 185 3054223 13509 181 2994205 18401 0
1578074591050600 187 3054971 13143 182 2993242 17850 0
1578074612177163 186 3054381 12659 181 2991074 18452 0
1578074633449888 186 3053837 12171 182 2990356 17671 0
1578074654822012 187 3054615 11938 184 2992254 18040 0
1578074677112376 186 3054053 11522 182 2991444 17376 0
1578074699216293 186 3053535 11098 183 2991977 16509 0
1578074720049527 186 3053057 10670 182 2991188 15945 0
1578074741032724 174 3053057 10670 165 2991188 15945 1
1578074786298263 182 3053057 10670 163 2991188 15945 1
1578074828042054 186 3053057 10670 159 2991188 15945 1
1578074872031881 185 3053057 10670 157 2991188 15945 1
1578074913965596 187 3053057 10670 158 2991188 15945 1
1578074955662699 187 3053057 10670 157 2991188 15945 1
1578074996259069 189 3053057 10670 157 2991188 15945 1
1578075036990498 188 3053057 10670 157 2991188 15945 1
1578075077378573 190 3053057 10670 157 2991188 15945 1
1578075118652563 189 3053057 10670 157 2991188 15945 1
1578075162553607 189 3053057 10670 156 2991188 15945 1
1578075202957351 191 3053057 10670 157 2991188 15945 1
1578075245613310 191 3053057 10670 157 2991188 15945 1
1578075288683293 191 3053057 10670 157 2991188 15945 1
1578075331518752 191 3053057 10670 157 2991188 15945 1
1578075373866585 191 3053057 10670 158 2991188 15945 1
1578075416928251 192 3053057 10670 158 2991188 15945 1
1578075460100480 192 3053057 10670 158 2991188 15945 1
1578075500990234 192 3053057 10670 158 2991188 15945 1
1578075546671537 192 3053057 10670 157 2991188 15945 1
1578075587468150 193 3053057 10670 159 2991188 15945 1
1578075631753489 192 3053057 10670 159 2991188 15945 1
1578075674712111 193 3053057 10670 158 2991188 15945 1
1578075717404173 194 3053057 10670 160 2991188 15945 1
1578075760724072 193 3053057 10670 159 2991188 15945 1
1578075804192974 193 3053057 10670 158 2991188 15945 1
1578075846576681 191 3053057 10670 156 2991188 15945 1
1578075888712970 191 3053057 10670 157 2991188 15945 1
1578075933445699 190 3053057 10670 156 2991188 15945 1
1578075974890558 193 3053057 10670 158 2991188 15945 1
1578076018122443 193 3053057 10670 156 2991188 15945 1
1578076061582179 191 3053057 10670 156 2991188 15945 1
1578076104911713 184 3050056 12601 181 2989181 16548 0
1578076125763927 184 3047290 14165 181 2987331 16960 0
1578076148774131 187 3048580 14247 183 2988185 16423 0
1578076169587703 186 3048489 13216 182 2987693 15592 0
1578076190571470 185 3047125 13439 182 2987239 14791 0
1578076212044248 186 3047148 12410 182 2986820 14020 0
1578076234443049 185 3045889 12600 182 2986434 13279 0
1578076256315389 185 3044728 12684 181 2984798 13748 0
1578076277731118 185 3043658 12678 181 2983290 14062 0
1578076300655873 184 3041392 13775 180 2980620 15423 0
1578076323699648 184 3039303 14623 180 2978159 16486 0
1578076344726477 185 3038657 14075 181 2977170 16109 0
1578076365729240 185 3038061 13523 182 2977538 15189 0
1578076390742870 185 3037512 12971 181 2976597 14868 0
1578076412303205 186 3038286 12670 181 2975730 14504 0
1578076435636366 186 3038999 12338 181 2974931 14106 0
