1588940969639528 186 3051020 9035 183 2994650 7971 0
1588940990285627 183 3051020 9035 180 2994650 7971 1
1588941029504354 187 3052019 9250 184 2996212 8788 0
1588941050194534 186 3051660 8857 182 2995092 9132 0
1588941070845769 186 3051329 8470 182 2994060 9368 0
1588941091478744 187 3052303 8706 183 2994389 8939 0
1588941112142611 186 3051921 8376 182 2993412 9140 0
1588941132837183 187 3052849 8577 182 2992511 9254 0
1588941153604138 188 3054985 9875 183 2992961 8945 0
1588941174236528 187 3055674 9738 181 2990815 10223 0
1588941194899655 188 3057589 10742 182 2990117 10066 0
1588941215522239 188 3059354 11529 184 2992034 11046 0
1588941236160279 188 3060981 12128 185 2995081 12992 0
1588941256824092 187 3061201 11383 183 2995330 12206 0
1588941277462441 188 3062684 11860 184 2996839 12643 0
1588941298130751 195 3062684 11860 190 2996839 12643 1
1588941338983928 190 3062684 11860 186 2996839 12643 1
1588941377817604 186 3061491 12031 182 2995670 12731 0
1588941398279931 187 3061672 11257 183 2995873 11923 0
1588941418914196 188 3063118 11710 184 2997340 12343 0
1588941439581759 187 3063171 10844 184 2998692 12625 0
1588941460223242 188 3064500 11221 185 3001219 13967 0
1588941480863879 187 3064445 10393 184 3002268 13842 0
1588941501514236 187 3064395 9626 183 3001955 13047 0
1588941522107116 186 3063069 10095 182 3000387 13472 0
1588941542733759 188 3064406 10539 184 3001501 13446 0
1588941563389672 187 3064359 9758 183 3001248 12627 0
1588941583974229 186 3063035 10214 181 2998455 14214 0
1588941604621453 188 3064375 10651 183 2998440 13116 0
1588941625296900 189 3066890 12137 184 2999706 13258 0
1588941646535103 189 3069209 13326 184 3000873 13298 0
1588941667531913 188 3070067 13075 184 3001949 13251 0
1588941688221683 189 3072138 13962 184 3002941 13130 0
1588941708899163 189 3074047 14631 184 3003856 12947 0
1588941729602881 185 3070687 16584 181 3000859 14697 0
1588941750715676 186 3068869 16963 182 2999376 14914 0
1588941771391881 187 3068473 16001 182 2998009 15007 0
1588941792070090 187 3068108 15085 182 2996749 14995 0
1588941812743059 188 3069052 14776 184 2998147 15112 0
1588941833426183 187 3068642 13998 183 2998156 13940 0
1588941854061076 189 3070824 14915 184 2999445 14038 0
1588941874725999 189 3072835 15603 184 3000633 14036 0
1588941895351296 189 3074689 16093 184 3001728 13949 0
1588941915901461 190 3077678 17591 185 3004018 14970 0
1588941936494376 189 3079154 17577 184 3004849 14566 0
1588941957162475 188 3079235 16277 183 3004335 13901 0
1588941977833846 187 3078029 16116 183 3003861 13250 0
1588941998505178 187 3076917 15880 182 3002144 13796 0
1588942019164648 187 3075892 15583 183 3001841 12996 0
1588942039830513 188 3076227 14674 184 3002842 12902 0
1588942060489476 187 3075256 14421 183 3002484 12223 0
1588942081165707 186 3073081 15298 183 3002154 11571 0
1588942101832917 188 3073636 14614 183 3001850 10946 0
1588942122499596 187 3072868 14179 182 3000290 11527 0
1588942143162910 184 3072868 14179 180 3000290 11527 1
1588942184047449 181 3072868 14179 177 3000290 11527 1
1588942224356760 179 3072868 14179 176 3000290 11527 1
1588942264376062 188 3073440 13598 184 3001412 11660 0
1588942284946531 188 3073967 13021 184 3002446 11702 0
1588942305647921 187 3073173 12734 183 3002119 11087 0
1588942326320746 186 3071161 13593 182 3000538 11677 0
1588942347425477 186 3069306 14240 182 2999080 12107 0
1588942368525076 182 3069306 14240 179 2999080 12107 1
1588942408323039 181 3069306 14240 178 2999080 12107 1
1588942448348146 187 3068876 13522 183 2999016 11219 0
1588942468820645 187 3068480 12830 184 3000237 11468 0
1588942489364439 186 3066835 13343 183 3000083 10713 0
1588942509911253 186 3065318 13697 182 2998661 11186 0
1588942530682280 187 3065200 12734 182 2997350 11519 0
1588942551197486 186 3063811 13019 182 2996142 11732 0
1588942571683662 188 3065090 13180 184 2997588 12148 0
1588942592176895 188 3066269 13237 184 2998921 12427 0
1588942612661225 187 3066076 12379 183 2998870 11502 0
1588942633305766 186 3064618 12754 182 2997543 11826 0
1588942653814881 187 3064554 11815 183 2997599 10954 0
1588942674301461 187 3064495 10944 182 2996371 11229 0
1588942694771977 186 3063161 11318 182 2995239 11394 0
1588942715224637 186 3061931 11566 182 2994195 11464 0
1588942735740706 186 3060797 11706 183 2994513 10861 0
1588942756437603 186 3059752 11754 182 2993526 10921 0
1588942777121963 186 3058788 11722 182 2992616 10905 0
1588942798579530 186 3057900 11624 182 2991777 10825 0
1588942819076299 185 3055801 12649 182 2991004 10691 0
1588942839593330 188 3057706 13416 184 2992851 11558 0
1588942860136831 187 3058182 12806 182 2991994 11444 0
1588942880619244 186 3057341 12579 183 2992484 11001 0
1588942901143989 186 3056566 12310 183 2992936 10557 0
1588942921669189 186 3055851 12006 183 2993352 10116 0
1588942942143476 186 3055192 11674 183 2993736 9679 0
1588942962655115 187 3055865 11381 183 2994090 9248 0
1588942983189214 187 3056485 11063 183 2994416 8826 0
1588943003718202 186 3055777 10850 183 2994717 8413 0
1588943024206761 187 3056404 10580 183 2994994 8011 0
1588943044751539 186 3055702 10399 183 2995250 7621 0
1588943065266433 188 3057615 11349 185 2998046 9602 0
1588943086194632 187 3058098 10908 183 2998063 8867 0
1588943107009625 186 3057264 10823 183 2998079 8189 0
1588943127521897 187 3057775 10448 184 2999374 8742 0
1588943148466791 186 3056966 10376 183 2999287 8138 0
1588943169424004 186 3056220 10252 183 2999207 7575 0
1588943189879632 186 3055532 10084 183 2999133 7050 0
1588943210391520 187 3056178 9892 185 3001625 8797 0
1588943230881852 185 3054214 10929 182 3000083 9530 0
1588943251371312 186 3053683 10563 182 2998661 10095 0
1588943271881930 185 3051914 11367 181 2996070 11693 0
1588943292368543 186 3051563 10801 183 2996242 10937 0
1588943312829764 186 3051239 10255 182 2995120 11115 0
1588943333318005 186 3050940 9727 183 2995366 10473 0
1588943353848629 185 3049385 10400 182 2994313 10624 0
1588943374372778 186 3049231 9728 182 2993342 10688 0
1588943394877597 187 3050369 10017 183 2993727 10208 0
1588943415368026 187 3051418 10201 183 2994082 9737 0
1588943435929713 187 3052385 10296 184 2995689 10457 0
1588943456452033 185 3050717 11028 182 2994610 10633 0
1588943476953187 186 3050459 10403 183 2994896 10065 0
1588943497417589 187 3051501 10551 184 2996439 10701 0
1588943517898272 187 3052462 10612 183 2996582 9996 0
1588943538396964 187 3053348 10599 183 2996714 9336 0
1588943558882510 187 3054165 10523 184 2998115 9898 0
1588943579367263 186 3053638 10185 182 2996847 10292 0
1588943599852183 186 3053152 9836 183 2996958 9589 0
1588943620306069 187 3053984 9834 183 2997060 8933 0
1588943640798819 187 3054751 9772 183 2997154 8322 0
1588943661226709 185 3052898 10715 182 2995961 8770 0
1588943681716250 186 3052470 10271 183 2996141 8250 0
1588943702212352 191 3052470 10271 177 2996141 8250 1
1588943743082340 192 3052470 10271 177 2996141 8250 1
1588943783363355 190 3052470 10271 176 2996141 8250 1
1588943823517768 190 3052470 10271 175 2996141 8250 1
1588943864552329 191 3052470 10271 176 2996141 8250 1
1588943905125150 191 3052470 10271 176 2996141 8250 1
1588943945763304 190 3052470 10271 178 2996141 8250 1
1588943985996166 189 3052470 10271 177 2996141 8250 1
1588944027025112 190 3052470 10271 177 2996141 8250 1
1588944068285165 191 3052470 10271 177 2996141 8250 1
1588944109138382 192 3052470 10271 177 2996141 8250 1
1588944149803303 190 3052470 10271 176 2996141 8250 1
1588944190493012 191 3052470 10271 176 2996141 8250 1
1588944231191633 191 3052470 10271 177 2996141 8250 1
1588944271911001 190 3052470 10271 176 2996141 8250 1
1588944312787362 190 3052470 10271 176 2996141 8250 1
1588944353337747 191 3052470 10271 175 2996141 8250 1
1588944393952658 190 3052470 10271 177 2996141 8250 1
1588944433452946 189 3052470 10271 177 2996141 8250 1
1588944474059359 194 3052470 10271 180 2996141 8250 1
1588944514741700 189 3052470 10271 175 2996141 8250 1
1588944555306743 191 3052470 10271 176 2996141 8250 1
1588944595697978 188 3052470 10271 174 2996141 8250 1
1588944636661474 190 3052470 10271 176 2996141 8250 1
1588944677314007 190 3052470 10271 176 2996141 8250 1
1588944717807605 191 3052470 10271 177 2996141 8250 1
1588944758388002 189 3052470 10271 175 2996141 8250 1
1588944798913202 190 3052470 10271 176 2996141 8250 1
1588944839345547 189 3052470 10271 177 2996141 8250 1
1588944879965742 188 3052470 10271 176 2996141 8250 1
1588944921038901 189 3052470 10271 176 2996141 8250 1
1588944961503816 189 3052470 10271 176 2996141 8250 1
1588945002956795 190 3052470 10271 177 2996141 8250 1
1588945044777815 189 3052470 10271 176 2996141 8250 1
1588945087362066 191 3052470 10271 177 2996141 8250 1
1588945128947534 191 3052470 10271 177 2996141 8250 1
1588945169105567 191 3052470 10271 178 2996141 8250 1
1588945209662358 191 3052470 10271 178 2996141 8250 1
1588945250106426 190 3052470 10271 176 2996141 8250 1
1588945290578684 189 3052470 10271 177 2996141 8250 1
1588945331141538 190 3052470 10271 176 2996141 8250 1
1588945372330425 191 3052470 10271 178 2996141 8250 1
1588945413028416 191 3052470 10271 177 2996141 8250 1
1588945454715158 192 3052470 10271 178 2996141 8250 1
1588945495388667 191 3052470 10271 178 2996141 8250 1
1588945535453918 190 3052470 10271 177 2996141 8250 1
1588945576142608 190 3052470 10271 175 2996141 8250 1
1588945616854923 190 3052470 10271 176 2996141 8250 1
1588945657380864 191 3052470 10271 176 2996141 8250 1
1588945698395873 191 3052470 10271 177 2996141 8250 1
1588945739358174 189 3052470 10271 179 2996141 8250 1
1588945780684973 189 3052470 10271 176 2996141 8250 1
1588945821468908 190 3052470 10271 176 2996141 8250 1
1588945861647444 190 3052470 10271 177 2996141 8250 1
1588945902097519 190 3052470 10271 176 2996141 8250 1
1588945942766233 190 3052470 10271 176 2996141 8250 1
1588945983367199 189 3052470 10271 176 2996141 8250 1
1588946023987679 190 3052470 10271 175 2996141 8250 1
1588946064900682 191 3052470 10271 176 2996141 8250 1
1588946106629207 191 3052470 10271 177 2996141 8250 1
1588946148268269 191 3052470 10271 178 2996141 8250 1
1588946190873832 190 3052470 10271 179 2996141 8250 1
1588946233801110 190 3052470 10271 177 2996141 8250 1
1588946277328803 191 3052470 10271 176 2996141 8250 1
1588946319411280 190 3052470 10271 176 2996141 8250 1
1588946360314111 191 3052470 10271 177 2996141 8250 1
1588946400870928 190 3052470 10271 176 2996141 8250 1
1588946442530208 191 3052470 10271 177 2996141 8250 1
1588946484734807 191 3052470 10271 177 2996141 8250 1
1588946526979828 191 3052470 10271 176 2996141 8250 1
1588946569955728 192 3052470 10271 177 2996141 8250 1
1588946611379633 190 3052470 10271 177 2996141 8250 1
1588946651546981 189 3052470 10271 176 2996141 8250 1
1588946691182274 192 3052470 10271 177 2996141 8250 1
1588946731245757 191 3052470 10271 176 2996141 8250 1
1588946770928914 190 3052470 10271 176 2996141 8250 1
1588946810978169 191 3052470 10271 176 2996141 8250 1
1588946851569926 194 3052470 10271 178 2996141 8250 1
1588946891686511 191 3052470 10271 177 2996141 8250 1
1588946931504012 192 3052470 10271 177 2996141 8250 1
1588946970831777 192 3052470 10271 176 2996141 8250 1
1588947010845808 191 3052470 10271 177 2996141 8250 1
1588947051033090 190 3052470 10271 177 2996141 8250 1
1588947091591660 191 3052470 10271 178 2996141 8250 1
1588947132047497 191 3052470 10271 177 2996141 8250 1
1588947172688517 192 3052470 10271 177 2996141 8250 1
1588947212872846 191 3052470 10271 176 2996141 8250 1
1588947253445447 191 3052470 10271 176 2996141 8250 1
1588947294910407 191 3052470 10271 176 2996141 8250 1
1588947335270051 191 3052470 10271 177 2996141 8250 1
1588947375660707 192 3052470 10271 177 2996141 8250 1
1588947416472295 190 3052470 10271 175 2996141 8250 1
1588947457069315 191 3052470 10271 176 2996141 8250 1
1588947498754603 190 3052470 10271 175 2996141 8250 1
1588947541468646 190 3052470 10271 176 2996141 8250 1
1588947583685509 192 3052470 10271 177 2996141 8250 1
1588947626161456 192 3052470 10271 177 2996141 8250 1
1588947669261855 191 3052470 10271 176 2996141 8250 1
1588947712442396 191 3052470 10271 177 2996141 8250 1
1588947754395552 191 3052470 10271 176 2996141 8250 1
1588947794945183 190 3052470 10271 175 2996141 8250 1
1588947836223320 191 3052470 10271 176 2996141 8250 1
1588947876938832 193 3052470 10271 177 2996141 8250 1
1588947916992898 193 3052470 10271 177 2996141 8250 1
1588947957611509 190 3052470 10271 177 2996141 8250 1
1588947997677870 190 3052470 10271 177 2996141 8250 1
1588948038402092 191 3052470 10271 176 2996141 8250 1
1588948079342082 192 3052470 10271 178 2996141 8250 1
1588948120469917 192 3052470 10271 177 2996141 8250 1
1588948161561981 192 3052470 10271 177 2996141 8250 1
1588948202670077 192 3052470 10271 177 2996141 8250 1
1588948245439016 192 3052470 10271 176 2996141 8250 1
1588948288565953 192 3052470 10271 177 2996141 8250 1
1588948329566744 192 3052470 10271 176 2996141 8250 1
1588948371289340 191 3052470 10271 175 2996141 8250 1
1588948414143532 190 3052470 10271 177 2996141 8250 1
1588948456931148 191 3052470 10271 178 2996141 8250 1
1588948498905458 191 3052470 10271 176 2996141 8250 1
1588948540329921 192 3052470 10271 177 2996141 8250 1
1588948582002558 191 3052470 10271 176 2996141 8250 1
1588948624732084 191 3052470 10271 177 2996141 8250 1
1588948665839297 191 3052470 10271 176 2996141 8250 1
1588948706790539 191 3052470 10271 176 2996141 8250 1
1588948748036083 189 3052470 10271 175 2996141 8250 1
1588948788446425 191 3052470 10271 176 2996141 8250 1
1588948827508339 191 3052470 10271 178 2996141 8250 1
1588948867864666 190 3052470 10271 179 2996141 8250 1
1588948910033727 189 3052470 10271 176 2996141 8250 1
1588948952214836 191 3052470 10271 177 2996141 8250 1
1588948993131919 192 3052470 10271 177 2996141 8250 1
1588949034783617 192 3052470 10271 178 2996141 8250 1
1588949077691954 193 3052470 10271 178 2996141 8250 1
1588949120765299 192 3052470 10271 177 2996141 8250 1
1588949161727864 192 3052470 10271 178 2996141 8250 1
1588949203270862 192 3052470 10271 177 2996141 8250 1
1588949244814312 193 3052470 10271 178 2996141 8250 1
1588949287533660 191 3052470 10271 177 2996141 8250 1
1588949329646623 190 3052470 10271 179 2996141 8250 1
1588949370158889 191 3052470 10271 177 2996141 8250 1
1588949410705985 191 3052470 10271 176 2996141 8250 1
1588949451370671 190 3052470 10271 177 2996141 8250 1
1588949492104642 192 3052470 10271 178 2996141 8250 1
1588949532670696 192 3052470 10271 177 2996141 8250 1
1588949573078354 191 3052470 10271 177 2996141 8250 1
1588949614401504 196 3052470 10271 181 2996141 8250 1
1588949655497287 198 3052470 10271 183 2996141 8250 1
1588949696150540 195 3052470 10271 179 2996141 8250 1
1588949739142842 191 3052470 10271 176 2996141 8250 1
1588949781257326 190 3052470 10271 178 2996141 8250 1
1588949822906676 190 3052470 10271 176 2996141 8250 1
1588949865496256 190 3052470 10271 176 2996141 8250 1
1588949906447270 190 3052470 10271 176 2996141 8250 1
1588949948273851 190 3052470 10271 175 2996141 8250 1
1588949989224705 191 3052470 10271 176 2996141 8250 1
1588950030346258 191 3052470 10271 177 2996141 8250 1
1588950071201273 193 3052470 10271 177 2996141 8250 1
1588950112693499 192 3052470 10271 176 2996141 8250 1
1588950154397606 192 3052470 10271 176 2996141 8250 1
1588950195296511 190 3052470 10271 178 2996141 8250 1
1588950238402593 191 3052470 10271 178 2996141 8250 1
1588950279957466 191 3052470 10271 177 2996141 8250 1
1588950322501761 192 3052470 10271 177 2996141 8250 1
1588950364573219 192 3052470 10271 177 2996141 8250 1
1588950408710445 191 3052470 10271 176 2996141 8250 1
1588950451539983 192 3052470 10271 177 2996141 8250 1
1588950492508041 192 3052470 10271 178 2996141 8250 1
1588950532978794 192 3052470 10271 177 2996141 8250 1
1588950573024071 192 3052470 10271 178 2996141 8250 1
1588950613670531 192 3052470 10271 177 2996141 8250 1
1588950654220591 190 3052470 10271 178 2996141 8250 1
1588950694678871 190 3052470 10271 178 2996141 8250 1
1588950735966556 191 3052470 10271 177 2996141 8250 1
1588950776522818 190 3052470 10271 176 2996141 8250 1
1588950817060850 192 3052470 10271 177 2996141 8250 1
1588950857264941 191 3052470 10271 177 2996141 8250 1
1588950898144276 191 3052470 10271 176 2996141 8250 1
1588950938689660 191 3052470 10271 177 2996141 8250 1
1588950979493029 191 3052470 10271 178 2996141 8250 1
1588951020585222 192 3052470 10271 177 2996141 8250 1
1588951062892539 192 3052470 10271 177 2996141 8250 1
1588951104672066 191 3052470 10271 178 2996141 8250 1
1588951145312054 190 3052470 10271 177 2996141 8250 1
1588951186240220 191 3052470 10271 177 2996141 8250 1
1588951226849435 190 3052470 10271 176 2996141 8250 1
1588951268193315 192 3052470 10271 177 2996141 8250 1
1588951310007936 190 3052470 10271 177 2996141 8250 1
1588951351036893 192 3052470 10271 177 2996141 8250 1
1588951391619426 192 3052470 10271 177 2996141 8250 1
1588951432729585 191 3052470 10271 177 2996141 8250 1
1588951473219177 191 3052470 10271 177 2996141 8250 1
1588951513218494 191 3052470 10271 177 2996141 8250 1
1588951553252964 192 3052470 10271 178 2996141 8250 1
1588951595236673 192 3052470 10271 179 2996141 8250 1
1588951635991400 191 3052470 10271 178 2996141 8250 1
1588951677355546 189 3052470 10271 176 2996141 8250 1
1588951717596473 190 3052470 10271 176 2996141 8250 1
1588951758042117 191 3052470 10271 177 2996141 8250 1
1588951798971798 192 3052470 10271 178 2996141 8250 1
1588951841236700 195 3052470 10271 180 2996141 8250 1
1588951881664970 190 3052470 10271 176 2996141 8250 1
1588951921445031 191 3052470 10271 176 2996141 8250 1
1588951961208686 192 3052470 10271 177 2996141 8250 1
1588952001611794 191 3052470 10271 177 2996141 8250 1
1588952042363749 190 3052470 10271 177 2996141 8250 1
1588952082975127 191 3052470 10271 177 2996141 8250 1
1588952123517541 192 3052470 10271 177 2996141 8250 1
1588952164363827 190 3052470 10271 175 2996141 8250 1
1588952205120068 190 3052470 10271 176 2996141 8250 1
1588952245658702 191 3052470 10271 176 2996141 8250 1
1588952286419393 191 3052470 10271 176 2996141 8250 1
1588952327209727 191 3052470 10271 176 2996141 8250 1
1588952368185771 192 3052470 10271 177 2996141 8250 1
1588952409017552 191 3052470 10271 178 2996141 8250 1
1588952449337037 192 3052470 10271 178 2996141 8250 1
1588952490264655 192 3052470 10271 178 2996141 8250 1
1588952530226641 192 3052470 10271 178 2996141 8250 1
1588952569645949 193 3052470 10271 178 2996141 8250 1
1588952610264888 191 3052470 10271 177 2996141 8250 1
1588952651179328 191 3052470 10271 176 2996141 8250 1
1588952691677181 191 3052470 10271 176 2996141 8250 1
1588952732365872 191 3052470 10271 177 2996141 8250 1
1588952772023091 190 3052470 10271 177 2996141 8250 1
1588952812166669 192 3052470 10271 177 2996141 8250 1
1588952852369933 191 3052470 10271 177 2996141 8250 1
1588952892892254 190 3052470 10271 178 2996141 8250 1
1588952933452955 190 3052470 10271 176 2996141 8250 1
1588952974158609 192 3052470 10271 177 2996141 8250 1
1588953014968240 191 3052470 10271 176 2996141 8250 1
1588953055881861 190 3052470 10271 177 2996141 8250 1
1588953096941919 191 3052470 10271 177 2996141 8250 1
1588953137285632 192 3052470 10271 178 2996141 8250 1
1588953177722974 190 3052470 10271 176 2996141 8250 1
1588953217929226 190 3052470 10271 176 2996141 8250 1
1588953258070122 190 3052470 10271 176 2996141 8250 1
1588953298325835 190 3052470 10271 178 2996141 8250 1
1588953337876818 190 3052470 10271 178 2996141 8250 1
1588953377431920 190 3052470 10271 176 2996141 8250 1
1588953417670811 190 3052470 10271 175 2996141 8250 1
1588953457937432 189 3052470 10271 175 2996141 8250 1
1588953498417733 190 3052470 10271 176 2996141 8250 1
1588953539669035 189 3052470 10271 174 2996141 8250 1
1588953580357655 191 3052470 10271 176 2996141 8250 1
1588953620507370 191 3052470 10271 177 2996141 8250 1
1588953660413023 190 3052470 10271 176 2996141 8250 1
1588953700495225 189 3052470 10271 176 2996141 8250 1
1588953740908927 190 3052470 10271 177 2996141 8250 1
1588953780347178 190 3052470 10271 178 2996141 8250 1
1588953820532559 189 3052470 10271 176 2996141 8250 1
1588953860521638 191 3052470 10271 177 2996141 8250 1
1588953902220421 192 3052470 10271 177 2996141 8250 1
1588953943906571 186 3052075 9831 182 2995027 8631 0
1588953967168213 187 3052991 9907 182 2994000 8902 0
1588953989334137 186 3052556 9533 181 2991773 10258 0
1588954011344844 187 3053435 9598 183 2992280 9924 0
1588954033025026 185 3051685 10460 181 2990188 11076 0
1588954054781743 186 3051352 9948 182 2989539 10807 0
1588954075741068 186 3051045 9452 183 2990221 10590 0
1588954098166377 186 3050762 8973 182 2989569 10362 0
1588954121737487 186 3050501 8511 182 2988968 10105 0
1588954145533344 187 3051540 8804 183 2989694 9985 0
1588954166652656 187 3052498 8999 183 2990364 9821 0
1588954187984230 187 3053381 9109 182 2989701 9663 0
1588954210204201 186 3052915 8825 182 2989090 9470 0
1588954233325322 187 3053766 8919 181 2987247 10428 0
1588954253797111 187 3054550 8945 182 2986828 9998 0
1588954274275327 187 3055273 8912 183 2987722 10040 0
1588954294764104 188 3057219 10009 183 2988546 10014 0
1588954315317843 185 3055173 11112 181 2986745 10890 0
1588954336054420 187 3055847 10864 182 2986365 10388 0
1588954356789425 186 3055188 10621 182 2986015 9898 0
1588954377535092 186 3054581 10350 182 2985692 9421 0
1588954398337314 186 3054021 10056 183 2986674 9590 0
1588954419074180 186 3053505 9745 182 2986300 9184 0
1588954439786101 185 3051749 10600 182 2985955 8783 0
1588954460261469 186 3051411 10082 182 2985637 8388 0
1588954480764219 187 3052379 10186 182 2985344 8002 0
1588954501245599 186 3051991 9746 182 2985074 7624 0
1588954521742986 187 3052914 9835 183 2986105 7978 0
1588954542253781 192 3052914 9835 187 2986105 7978 1
1588954583627869 194 3052914 9835 190 2986105 7978 1
1588954625668624 190 3052914 9835 186 2986105 7978 1
1588954665938912 187 3053765 9850 183 2987055 8230 0
1588954686561166 186 3053269 9536 182 2986651 7959 0
1588954707755761 186 3052812 9211 182 2986278 7679 0
1588954729050569 187 3053671 9282 182 2985935 7395 0
1588954750282030 187 3054462 9286 182 2985618 7108 0
1588954771540285 185 3052632 10246 181 2984046 8000 0
1588954792199562 185 3052632 10246 180 2984046 8000 1
1588954832506995 186 3052225 9820 182 2983877 7530 0
1588954853546176 187 3053129 9886 184 2986281 9157 0
1588954874192732 186 3052683 9523 182 2985937 8757 0
1588954894864634 186 3052272 9157 182 2985620 8363 0
1588954915550681 185 3052272 9157 180 2985620 8363 1
1588954955831271 186 3051893 8790 181 2984048 9157 0
1588954976493002 188 3054103 10141 182 2983879 8596 0
1588954997177081 187 3054861 10046 182 2983723 8067 0
1588955017847421 187 3055559 9905 183 2984859 8483 0
1588955038559846 186 3054923 9716 182 2984626 8033 0
1588955059247540 188 3056897 10775 184 2986972 9567 0
1588955079920687 187 3057436 10430 182 2986574 9185 0
1588955100596193 186 3056653 10336 182 2986207 8804 0
1588955121275288 186 3055931 10192 182 2985869 8427 0
1588955141946058 188 3057826 11142 182 2985557 8054 0
1588955162630061 187 3058293 10701 182 2985270 7688 0
1588955183391878 187 3058723 10261 182 2985005 7330 0
1588955204301013 185 3056560 11452 181 2983481 8161 0
1588955225216538 187 3057126 11079 181 2982076 8817 0
1588955246062288 186 3057126 11079 180 2982076 8817 1
1588955286563895 186 3056368 10911 181 2980781 9321 0
1588955307233218 186 3055669 10702 183 2982147 9851 0
1588955327903579 186 3055024 10458 182 2982126 9099 0
1588955348566432 186 3054430 10187 181 2980827 9585 0
1588955369268783 187 3055162 10066 182 2980909 8912 0
1588955389946815 185 3053277 11016 181 2979705 9324 0
1588955410620058 185 3051539 11756 182 2979875 8752 0
1588955431309587 186 3051217 11133 183 2981312 9393 0
1588955452020764 191 3051217 11133 187 2981312 9393 1
1588955492866898 186 3050920 10536 183 2982637 9880 0
1588955513535817 184 3048086 12323 180 2980018 11521 0
1588955534209053 185 3046754 12587 181 2978884 11665 0
1588955554886440 186 3046806 11651 181 2977838 11716 0
1588955575564768 186 3046854 10784 182 2978154 11091 0
1588955596398067 184 3044338 12259 181 2977165 11135 0
1588955617166154 185 3043299 12258 181 2976253 11104 0
1588955638059875 185 3042341 12182 180 2974133 12190 0
1588955658733431 185 3041458 12043 181 2973458 11858 0
1588955679454182 184 3039364 13032 180 2971556 12683 0
1588955700128529 185 3038713 12612 181 2971083 12127 0
1588955720792887 184 3036833 13358 180 2969367 12760 0
1588955741452236 183 3033820 15091 179 2966505 14401 0
1588955762134730 185 3033602 14112 180 2965146 14527 0
1588955782808951 184 3032121 14373 180 2963893 14546 0
1588955803480494 185 3032036 13327 180 2962738 14472 0
1588955824143370 186 3033238 13393 181 2962954 13540 0
1588955844816689 185 3033066 12504 180 2961873 13478 0
1588955865483361 185 3032907 11672 180 2960876 13343 0
1588955886138359 184 3031481 12074 180 2959957 13146 0
1588955906800791 184 3030166 12341 180 2959110 12898 0
1588955927459528 185 3030234 11438 182 2960889 13530 0
1588955948125844 184 3029016 11665 181 2961249 12804 0
1588955968783140 184 3027894 11787 181 2961581 12109 0
1588955989438774 185 3028139 11092 181 2961887 11444 0
1588956010109024 184 3027085 11196 181 2962169 10809 0
1588956030773071 185 3027393 10605 183 2964989 12564 0
1588956051446179 185 3027677 10038 181 2965029 11619 0
1588956072105217 186 3029219 10675 182 2966346 11925 0
1588956092793088 186 3030641 11152 182 2967560 12112 0
1588956113464806 186 3031952 11488 183 2969959 13376 0
1588956134138347 185 3031880 10655 182 2970890 13190 0
1588956155210804 186 3033094 10941 183 2973029 14131 0
1588956175890774 185 3032933 10233 182 2973721 13665 0
1588956197049855 185 3032785 9569 181 2973079 13188 0
1588956217795530 185 3032648 8946 181 2972487 12702 0
1588956238477949 186 3033802 9311 182 2973221 12386 0
1588956259138607 184 3032306 9961 181 2972618 11973 0
1588956279834372 186 3033487 10270 183 2974622 12884 0
1588956300599390 186 3034575 10470 182 2975189 12400 0
1588956321340460 183 3031738 12266 179 2971872 14488 0
1588956342033630 178 3031738 12266 174 2971872 14488 1
1588956382770129 186 3032963 12436 181 2971374 13814 0
1588956403440740 185 3032812 11602 183 2973475 14671 0
1588956424126724 186 3033953 11747 182 2974132 14129 0
1588956444811499 186 3035005 11799 182 2974737 13583 0
1588956465502138 185 3034695 11162 182 2975295 13036 0
1588956486171709 187 3036969 12385 182 2975810 12491 0
1588956506849964 188 3040345 14530 183 2977564 13132 0
1588956527511233 186 3040898 13903 182 2977901 12417 0
1588956548189145 187 3042687 14466 182 2978212 11733 0
1588956568870680 187 3044337 14856 183 2979779 12260 0
1588956589556164 185 3043298 14652 182 2979943 11453 0
1588956610634248 187 3044900 14984 183 2981374 11878 0
1588956631940356 186 3045097 13994 182 2981414 10987 0
1588956652616260 185 3043998 13912 182 2981451 10162 0
1588956673319502 187 3045545 14251 182 2981485 9399 0
1588956694004911 186 3045691 13272 182 2981516 8693 0
