1590779086235080 187 3061869 13179 183 3008080 16492 0
1590779119573604 187 3062020 12288 183 3007313 15909 0
1590779150969278 186 3060879 12379 181 3004046 17677 0
1590779183879161 186 3059827 12379 182 3002314 17890 0
1590779216305963 186 3058858 12304 182 3000718 17963 0
1590779248304122 187 3059244 11698 182 2999246 17915 0
1590779279348538 186 3058320 11635 182 2997889 17765 0
1590779309952418 185 3056188 12690 182 2996638 17529 0
1590779340213879 185 3054223 13509 181 2994205 18401 0
1590779384651265 187 3054971 13143 182 2993242 17850 0
1590779415476205 186 3054381 12659 181 2991074 18452 0
1590779447265871 186 3053837 12171 182 2990356 17671 0
1590779473470069 187 3054615 11938 184 2992254 18040 0
1590779497311832 186 3054053 11522 182 2991444 17376 0
1590779524042230 186 3053535 11098 183 2991977 16509 0
1590779558400761 186 3053057 10670 182 2991188 15945 0
1590779588552605 174 3053057 10670 165 2991188 15945 1
1590779634457660 182 3053057 10670 163 2991188 15945 1
1590779684188007 186 3053057 10670 159 2991188 15945 1
1590779735091479 185 3053057 10670 157 2991188 15945 1
1590779780215494 187 3053057 10670 158 2991188 15945 1
1590779830613703 187 3053057 10670 157 2991188 15945 1
1590779879567149 189 3053057 10670 157 2991188 15945 1
1590779930639618 188 3053057 10670 157 2991188 15945 1
1590779982542704 190 3053057 10670 157 2991188 15945 1
1590780029869659 189 3053057 10670 157 2991188 15945 1
1590780077604935 189 3053057 10670 156 2991188 15945 1
1590780125270925 191 3053057 10670 157 2991188 15945 1
1590780175471397 191 3053057 10670 157 2991188 15945 1
1590780216777627 191 3053057 10670 157 2991188 15945 1
1590780262877428 191 3053057 10670 157 2991188 15945 1
1590780309916957 191 3053057 10670 158 2991188 15945 1
1590780359644126 192 3053057 10670 158 2991188 15945 1
1590780410469709 192 3053057 10670 158 2991188 15945 1
1590780463206765 192 3053057 10670 158 2991188 15945 1
1590780509524283 192 3053057 10670 157 2991188 15945 1
1590780547025083 193 3053057 10670 159 2991188 15945 1
1590780591416827 192 3053057 10670 159 2991188 15945 1
1590780636103732 193 3053057 10670 158 2991188 15945 1
1590780678793087 194 3053057 10670 160 2991188 15945 1
1590780726923223 193 3053057 10670 159 2991188 15945 1
1590780807303796 193 3053057 10670 158 2991188 15945 1
1590780866457506 191 3053057 10670 156 2991188 15945 1
1590780924142102 191 3053057 10670 157 2991188 15945 1
1590780978513650 190 3053057 10670 156 2991188 15945 1
1590781023716607 193 3053057 10670 158 2991188 15945 1
1590781066585264 193 3053057 10670 156 2991188 15945 1
1590781129114544 191 3053057 10670 156 2991188 15945 1
1590781192378828 184 3050056 12601 181 2989181 16548 0
1590781231375965 184 3047290 14165 181 2987331 16960 0
1590781261932100 187 3048580 14247 183 2988185 16423 0
1590781301433854 186 3048489 13216 182 2987693 15592 0
1590781349495489 185 3047125 13439 182 2987239 14791 0
1590781404161160 186 3047148 12410 182 2986820 14020 0
1590781451801489 185 3045889 12600 182 2986434 13279 0
1590781497643876 185 3044728 12684 181 2984798 13748 0
1590781548821891 185 3043658 12678 181 2983290 14062 0
1590781599929563 184 3041392 13775 180 2980620 15423 0
1590781638231182 184 3039303 14623 180 2978159 16486 0
1590781692070406 185 3038657 14075 181 2977170 16109 0
1590781734891081 185 3038061 13523 182 2977538 15189 0
1590781786849923 185 3037512 12971 181 2976597 14868 0
1590781827923693 186 3038286 12670 181 2975730 14504 0
1590781857855144 186 3038999 12338 181 2974931 14106 0
